1.5 1.38122 0.371858
1.5986 1.89853 0.387465
1.6972 2.39391 0.402629
1.7958 2.86612 0.417263
1.89439 3.31816 0.431424
1.99299 3.75059 0.445104
2.09159 4.16348 0.458282
2.19019 4.55899 0.471008
2.28879 4.93862 0.483313
2.38739 5.30284 0.4952
2.48599 5.65212 0.506674
2.58458 5.98773 0.517767
2.68318 6.31117 0.528517
2.78178 6.62295 0.538934
2.88038 6.92354 0.549029
2.97898 7.21341 0.558813
3.07758 7.49307 0.568296
3.17618 7.76364 0.577512
3.27477 8.0257 0.586474
3.37337 8.27961 0.595192
3.47197 8.52573 0.603675
3.57057 8.76436 0.611932
3.66917 8.99584 0.61997
3.76777 9.22044 0.627798
3.86637 9.4395 0.63543
3.96496 9.65383 0.642882
4.06356 9.86305 0.650159
4.16216 10.0669 0.657268
4.26076 10.2651 0.664215
4.35936 10.4574 0.671006
4.45796 10.6438 0.677646
4.55656 10.824 0.684142
4.65516 10.9981 0.690497
4.75375 11.166 0.696717
4.85235 11.328 0.702809
4.95095 11.4846 0.708783
5.04955 11.6363 0.714641
5.14815 11.7836 0.720388
5.24675 11.9269 0.726026
5.34535 12.0664 0.731559
5.44394 12.2026 0.736991
5.54254 12.3358 0.742324
5.64114 12.4661 0.747561
5.73974 12.594 0.752704
5.83834 12.7195 0.757758
5.93694 12.843 0.762723
6.03554 12.9645 0.767604
6.13413 13.0844 0.772401
6.23273 13.2024 0.777119
6.33133 13.3184 0.781764
6.42993 13.4324 0.786335
6.52853 13.5444 0.790836
6.62713 13.6546 0.795269
6.72573 13.763 0.799635
6.82432 13.8697 0.803936
6.92292 13.9746 0.808173
7.02152 14.0779 0.812349
7.12012 14.1795 0.816465
7.21872 14.2796 0.820522
7.31732 14.3781 0.824521
7.41592 14.4751 0.828465
7.51451 14.5706 0.832355
7.61311 14.6647 0.836191
7.71171 14.7575 0.839975
7.81031 14.8488 0.843708
7.90891 14.9389 0.847392
8.00751 15.0276 0.851028
8.10611 15.1151 0.854616
8.2047 15.2014 0.858159
8.3033 15.2865 0.861658
8.4019 15.3705 0.865115
8.5005 15.4534 0.868531
8.5991 15.5352 0.871905
8.6977 15.616 0.87524
8.7963 15.6958 0.878536
8.89489 15.7745 0.881793
8.99349 15.8523 0.885014
9.09209 15.9291 0.888197
9.19069 16.0049 0.891345
9.28929 16.0799 0.894458
9.38789 16.1539 0.897536
9.48649 16.227 0.90058
9.58509 16.2993 0.903592
9.68368 16.3708 0.90657
9.78228 16.4414 0.909517
9.88088 16.5111 0.912433
9.97948 16.5801 0.915318
10.0781 16.6483 0.918173
10.1767 16.7158 0.920998
10.2753 16.7825 0.923794
10.3739 16.8484 0.926562
10.4725 16.9136 0.929302
10.5711 16.9781 0.932015
10.6697 17.0419 0.9347
10.7683 17.1051 0.937359
10.8669 17.1675 0.939992
10.9655 17.2293 0.942599
11.0641 17.2905 0.945182
11.1627 17.351 0.947742
11.2613 17.411 0.950277
11.3599 17.4703 0.95279
11.4585 17.5291 0.955279
11.5571 17.5873 0.957747
11.6557 17.6449 0.960192
11.7543 17.702 0.962616
11.8529 17.7585 0.965019
11.9515 17.8145 0.967401
12.0501 17.87 0.969762
12.1486 17.925 0.972103
12.2472 17.9794 0.974423
12.3458 18.0334 0.976725
12.4444 18.0868 0.979006
12.543 18.1398 0.981269
12.6416 18.1923 0.983513
12.7402 18.2443 0.985739
12.8388 18.2959 0.987946
12.9374 18.347 0.990135
13.036 18.3976 0.992307
13.1346 18.4479 0.994461
13.2332 18.4976 0.996598
13.3318 18.547 0.998718
13.4304 18.5959 1.00082
13.529 18.6445 1.00291
13.6276 18.6926 1.00498
13.7262 18.7403 1.00703
13.8248 18.7876 1.00907
13.9234 18.8345 1.0111
14.022 18.881 1.0131
14.1206 18.9272 1.0151
14.2192 18.973 1.01708
14.3178 19.0184 1.01904
14.4164 19.0634 1.02099
14.515 19.1081 1.02292
14.6136 19.1524 1.02484
14.7122 19.1964 1.02675
14.8108 19.24 1.02864
14.9094 19.2833 1.03052
15.008 19.3263 1.03239
15.1066 19.3689 1.03424
15.2052 19.4112 1.03608
15.3038 19.4532 1.0379
15.4024 19.4949 1.03972
15.501 19.5363 1.04152
15.5996 19.5774 1.04331
15.6982 19.6181 1.04509
15.7968 19.6586 1.04685
15.8954 19.6988 1.04861
15.994 19.7387 1.05035
16.0926 19.7784 1.05208
16.1912 19.8177 1.0538
16.2898 19.8568 1.05551
16.3884 19.8956 1.05721
16.487 19.9341 1.0589
16.5856 19.9724 1.06058
16.6842 20.0104 1.06224
16.7828 20.0482 1.0639
16.8814 20.0857 1.06555
16.98 20.1229 1.06718
17.0786 20.1599 1.06881
17.1772 20.1967 1.07042
17.2758 20.2332 1.07203
17.3744 20.2695 1.07362
17.473 20.3055 1.07521
17.5716 20.3413 1.07679
17.6702 20.3768 1.07835
17.7688 20.4122 1.07991
17.8674 20.4473 1.08146
17.966 20.4822 1.083
18.0646 20.5168 1.08453
18.1632 20.5513 1.08605
18.2618 20.5855 1.08756
18.3604 20.6195 1.08907
18.459 20.6533 1.09056
18.5576 20.6869 1.09205
18.6562 20.7203 1.09353
18.7548 20.7535 1.095
18.8534 20.7865 1.09646
18.952 20.8192 1.09791
19.0506 20.8518 1.09936
19.1491 20.8842 1.10079
19.2477 20.9164 1.10222
19.3463 20.9484 1.10364
19.4449 20.9802 1.10506
19.5435 21.0118 1.10646
19.6421 21.0432 1.10786
19.7407 21.0745 1.10925
19.8393 21.1055 1.11063
19.9379 21.1364 1.11201
20.0365 21.1671 1.11338
20.1351 21.1977 1.11474
20.2337 21.228 1.11609
20.3323 21.2582 1.11744
20.4309 21.2882 1.11878
20.5295 21.3181 1.12011
20.6281 21.3477 1.12144
20.7267 21.3772 1.12275
20.8253 21.4066 1.12407
20.9239 21.4358 1.12537
21.0225 21.4648 1.12667
21.1211 21.4936 1.12796
21.2197 21.5223 1.12925
21.3183 21.5509 1.13053
21.4169 21.5793 1.1318
21.5155 21.6075 1.13306
21.6141 21.6356 1.13432
21.7127 21.6635 1.13558
21.8113 21.6913 1.13682
21.9099 21.719 1.13807
22.0085 21.7465 1.1393
22.1071 21.7738 1.14053
22.2057 21.801 1.14176
22.3043 21.8281 1.14297
22.4029 21.8551 1.14419
22.5015 21.8819 1.14539
22.6001 21.9085 1.14659
22.6987 21.9351 1.14779
22.7973 21.9615 1.14898
22.8959 21.9878 1.15016
22.9945 22.0139 1.15134
23.0931 22.0399 1.15252
23.1917 22.0658 1.15368
23.2903 22.0916 1.15485
23.3889 22.1172 1.156
23.4875 22.1427 1.15716
23.5861 22.1681 1.1583
23.6847 22.1933 1.15945
23.7833 22.2185 1.16058
23.8819 22.2435 1.16172
23.9805 22.2684 1.16284
24.0791 22.2932 1.16396
24.1777 22.3178 1.16508
24.2763 22.3424 1.16619
24.3749 22.3668 1.1673
24.4735 22.3911 1.1684
24.5721 22.4153 1.1695
24.6707 22.4394 1.1706
24.7693 22.4634 1.17168
24.8679 22.4873 1.17277
24.9665 22.511 1.17385
25.0651 22.5347 1.17492
25.1637 22.5582 1.17599
25.2623 22.5817 1.17706
25.3609 22.605 1.17812
25.4595 22.6282 1.17917
25.5581 22.6513 1.18023
25.6567 22.6743 1.18127
25.7553 22.6973 1.18232
25.8539 22.7201 1.18336
25.9525 22.7428 1.18439
26.0511 22.7654 1.18542
26.1496 22.7879 1.18645
26.2482 22.8103 1.18747
26.3468 22.8326 1.18849
26.4454 22.8548 1.1895
26.544 22.877 1.19051
26.6426 22.899 1.19152
26.7412 22.9209 1.19252
26.8398 22.9427 1.19352
26.9384 22.9645 1.19451
27.037 22.9861 1.1955
27.1356 23.0077 1.19649
27.2342 23.0292 1.19747
27.3328 23.0505 1.19845
27.4314 23.0718 1.19943
27.53 23.093 1.2004
27.6286 23.1141 1.20136
27.7272 23.1351 1.20233
27.8258 23.1561 1.20329
27.9244 23.1769 1.20424
28.023 23.1977 1.2052
28.1216 23.2183 1.20614
28.2202 23.2389 1.20709
28.3188 23.2594 1.20803
28.4174 23.2799 1.20897
28.516 23.3002 1.2099
28.6146 23.3205 1.21083
28.7132 23.3406 1.21176
28.8118 23.3607 1.21268
28.9104 23.3807 1.21361
29.009 23.4007 1.21452
29.1076 23.4205 1.21544
29.2062 23.4403 1.21635
29.3048 23.46 1.21725
29.4034 23.4796 1.21816
29.502 23.4992 1.21906
29.6006 23.5186 1.21995
29.6992 23.538 1.22085
29.7978 23.5573 1.22174
29.8964 23.5766 1.22263
29.995 23.5957 1.22351
30.0936 23.6148 1.22439
30.1922 23.6338 1.22527
30.2908 23.6528 1.22614
30.3894 23.6717 1.22702
30.488 23.6905 1.22788
30.5866 23.7092 1.22875
30.6852 23.7278 1.22961
30.7838 23.7464 1.23047
30.8824 23.765 1.23133
30.981 23.7834 1.23218
31.0796 23.8018 1.23303
31.1782 23.8201 1.23388
31.2768 23.8383 1.23473
31.3754 23.8565 1.23557
31.474 23.8746 1.23641
31.5726 23.8927 1.23724
31.6712 23.9106 1.23807
31.7698 23.9285 1.2389
31.8684 23.9464 1.23973
31.967 23.9642 1.24056
32.0656 23.9819 1.24138
32.1642 23.9995 1.2422
32.2628 24.0171 1.24302
32.3614 24.0347 1.24383
32.46 24.0521 1.24464
32.5586 24.0695 1.24545
32.6572 24.0869 1.24626
32.7558 24.1042 1.24706
32.8544 24.1214 1.24786
32.953 24.1386 1.24866
33.0516 24.1557 1.24945
33.1502 24.1727 1.25025
33.2487 24.1897 1.25104
33.3473 24.2066 1.25183
33.4459 24.2235 1.25261
33.5445 24.2403 1.2534
33.6431 24.2571 1.25418
33.7417 24.2738 1.25495
33.8403 24.2904 1.25573
33.9389 24.307 1.2565
34.0375 24.3235 1.25727
34.1361 24.34 1.25804
34.2347 24.3564 1.25881
34.3333 24.3728 1.25957
34.4319 24.3891 1.26033
34.5305 24.4054 1.26109
34.6291 24.4216 1.26185
34.7277 24.4377 1.26261
34.8263 24.4538 1.26336
34.9249 24.4699 1.26411
35.0235 24.4859 1.26485
35.1221 24.5018 1.2656
35.2207 24.5177 1.26634
35.3193 24.5335 1.26708
35.4179 24.5493 1.26782
35.5165 24.565 1.26856
35.6151 24.5807 1.26929
35.7137 24.5964 1.27003
35.8123 24.6119 1.27075
35.9109 24.6275 1.27148
36.0095 24.643 1.27221
36.1081 24.6584 1.27293
36.2067 24.6738 1.27365
36.3053 24.6891 1.27437
36.4039 24.7044 1.27509
36.5025 24.7196 1.2758
36.6011 24.7348 1.27652
36.6997 24.75 1.27723
36.7983 24.7651 1.27794
36.8969 24.7801 1.27864
36.9955 24.7951 1.27935
37.0941 24.8101 1.28005
37.1927 24.825 1.28075
37.2913 24.8399 1.28145
37.3899 24.8547 1.28215
37.4885 24.8694 1.28284
37.5871 24.8842 1.28353
37.6857 24.8989 1.28422
37.7843 24.9135 1.28491
37.8829 24.9281 1.2856
37.9815 24.9426 1.28628
38.0801 24.9571 1.28697
38.1787 24.9716 1.28765
38.2773 24.986 1.28833
38.3759 25.0004 1.289
38.4745 25.0147 1.28968
38.5731 25.029 1.29035
38.6717 25.0433 1.29102
38.7703 25.0575 1.29169
38.8689 25.0716 1.29236
38.9675 25.0858 1.29303
39.0661 25.0998 1.29369
39.1647 25.1139 1.29435
39.2633 25.1279 1.29501
39.3619 25.1418 1.29567
39.4605 25.1557 1.29633
39.5591 25.1696 1.29699
39.6577 25.1834 1.29764
39.7563 25.1972 1.29829
39.8549 25.211 1.29894
39.9535 25.2247 1.29959
40.0521 25.2384 1.30023
40.1507 25.252 1.30088
40.2492 25.2656 1.30152
40.3478 25.2792 1.30216
40.4464 25.2927 1.3028
40.545 25.3062 1.30344
40.6436 25.3196 1.30408
40.7422 25.333 1.30471
40.8408 25.3464 1.30534
40.9394 25.3597 1.30598
41.038 25.373 1.30661
41.1366 25.3862 1.30723
41.2352 25.3995 1.30786
41.3338 25.4126 1.30848
41.4324 25.4258 1.30911
41.531 25.4389 1.30973
41.6296 25.4519 1.31035
41.7282 25.465 1.31097
41.8268 25.478 1.31158
41.9254 25.4909 1.3122
42.024 25.5039 1.31281
42.1226 25.5168 1.31342
42.2212 25.5296 1.31403
42.3198 25.5424 1.31464
42.4184 25.5552 1.31525
42.517 25.568 1.31586
42.6156 25.5807 1.31646
42.7142 25.5934 1.31706
42.8128 25.606 1.31766
42.9114 25.6186 1.31826
43.01 25.6312 1.31886
43.1086 25.6437 1.31946
43.2072 25.6562 1.32005
43.3058 25.6687 1.32065
43.4044 25.6812 1.32124
43.503 25.6936 1.32183
43.6016 25.706 1.32242
43.7002 25.7183 1.32301
43.7988 25.7306 1.32359
43.8974 25.7429 1.32418
43.996 25.7551 1.32476
44.0946 25.7674 1.32534
44.1932 25.7795 1.32592
44.2918 25.7917 1.3265
44.3904 25.8038 1.32708
44.489 25.8159 1.32766
44.5876 25.828 1.32823
44.6862 25.84 1.32881
44.7848 25.852 1.32938
44.8834 25.864 1.32995
44.982 25.8759 1.33052
45.0806 25.8878 1.33109
45.1792 25.8997 1.33165
45.2778 25.9115 1.33222
45.3764 25.9233 1.33278
45.475 25.9351 1.33334
45.5736 25.9468 1.33391
45.6722 25.9586 1.33447
45.7708 25.9703 1.33502
45.8694 25.9819 1.33558
45.968 25.9935 1.33614
46.0666 26.0052 1.33669
46.1652 26.0167 1.33725
46.2638 26.0283 1.3378
46.3624 26.0398 1.33835
46.461 26.0513 1.3389
46.5596 26.0627 1.33945
46.6582 26.0742 1.33999
46.7568 26.0856 1.34054
46.8554 26.0969 1.34109
46.954 26.1083 1.34163
47.0526 26.1196 1.34217
47.1512 26.1309 1.34271
47.2497 26.1422 1.34325
47.3483 26.1534 1.34379
47.4469 26.1646 1.34433
47.5455 26.1758 1.34486
47.6441 26.1869 1.3454
47.7427 26.198 1.34593
47.8413 26.2091 1.34646
47.9399 26.2202 1.34699
48.0385 26.2313 1.34752
48.1371 26.2423 1.34805
48.2357 26.2533 1.34858
48.3343 26.2642 1.34911
48.4329 26.2752 1.34963
48.5315 26.2861 1.35016
48.6301 26.297 1.35068
48.7287 26.3078 1.3512
48.8273 26.3187 1.35172
48.9259 26.3295 1.35224
49.0245 26.3403 1.35276
49.1231 26.351 1.35328
49.2217 26.3618 1.35379
49.3203 26.3725 1.35431
49.4189 26.3832 1.35482
49.5175 26.3938 1.35533
49.6161 26.4045 1.35585
49.7147 26.4151 1.35636
49.8133 26.4257 1.35687
49.9119 26.4362 1.35737
50.0105 26.4468 1.35788
50.1091 26.4573 1.35839
50.2077 26.4678 1.35889
50.3063 26.4783 1.3594
50.4049 26.4887 1.3599
50.5035 26.4991 1.3604
50.6021 26.5095 1.3609
50.7007 26.5199 1.3614
50.7993 26.5302 1.3619
50.8979 26.5406 1.3624
50.9965 26.5509 1.3629
51.0951 26.5612 1.36339
51.1937 26.5714 1.36389
51.2923 26.5817 1.36438
51.3909 26.5919 1.36487
51.4895 26.6021 1.36536
51.5881 26.6122 1.36585
51.6867 26.6224 1.36634
51.7853 26.6325 1.36683
51.8839 26.6426 1.36732
51.9825 26.6527 1.36781
52.0811 26.6627 1.36829
52.1797 26.6727 1.36878
52.2783 26.6828 1.36926
52.3769 26.6927 1.36974
52.4755 26.7027 1.37022
52.5741 26.7126 1.37071
52.6727 26.7226 1.37119
52.7713 26.7325 1.37166
52.8699 26.7424 1.37214
52.9685 26.7522 1.37262
53.0671 26.762 1.37309
53.1657 26.7719 1.37357
53.2643 26.7817 1.37404
53.3629 26.7914 1.37452
53.4615 26.8012 1.37499
53.5601 26.8109 1.37546
53.6587 26.8206 1.37593
53.7573 26.8303 1.3764
53.8559 26.84 1.37687
53.9545 26.8496 1.37733
54.0531 26.8593 1.3778
54.1517 26.8689 1.37827
54.2503 26.8785 1.37873
54.3488 26.888 1.37919
54.4474 26.8976 1.37966
54.546 26.9071 1.38012
54.6446 26.9166 1.38058
54.7432 26.9261 1.38104
54.8418 26.9356 1.3815
54.9404 26.945 1.38196
55.039 26.9544 1.38241
55.1376 26.9638 1.38287
55.2362 26.9732 1.38333
55.3348 26.9826 1.38378
55.4334 26.9919 1.38423
55.532 27.0013 1.38469
55.6306 27.0106 1.38514
55.7292 27.0199 1.38559
55.8278 27.0291 1.38604
55.9264 27.0384 1.38649
56.025 27.0476 1.38694
56.1236 27.0568 1.38739
56.2222 27.066 1.38783
56.3208 27.0752 1.38828
56.4194 27.0844 1.38873
56.518 27.0935 1.38917
56.6166 27.1026 1.38961
56.7152 27.1117 1.39006
56.8138 27.1208 1.3905
56.9124 27.1299 1.39094
57.011 27.1389 1.39138
57.1096 27.148 1.39182
57.2082 27.157 1.39226
57.3068 27.166 1.39269
57.4054 27.175 1.39313
57.504 27.1839 1.39357
57.6026 27.1928 1.394
57.7012 27.2018 1.39444
57.7998 27.2107 1.39487
57.8984 27.2196 1.3953
57.997 27.2284 1.39574
58.0956 27.2373 1.39617
58.1942 27.2461 1.3966
58.2928 27.2549 1.39703
58.3914 27.2637 1.39746
58.49 27.2725 1.39788
58.5886 27.2813 1.39831
58.6872 27.29 1.39874
58.7858 27.2987 1.39916
58.8844 27.3075 1.39959
58.983 27.3162 1.40001
59.0816 27.3248 1.40044
59.1802 27.3335 1.40086
59.2788 27.3421 1.40128
59.3774 27.3508 1.4017
59.476 27.3594 1.40212
59.5746 27.368 1.40254
59.6732 27.3766 1.40296
59.7718 27.3851 1.40338
59.8704 27.3937 1.4038
59.969 27.4022 1.40421
60.0676 27.4107 1.40463
60.1662 27.4192 1.40504
60.2648 27.4277 1.40546
60.3634 27.4361 1.40587
60.462 27.4446 1.40629
60.5606 27.453 1.4067
60.6592 27.4614 1.40711
60.7578 27.4698 1.40752
60.8564 27.4782 1.40793
60.955 27.4866 1.40834
61.0536 27.4949 1.40875
61.1522 27.5033 1.40916
61.2508 27.5116 1.40956
61.3493 27.5199 1.40997
61.4479 27.5282 1.41037
61.5465 27.5365 1.41078
61.6451 27.5447 1.41118
61.7437 27.553 1.41159
61.8423 27.5612 1.41199
61.9409 27.5694 1.41239
62.0395 27.5776 1.41279
62.1381 27.5858 1.4132
62.2367 27.594 1.4136
62.3353 27.6021 1.41399
62.4339 27.6102 1.41439
62.5325 27.6184 1.41479
62.6311 27.6265 1.41519
62.7297 27.6346 1.41559
62.8283 27.6426 1.41598
62.9269 27.6507 1.41638
63.0255 27.6587 1.41677
63.1241 27.6668 1.41717
63.2227 27.6748 1.41756
63.3213 27.6828 1.41795
63.4199 27.6908 1.41834
63.5185 27.6988 1.41873
63.6171 27.7067 1.41913
63.7157 27.7147 1.41952
63.8143 27.7226 1.4199
63.9129 27.7305 1.42029
64.0115 27.7384 1.42068
64.1101 27.7463 1.42107
64.2087 27.7542 1.42146
64.3073 27.762 1.42184
64.4059 27.7699 1.42223
64.5045 27.7777 1.42261
64.6031 27.7855 1.423
64.7017 27.7933 1.42338
64.8003 27.8011 1.42376
64.8989 27.8089 1.42414
64.9975 27.8167 1.42453
65.0961 27.8244 1.42491
65.1947 27.8321 1.42529
65.2933 27.8399 1.42567
65.3919 27.8476 1.42605
65.4905 27.8553 1.42642
65.5891 27.8629 1.4268
65.6877 27.8706 1.42718
65.7863 27.8783 1.42756
65.8849 27.8859 1.42793
65.9835 27.8935 1.42831
66.0821 27.9011 1.42868
66.1807 27.9087 1.42906
66.2793 27.9163 1.42943
66.3779 27.9239 1.4298
66.4765 27.9315 1.43017
66.5751 27.939 1.43055
66.6737 27.9465 1.43092
66.7723 27.9541 1.43129
66.8709 27.9616 1.43166
66.9695 27.9691 1.43203
67.0681 27.9765 1.4324
67.1667 27.984 1.43276
67.2653 27.9915 1.43313
67.3639 27.9989 1.4335
67.4625 28.0063 1.43387
67.5611 28.0138 1.43423
67.6597 28.0212 1.4346
67.7583 28.0286 1.43496
67.8569 28.0359 1.43532
67.9555 28.0433 1.43569
68.0541 28.0507 1.43605
68.1527 28.058 1.43641
68.2513 28.0653 1.43678
68.3498 28.0727 1.43714
68.4484 28.08 1.4375
68.547 28.0873 1.43786
68.6456 28.0945 1.43822
68.7442 28.1018 1.43858
68.8428 28.1091 1.43893
68.9414 28.1163 1.43929
69.04 28.1235 1.43965
69.1386 28.1308 1.44001
69.2372 28.138 1.44036
69.3358 28.1452 1.44072
69.4344 28.1523 1.44107
69.533 28.1595 1.44143
69.6316 28.1667 1.44178
69.7302 28.1738 1.44213
69.8288 28.181 1.44249
69.9274 28.1881 1.44284
70.026 28.1952 1.44319
70.1246 28.2023 1.44354
70.2232 28.2094 1.44389
70.3218 28.2165 1.44424
70.4204 28.2235 1.44459
70.519 28.2306 1.44494
70.6176 28.2376 1.44529
70.7162 28.2447 1.44564
70.8148 28.2517 1.44598
70.9134 28.2587 1.44633
71.012 28.2657 1.44668
71.1106 28.2727 1.44702
71.2092 28.2796 1.44737
71.3078 28.2866 1.44771
71.4064 28.2936 1.44806
71.505 28.3005 1.4484
71.6036 28.3074 1.44874
71.7022 28.3143 1.44909
71.8008 28.3212 1.44943
71.8994 28.3281 1.44977
71.998 28.335 1.45011
72.0966 28.3419 1.45045
72.1952 28.3488 1.45079
72.2938 28.3556 1.45113
72.3924 28.3624 1.45147
72.491 28.3693 1.45181
72.5896 28.3761 1.45215
72.6882 28.3829 1.45249
72.7868 28.3897 1.45282
72.8854 28.3965 1.45316
72.984 28.4033 1.4535
73.0826 28.41 1.45383
73.1812 28.4168 1.45417
73.2798 28.4235 1.4545
73.3784 28.4303 1.45483
73.477 28.437 1.45517
73.5756 28.4437 1.4555
73.6742 28.4504 1.45583
73.7728 28.4571 1.45617
73.8714 28.4638 1.4565
73.97 28.4704 1.45683
74.0686 28.4771 1.45716
74.1672 28.4837 1.45749
74.2658 28.4904 1.45782
74.3644 28.497 1.45815
74.463 28.5036 1.45848
74.5616 28.5102 1.45881
74.6602 28.5168 1.45913
74.7588 28.5234 1.45946
74.8574 28.53 1.45979
74.956 28.5366 1.46011
75.0546 28.5431 1.46044
75.1532 28.5497 1.46076
75.2518 28.5562 1.46109
75.3504 28.5627 1.46141
75.4489 28.5692 1.46174
75.5475 28.5757 1.46206
75.6461 28.5822 1.46239
75.7447 28.5887 1.46271
75.8433 28.5952 1.46303
75.9419 28.6017 1.46335
76.0405 28.6081 1.46367
76.1391 28.6146 1.46399
76.2377 28.621 1.46431
76.3363 28.6274 1.46463
76.4349 28.6339 1.46495
76.5335 28.6403 1.46527
76.6321 28.6467 1.46559
76.7307 28.6531 1.46591
76.8293 28.6594 1.46623
76.9279 28.6658 1.46654
77.0265 28.6722 1.46686
77.1251 28.6785 1.46718
77.2237 28.6849 1.46749
77.3223 28.6912 1.46781
77.4209 28.6975 1.46812
77.5195 28.7038 1.46844
77.6181 28.7101 1.46875
77.7167 28.7164 1.46907
77.8153 28.7227 1.46938
77.9139 28.729 1.46969
78.0125 28.7353 1.47001
78.1111 28.7415 1.47032
78.2097 28.7478 1.47063
78.3083 28.754 1.47094
78.4069 28.7602 1.47125
78.5055 28.7665 1.47156
78.6041 28.7727 1.47187
78.7027 28.7789 1.47218
78.8013 28.7851 1.47249
78.8999 28.7913 1.4728
78.9985 28.7974 1.47311
79.0971 28.8036 1.47342
79.1957 28.8098 1.47372
79.2943 28.8159 1.47403
79.3929 28.822 1.47434
79.4915 28.8282 1.47464
79.5901 28.8343 1.47495
79.6887 28.8404 1.47525
79.7873 28.8465 1.47556
79.8859 28.8526 1.47586
79.9845 28.8587 1.47617
80.0831 28.8648 1.47647
80.1817 28.8709 1.47678
80.2803 28.8769 1.47708
80.3789 28.883 1.47738
80.4775 28.889 1.47768
80.5761 28.895 1.47799
80.6747 28.9011 1.47829
80.7733 28.9071 1.47859
80.8719 28.9131 1.47889
80.9705 28.9191 1.47919
81.0691 28.9251 1.47949
81.1677 28.9311 1.47979
81.2663 28.9371 1.48009
81.3649 28.943 1.48038
81.4635 28.949 1.48068
81.5621 28.9549 1.48098
81.6607 28.9609 1.48128
81.7593 28.9668 1.48158
81.8579 28.9727 1.48187
81.9565 28.9787 1.48217
82.0551 28.9846 1.48246
82.1537 28.9905 1.48276
82.2523 28.9964 1.48305
82.3509 29.0022 1.48335
82.4494 29.0081 1.48364
82.548 29.014 1.48394
82.6466 29.0199 1.48423
82.7452 29.0257 1.48452
82.8438 29.0315 1.48482
82.9424 29.0374 1.48511
83.041 29.0432 1.4854
83.1396 29.049 1.48569
83.2382 29.0548 1.48598
83.3368 29.0606 1.48628
83.4354 29.0664 1.48657
83.534 29.0722 1.48686
83.6326 29.078 1.48715
83.7312 29.0838 1.48744
83.8298 29.0895 1.48772
83.9284 29.0953 1.48801
84.027 29.101 1.4883
84.1256 29.1068 1.48859
84.2242 29.1125 1.48888
84.3228 29.1182 1.48916
84.4214 29.124 1.48945
84.52 29.1297 1.48974
84.6186 29.1354 1.49002
84.7172 29.1411 1.49031
84.8158 29.1467 1.49059
84.9144 29.1524 1.49088
85.013 29.1581 1.49116
85.1116 29.1638 1.49145
85.2102 29.1694 1.49173
85.3088 29.1751 1.49202
85.4074 29.1807 1.4923
85.506 29.1863 1.49258
85.6046 29.192 1.49287
85.7032 29.1976 1.49315
85.8018 29.2032 1.49343
85.9004 29.2088 1.49371
85.999 29.2144 1.49399
86.0976 29.22 1.49427
86.1962 29.2255 1.49455
86.2948 29.2311 1.49483
86.3934 29.2367 1.49511
86.492 29.2422 1.49539
86.5906 29.2478 1.49567
86.6892 29.2533 1.49595
86.7878 29.2589 1.49623
86.8864 29.2644 1.49651
86.985 29.2699 1.49678
87.0836 29.2754 1.49706
87.1822 29.2809 1.49734
87.2808 29.2864 1.49762
87.3794 29.2919 1.49789
87.478 29.2974 1.49817
87.5766 29.3029 1.49844
87.6752 29.3084 1.49872
87.7738 29.3138 1.49899
87.8724 29.3193 1.49927
87.971 29.3247 1.49954
88.0696 29.3302 1.49982
88.1682 29.3356 1.50009
88.2668 29.341 1.50036
88.3654 29.3465 1.50064
88.464 29.3519 1.50091
88.5626 29.3573 1.50118
88.6612 29.3627 1.50145
88.7598 29.3681 1.50173
88.8584 29.3735 1.502
88.957 29.3788 1.50227
89.0556 29.3842 1.50254
89.1542 29.3896 1.50281
89.2528 29.3949 1.50308
89.3514 29.4003 1.50335
89.4499 29.4056 1.50362
89.5485 29.411 1.50389
89.6471 29.4163 1.50416
89.7457 29.4216 1.50442
89.8443 29.4269 1.50469
89.9429 29.4322 1.50496
90.0415 29.4375 1.50523
90.1401 29.4428 1.50549
90.2387 29.4481 1.50576
90.3373 29.4534 1.50603
90.4359 29.4587 1.50629
90.5345 29.4639 1.50656
90.6331 29.4692 1.50682
90.7317 29.4745 1.50709
90.8303 29.4797 1.50736
90.9289 29.485 1.50762
91.0275 29.4902 1.50788
91.1261 29.4954 1.50815
91.2247 29.5006 1.50841
91.3233 29.5059 1.50868
91.4219 29.5111 1.50894
91.5205 29.5163 1.5092
91.6191 29.5215 1.50946
91.7177 29.5267 1.50973
91.8163 29.5318 1.50999
91.9149 29.537 1.51025
92.0135 29.5422 1.51051
92.1121 29.5474 1.51077
92.2107 29.5525 1.51103
92.3093 29.5577 1.51129
92.4079 29.5628 1.51155
92.5065 29.5679 1.51181
92.6051 29.5731 1.51207
92.7037 29.5782 1.51233
92.8023 29.5833 1.51259
92.9009 29.5884 1.51285
92.9995 29.5935 1.51311
93.0981 29.5986 1.51336
93.1967 29.6037 1.51362
93.2953 29.6088 1.51388
93.3939 29.6139 1.51414
93.4925 29.619 1.51439
93.5911 29.6241 1.51465
93.6897 29.6291 1.5149
93.7883 29.6342 1.51516
93.8869 29.6392 1.51542
93.9855 29.6443 1.51567
94.0841 29.6493 1.51593
94.1827 29.6543 1.51618
94.2813 29.6594 1.51644
94.3799 29.6644 1.51669
94.4785 29.6694 1.51694
94.5771 29.6744 1.5172
94.6757 29.6794 1.51745
94.7743 29.6844 1.5177
94.8729 29.6894 1.51796
94.9715 29.6944 1.51821
95.0701 29.6993 1.51846
95.1687 29.7043 1.51871
95.2673 29.7093 1.51896
95.3659 29.7142 1.51921
95.4645 29.7192 1.51947
95.5631 29.7241 1.51972
95.6617 29.7291 1.51997
95.7603 29.734 1.52022
95.8589 29.7389 1.52047
95.9575 29.7439 1.52072
96.0561 29.7488 1.52096
96.1547 29.7537 1.52121
96.2533 29.7586 1.52146
96.3519 29.7635 1.52171
96.4505 29.7684 1.52196
96.549 29.7733 1.52221
96.6476 29.7782 1.52245
96.7462 29.783 1.5227
96.8448 29.7879 1.52295
96.9434 29.7928 1.5232
97.042 29.7976 1.52344
97.1406 29.8025 1.52369
97.2392 29.8073 1.52393
97.3378 29.8122 1.52418
97.4364 29.817 1.52443
97.535 29.8219 1.52467
97.6336 29.8267 1.52492
97.7322 29.8315 1.52516
97.8308 29.8363 1.5254
97.9294 29.8411 1.52565
98.028 29.8459 1.52589
98.1266 29.8507 1.52614
98.2252 29.8555 1.52638
98.3238 29.8603 1.52662
98.4224 29.8651 1.52686
98.521 29.8698 1.52711
98.6196 29.8746 1.52735
98.7182 29.8794 1.52759
98.8168 29.8841 1.52783
98.9154 29.8889 1.52807
99.014 29.8936 1.52832
99.1126 29.8984 1.52856
99.2112 29.9031 1.5288
99.3098 29.9078 1.52904
99.4084 29.9126 1.52928
99.507 29.9173 1.52952
99.6056 29.922 1.52976
99.7042 29.9267 1.53
99.8028 29.9314 1.53024
99.9014 29.9361 1.53047
100 29.9408 1.53071
