1.5 1.96314 0.380755
1.5986 2.48031 0.397221
1.6972 2.9745 0.413122
1.7958 3.44493 0.428403
1.89439 3.89463 0.44313
1.99299 4.32436 0.457309
2.09159 4.73439 0.470935
2.19019 5.12689 0.484062
2.28879 5.50337 0.496726
2.38739 5.86438 0.508939
2.48599 6.21047 0.520711
2.58458 6.5429 0.532075
2.68318 6.86315 0.543074
2.78178 7.17175 0.553719
2.88038 7.46921 0.564024
2.97898 7.75601 0.574003
3.07758 8.03268 0.583668
3.17618 8.3003 0.593052
3.27477 8.55945 0.602171
3.37337 8.8105 0.611035
3.47197 9.0538 0.619655
3.57057 9.2897 0.62804
3.66917 9.51849 0.636199
3.76777 9.74049 0.644141
3.86637 9.95701 0.651881
3.96496 10.1689 0.659433
4.06356 10.3757 0.666805
4.16216 10.5771 0.674004
4.26076 10.773 0.681036
4.35936 10.963 0.687908
4.45796 11.1471 0.694625
4.55656 11.3252 0.701194
4.65516 11.497 0.707619
4.75375 11.6627 0.713905
4.85235 11.8225 0.720062
4.95095 11.9769 0.726097
5.04955 12.1265 0.732013
5.14815 12.2716 0.737815
5.24675 12.4128 0.743507
5.34535 12.5503 0.749091
5.44394 12.6844 0.754571
5.54254 12.8156 0.75995
5.64114 12.9439 0.765232
5.73974 13.0698 0.770419
5.83834 13.1935 0.775514
5.93694 13.3151 0.780519
6.03554 13.4348 0.785438
6.13413 13.5529 0.790272
6.23273 13.6692 0.795027
6.33133 13.7834 0.799705
6.42993 13.8958 0.80431
6.52853 14.0062 0.808843
6.62713 14.1148 0.813306
6.72573 14.2216 0.817701
6.82432 14.3267 0.822031
6.92292 14.4301 0.826296
7.02152 14.5318 0.830498
7.12012 14.632 0.834639
7.21872 14.7306 0.838721
7.31732 14.8277 0.842744
7.41592 14.9232 0.846711
7.51451 15.0174 0.850623
7.61311 15.1101 0.854481
7.71171 15.2015 0.858286
7.81031 15.2916 0.86204
7.90891 15.3803 0.865744
8.00751 15.4677 0.869398
8.10611 15.554 0.873005
8.2047 15.639 0.876566
8.3033 15.7229 0.880083
8.4019 15.8057 0.883557
8.5005 15.8874 0.886988
8.5991 15.968 0.890379
8.6977 16.0476 0.893729
8.7963 16.1262 0.89704
8.89489 16.2038 0.900312
8.99349 16.2805 0.903546
9.09209 16.3562 0.906743
9.19069 16.4309 0.909904
9.28929 16.5048 0.913029
9.38789 16.5778 0.916119
9.48649 16.6499 0.919176
9.58509 16.7211 0.922199
9.68368 16.7915 0.925189
9.78228 16.8611 0.928147
9.88088 16.9299 0.931073
9.97948 16.9979 0.933968
10.0781 17.0651 0.936834
10.1767 17.1316 0.939669
10.2753 17.1973 0.942475
10.3739 17.2623 0.945252
10.4725 17.3266 0.948001
10.5711 17.3902 0.950723
10.6697 17.4531 0.953417
10.7683 17.5153 0.956085
10.8669 17.5769 0.958726
10.9655 17.6378 0.961342
11.0641 17.6981 0.963933
11.1627 17.7578 0.9665
11.2613 17.8169 0.969044
11.3599 17.8754 0.971564
11.4585 17.9333 0.974061
11.5571 17.9907 0.976535
11.6557 18.0475 0.978988
11.7543 18.1038 0.981419
11.8529 18.1595 0.983828
11.9515 18.2147 0.986216
12.0501 18.2694 0.988583
12.1486 18.3236 0.99093
12.2472 18.3773 0.993257
12.3458 18.4305 0.995564
12.4444 18.4832 0.997852
12.543 18.5354 1.00012
12.6416 18.5872 1.00237
12.7402 18.6385 1.0046
12.8388 18.6893 1.00681
12.9374 18.7397 1.00901
13.036 18.7896 1.01118
13.1346 18.8391 1.01334
13.2332 18.8882 1.01548
13.3318 18.9369 1.01761
13.4304 18.9851 1.01972
13.529 19.033 1.02181
13.6276 19.0804 1.02388
13.7262 19.1275 1.02594
13.8248 19.1741 1.02798
13.9234 19.2204 1.03001
14.022 19.2663 1.03202
14.1206 19.3118 1.03402
14.2192 19.3569 1.036
14.3178 19.4017 1.03797
14.4164 19.4461 1.03992
14.515 19.4902 1.04186
14.6136 19.5339 1.04378
14.7122 19.5772 1.04569
14.8108 19.6203 1.04759
14.9094 19.663 1.04947
15.008 19.7053 1.05134
15.1066 19.7474 1.05319
15.2052 19.7891 1.05504
15.3038 19.8305 1.05687
15.4024 19.8716 1.05868
15.501 19.9124 1.06049
15.5996 19.9529 1.06228
15.6982 19.9931 1.06406
15.7968 20.0331 1.06583
15.8954 20.0727 1.06759
15.994 20.1121 1.06933
16.0926 20.1512 1.07107
16.1912 20.19 1.07279
16.2898 20.2285 1.0745
16.3884 20.2668 1.0762
16.487 20.3048 1.07789
16.5856 20.3425 1.07957
16.6842 20.38 1.08124
16.7828 20.4173 1.08289
16.8814 20.4543 1.08454
16.98 20.491 1.08618
17.0786 20.5275 1.08781
17.1772 20.5637 1.08942
17.2758 20.5997 1.09103
17.3744 20.6355 1.09263
17.473 20.671 1.09421
17.5716 20.7064 1.09579
17.6702 20.7414 1.09736
17.7688 20.7763 1.09892
17.8674 20.8109 1.10047
17.966 20.8453 1.10201
18.0646 20.8795 1.10354
18.1632 20.9135 1.10506
18.2618 20.9473 1.10658
18.3604 20.9808 1.10808
18.459 21.0141 1.10958
18.5576 21.0473 1.11107
18.6562 21.0802 1.11255
18.7548 21.1129 1.11402
18.8534 21.1455 1.11548
18.952 21.1778 1.11693
19.0506 21.2099 1.11838
19.1491 21.2419 1.11982
19.2477 21.2736 1.12125
19.3463 21.3052 1.12267
19.4449 21.3366 1.12408
19.5435 21.3678 1.12549
19.6421 21.3988 1.12689
19.7407 21.4296 1.12828
19.8393 21.4602 1.12966
19.9379 21.4907 1.13104
20.0365 21.521 1.13241
20.1351 21.5511 1.13377
20.2337 21.5811 1.13512
20.3323 21.6108 1.13647
20.4309 21.6405 1.13781
20.5295 21.6699 1.13914
20.6281 21.6992 1.14047
20.7267 21.7283 1.14179
20.8253 21.7572 1.1431
20.9239 21.786 1.1444
21.0225 21.8146 1.1457
21.1211 21.8431 1.147
21.2197 21.8714 1.14828
21.3183 21.8996 1.14956
21.4169 21.9276 1.15083
21.5155 21.9554 1.1521
21.6141 21.9832 1.15336
21.7127 22.0107 1.15461
21.8113 22.0381 1.15586
21.9099 22.0654 1.1571
22.0085 22.0925 1.15834
22.1071 22.1195 1.15957
22.2057 22.1464 1.16079
22.3043 22.1731 1.16201
22.4029 22.1997 1.16322
22.5015 22.2261 1.16443
22.6001 22.2525 1.16563
22.6987 22.2786 1.16683
22.7973 22.3047 1.16802
22.8959 22.3306 1.1692
22.9945 22.3564 1.17038
23.0931 22.3821 1.17155
23.1917 22.4076 1.17272
23.2903 22.433 1.17388
23.3889 22.4583 1.17504
23.4875 22.4835 1.17619
23.5861 22.5085 1.17734
23.6847 22.5335 1.17848
23.7833 22.5583 1.17962
23.8819 22.583 1.18075
23.9805 22.6075 1.18188
24.0791 22.632 1.183
24.1777 22.6563 1.18412
24.2763 22.6805 1.18523
24.3749 22.7046 1.18634
24.4735 22.7286 1.18744
24.5721 22.7525 1.18854
24.6707 22.7763 1.18963
24.7693 22.7999 1.19072
24.8679 22.8235 1.1918
24.9665 22.8469 1.19288
25.0651 22.8703 1.19395
25.1637 22.8935 1.19502
25.2623 22.9166 1.19609
25.3609 22.9397 1.19715
25.4595 22.9626 1.19821
25.5581 22.9854 1.19926
25.6567 23.0081 1.20031
25.7553 23.0307 1.20135
25.8539 23.0532 1.20239
25.9525 23.0756 1.20342
26.0511 23.0979 1.20445
26.1496 23.1202 1.20548
26.2482 23.1423 1.2065
26.3468 23.1643 1.20752
26.4454 23.1862 1.20853
26.544 23.208 1.20954
26.6426 23.2298 1.21055
26.7412 23.2514 1.21155
26.8398 23.273 1.21255
26.9384 23.2944 1.21354
27.037 23.3158 1.21453
27.1356 23.3371 1.21551
27.2342 23.3582 1.2165
27.3328 23.3793 1.21747
27.4314 23.4003 1.21845
27.53 23.4213 1.21942
27.6286 23.4421 1.22038
27.7272 23.4628 1.22135
27.8258 23.4835 1.22231
27.9244 23.5041 1.22326
28.023 23.5246 1.22421
28.1216 23.545 1.22516
28.2202 23.5653 1.22611
28.3188 23.5855 1.22705
28.4174 23.6057 1.22798
28.516 23.6257 1.22892
28.6146 23.6457 1.22985
28.7132 23.6657 1.23077
28.8118 23.6855 1.2317
28.9104 23.7052 1.23262
29.009 23.7249 1.23353
29.1076 23.7445 1.23445
29.2062 23.764 1.23536
29.3048 23.7835 1.23626
29.4034 23.8028 1.23717
29.502 23.8221 1.23807
29.6006 23.8413 1.23896
29.6992 23.8605 1.23986
29.7978 23.8795 1.24075
29.8964 23.8985 1.24163
29.995 23.9174 1.24252
30.0936 23.9363 1.2434
30.1922 23.955 1.24427
30.2908 23.9737 1.24515
30.3894 23.9924 1.24602
30.488 24.0109 1.24689
30.5866 24.0294 1.24775
30.6852 24.0478 1.24861
30.7838 24.0662 1.24947
30.8824 24.0845 1.25033
30.981 24.1027 1.25118
31.0796 24.1208 1.25203
31.1782 24.1389 1.25288
31.2768 24.1569 1.25372
31.3754 24.1748 1.25456
31.474 24.1927 1.2554
31.5726 24.2105 1.25623
31.6712 24.2282 1.25707
31.7698 24.2459 1.2579
31.8684 24.2635 1.25872
31.967 24.2811 1.25955
32.0656 24.2986 1.26037
32.1642 24.316 1.26119
32.2628 24.3334 1.262
32.3614 24.3507 1.26282
32.46 24.3679 1.26363
32.5586 24.3851 1.26443
32.6572 24.4022 1.26524
32.7558 24.4193 1.26604
32.8544 24.4363 1.26684
32.953 24.4532 1.26764
33.0516 24.4701 1.26844
33.1502 24.487 1.26923
33.2487 24.5037 1.27002
33.3473 24.5204 1.2708
33.4459 24.5371 1.27159
33.5445 24.5537 1.27237
33.6431 24.5702 1.27315
33.7417 24.5867 1.27393
33.8403 24.6032 1.2747
33.9389 24.6195 1.27548
34.0375 24.6359 1.27625
34.1361 24.6521 1.27701
34.2347 24.6683 1.27778
34.3333 24.6845 1.27854
34.4319 24.7006 1.2793
34.5305 24.7166 1.28006
34.6291 24.7326 1.28082
34.7277 24.7486 1.28157
34.8263 24.7645 1.28232
34.9249 24.7803 1.28307
35.0235 24.7961 1.28382
35.1221 24.8118 1.28456
35.2207 24.8275 1.2853
35.3193 24.8432 1.28604
35.4179 24.8587 1.28678
35.5165 24.8743 1.28752
35.6151 24.8898 1.28825
35.7137 24.9052 1.28898
35.8123 24.9206 1.28971
35.9109 24.9359 1.29044
36.0095 24.9512 1.29116
36.1081 24.9664 1.29188
36.2067 24.9816 1.2926
36.3053 24.9968 1.29332
36.4039 25.0118 1.29404
36.5025 25.0269 1.29475
36.6011 25.0419 1.29546
36.6997 25.0568 1.29617
36.7983 25.0718 1.29688
36.8969 25.0866 1.29759
36.9955 25.1014 1.29829
37.0941 25.1162 1.29899
37.1927 25.1309 1.29969
37.2913 25.1456 1.30039
37.3899 25.1602 1.30109
37.4885 25.1748 1.30178
37.5871 25.1893 1.30247
37.6857 25.2038 1.30316
37.7843 25.2183 1.30385
37.8829 25.2327 1.30453
37.9815 25.2471 1.30522
38.0801 25.2614 1.3059
38.1787 25.2757 1.30658
38.2773 25.2899 1.30726
38.3759 25.3041 1.30793
38.4745 25.3182 1.30861
38.5731 25.3323 1.30928
38.6717 25.3464 1.30995
38.7703 25.3604 1.31062
38.8689 25.3744 1.31129
38.9675 25.3884 1.31195
39.0661 25.4023 1.31261
39.1647 25.4161 1.31328
39.2633 25.4299 1.31393
39.3619 25.4437 1.31459
39.4605 25.4575 1.31525
39.5591 25.4712 1.3159
39.6577 25.4848 1.31656
39.7563 25.4984 1.31721
39.8549 25.512 1.31785
39.9535 25.5256 1.3185
40.0521 25.5391 1.31915
40.1507 25.5525 1.31979
40.2492 25.5659 1.32043
40.3478 25.5793 1.32107
40.4464 25.5927 1.32171
40.545 25.606 1.32235
40.6436 25.6193 1.32298
40.7422 25.6325 1.32362
40.8408 25.6457 1.32425
40.9394 25.6589 1.32488
41.038 25.672 1.32551
41.1366 25.6851 1.32613
41.2352 25.6981 1.32676
41.3338 25.7111 1.32738
41.4324 25.7241 1.32801
41.531 25.737 1.32863
41.6296 25.7499 1.32924
41.7282 25.7628 1.32986
41.8268 25.7756 1.33048
41.9254 25.7884 1.33109
42.024 25.8012 1.3317
42.1226 25.8139 1.33231
42.2212 25.8266 1.33292
42.3198 25.8393 1.33353
42.4184 25.8519 1.33414
42.517 25.8645 1.33474
42.6156 25.8771 1.33535
42.7142 25.8896 1.33595
42.8128 25.9021 1.33655
42.9114 25.9145 1.33715
43.01 25.9269 1.33774
43.1086 25.9393 1.33834
43.2072 25.9517 1.33893
43.3058 25.964 1.33953
43.4044 25.9763 1.34012
43.503 25.9886 1.34071
43.6016 26.0008 1.34129
43.7002 26.013 1.34188
43.7988 26.0251 1.34247
43.8974 26.0373 1.34305
43.996 26.0493 1.34363
44.0946 26.0614 1.34421
44.1932 26.0734 1.34479
44.2918 26.0854 1.34537
44.3904 26.0974 1.34595
44.489 26.1094 1.34652
44.5876 26.1213 1.3471
44.6862 26.1331 1.34767
44.7848 26.145 1.34824
44.8834 26.1568 1.34881
44.982 26.1686 1.34938
45.0806 26.1803 1.34995
45.1792 26.1921 1.35051
45.2778 26.2037 1.35108
45.3764 26.2154 1.35164
45.475 26.227 1.3522
45.5736 26.2387 1.35276
45.6722 26.2502 1.35332
45.7708 26.2618 1.35388
45.8694 26.2733 1.35444
45.968 26.2848 1.35499
46.0666 26.2962 1.35554
46.1652 26.3077 1.3561
46.2638 26.3191 1.35665
46.3624 26.3304 1.3572
46.461 26.3418 1.35775
46.5596 26.3531 1.35829
46.6582 26.3644 1.35884
46.7568 26.3756 1.35938
46.8554 26.3869 1.35993
46.954 26.3981 1.36047
47.0526 26.4093 1.36101
47.1512 26.4204 1.36155
47.2497 26.4315 1.36209
47.3483 26.4426 1.36263
47.4469 26.4537 1.36316
47.5455 26.4647 1.3637
47.6441 26.4757 1.36423
47.7427 26.4867 1.36476
47.8413 26.4977 1.3653
47.9399 26.5086 1.36583
48.0385 26.5195 1.36635
48.1371 26.5304 1.36688
48.2357 26.5413 1.36741
48.3343 26.5521 1.36793
48.4329 26.5629 1.36846
48.5315 26.5737 1.36898
48.6301 26.5844 1.3695
48.7287 26.5952 1.37002
48.8273 26.6059 1.37054
48.9259 26.6166 1.37106
49.0245 26.6272 1.37158
49.1231 26.6378 1.3721
49.2217 26.6484 1.37261
49.3203 26.659 1.37313
49.4189 26.6696 1.37364
49.5175 26.6801 1.37415
49.6161 26.6906 1.37466
49.7147 26.7011 1.37517
49.8133 26.7115 1.37568
49.9119 26.722 1.37619
50.0105 26.7324 1.37669
50.1091 26.7428 1.3772
50.2077 26.7531 1.3777
50.3063 26.7635 1.37821
50.4049 26.7738 1.37871
50.5035 26.7841 1.37921
50.6021 26.7944 1.37971
50.7007 26.8046 1.38021
50.7993 26.8148 1.3807
50.8979 26.825 1.3812
50.9965 26.8352 1.3817
51.0951 26.8454 1.38219
51.1937 26.8555 1.38269
51.2923 26.8656 1.38318
51.3909 26.8757 1.38367
51.4895 26.8857 1.38416
51.5881 26.8958 1.38465
51.6867 26.9058 1.38514
51.7853 26.9158 1.38563
51.8839 26.9258 1.38611
51.9825 26.9357 1.3866
52.0811 26.9456 1.38708
52.1797 26.9556 1.38757
52.2783 26.9654 1.38805
52.3769 26.9753 1.38853
52.4755 26.9852 1.38901
52.5741 26.995 1.38949
52.6727 27.0048 1.38997
52.7713 27.0146 1.39045
52.8699 27.0243 1.39092
52.9685 27.0341 1.3914
53.0671 27.0438 1.39188
53.1657 27.0535 1.39235
53.2643 27.0631 1.39282
53.3629 27.0728 1.39329
53.4615 27.0824 1.39377
53.5601 27.092 1.39424
53.6587 27.1016 1.3947
53.7573 27.1112 1.39517
53.8559 27.1207 1.39564
53.9545 27.1303 1.39611
54.0531 27.1398 1.39657
54.1517 27.1493 1.39704
54.2503 27.1587 1.3975
54.3488 27.1682 1.39796
54.4474 27.1776 1.39842
54.546 27.187 1.39888
54.6446 27.1964 1.39934
54.7432 27.2058 1.3998
54.8418 27.2151 1.40026
54.9404 27.2245 1.40072
55.039 27.2338 1.40118
55.1376 27.2431 1.40163
55.2362 27.2524 1.40209
55.3348 27.2616 1.40254
55.4334 27.2708 1.40299
55.532 27.2801 1.40344
55.6306 27.2893 1.4039
55.7292 27.2984 1.40435
55.8278 27.3076 1.4048
55.9264 27.3167 1.40524
56.025 27.3259 1.40569
56.1236 27.335 1.40614
56.2222 27.344 1.40658
56.3208 27.3531 1.40703
56.4194 27.3621 1.40747
56.518 27.3712 1.40792
56.6166 27.3802 1.40836
56.7152 27.3892 1.4088
56.8138 27.3982 1.40924
56.9124 27.4071 1.40968
57.011 27.416 1.41012
57.1096 27.425 1.41056
57.2082 27.4339 1.411
57.3068 27.4427 1.41143
57.4054 27.4516 1.41187
57.504 27.4605 1.41231
57.6026 27.4693 1.41274
57.7012 27.4781 1.41317
57.7998 27.4869 1.41361
57.8984 27.4957 1.41404
57.997 27.5044 1.41447
58.0956 27.5132 1.4149
58.1942 27.5219 1.41533
58.2928 27.5306 1.41576
58.3914 27.5393 1.41619
58.49 27.548 1.41661
58.5886 27.5566 1.41704
58.6872 27.5653 1.41746
58.7858 27.5739 1.41789
58.8844 27.5825 1.41831
58.983 27.5911 1.41874
59.0816 27.5997 1.41916
59.1802 27.6082 1.41958
59.2788 27.6168 1.42
59.3774 27.6253 1.42042
59.476 27.6338 1.42084
59.5746 27.6423 1.42126
59.6732 27.6508 1.42168
59.7718 27.6592 1.4221
59.8704 27.6677 1.42251
59.969 27.6761 1.42293
60.0676 27.6845 1.42334
60.1662 27.6929 1.42376
60.2648 27.7013 1.42417
60.3634 27.7096 1.42458
60.462 27.718 1.42499
60.5606 27.7263 1.42541
60.6592 27.7346 1.42582
60.7578 27.7429 1.42623
60.8564 27.7512 1.42664
60.955 27.7595 1.42704
61.0536 27.7677 1.42745
61.1522 27.7759 1.42786
61.2508 27.7842 1.42826
61.3493 27.7924 1.42867
61.4479 27.8006 1.42907
61.5465 27.8087 1.42948
61.6451 27.8169 1.42988
61.7437 27.825 1.43028
61.8423 27.8332 1.43069
61.9409 27.8413 1.43109
62.0395 27.8494 1.43149
62.1381 27.8575 1.43189
62.2367 27.8655 1.43229
62.3353 27.8736 1.43269
62.4339 27.8816 1.43308
62.5325 27.8896 1.43348
62.6311 27.8976 1.43388
62.7297 27.9056 1.43427
62.8283 27.9136 1.43467
62.9269 27.9216 1.43506
63.0255 27.9295 1.43546
63.1241 27.9375 1.43585
63.2227 27.9454 1.43624
63.3213 27.9533 1.43663
63.4199 27.9612 1.43702
63.5185 27.9691 1.43742
63.6171 27.9769 1.4378
63.7157 27.9848 1.43819
63.8143 27.9926 1.43858
63.9129 28.0004 1.43897
64.0115 28.0082 1.43936
64.1101 28.016 1.43974
64.2087 28.0238 1.44013
64.3073 28.0316 1.44051
64.4059 28.0393 1.4409
64.5045 28.0471 1.44128
64.6031 28.0548 1.44167
64.7017 28.0625 1.44205
64.8003 28.0702 1.44243
64.8989 28.0779 1.44281
64.9975 28.0855 1.44319
65.0961 28.0932 1.44357
65.1947 28.1008 1.44395
65.2933 28.1085 1.44433
65.3919 28.1161 1.44471
65.4905 28.1237 1.44509
65.5891 28.1313 1.44546
65.6877 28.1388 1.44584
65.7863 28.1464 1.44622
65.8849 28.154 1.44659
65.9835 28.1615 1.44697
66.0821 28.169 1.44734
66.1807 28.1765 1.44771
66.2793 28.184 1.44808
66.3779 28.1915 1.44846
66.4765 28.199 1.44883
66.5751 28.2064 1.4492
66.6737 28.2139 1.44957
66.7723 28.2213 1.44994
66.8709 28.2287 1.45031
66.9695 28.2361 1.45068
67.0681 28.2435 1.45104
67.1667 28.2509 1.45141
67.2653 28.2582 1.45178
67.3639 28.2656 1.45214
67.4625 28.2729 1.45251
67.5611 28.2803 1.45287
67.6597 28.2876 1.45324
67.7583 28.2949 1.4536
67.8569 28.3022 1.45397
67.9555 28.3095 1.45433
68.0541 28.3167 1.45469
68.1527 28.324 1.45505
68.2513 28.3312 1.45541
68.3498 28.3385 1.45577
68.4484 28.3457 1.45613
68.547 28.3529 1.45649
68.6456 28.3601 1.45685
68.7442 28.3673 1.45721
68.8428 28.3744 1.45757
68.9414 28.3816 1.45792
69.04 28.3887 1.45828
69.1386 28.3959 1.45863
69.2372 28.403 1.45899
69.3358 28.4101 1.45934
69.4344 28.4172 1.4597
69.533 28.4243 1.46005
69.6316 28.4313 1.46041
69.7302 28.4384 1.46076
69.8288 28.4455 1.46111
69.9274 28.4525 1.46146
70.026 28.4595 1.46181
70.1246 28.4665 1.46216
70.2232 28.4735 1.46251
70.3218 28.4805 1.46286
70.4204 28.4875 1.46321
70.519 28.4945 1.46356
70.6176 28.5014 1.46391
70.7162 28.5084 1.46425
70.8148 28.5153 1.4646
70.9134 28.5223 1.46494
71.012 28.5292 1.46529
71.1106 28.5361 1.46564
71.2092 28.543 1.46598
71.3078 28.5498 1.46632
71.4064 28.5567 1.46667
71.505 28.5636 1.46701
71.6036 28.5704 1.46735
71.7022 28.5772 1.46769
71.8008 28.5841 1.46804
71.8994 28.5909 1.46838
71.998 28.5977 1.46872
72.0966 28.6045 1.46906
72.1952 28.6113 1.4694
72.2938 28.618 1.46973
72.3924 28.6248 1.47007
72.491 28.6315 1.47041
72.5896 28.6383 1.47075
72.6882 28.645 1.47108
72.7868 28.6517 1.47142
72.8854 28.6584 1.47176
72.984 28.6651 1.47209
73.0826 28.6718 1.47243
73.1812 28.6785 1.47276
73.2798 28.6851 1.47309
73.3784 28.6918 1.47343
73.477 28.6984 1.47376
73.5756 28.7051 1.47409
73.6742 28.7117 1.47442
73.7728 28.7183 1.47476
73.8714 28.7249 1.47509
73.97 28.7315 1.47542
74.0686 28.7381 1.47575
74.1672 28.7446 1.47608
74.2658 28.7512 1.4764
74.3644 28.7577 1.47673
74.463 28.7643 1.47706
74.5616 28.7708 1.47739
74.6602 28.7773 1.47772
74.7588 28.7838 1.47804
74.8574 28.7903 1.47837
74.956 28.7968 1.47869
75.0546 28.8033 1.47902
75.1532 28.8098 1.47934
75.2518 28.8162 1.47967
75.3504 28.8227 1.47999
75.4489 28.8291 1.48031
75.5475 28.8355 1.48064
75.6461 28.8419 1.48096
75.7447 28.8484 1.48128
75.8433 28.8548 1.4816
75.9419 28.8611 1.48192
76.0405 28.8675 1.48224
76.1391 28.8739 1.48256
76.2377 28.8803 1.48288
76.3363 28.8866 1.4832
76.4349 28.893 1.48352
76.5335 28.8993 1.48384
76.6321 28.9056 1.48416
76.7307 28.9119 1.48447
76.8293 28.9182 1.48479
76.9279 28.9245 1.48511
77.0265 28.9308 1.48542
77.1251 28.9371 1.48574
77.2237 28.9434 1.48606
77.3223 28.9496 1.48637
77.4209 28.9559 1.48668
77.5195 28.9621 1.487
77.6181 28.9683 1.48731
77.7167 28.9745 1.48762
77.8153 28.9808 1.48794
77.9139 28.987 1.48825
78.0125 28.9932 1.48856
78.1111 28.9993 1.48887
78.2097 29.0055 1.48918
78.3083 29.0117 1.48949
78.4069 29.0178 1.4898
78.5055 29.024 1.49011
78.6041 29.0301 1.49042
78.7027 29.0363 1.49073
78.8013 29.0424 1.49104
78.8999 29.0485 1.49135
78.9985 29.0546 1.49165
79.0971 29.0607 1.49196
79.1957 29.0668 1.49227
79.2943 29.0728 1.49258
79.3929 29.0789 1.49288
79.4915 29.085 1.49319
79.5901 29.091 1.49349
79.6887 29.0971 1.4938
79.7873 29.1031 1.4941
79.8859 29.1091 1.4944
79.9845 29.1151 1.49471
80.0831 29.1211 1.49501
80.1817 29.1271 1.49531
80.2803 29.1331 1.49562
80.3789 29.1391 1.49592
80.4775 29.1451 1.49622
80.5761 29.1511 1.49652
80.6747 29.157 1.49682
80.7733 29.163 1.49712
80.8719 29.1689 1.49742
80.9705 29.1748 1.49772
81.0691 29.1807 1.49802
81.1677 29.1867 1.49832
81.2663 29.1926 1.49861
81.3649 29.1985 1.49891
81.4635 29.2044 1.49921
81.5621 29.2102 1.49951
81.6607 29.2161 1.4998
81.7593 29.222 1.5001
81.8579 29.2278 1.5004
81.9565 29.2337 1.50069
82.0551 29.2395 1.50099
82.1537 29.2453 1.50128
82.2523 29.2512 1.50158
82.3509 29.257 1.50187
82.4494 29.2628 1.50216
82.548 29.2686 1.50246
82.6466 29.2744 1.50275
82.7452 29.2802 1.50304
82.8438 29.2859 1.50333
82.9424 29.2917 1.50363
83.041 29.2975 1.50392
83.1396 29.3032 1.50421
83.2382 29.309 1.5045
83.3368 29.3147 1.50479
83.4354 29.3204 1.50508
83.534 29.3261 1.50537
83.6326 29.3319 1.50566
83.7312 29.3376 1.50594
83.8298 29.3433 1.50623
83.9284 29.3489 1.50652
84.027 29.3546 1.50681
84.1256 29.3603 1.5071
84.2242 29.366 1.50738
84.3228 29.3716 1.50767
84.4214 29.3773 1.50796
84.52 29.3829 1.50824
84.6186 29.3885 1.50853
84.7172 29.3942 1.50881
84.8158 29.3998 1.5091
84.9144 29.4054 1.50938
85.013 29.411 1.50966
85.1116 29.4166 1.50995
85.2102 29.4222 1.51023
85.3088 29.4278 1.51051
85.4074 29.4333 1.5108
85.506 29.4389 1.51108
85.6046 29.4445 1.51136
85.7032 29.45 1.51164
85.8018 29.4556 1.51192
85.9004 29.4611 1.5122
85.999 29.4666 1.51248
86.0976 29.4721 1.51276
86.1962 29.4777 1.51304
86.2948 29.4832 1.51332
86.3934 29.4887 1.5136
86.492 29.4942 1.51388
86.5906 29.4996 1.51416
86.6892 29.5051 1.51444
86.7878 29.5106 1.51471
86.8864 29.5161 1.51499
86.985 29.5215 1.51527
87.0836 29.527 1.51555
87.1822 29.5324 1.51582
87.2808 29.5378 1.5161
87.3794 29.5433 1.51637
87.478 29.5487 1.51665
87.5766 29.5541 1.51692
87.6752 29.5595 1.5172
87.7738 29.5649 1.51747
87.8724 29.5703 1.51775
87.971 29.5757 1.51802
88.0696 29.5811 1.51829
88.1682 29.5864 1.51857
88.2668 29.5918 1.51884
88.3654 29.5971 1.51911
88.464 29.6025 1.51938
88.5626 29.6078 1.51965
88.6612 29.6132 1.51993
88.7598 29.6185 1.5202
88.8584 29.6238 1.52047
88.957 29.6291 1.52074
89.0556 29.6345 1.52101
89.1542 29.6398 1.52128
89.2528 29.645 1.52155
89.3514 29.6503 1.52181
89.4499 29.6556 1.52208
89.5485 29.6609 1.52235
89.6471 29.6662 1.52262
89.7457 29.6714 1.52289
89.8443 29.6767 1.52315
89.9429 29.6819 1.52342
90.0415 29.6872 1.52369
90.1401 29.6924 1.52396
90.2387 29.6976 1.52422
90.3373 29.7028 1.52449
90.4359 29.7081 1.52475
90.5345 29.7133 1.52502
90.6331 29.7185 1.52528
90.7317 29.7237 1.52555
90.8303 29.7288 1.52581
90.9289 29.734 1.52607
91.0275 29.7392 1.52634
91.1261 29.7444 1.5266
91.2247 29.7495 1.52686
91.3233 29.7547 1.52713
91.4219 29.7598 1.52739
91.5205 29.765 1.52765
91.6191 29.7701 1.52791
91.7177 29.7752 1.52817
91.8163 29.7804 1.52844
91.9149 29.7855 1.5287
92.0135 29.7906 1.52896
92.1121 29.7957 1.52922
92.2107 29.8008 1.52948
92.3093 29.8059 1.52974
92.4079 29.811 1.53
92.5065 29.8161 1.53026
92.6051 29.8211 1.53051
92.7037 29.8262 1.53077
92.8023 29.8312 1.53103
92.9009 29.8363 1.53129
92.9995 29.8413 1.53155
93.0981 29.8464 1.5318
93.1967 29.8514 1.53206
93.2953 29.8565 1.53232
93.3939 29.8615 1.53257
93.4925 29.8665 1.53283
93.5911 29.8715 1.53308
93.6897 29.8765 1.53334
93.7883 29.8815 1.53359
93.8869 29.8865 1.53385
93.9855 29.8915 1.5341
94.0841 29.8965 1.53436
94.1827 29.9014 1.53461
94.2813 29.9064 1.53487
94.3799 29.9114 1.53512
94.4785 29.9163 1.53537
94.5771 29.9213 1.53563
94.6757 29.9262 1.53588
94.7743 29.9311 1.53613
94.8729 29.9361 1.53638
94.9715 29.941 1.53663
95.0701 29.9459 1.53688
95.1687 29.9508 1.53714
95.2673 29.9557 1.53739
95.3659 29.9606 1.53764
95.4645 29.9655 1.53789
95.5631 29.9704 1.53814
95.6617 29.9753 1.53839
95.7603 29.9802 1.53864
95.8589 29.9851 1.53889
95.9575 29.9899 1.53913
96.0561 29.9948 1.53938
96.1547 29.9996 1.53963
96.2533 30.0045 1.53988
96.3519 30.0093 1.54013
96.4505 30.0142 1.54037
96.549 30.019 1.54062
96.6476 30.0238 1.54087
96.7462 30.0286 1.54112
96.8448 30.0335 1.54136
96.9434 30.0383 1.54161
97.042 30.0431 1.54185
97.1406 30.0479 1.5421
97.2392 30.0527 1.54234
97.3378 30.0574 1.54259
97.4364 30.0622 1.54283
97.535 30.067 1.54308
97.6336 30.0718 1.54332
97.7322 30.0765 1.54357
97.8308 30.0813 1.54381
97.9294 30.086 1.54405
98.028 30.0908 1.5443
98.1266 30.0955 1.54454
98.2252 30.1003 1.54478
98.3238 30.105 1.54502
98.4224 30.1097 1.54527
98.521 30.1144 1.54551
98.6196 30.1192 1.54575
98.7182 30.1239 1.54599
98.8168 30.1286 1.54623
98.9154 30.1333 1.54647
99.014 30.1379 1.54671
99.1126 30.1426 1.54695
99.2112 30.1473 1.54719
99.3098 30.152 1.54743
99.4084 30.1567 1.54767
99.507 30.1613 1.54791
99.6056 30.166 1.54815
99.7042 30.1706 1.54839
99.8028 30.1753 1.54863
99.9014 30.1799 1.54887
100 30.1846 1.5491
