1.5 2.1478 0.37355
1.5986 2.65735 0.390164
1.6972 3.14398 0.406175
1.7958 3.60708 0.421537
1.89439 4.04963 0.43632
1.99299 4.47243 0.450536
2.09159 4.87579 0.464185
2.19019 5.26185 0.477323
2.28879 5.63211 0.489988
2.38739 5.98713 0.502193
2.48599 6.32747 0.513952
2.58458 6.65436 0.525299
2.68318 6.96927 0.536274
2.78178 7.27271 0.546893
2.88038 7.56519 0.557168
2.97898 7.8472 0.567115
3.07758 8.11925 0.576747
3.17618 8.3824 0.586095
3.27477 8.63723 0.595177
3.37337 8.88409 0.604003
3.47197 9.12334 0.612584
3.57057 9.35531 0.620929
3.66917 9.58031 0.629048
3.76777 9.79863 0.63695
3.86637 10.0116 0.644649
3.96496 10.2199 0.652161
4.06356 10.4234 0.659492
4.16216 10.6215 0.66665
4.26076 10.8141 0.673641
4.35936 11.0011 0.680471
4.45796 11.1822 0.687148
4.55656 11.3573 0.693676
4.65516 11.5263 0.700061
4.75375 11.6892 0.706307
4.85235 11.8463 0.712424
4.95095 11.9982 0.718419
5.04955 12.1452 0.724296
5.14815 12.2879 0.730059
5.24675 12.4267 0.735712
5.34535 12.5618 0.741257
5.44394 12.6937 0.746699
5.54254 12.8226 0.752041
5.64114 12.9488 0.757285
5.73974 13.0726 0.762435
5.83834 13.1941 0.767493
5.93694 13.3137 0.772462
6.03554 13.4314 0.777345
6.13413 13.5475 0.782144
6.23273 13.6619 0.786863
6.33133 13.7743 0.791507
6.42993 13.8847 0.796077
6.52853 13.9934 0.800576
6.62713 14.1002 0.805005
6.72573 14.2052 0.809367
6.82432 14.3086 0.813663
6.92292 14.4103 0.817895
7.02152 14.5104 0.822064
7.12012 14.6089 0.826173
7.21872 14.7059 0.830223
7.31732 14.8014 0.834215
7.41592 14.8954 0.838151
7.51451 14.988 0.842031
7.61311 15.0793 0.845859
7.71171 15.1692 0.849634
7.81031 15.2578 0.853357
7.90891 15.3451 0.857031
8.00751 15.4311 0.860657
8.10611 15.516 0.864235
8.2047 15.5997 0.867767
8.3033 15.6822 0.871255
8.4019 15.7637 0.874701
8.5005 15.8441 0.878105
8.5991 15.9235 0.881468
8.6977 16.0018 0.884791
8.7963 16.0792 0.888074
8.89489 16.1555 0.891319
8.99349 16.231 0.894527
9.09209 16.3055 0.897698
9.19069 16.3791 0.900832
9.28929 16.4518 0.903932
9.38789 16.5236 0.906996
9.48649 16.5946 0.910027
9.58509 16.6647 0.913025
9.68368 16.734 0.91599
9.78228 16.8025 0.918923
9.88088 16.8702 0.921825
9.97948 16.9372 0.924696
10.0781 17.0033 0.927537
10.1767 17.0688 0.930348
10.2753 17.1335 0.933131
10.3739 17.1975 0.935885
10.4725 17.2608 0.93861
10.5711 17.3234 0.941309
10.6697 17.3853 0.94398
10.7683 17.4466 0.946625
10.8669 17.5072 0.949244
10.9655 17.5672 0.951837
11.0641 17.6266 0.954406
11.1627 17.6853 0.956951
11.2613 17.7435 0.959472
11.3599 17.8012 0.96197
11.4585 17.8582 0.964446
11.5571 17.9147 0.966899
11.6557 17.9707 0.96933
11.7543 18.0261 0.97174
11.8529 18.081 0.974128
11.9515 18.1353 0.976495
12.0501 18.1892 0.978842
12.1486 18.2426 0.981168
12.2472 18.2954 0.983474
12.3458 18.3478 0.985761
12.4444 18.3997 0.988028
12.543 18.4512 0.990276
12.6416 18.5022 0.992506
12.7402 18.5527 0.994717
12.8388 18.6028 0.99691
12.9374 18.6524 0.999085
13.036 18.7016 1.00124
13.1346 18.7504 1.00338
13.2332 18.7987 1.0055
13.3318 18.8467 1.00761
13.4304 18.8942 1.0097
13.529 18.9413 1.01177
13.6276 18.9881 1.01383
13.7262 19.0344 1.01587
13.8248 19.0804 1.01789
13.9234 19.1259 1.0199
14.022 19.1712 1.0219
14.1206 19.216 1.02388
14.2192 19.2605 1.02584
14.3178 19.3046 1.02779
14.4164 19.3483 1.02972
14.515 19.3918 1.03164
14.6136 19.4348 1.03355
14.7122 19.4776 1.03544
14.8108 19.52 1.03732
14.9094 19.562 1.03919
15.008 19.6038 1.04104
15.1066 19.6452 1.04288
15.2052 19.6863 1.0447
15.3038 19.7271 1.04651
15.4024 19.7676 1.04832
15.501 19.8078 1.0501
15.5996 19.8477 1.05188
15.6982 19.8874 1.05365
15.7968 19.9267 1.0554
15.8954 19.9658 1.05714
15.994 20.0046 1.05887
16.0926 20.0431 1.06059
16.1912 20.0814 1.06229
16.2898 20.1193 1.06399
16.3884 20.1571 1.06568
16.487 20.1945 1.06735
16.5856 20.2317 1.06901
16.6842 20.2687 1.07067
16.7828 20.3054 1.07231
16.8814 20.3418 1.07394
16.98 20.3781 1.07556
17.0786 20.414 1.07718
17.1772 20.4498 1.07878
17.2758 20.4852 1.08037
17.3744 20.5205 1.08195
17.473 20.5555 1.08353
17.5716 20.5903 1.08509
17.6702 20.6249 1.08665
17.7688 20.6593 1.08819
17.8674 20.6934 1.08973
17.966 20.7273 1.09125
18.0646 20.761 1.09277
18.1632 20.7945 1.09428
18.2618 20.8278 1.09578
18.3604 20.8609 1.09727
18.459 20.8938 1.09875
18.5576 20.9264 1.10023
18.6562 20.9589 1.10169
18.7548 20.9912 1.10315
18.8534 21.0232 1.1046
18.952 21.0551 1.10604
19.0506 21.0868 1.10747
19.1491 21.1183 1.1089
19.2477 21.1496 1.11031
19.3463 21.1807 1.11172
19.4449 21.2116 1.11312
19.5435 21.2424 1.11452
19.6421 21.273 1.1159
19.7407 21.3034 1.11728
19.8393 21.3336 1.11865
19.9379 21.3636 1.12002
20.0365 21.3935 1.12137
20.1351 21.4232 1.12272
20.2337 21.4527 1.12406
20.3323 21.4821 1.1254
20.4309 21.5113 1.12672
20.5295 21.5403 1.12805
20.6281 21.5692 1.12936
20.7267 21.5979 1.13067
20.8253 21.6264 1.13197
20.9239 21.6548 1.13326
21.0225 21.683 1.13455
21.1211 21.7111 1.13583
21.2197 21.739 1.1371
21.3183 21.7668 1.13837
21.4169 21.7944 1.13963
21.5155 21.8219 1.14088
21.6141 21.8492 1.14213
21.7127 21.8764 1.14337
21.8113 21.9034 1.14461
21.9099 21.9303 1.14584
22.0085 21.9571 1.14707
22.1071 21.9837 1.14828
22.2057 22.0102 1.1495
22.3043 22.0366 1.1507
22.4029 22.0628 1.1519
22.5015 22.0889 1.1531
22.6001 22.1148 1.15429
22.6987 22.1406 1.15547
22.7973 22.1663 1.15665
22.8959 22.1919 1.15783
22.9945 22.2173 1.15899
23.0931 22.2427 1.16016
23.1917 22.2678 1.16132
23.2903 22.2929 1.16247
23.3889 22.3179 1.16361
23.4875 22.3427 1.16476
23.5861 22.3674 1.16589
23.6847 22.392 1.16702
23.7833 22.4164 1.16815
23.8819 22.4408 1.16927
23.9805 22.465 1.17039
24.0791 22.4891 1.1715
24.1777 22.5131 1.17261
24.2763 22.537 1.17371
24.3749 22.5608 1.1748
24.4735 22.5845 1.1759
24.5721 22.608 1.17698
24.6707 22.6315 1.17807
24.7693 22.6548 1.17914
24.8679 22.6781 1.18022
24.9665 22.7012 1.18129
25.0651 22.7242 1.18235
25.1637 22.7471 1.18341
25.2623 22.7699 1.18447
25.3609 22.7927 1.18552
25.4595 22.8153 1.18656
25.5581 22.8378 1.18761
25.6567 22.8602 1.18864
25.7553 22.8825 1.18968
25.8539 22.9047 1.19071
25.9525 22.9268 1.19173
26.0511 22.9488 1.19275
26.1496 22.9707 1.19377
26.2482 22.9925 1.19478
26.3468 23.0143 1.19579
26.4454 23.0359 1.19679
26.544 23.0574 1.19779
26.6426 23.0789 1.19879
26.7412 23.1002 1.19978
26.8398 23.1215 1.20077
26.9384 23.1427 1.20175
27.037 23.1637 1.20273
27.1356 23.1847 1.20371
27.2342 23.2056 1.20468
27.3328 23.2264 1.20565
27.4314 23.2472 1.20662
27.53 23.2678 1.20758
27.6286 23.2884 1.20854
27.7272 23.3088 1.20949
27.8258 23.3292 1.21044
27.9244 23.3495 1.21139
28.023 23.3697 1.21233
28.1216 23.3899 1.21327
28.2202 23.4099 1.2142
28.3188 23.4299 1.21514
28.4174 23.4498 1.21606
28.516 23.4696 1.21699
28.6146 23.4893 1.21791
28.7132 23.509 1.21883
28.8118 23.5285 1.21974
28.9104 23.548 1.22066
29.009 23.5674 1.22156
29.1076 23.5868 1.22247
29.2062 23.606 1.22337
29.3048 23.6252 1.22427
29.4034 23.6443 1.22516
29.502 23.6634 1.22605
29.6006 23.6823 1.22694
29.6992 23.7012 1.22783
29.7978 23.72 1.22871
29.8964 23.7387 1.22959
29.995 23.7574 1.23046
30.0936 23.776 1.23133
30.1922 23.7945 1.2322
30.2908 23.813 1.23307
30.3894 23.8314 1.23393
30.488 23.8497 1.23479
30.5866 23.8679 1.23565
30.6852 23.8861 1.2365
30.7838 23.9042 1.23735
30.8824 23.9222 1.2382
30.981 23.9402 1.23904
31.0796 23.9581 1.23989
31.1782 23.976 1.24072
31.2768 23.9937 1.24156
31.3754 24.0114 1.24239
31.474 24.0291 1.24322
31.5726 24.0467 1.24405
31.6712 24.0642 1.24488
31.7698 24.0816 1.2457
31.8684 24.099 1.24652
31.967 24.1163 1.24733
32.0656 24.1336 1.24815
32.1642 24.1508 1.24896
32.2628 24.1679 1.24977
32.3614 24.185 1.25057
32.46 24.202 1.25137
32.5586 24.219 1.25218
32.6572 24.2359 1.25297
32.7558 24.2527 1.25377
32.8544 24.2695 1.25456
32.953 24.2862 1.25535
33.0516 24.3029 1.25614
33.1502 24.3195 1.25692
33.2487 24.3361 1.25771
33.3473 24.3526 1.25849
33.4459 24.369 1.25926
33.5445 24.3854 1.26004
33.6431 24.4017 1.26081
33.7417 24.418 1.26158
33.8403 24.4342 1.26235
33.9389 24.4504 1.26311
34.0375 24.4665 1.26388
34.1361 24.4826 1.26464
34.2347 24.4986 1.2654
34.3333 24.5145 1.26615
34.4319 24.5304 1.2669
34.5305 24.5462 1.26766
34.6291 24.562 1.2684
34.7277 24.5778 1.26915
34.8263 24.5935 1.26989
34.9249 24.6091 1.27064
35.0235 24.6247 1.27138
35.1221 24.6402 1.27211
35.2207 24.6557 1.27285
35.3193 24.6711 1.27358
35.4179 24.6865 1.27431
35.5165 24.7019 1.27504
35.6151 24.7171 1.27577
35.7137 24.7324 1.27649
35.8123 24.7476 1.27721
35.9109 24.7627 1.27793
36.0095 24.7778 1.27865
36.1081 24.7928 1.27937
36.2067 24.8078 1.28008
36.3053 24.8228 1.28079
36.4039 24.8377 1.2815
36.5025 24.8525 1.28221
36.6011 24.8673 1.28291
36.6997 24.8821 1.28362
36.7983 24.8968 1.28432
36.8969 24.9115 1.28502
36.9955 24.9261 1.28571
37.0941 24.9407 1.28641
37.1927 24.9552 1.2871
37.2913 24.9697 1.28779
37.3899 24.9842 1.28848
37.4885 24.9986 1.28917
37.5871 25.0129 1.28985
37.6857 25.0272 1.29054
37.7843 25.0415 1.29122
37.8829 25.0557 1.2919
37.9815 25.0699 1.29258
38.0801 25.0841 1.29325
38.1787 25.0982 1.29392
38.2773 25.1122 1.2946
38.3759 25.1262 1.29527
38.4745 25.1402 1.29593
38.5731 25.1541 1.2966
38.6717 25.168 1.29726
38.7703 25.1819 1.29793
38.8689 25.1957 1.29859
38.9675 25.2094 1.29925
39.0661 25.2232 1.2999
39.1647 25.2368 1.30056
39.2633 25.2505 1.30121
39.3619 25.2641 1.30186
39.4605 25.2777 1.30251
39.5591 25.2912 1.30316
39.6577 25.3047 1.30381
39.7563 25.3181 1.30445
39.8549 25.3315 1.30509
39.9535 25.3449 1.30574
40.0521 25.3582 1.30637
40.1507 25.3715 1.30701
40.2492 25.3848 1.30765
40.3478 25.398 1.30828
40.4464 25.4112 1.30892
40.545 25.4243 1.30955
40.6436 25.4374 1.31018
40.7422 25.4505 1.3108
40.8408 25.4635 1.31143
40.9394 25.4765 1.31205
41.038 25.4895 1.31268
41.1366 25.5024 1.3133
41.2352 25.5153 1.31392
41.3338 25.5282 1.31453
41.4324 25.541 1.31515
41.531 25.5537 1.31576
41.6296 25.5665 1.31638
41.7282 25.5792 1.31699
41.8268 25.5919 1.3176
41.9254 25.6045 1.31821
42.024 25.6171 1.31881
42.1226 25.6297 1.31942
42.2212 25.6422 1.32002
42.3198 25.6547 1.32062
42.4184 25.6672 1.32122
42.517 25.6796 1.32182
42.6156 25.692 1.32242
42.7142 25.7044 1.32302
42.8128 25.7167 1.32361
42.9114 25.729 1.3242
43.01 25.7413 1.3248
43.1086 25.7535 1.32539
43.2072 25.7657 1.32597
43.3058 25.7779 1.32656
43.4044 25.79 1.32715
43.503 25.8021 1.32773
43.6016 25.8142 1.32831
43.7002 25.8263 1.3289
43.7988 25.8383 1.32947
43.8974 25.8502 1.33005
43.996 25.8622 1.33063
44.0946 25.8741 1.33121
44.1932 25.886 1.33178
44.2918 25.8978 1.33235
44.3904 25.9097 1.33292
44.489 25.9214 1.33349
44.5876 25.9332 1.33406
44.6862 25.9449 1.33463
44.7848 25.9566 1.3352
44.8834 25.9683 1.33576
44.982 25.9799 1.33632
45.0806 25.9916 1.33689
45.1792 26.0031 1.33745
45.2778 26.0147 1.338
45.3764 26.0262 1.33856
45.475 26.0377 1.33912
45.5736 26.0492 1.33967
45.6722 26.0606 1.34023
45.7708 26.072 1.34078
45.8694 26.0834 1.34133
45.968 26.0947 1.34188
46.0666 26.106 1.34243
46.1652 26.1173 1.34298
46.2638 26.1286 1.34352
46.3624 26.1398 1.34407
46.461 26.151 1.34461
46.5596 26.1622 1.34515
46.6582 26.1734 1.3457
46.7568 26.1845 1.34623
46.8554 26.1956 1.34677
46.954 26.2066 1.34731
47.0526 26.2177 1.34785
47.1512 26.2287 1.34838
47.2497 26.2397 1.34891
47.3483 26.2506 1.34945
47.4469 26.2616 1.34998
47.5455 26.2725 1.35051
47.6441 26.2834 1.35104
47.7427 26.2942 1.35156
47.8413 26.305 1.35209
47.9399 26.3158 1.35262
48.0385 26.3266 1.35314
48.1371 26.3374 1.35366
48.2357 26.3481 1.35418
48.3343 26.3588 1.3547
48.4329 26.3695 1.35522
48.5315 26.3801 1.35574
48.6301 26.3907 1.35626
48.7287 26.4013 1.35678
48.8273 26.4119 1.35729
48.9259 26.4225 1.3578
49.0245 26.433 1.35832
49.1231 26.4435 1.35883
49.2217 26.454 1.35934
49.3203 26.4644 1.35985
49.4189 26.4748 1.36036
49.5175 26.4852 1.36086
49.6161 26.4956 1.36137
49.7147 26.506 1.36187
49.8133 26.5163 1.36238
49.9119 26.5266 1.36288
50.0105 26.5369 1.36338
50.1091 26.5472 1.36388
50.2077 26.5574 1.36438
50.3063 26.5676 1.36488
50.4049 26.5778 1.36538
50.5035 26.588 1.36587
50.6021 26.5981 1.36637
50.7007 26.6082 1.36686
50.7993 26.6183 1.36736
50.8979 26.6284 1.36785
50.9965 26.6385 1.36834
51.0951 26.6485 1.36883
51.1937 26.6585 1.36932
51.2923 26.6685 1.36981
51.3909 26.6785 1.37029
51.4895 26.6884 1.37078
51.5881 26.6983 1.37127
51.6867 26.7082 1.37175
51.7853 26.7181 1.37223
51.8839 26.7279 1.37271
51.9825 26.7378 1.3732
52.0811 26.7476 1.37368
52.1797 26.7574 1.37415
52.2783 26.7671 1.37463
52.3769 26.7769 1.37511
52.4755 26.7866 1.37559
52.5741 26.7963 1.37606
52.6727 26.806 1.37654
52.7713 26.8157 1.37701
52.8699 26.8253 1.37748
52.9685 26.8349 1.37795
53.0671 26.8445 1.37842
53.1657 26.8541 1.37889
53.2643 26.8637 1.37936
53.3629 26.8732 1.37983
53.4615 26.8827 1.3803
53.5601 26.8922 1.38076
53.6587 26.9017 1.38123
53.7573 26.9112 1.38169
53.8559 26.9206 1.38215
53.9545 26.93 1.38261
54.0531 26.9394 1.38308
54.1517 26.9488 1.38354
54.2503 26.9581 1.384
54.3488 26.9675 1.38445
54.4474 26.9768 1.38491
54.546 26.9861 1.38537
54.6446 26.9954 1.38582
54.7432 27.0046 1.38628
54.8418 27.0139 1.38673
54.9404 27.0231 1.38719
55.039 27.0323 1.38764
55.1376 27.0415 1.38809
55.2362 27.0506 1.38854
55.3348 27.0598 1.38899
55.4334 27.0689 1.38944
55.532 27.078 1.38988
55.6306 27.0871 1.39033
55.7292 27.0962 1.39078
55.8278 27.1052 1.39122
55.9264 27.1142 1.39167
56.025 27.1233 1.39211
56.1236 27.1323 1.39255
56.2222 27.1412 1.393
56.3208 27.1502 1.39344
56.4194 27.1591 1.39388
56.518 27.1681 1.39432
56.6166 27.177 1.39475
56.7152 27.1858 1.39519
56.8138 27.1947 1.39563
56.9124 27.2036 1.39606
57.011 27.2124 1.3965
57.1096 27.2212 1.39693
57.2082 27.23 1.39737
57.3068 27.2388 1.3978
57.4054 27.2475 1.39823
57.504 27.2563 1.39866
57.6026 27.265 1.39909
57.7012 27.2737 1.39952
57.7998 27.2824 1.39995
57.8984 27.2911 1.40038
57.997 27.2997 1.40081
58.0956 27.3084 1.40123
58.1942 27.317 1.40166
58.2928 27.3256 1.40208
58.3914 27.3342 1.40251
58.49 27.3428 1.40293
58.5886 27.3513 1.40335
58.6872 27.3599 1.40377
58.7858 27.3684 1.4042
58.8844 27.3769 1.40462
58.983 27.3854 1.40503
59.0816 27.3939 1.40545
59.1802 27.4023 1.40587
59.2788 27.4108 1.40629
59.3774 27.4192 1.4067
59.476 27.4276 1.40712
59.5746 27.436 1.40754
59.6732 27.4444 1.40795
59.7718 27.4527 1.40836
59.8704 27.4611 1.40877
59.969 27.4694 1.40919
60.0676 27.4777 1.4096
60.1662 27.486 1.41001
60.2648 27.4943 1.41042
60.3634 27.5025 1.41083
60.462 27.5108 1.41123
60.5606 27.519 1.41164
60.6592 27.5272 1.41205
60.7578 27.5354 1.41246
60.8564 27.5436 1.41286
60.955 27.5518 1.41326
61.0536 27.5599 1.41367
61.1522 27.5681 1.41407
61.2508 27.5762 1.41447
61.3493 27.5843 1.41488
61.4479 27.5924 1.41528
61.5465 27.6005 1.41568
61.6451 27.6085 1.41608
61.7437 27.6166 1.41648
61.8423 27.6246 1.41687
61.9409 27.6326 1.41727
62.0395 27.6406 1.41767
62.1381 27.6486 1.41806
62.2367 27.6566 1.41846
62.3353 27.6646 1.41886
62.4339 27.6725 1.41925
62.5325 27.6804 1.41964
62.6311 27.6884 1.42004
62.7297 27.6963 1.42043
62.8283 27.7041 1.42082
62.9269 27.712 1.42121
63.0255 27.7199 1.4216
63.1241 27.7277 1.42199
63.2227 27.7355 1.42238
63.3213 27.7434 1.42277
63.4199 27.7512 1.42315
63.5185 27.7589 1.42354
63.6171 27.7667 1.42393
63.7157 27.7745 1.42431
63.8143 27.7822 1.4247
63.9129 27.79 1.42508
64.0115 27.7977 1.42546
64.1101 27.8054 1.42585
64.2087 27.8131 1.42623
64.3073 27.8207 1.42661
64.4059 27.8284 1.42699
64.5045 27.836 1.42737
64.6031 27.8437 1.42775
64.7017 27.8513 1.42813
64.8003 27.8589 1.42851
64.8989 27.8665 1.42889
64.9975 27.8741 1.42926
65.0961 27.8816 1.42964
65.1947 27.8892 1.43002
65.2933 27.8967 1.43039
65.3919 27.9043 1.43077
65.4905 27.9118 1.43114
65.5891 27.9193 1.43151
65.6877 27.9268 1.43189
65.7863 27.9342 1.43226
65.8849 27.9417 1.43263
65.9835 27.9491 1.433
66.0821 27.9566 1.43337
66.1807 27.964 1.43374
66.2793 27.9714 1.43411
66.3779 27.9788 1.43448
66.4765 27.9862 1.43485
66.5751 27.9936 1.43521
66.6737 28.0009 1.43558
66.7723 28.0083 1.43595
66.8709 28.0156 1.43631
66.9695 28.0229 1.43668
67.0681 28.0302 1.43704
67.1667 28.0375 1.43741
67.2653 28.0448 1.43777
67.3639 28.0521 1.43813
67.4625 28.0593 1.43849
67.5611 28.0666 1.43886
67.6597 28.0738 1.43922
67.7583 28.081 1.43958
67.8569 28.0882 1.43994
67.9555 28.0954 1.4403
68.0541 28.1026 1.44066
68.1527 28.1098 1.44101
68.2513 28.1169 1.44137
68.3498 28.1241 1.44173
68.4484 28.1312 1.44208
68.547 28.1383 1.44244
68.6456 28.1455 1.4428
68.7442 28.1526 1.44315
68.8428 28.1596 1.4435
68.9414 28.1667 1.44386
69.04 28.1738 1.44421
69.1386 28.1808 1.44456
69.2372 28.1879 1.44491
69.3358 28.1949 1.44527
69.4344 28.2019 1.44562
69.533 28.2089 1.44597
69.6316 28.2159 1.44632
69.7302 28.2229 1.44667
69.8288 28.2299 1.44701
69.9274 28.2368 1.44736
70.026 28.2438 1.44771
70.1246 28.2507 1.44806
70.2232 28.2576 1.4484
70.3218 28.2646 1.44875
70.4204 28.2715 1.4491
70.519 28.2783 1.44944
70.6176 28.2852 1.44978
70.7162 28.2921 1.45013
70.8148 28.2989 1.45047
70.9134 28.3058 1.45081
71.012 28.3126 1.45116
71.1106 28.3195 1.4515
71.2092 28.3263 1.45184
71.3078 28.3331 1.45218
71.4064 28.3399 1.45252
71.505 28.3466 1.45286
71.6036 28.3534 1.4532
71.7022 28.3602 1.45354
71.8008 28.3669 1.45388
71.8994 28.3736 1.45421
71.998 28.3804 1.45455
72.0966 28.3871 1.45489
72.1952 28.3938 1.45522
72.2938 28.4005 1.45556
72.3924 28.4072 1.45589
72.491 28.4138 1.45623
72.5896 28.4205 1.45656
72.6882 28.4271 1.4569
72.7868 28.4338 1.45723
72.8854 28.4404 1.45756
72.984 28.447 1.45789
73.0826 28.4536 1.45823
73.1812 28.4602 1.45856
73.2798 28.4668 1.45889
73.3784 28.4734 1.45922
73.477 28.48 1.45955
73.5756 28.4865 1.45988
73.6742 28.4931 1.46021
73.7728 28.4996 1.46053
73.8714 28.5061 1.46086
73.97 28.5126 1.46119
74.0686 28.5192 1.46152
74.1672 28.5256 1.46184
74.2658 28.5321 1.46217
74.3644 28.5386 1.46249
74.463 28.5451 1.46282
74.5616 28.5515 1.46314
74.6602 28.558 1.46347
74.7588 28.5644 1.46379
74.8574 28.5708 1.46411
74.956 28.5772 1.46444
75.0546 28.5836 1.46476
75.1532 28.59 1.46508
75.2518 28.5964 1.4654
75.3504 28.6028 1.46572
75.4489 28.6092 1.46604
75.5475 28.6155 1.46636
75.6461 28.6219 1.46668
75.7447 28.6282 1.467
75.8433 28.6345 1.46732
75.9419 28.6409 1.46764
76.0405 28.6472 1.46795
76.1391 28.6535 1.46827
76.2377 28.6598 1.46859
76.3363 28.666 1.4689
76.4349 28.6723 1.46922
76.5335 28.6786 1.46953
76.6321 28.6848 1.46985
76.7307 28.6911 1.47016
76.8293 28.6973 1.47048
76.9279 28.7035 1.47079
77.0265 28.7097 1.4711
77.1251 28.7159 1.47142
77.2237 28.7221 1.47173
77.3223 28.7283 1.47204
77.4209 28.7345 1.47235
77.5195 28.7407 1.47266
77.6181 28.7468 1.47297
77.7167 28.753 1.47328
77.8153 28.7591 1.47359
77.9139 28.7653 1.4739
78.0125 28.7714 1.47421
78.1111 28.7775 1.47452
78.2097 28.7836 1.47483
78.3083 28.7897 1.47514
78.4069 28.7958 1.47544
78.5055 28.8019 1.47575
78.6041 28.8079 1.47606
78.7027 28.814 1.47636
78.8013 28.8201 1.47667
78.8999 28.8261 1.47697
78.9985 28.8321 1.47728
79.0971 28.8382 1.47758
79.1957 28.8442 1.47788
79.2943 28.8502 1.47819
79.3929 28.8562 1.47849
79.4915 28.8622 1.47879
79.5901 28.8682 1.4791
79.6887 28.8741 1.4794
79.7873 28.8801 1.4797
79.8859 28.8861 1.48
79.9845 28.892 1.4803
80.0831 28.898 1.4806
80.1817 28.9039 1.4809
80.2803 28.9098 1.4812
80.3789 28.9157 1.4815
80.4775 28.9216 1.4818
80.5761 28.9275 1.4821
80.6747 28.9334 1.48239
80.7733 28.9393 1.48269
80.8719 28.9452 1.48299
80.9705 28.951 1.48328
81.0691 28.9569 1.48358
81.1677 28.9627 1.48388
81.2663 28.9686 1.48417
81.3649 28.9744 1.48447
81.4635 28.9802 1.48476
81.5621 28.9861 1.48506
81.6607 28.9919 1.48535
81.7593 28.9977 1.48564
81.8579 29.0035 1.48594
81.9565 29.0092 1.48623
82.0551 29.015 1.48652
82.1537 29.0208 1.48681
82.2523 29.0265 1.48711
82.3509 29.0323 1.4874
82.4494 29.038 1.48769
82.548 29.0438 1.48798
82.6466 29.0495 1.48827
82.7452 29.0552 1.48856
82.8438 29.0609 1.48885
82.9424 29.0666 1.48914
83.041 29.0723 1.48942
83.1396 29.078 1.48971
83.2382 29.0837 1.49
83.3368 29.0894 1.49029
83.4354 29.095 1.49057
83.534 29.1007 1.49086
83.6326 29.1063 1.49115
83.7312 29.112 1.49143
83.8298 29.1176 1.49172
83.9284 29.1232 1.492
84.027 29.1288 1.49229
84.1256 29.1345 1.49257
84.2242 29.1401 1.49286
84.3228 29.1457 1.49314
84.4214 29.1512 1.49343
84.52 29.1568 1.49371
84.6186 29.1624 1.49399
84.7172 29.168 1.49427
84.8158 29.1735 1.49456
84.9144 29.1791 1.49484
85.013 29.1846 1.49512
85.1116 29.1901 1.4954
85.2102 29.1957 1.49568
85.3088 29.2012 1.49596
85.4074 29.2067 1.49624
85.506 29.2122 1.49652
85.6046 29.2177 1.4968
85.7032 29.2232 1.49708
85.8018 29.2287 1.49736
85.9004 29.2342 1.49763
85.999 29.2396 1.49791
86.0976 29.2451 1.49819
86.1962 29.2505 1.49847
86.2948 29.256 1.49874
86.3934 29.2614 1.49902
86.492 29.2669 1.4993
86.5906 29.2723 1.49957
86.6892 29.2777 1.49985
86.7878 29.2831 1.50012
86.8864 29.2885 1.5004
86.985 29.2939 1.50067
87.0836 29.2993 1.50095
87.1822 29.3047 1.50122
87.2808 29.3101 1.50149
87.3794 29.3154 1.50177
87.478 29.3208 1.50204
87.5766 29.3261 1.50231
87.6752 29.3315 1.50258
87.7738 29.3368 1.50285
87.8724 29.3422 1.50313
87.971 29.3475 1.5034
88.0696 29.3528 1.50367
88.1682 29.3581 1.50394
88.2668 29.3634 1.50421
88.3654 29.3687 1.50448
88.464 29.374 1.50475
88.5626 29.3793 1.50502
88.6612 29.3846 1.50528
88.7598 29.3898 1.50555
88.8584 29.3951 1.50582
88.957 29.4004 1.50609
89.0556 29.4056 1.50636
89.1542 29.4109 1.50662
89.2528 29.4161 1.50689
89.3514 29.4213 1.50716
89.4499 29.4265 1.50742
89.5485 29.4318 1.50769
89.6471 29.437 1.50795
89.7457 29.4422 1.50822
89.8443 29.4474 1.50848
89.9429 29.4526 1.50875
90.0415 29.4577 1.50901
90.1401 29.4629 1.50928
90.2387 29.4681 1.50954
90.3373 29.4733 1.5098
90.4359 29.4784 1.51007
90.5345 29.4836 1.51033
90.6331 29.4887 1.51059
90.7317 29.4939 1.51085
90.8303 29.499 1.51112
90.9289 29.5041 1.51138
91.0275 29.5092 1.51164
91.1261 29.5143 1.5119
91.2247 29.5194 1.51216
91.3233 29.5245 1.51242
91.4219 29.5296 1.51268
91.5205 29.5347 1.51294
91.6191 29.5398 1.5132
91.7177 29.5449 1.51346
91.8163 29.5499 1.51372
91.9149 29.555 1.51397
92.0135 29.5601 1.51423
92.1121 29.5651 1.51449
92.2107 29.5702 1.51475
92.3093 29.5752 1.515
92.4079 29.5802 1.51526
92.5065 29.5852 1.51552
92.6051 29.5903 1.51577
92.7037 29.5953 1.51603
92.8023 29.6003 1.51629
92.9009 29.6053 1.51654
92.9995 29.6103 1.5168
93.0981 29.6153 1.51705
93.1967 29.6202 1.51731
93.2953 29.6252 1.51756
93.3939 29.6302 1.51781
93.4925 29.6351 1.51807
93.5911 29.6401 1.51832
93.6897 29.645 1.51857
93.7883 29.65 1.51883
93.8869 29.6549 1.51908
93.9855 29.6599 1.51933
94.0841 29.6648 1.51958
94.1827 29.6697 1.51983
94.2813 29.6746 1.52009
94.3799 29.6795 1.52034
94.4785 29.6844 1.52059
94.5771 29.6893 1.52084
94.6757 29.6942 1.52109
94.7743 29.6991 1.52134
94.8729 29.704 1.52159
94.9715 29.7088 1.52184
95.0701 29.7137 1.52209
95.1687 29.7186 1.52233
95.2673 29.7234 1.52258
95.3659 29.7283 1.52283
95.4645 29.7331 1.52308
95.5631 29.738 1.52333
95.6617 29.7428 1.52357
95.7603 29.7476 1.52382
95.8589 29.7524 1.52407
95.9575 29.7572 1.52431
96.0561 29.762 1.52456
96.1547 29.7669 1.52481
96.2533 29.7716 1.52505
96.3519 29.7764 1.5253
96.4505 29.7812 1.52554
96.549 29.786 1.52579
96.6476 29.7908 1.52603
96.7462 29.7955 1.52628
96.8448 29.8003 1.52652
96.9434 29.8051 1.52676
97.042 29.8098 1.52701
97.1406 29.8146 1.52725
97.2392 29.8193 1.52749
97.3378 29.824 1.52774
97.4364 29.8288 1.52798
97.535 29.8335 1.52822
97.6336 29.8382 1.52846
97.7322 29.8429 1.52871
97.8308 29.8476 1.52895
97.9294 29.8523 1.52919
98.028 29.857 1.52943
98.1266 29.8617 1.52967
98.2252 29.8664 1.52991
98.3238 29.8711 1.53015
98.4224 29.8757 1.53039
98.521 29.8804 1.53063
98.6196 29.8851 1.53087
98.7182 29.8897 1.53111
98.8168 29.8944 1.53135
98.9154 29.899 1.53158
99.014 29.9037 1.53182
99.1126 29.9083 1.53206
99.2112 29.9129 1.5323
99.3098 29.9176 1.53254
99.4084 29.9222 1.53277
99.507 29.9268 1.53301
99.6056 29.9314 1.53325
99.7042 29.936 1.53348
99.8028 29.9406 1.53372
99.9014 29.9452 1.53395
100 29.9498 1.53419
