1.5 1.9391 0.387521
1.5986 2.45347 0.403886
1.6972 2.9451 0.419695
1.7958 3.41319 0.434888
1.89439 3.86073 0.449532
1.99299 4.28846 0.463634
2.09159 4.69663 0.477187
2.19019 5.08738 0.490245
2.28879 5.46223 0.502844
2.38739 5.82171 0.514994
2.48599 6.16636 0.526707
2.58458 6.49743 0.538016
2.68318 6.8164 0.54896
2.78178 7.12379 0.559554
2.88038 7.4201 0.569811
2.97898 7.7058 0.579742
3.07758 7.98142 0.589362
3.17618 8.24804 0.598703
3.27477 8.50623 0.60778
3.37337 8.75636 0.616604
3.47197 8.99879 0.625185
3.57057 9.23384 0.633532
3.66917 9.46183 0.641655
3.76777 9.68305 0.649562
3.86637 9.89883 0.657268
3.96496 10.11 0.664787
4.06356 10.3161 0.672127
4.16216 10.5168 0.679295
4.26076 10.712 0.686297
4.35936 10.9015 0.69314
4.45796 11.085 0.699828
4.55656 11.2624 0.706369
4.65516 11.4338 0.712767
4.75375 11.5989 0.719028
4.85235 11.7582 0.725159
4.95095 11.9121 0.731168
5.04955 12.0613 0.73706
5.14815 12.206 0.742839
5.24675 12.3467 0.748507
5.34535 12.4838 0.754068
5.44394 12.6175 0.759526
5.54254 12.7483 0.764884
5.64114 12.8763 0.770144
5.73974 13.0018 0.77531
5.83834 13.1251 0.780385
5.93694 13.2463 0.78537
6.03554 13.3657 0.79027
6.13413 13.4835 0.795085
6.23273 13.5994 0.79982
6.33133 13.7134 0.80448
6.42993 13.8254 0.809067
6.52853 13.9355 0.813582
6.62713 14.0438 0.818028
6.72573 14.1503 0.822406
6.82432 14.2551 0.826719
6.92292 14.3582 0.830967
7.02152 14.4597 0.835153
7.12012 14.5596 0.839278
7.21872 14.6579 0.843344
7.31732 14.7547 0.847352
7.41592 14.85 0.851304
7.51451 14.9439 0.855201
7.61311 15.0364 0.859044
7.71171 15.1275 0.862835
7.81031 15.2173 0.866575
7.90891 15.3058 0.870264
8.00751 15.3931 0.873905
8.10611 15.479 0.877499
8.2047 15.5639 0.881046
8.3033 15.6475 0.88455
8.4019 15.7301 0.888011
8.5005 15.8116 0.89143
8.5991 15.892 0.894808
8.6977 15.9714 0.898146
8.7963 16.0498 0.901445
8.89489 16.1273 0.904705
8.99349 16.2037 0.907927
9.09209 16.2792 0.911113
9.19069 16.3538 0.914262
9.28929 16.4274 0.917376
9.38789 16.5002 0.920456
9.48649 16.5721 0.923501
9.58509 16.6432 0.926513
9.68368 16.7134 0.929493
9.78228 16.7828 0.93244
9.88088 16.8515 0.935356
9.97948 16.9193 0.938241
10.0781 16.9864 0.941096
10.1767 17.0527 0.943921
10.2753 17.1182 0.946717
10.3739 17.1831 0.949485
10.4725 17.2472 0.952224
10.5711 17.3106 0.954936
10.6697 17.3734 0.957621
10.7683 17.4355 0.960279
10.8669 17.4969 0.962911
10.9655 17.5576 0.965517
11.0641 17.6178 0.968099
11.1627 17.6773 0.970657
11.2613 17.7363 0.973191
11.3599 17.7947 0.975702
11.4585 17.8525 0.97819
11.5571 17.9097 0.980655
11.6557 17.9664 0.983099
11.7543 18.0225 0.985521
11.8529 18.0781 0.987921
11.9515 18.1332 0.990301
12.0501 18.1878 0.99266
12.1486 18.2418 0.994998
12.2472 18.2954 0.997316
12.3458 18.3485 0.999615
12.4444 18.401 1.00189
12.543 18.4531 1.00415
12.6416 18.5048 1.0064
12.7402 18.556 1.00862
12.8388 18.6067 1.01082
12.9374 18.657 1.01301
13.036 18.7068 1.01518
13.1346 18.7562 1.01733
13.2332 18.8052 1.01946
13.3318 18.8537 1.02158
13.4304 18.9019 1.02368
13.529 18.9496 1.02576
13.6276 18.9969 1.02783
13.7262 19.0439 1.02988
13.8248 19.0904 1.03192
13.9234 19.1366 1.03394
14.022 19.1823 1.03594
14.1206 19.2278 1.03793
14.2192 19.2728 1.03991
14.3178 19.3175 1.04187
14.4164 19.3618 1.04381
14.515 19.4058 1.04575
14.6136 19.4494 1.04766
14.7122 19.4926 1.04956
14.8108 19.5356 1.05145
14.9094 19.5782 1.05333
15.008 19.6204 1.05519
15.1066 19.6624 1.05704
15.2052 19.704 1.05888
15.3038 19.7453 1.0607
15.4024 19.7863 1.06251
15.501 19.8271 1.06431
15.5996 19.8675 1.0661
15.6982 19.9076 1.06787
15.7968 19.9475 1.06963
15.8954 19.987 1.07138
15.994 20.0263 1.07312
16.0926 20.0653 1.07485
16.1912 20.104 1.07657
16.2898 20.1425 1.07827
16.3884 20.1807 1.07997
16.487 20.2186 1.08165
16.5856 20.2563 1.08333
16.6842 20.2937 1.08499
16.7828 20.3308 1.08664
16.8814 20.3677 1.08828
16.98 20.4044 1.08992
17.0786 20.4408 1.09154
17.1772 20.477 1.09315
17.2758 20.5129 1.09475
17.3744 20.5486 1.09634
17.473 20.5841 1.09793
17.5716 20.6193 1.0995
17.6702 20.6543 1.10106
17.7688 20.6891 1.10262
17.8674 20.7237 1.10416
17.966 20.758 1.1057
18.0646 20.7921 1.10722
18.1632 20.826 1.10874
18.2618 20.8597 1.11025
18.3604 20.8932 1.11175
18.459 20.9265 1.11324
18.5576 20.9595 1.11472
18.6562 20.9924 1.1162
18.7548 21.025 1.11766
18.8534 21.0575 1.11912
18.952 21.0898 1.12057
19.0506 21.1218 1.12201
19.1491 21.1537 1.12345
19.2477 21.1854 1.12487
19.3463 21.2169 1.12629
19.4449 21.2482 1.1277
19.5435 21.2793 1.1291
19.6421 21.3103 1.13049
19.7407 21.341 1.13188
19.8393 21.3716 1.13326
19.9379 21.402 1.13463
20.0365 21.4323 1.136
20.1351 21.4623 1.13735
20.2337 21.4922 1.1387
20.3323 21.5219 1.14005
20.4309 21.5515 1.14138
20.5295 21.5809 1.14271
20.6281 21.6101 1.14403
20.7267 21.6391 1.14535
20.8253 21.668 1.14665
20.9239 21.6967 1.14796
21.0225 21.7253 1.14925
21.1211 21.7537 1.15054
21.2197 21.782 1.15182
21.3183 21.8101 1.1531
21.4169 21.838 1.15436
21.5155 21.8658 1.15563
21.6141 21.8935 1.15688
21.7127 21.921 1.15813
21.8113 21.9484 1.15938
21.9099 21.9756 1.16061
22.0085 22.0027 1.16184
22.1071 22.0296 1.16307
22.2057 22.0564 1.16429
22.3043 22.0831 1.16551
22.4029 22.1096 1.16671
22.5015 22.136 1.16792
22.6001 22.1623 1.16911
22.6987 22.1884 1.17031
22.7973 22.2144 1.17149
22.8959 22.2403 1.17267
22.9945 22.266 1.17385
23.0931 22.2916 1.17502
23.1917 22.3171 1.17618
23.2903 22.3425 1.17734
23.3889 22.3677 1.17849
23.4875 22.3928 1.17964
23.5861 22.4178 1.18079
23.6847 22.4427 1.18193
23.7833 22.4675 1.18306
23.8819 22.4921 1.18419
23.9805 22.5166 1.18531
24.0791 22.541 1.18643
24.1777 22.5653 1.18754
24.2763 22.5895 1.18865
24.3749 22.6136 1.18975
24.4735 22.6375 1.19085
24.5721 22.6614 1.19195
24.6707 22.6851 1.19304
24.7693 22.7087 1.19412
24.8679 22.7322 1.1952
24.9665 22.7556 1.19628
25.0651 22.7789 1.19735
25.1637 22.8021 1.19841
25.2623 22.8252 1.19948
25.3609 22.8482 1.20053
25.4595 22.871 1.20159
25.5581 22.8938 1.20263
25.6567 22.9165 1.20368
25.7553 22.939 1.20472
25.8539 22.9615 1.20575
25.9525 22.9839 1.20678
26.0511 23.0061 1.20781
26.1496 23.0283 1.20883
26.2482 23.0504 1.20985
26.3468 23.0724 1.21087
26.4454 23.0943 1.21188
26.544 23.116 1.21288
26.6426 23.1377 1.21389
26.7412 23.1593 1.21489
26.8398 23.1808 1.21588
26.9384 23.2023 1.21687
27.037 23.2236 1.21786
27.1356 23.2448 1.21884
27.2342 23.266 1.21982
27.3328 23.287 1.22079
27.4314 23.308 1.22176
27.53 23.3289 1.22273
27.6286 23.3497 1.22369
27.7272 23.3704 1.22465
27.8258 23.391 1.22561
27.9244 23.4115 1.22656
28.023 23.432 1.22751
28.1216 23.4523 1.22846
28.2202 23.4726 1.2294
28.3188 23.4928 1.23034
28.4174 23.5129 1.23127
28.516 23.533 1.2322
28.6146 23.5529 1.23313
28.7132 23.5728 1.23405
28.8118 23.5926 1.23497
28.9104 23.6123 1.23589
29.009 23.632 1.2368
29.1076 23.6515 1.23771
29.2062 23.671 1.23862
29.3048 23.6904 1.23952
29.4034 23.7097 1.24042
29.502 23.729 1.24132
29.6006 23.7482 1.24221
29.6992 23.7673 1.2431
29.7978 23.7863 1.24399
29.8964 23.8053 1.24488
29.995 23.8241 1.24576
30.0936 23.8429 1.24663
30.1922 23.8617 1.24751
30.2908 23.8803 1.24838
30.3894 23.8989 1.24925
30.488 23.9175 1.25011
30.5866 23.9359 1.25098
30.6852 23.9543 1.25183
30.7838 23.9726 1.25269
30.8824 23.9909 1.25354
30.981 24.009 1.25439
31.0796 24.0271 1.25524
31.1782 24.0452 1.25609
31.2768 24.0632 1.25693
31.3754 24.0811 1.25776
31.474 24.0989 1.2586
31.5726 24.1167 1.25943
31.6712 24.1344 1.26026
31.7698 24.152 1.26109
31.8684 24.1696 1.26191
31.967 24.1871 1.26274
32.0656 24.2046 1.26355
32.1642 24.222 1.26437
32.2628 24.2393 1.26518
32.3614 24.2566 1.26599
32.46 24.2738 1.2668
32.5586 24.291 1.26761
32.6572 24.3081 1.26841
32.7558 24.3251 1.26921
32.8544 24.3421 1.27001
32.953 24.359 1.2708
33.0516 24.3758 1.2716
33.1502 24.3926 1.27239
33.2487 24.4094 1.27317
33.3473 24.4261 1.27396
33.4459 24.4427 1.27474
33.5445 24.4593 1.27552
33.6431 24.4758 1.2763
33.7417 24.4922 1.27707
33.8403 24.5086 1.27785
33.9389 24.525 1.27862
34.0375 24.5413 1.27938
34.1361 24.5575 1.28015
34.2347 24.5737 1.28091
34.3333 24.5898 1.28167
34.4319 24.6059 1.28243
34.5305 24.6219 1.28319
34.6291 24.6379 1.28394
34.7277 24.6538 1.28469
34.8263 24.6696 1.28544
34.9249 24.6855 1.28619
35.0235 24.7012 1.28693
35.1221 24.7169 1.28767
35.2207 24.7326 1.28841
35.3193 24.7482 1.28915
35.4179 24.7637 1.28989
35.5165 24.7792 1.29062
35.6151 24.7947 1.29135
35.7137 24.8101 1.29208
35.8123 24.8255 1.29281
35.9109 24.8408 1.29353
36.0095 24.856 1.29425
36.1081 24.8712 1.29497
36.2067 24.8864 1.29569
36.3053 24.9015 1.29641
36.4039 24.9166 1.29712
36.5025 24.9316 1.29783
36.6011 24.9466 1.29854
36.6997 24.9615 1.29925
36.7983 24.9764 1.29996
36.8969 24.9912 1.30066
36.9955 25.006 1.30136
37.0941 25.0207 1.30206
37.1927 25.0354 1.30276
37.2913 25.0501 1.30345
37.3899 25.0647 1.30415
37.4885 25.0792 1.30484
37.5871 25.0938 1.30553
37.6857 25.1082 1.30622
37.7843 25.1227 1.3069
37.8829 25.137 1.30759
37.9815 25.1514 1.30827
38.0801 25.1657 1.30895
38.1787 25.1799 1.30963
38.2773 25.1941 1.3103
38.3759 25.2083 1.31098
38.4745 25.2224 1.31165
38.5731 25.2365 1.31232
38.6717 25.2506 1.31299
38.7703 25.2646 1.31365
38.8689 25.2785 1.31432
38.9675 25.2924 1.31498
39.0661 25.3063 1.31564
39.1647 25.3202 1.3163
39.2633 25.3339 1.31696
39.3619 25.3477 1.31762
39.4605 25.3614 1.31827
39.5591 25.3751 1.31892
39.6577 25.3887 1.31957
39.7563 25.4023 1.32022
39.8549 25.4159 1.32087
39.9535 25.4294 1.32151
40.0521 25.4429 1.32216
40.1507 25.4563 1.3228
40.2492 25.4697 1.32344
40.3478 25.4831 1.32408
40.4464 25.4964 1.32471
40.545 25.5097 1.32535
40.6436 25.5229 1.32598
40.7422 25.5361 1.32661
40.8408 25.5493 1.32724
40.9394 25.5625 1.32787
41.038 25.5756 1.3285
41.1366 25.5886 1.32912
41.2352 25.6017 1.32975
41.3338 25.6146 1.33037
41.4324 25.6276 1.33099
41.531 25.6405 1.33161
41.6296 25.6534 1.33222
41.7282 25.6662 1.33284
41.8268 25.6791 1.33345
41.9254 25.6918 1.33407
42.024 25.7046 1.33468
42.1226 25.7173 1.33529
42.2212 25.73 1.33589
42.3198 25.7426 1.3365
42.4184 25.7552 1.3371
42.517 25.7678 1.33771
42.6156 25.7803 1.33831
42.7142 25.7928 1.33891
42.8128 25.8053 1.33951
42.9114 25.8177 1.3401
43.01 25.8301 1.3407
43.1086 25.8425 1.34129
43.2072 25.8548 1.34188
43.3058 25.8671 1.34248
43.4044 25.8794 1.34306
43.503 25.8916 1.34365
43.6016 25.9038 1.34424
43.7002 25.916 1.34482
43.7988 25.9281 1.34541
43.8974 25.9402 1.34599
43.996 25.9523 1.34657
44.0946 25.9643 1.34715
44.1932 25.9763 1.34773
44.2918 25.9883 1.3483
44.3904 26.0003 1.34888
44.489 26.0122 1.34945
44.5876 26.0241 1.35003
44.6862 26.0359 1.3506
44.7848 26.0478 1.35117
44.8834 26.0596 1.35173
44.982 26.0713 1.3523
45.0806 26.0831 1.35287
45.1792 26.0948 1.35343
45.2778 26.1064 1.35399
45.3764 26.1181 1.35455
45.475 26.1297 1.35512
45.5736 26.1413 1.35567
45.6722 26.1528 1.35623
45.7708 26.1644 1.35679
45.8694 26.1759 1.35734
45.968 26.1873 1.3579
46.0666 26.1988 1.35845
46.1652 26.2102 1.359
46.2638 26.2216 1.35955
46.3624 26.2329 1.3601
46.461 26.2442 1.36064
46.5596 26.2555 1.36119
46.6582 26.2668 1.36173
46.7568 26.278 1.36228
46.8554 26.2893 1.36282
46.954 26.3004 1.36336
47.0526 26.3116 1.3639
47.1512 26.3227 1.36444
47.2497 26.3338 1.36497
47.3483 26.3449 1.36551
47.4469 26.356 1.36604
47.5455 26.367 1.36658
47.6441 26.378 1.36711
47.7427 26.389 1.36764
47.8413 26.3999 1.36817
47.9399 26.4108 1.3687
48.0385 26.4217 1.36923
48.1371 26.4326 1.36975
48.2357 26.4434 1.37028
48.3343 26.4542 1.3708
48.4329 26.465 1.37132
48.5315 26.4758 1.37185
48.6301 26.4865 1.37237
48.7287 26.4972 1.37289
48.8273 26.5079 1.3734
48.9259 26.5186 1.37392
49.0245 26.5292 1.37444
49.1231 26.5398 1.37495
49.2217 26.5504 1.37547
49.3203 26.561 1.37598
49.4189 26.5715 1.37649
49.5175 26.582 1.377
49.6161 26.5925 1.37751
49.7147 26.603 1.37802
49.8133 26.6134 1.37852
49.9119 26.6238 1.37903
50.0105 26.6342 1.37953
50.1091 26.6446 1.38004
50.2077 26.6549 1.38054
50.3063 26.6652 1.38104
50.4049 26.6755 1.38154
50.5035 26.6858 1.38204
50.6021 26.6961 1.38254
50.7007 26.7063 1.38304
50.7993 26.7165 1.38354
50.8979 26.7267 1.38403
50.9965 26.7368 1.38453
51.0951 26.747 1.38502
51.1937 26.7571 1.38551
51.2923 26.7672 1.386
51.3909 26.7773 1.38649
51.4895 26.7873 1.38698
51.5881 26.7973 1.38747
51.6867 26.8073 1.38796
51.7853 26.8173 1.38844
51.8839 26.8273 1.38893
51.9825 26.8372 1.38941
52.0811 26.8471 1.3899
52.1797 26.857 1.39038
52.2783 26.8669 1.39086
52.3769 26.8767 1.39134
52.4755 26.8866 1.39182
52.5741 26.8964 1.3923
52.6727 26.9062 1.39277
52.7713 26.9159 1.39325
52.8699 26.9257 1.39373
52.9685 26.9354 1.3942
53.0671 26.9451 1.39467
53.1657 26.9548 1.39515
53.2643 26.9644 1.39562
53.3629 26.9741 1.39609
53.4615 26.9837 1.39656
53.5601 26.9933 1.39703
53.6587 27.0029 1.39749
53.7573 27.0124 1.39796
53.8559 27.0219 1.39843
53.9545 27.0315 1.39889
54.0531 27.041 1.39936
54.1517 27.0504 1.39982
54.2503 27.0599 1.40028
54.3488 27.0693 1.40074
54.4474 27.0787 1.4012
54.546 27.0881 1.40166
54.6446 27.0975 1.40212
54.7432 27.1069 1.40258
54.8418 27.1162 1.40304
54.9404 27.1255 1.40349
55.039 27.1348 1.40395
55.1376 27.1441 1.4044
55.2362 27.1533 1.40486
55.3348 27.1626 1.40531
55.4334 27.1718 1.40576
55.532 27.181 1.40621
55.6306 27.1902 1.40666
55.7292 27.1994 1.40711
55.8278 27.2085 1.40756
55.9264 27.2176 1.408
56.025 27.2267 1.40845
56.1236 27.2358 1.4089
56.2222 27.2449 1.40934
56.3208 27.2539 1.40978
56.4194 27.263 1.41023
56.518 27.272 1.41067
56.6166 27.281 1.41111
56.7152 27.29 1.41155
56.8138 27.2989 1.41199
56.9124 27.3079 1.41243
57.011 27.3168 1.41287
57.1096 27.3257 1.41331
57.2082 27.3346 1.41374
57.3068 27.3434 1.41418
57.4054 27.3523 1.41461
57.504 27.3611 1.41505
57.6026 27.37 1.41548
57.7012 27.3787 1.41591
57.7998 27.3875 1.41634
57.8984 27.3963 1.41677
57.997 27.405 1.4172
58.0956 27.4138 1.41763
58.1942 27.4225 1.41806
58.2928 27.4312 1.41849
58.3914 27.4399 1.41891
58.49 27.4485 1.41934
58.5886 27.4572 1.41977
58.6872 27.4658 1.42019
58.7858 27.4744 1.42061
58.8844 27.483 1.42104
58.983 27.4916 1.42146
59.0816 27.5001 1.42188
59.1802 27.5087 1.4223
59.2788 27.5172 1.42272
59.3774 27.5257 1.42314
59.476 27.5342 1.42356
59.5746 27.5427 1.42397
59.6732 27.5511 1.42439
59.7718 27.5596 1.42481
59.8704 27.568 1.42522
59.969 27.5764 1.42564
60.0676 27.5848 1.42605
60.1662 27.5932 1.42646
60.2648 27.6016 1.42688
60.3634 27.6099 1.42729
60.462 27.6182 1.4277
60.5606 27.6266 1.42811
60.6592 27.6349 1.42852
60.7578 27.6432 1.42893
60.8564 27.6514 1.42933
60.955 27.6597 1.42974
61.0536 27.6679 1.43015
61.1522 27.6761 1.43055
61.2508 27.6843 1.43096
61.3493 27.6925 1.43136
61.4479 27.7007 1.43177
61.5465 27.7089 1.43217
61.6451 27.717 1.43257
61.7437 27.7251 1.43297
61.8423 27.7333 1.43337
61.9409 27.7414 1.43378
62.0395 27.7495 1.43417
62.1381 27.7575 1.43457
62.2367 27.7656 1.43497
62.3353 27.7736 1.43537
62.4339 27.7816 1.43577
62.5325 27.7897 1.43616
62.6311 27.7976 1.43656
62.7297 27.8056 1.43695
62.8283 27.8136 1.43735
62.9269 27.8216 1.43774
63.0255 27.8295 1.43813
63.1241 27.8374 1.43852
63.2227 27.8453 1.43891
63.3213 27.8532 1.4393
63.4199 27.8611 1.43969
63.5185 27.869 1.44008
63.6171 27.8768 1.44047
63.7157 27.8847 1.44086
63.8143 27.8925 1.44125
63.9129 27.9003 1.44163
64.0115 27.9081 1.44202
64.1101 27.9159 1.44241
64.2087 27.9236 1.44279
64.3073 27.9314 1.44317
64.4059 27.9391 1.44356
64.5045 27.9468 1.44394
64.6031 27.9546 1.44432
64.7017 27.9623 1.4447
64.8003 27.9699 1.44509
64.8989 27.9776 1.44547
64.9975 27.9853 1.44585
65.0961 27.9929 1.44622
65.1947 28.0005 1.4466
65.2933 28.0082 1.44698
65.3919 28.0158 1.44736
65.4905 28.0233 1.44773
65.5891 28.0309 1.44811
65.6877 28.0385 1.44849
65.7863 28.046 1.44886
65.8849 28.0536 1.44923
65.9835 28.0611 1.44961
66.0821 28.0686 1.44998
66.1807 28.0761 1.45035
66.2793 28.0836 1.45072
66.3779 28.0911 1.45109
66.4765 28.0985 1.45147
66.5751 28.106 1.45183
66.6737 28.1134 1.4522
66.7723 28.1208 1.45257
66.8709 28.1282 1.45294
66.9695 28.1356 1.45331
67.0681 28.143 1.45367
67.1667 28.1504 1.45404
67.2653 28.1577 1.45441
67.3639 28.1651 1.45477
67.4625 28.1724 1.45514
67.5611 28.1797 1.4555
67.6597 28.187 1.45586
67.7583 28.1943 1.45623
67.8569 28.2016 1.45659
67.9555 28.2089 1.45695
68.0541 28.2161 1.45731
68.1527 28.2234 1.45767
68.2513 28.2306 1.45803
68.3498 28.2378 1.45839
68.4484 28.245 1.45875
68.547 28.2522 1.45911
68.6456 28.2594 1.45946
68.7442 28.2666 1.45982
68.8428 28.2737 1.46018
68.9414 28.2809 1.46053
69.04 28.288 1.46089
69.1386 28.2951 1.46124
69.2372 28.3022 1.4616
69.3358 28.3093 1.46195
69.4344 28.3164 1.4623
69.533 28.3235 1.46266
69.6316 28.3306 1.46301
69.7302 28.3376 1.46336
69.8288 28.3447 1.46371
69.9274 28.3517 1.46406
70.026 28.3587 1.46441
70.1246 28.3657 1.46476
70.2232 28.3727 1.46511
70.3218 28.3797 1.46546
70.4204 28.3867 1.46581
70.519 28.3936 1.46615
70.6176 28.4006 1.4665
70.7162 28.4075 1.46685
70.8148 28.4144 1.46719
70.9134 28.4213 1.46754
71.012 28.4282 1.46788
71.1106 28.4351 1.46823
71.2092 28.442 1.46857
71.3078 28.4489 1.46891
71.4064 28.4557 1.46925
71.505 28.4626 1.4696
71.6036 28.4694 1.46994
71.7022 28.4762 1.47028
71.8008 28.4831 1.47062
71.8994 28.4899 1.47096
71.998 28.4967 1.4713
72.0966 28.5034 1.47164
72.1952 28.5102 1.47197
72.2938 28.517 1.47231
72.3924 28.5237 1.47265
72.491 28.5305 1.47299
72.5896 28.5372 1.47332
72.6882 28.5439 1.47366
72.7868 28.5506 1.47399
72.8854 28.5573 1.47433
72.984 28.564 1.47466
73.0826 28.5707 1.475
73.1812 28.5773 1.47533
73.2798 28.584 1.47566
73.3784 28.5906 1.476
73.477 28.5972 1.47633
73.5756 28.6039 1.47666
73.6742 28.6105 1.47699
73.7728 28.6171 1.47732
73.8714 28.6237 1.47765
73.97 28.6303 1.47798
74.0686 28.6368 1.47831
74.1672 28.6434 1.47864
74.2658 28.6499 1.47896
74.3644 28.6565 1.47929
74.463 28.663 1.47962
74.5616 28.6695 1.47995
74.6602 28.676 1.48027
74.7588 28.6825 1.4806
74.8574 28.689 1.48092
74.956 28.6955 1.48125
75.0546 28.702 1.48157
75.1532 28.7084 1.48189
75.2518 28.7149 1.48222
75.3504 28.7213 1.48254
75.4489 28.7277 1.48286
75.5475 28.7342 1.48318
75.6461 28.7406 1.48351
75.7447 28.747 1.48383
75.8433 28.7534 1.48415
75.9419 28.7597 1.48447
76.0405 28.7661 1.48479
76.1391 28.7725 1.48511
76.2377 28.7788 1.48543
76.3363 28.7852 1.48574
76.4349 28.7915 1.48606
76.5335 28.7978 1.48638
76.6321 28.8041 1.4867
76.7307 28.8104 1.48701
76.8293 28.8167 1.48733
76.9279 28.823 1.48764
77.0265 28.8293 1.48796
77.1251 28.8356 1.48827
77.2237 28.8418 1.48859
77.3223 28.8481 1.4889
77.4209 28.8543 1.48922
77.5195 28.8605 1.48953
77.6181 28.8668 1.48984
77.7167 28.873 1.49015
77.8153 28.8792 1.49046
77.9139 28.8854 1.49078
78.0125 28.8916 1.49109
78.1111 28.8977 1.4914
78.2097 28.9039 1.49171
78.3083 28.9101 1.49202
78.4069 28.9162 1.49233
78.5055 28.9223 1.49263
78.6041 28.9285 1.49294
78.7027 28.9346 1.49325
78.8013 28.9407 1.49356
78.8999 28.9468 1.49387
78.9985 28.9529 1.49417
79.0971 28.959 1.49448
79.1957 28.9651 1.49478
79.2943 28.9711 1.49509
79.3929 28.9772 1.49539
79.4915 28.9833 1.4957
79.5901 28.9893 1.496
79.6887 28.9953 1.49631
79.7873 29.0014 1.49661
79.8859 29.0074 1.49691
79.9845 29.0134 1.49722
80.0831 29.0194 1.49752
80.1817 29.0254 1.49782
80.2803 29.0313 1.49812
80.3789 29.0373 1.49842
80.4775 29.0433 1.49872
80.5761 29.0492 1.49902
80.6747 29.0552 1.49932
80.7733 29.0611 1.49962
80.8719 29.0671 1.49992
80.9705 29.073 1.50022
81.0691 29.0789 1.50052
81.1677 29.0848 1.50082
81.2663 29.0907 1.50111
81.3649 29.0966 1.50141
81.4635 29.1025 1.50171
81.5621 29.1083 1.502
81.6607 29.1142 1.5023
81.7593 29.1201 1.50259
81.8579 29.1259 1.50289
81.9565 29.1317 1.50318
82.0551 29.1376 1.50348
82.1537 29.1434 1.50377
82.2523 29.1492 1.50406
82.3509 29.155 1.50436
82.4494 29.1608 1.50465
82.548 29.1666 1.50494
82.6466 29.1724 1.50524
82.7452 29.1782 1.50553
82.8438 29.1839 1.50582
82.9424 29.1897 1.50611
83.041 29.1955 1.5064
83.1396 29.2012 1.50669
83.2382 29.2069 1.50698
83.3368 29.2127 1.50727
83.4354 29.2184 1.50756
83.534 29.2241 1.50785
83.6326 29.2298 1.50813
83.7312 29.2355 1.50842
83.8298 29.2412 1.50871
83.9284 29.2469 1.509
84.027 29.2525 1.50928
84.1256 29.2582 1.50957
84.2242 29.2639 1.50986
84.3228 29.2695 1.51014
84.4214 29.2751 1.51043
84.52 29.2808 1.51071
84.6186 29.2864 1.511
84.7172 29.292 1.51128
84.8158 29.2976 1.51156
84.9144 29.3032 1.51185
85.013 29.3088 1.51213
85.1116 29.3144 1.51241
85.2102 29.32 1.5127
85.3088 29.3256 1.51298
85.4074 29.3311 1.51326
85.506 29.3367 1.51354
85.6046 29.3423 1.51382
85.7032 29.3478 1.5141
85.8018 29.3533 1.51438
85.9004 29.3589 1.51466
85.999 29.3644 1.51494
86.0976 29.3699 1.51522
86.1962 29.3754 1.5155
86.2948 29.3809 1.51578
86.3934 29.3864 1.51606
86.492 29.3919 1.51634
86.5906 29.3974 1.51661
86.6892 29.4028 1.51689
86.7878 29.4083 1.51717
86.8864 29.4137 1.51744
86.985 29.4192 1.51772
87.0836 29.4246 1.518
87.1822 29.4301 1.51827
87.2808 29.4355 1.51855
87.3794 29.4409 1.51882
87.478 29.4463 1.5191
87.5766 29.4517 1.51937
87.6752 29.4571 1.51964
87.7738 29.4625 1.51992
87.8724 29.4679 1.52019
87.971 29.4733 1.52046
88.0696 29.4787 1.52074
88.1682 29.484 1.52101
88.2668 29.4894 1.52128
88.3654 29.4947 1.52155
88.464 29.5001 1.52182
88.5626 29.5054 1.52209
88.6612 29.5107 1.52236
88.7598 29.5161 1.52263
88.8584 29.5214 1.5229
88.957 29.5267 1.52317
89.0556 29.532 1.52344
89.1542 29.5373 1.52371
89.2528 29.5426 1.52398
89.3514 29.5478 1.52425
89.4499 29.5531 1.52452
89.5485 29.5584 1.52478
89.6471 29.5636 1.52505
89.7457 29.5689 1.52532
89.8443 29.5741 1.52558
89.9429 29.5794 1.52585
90.0415 29.5846 1.52612
90.1401 29.5898 1.52638
90.2387 29.5951 1.52665
90.3373 29.6003 1.52691
90.4359 29.6055 1.52718
90.5345 29.6107 1.52744
90.6331 29.6159 1.52771
90.7317 29.6211 1.52797
90.8303 29.6263 1.52823
90.9289 29.6314 1.5285
91.0275 29.6366 1.52876
91.1261 29.6418 1.52902
91.2247 29.6469 1.52928
91.3233 29.6521 1.52955
91.4219 29.6572 1.52981
91.5205 29.6623 1.53007
91.6191 29.6675 1.53033
91.7177 29.6726 1.53059
91.8163 29.6777 1.53085
91.9149 29.6828 1.53111
92.0135 29.6879 1.53137
92.1121 29.693 1.53163
92.2107 29.6981 1.53189
92.3093 29.7032 1.53215
92.4079 29.7083 1.53241
92.5065 29.7133 1.53266
92.6051 29.7184 1.53292
92.7037 29.7235 1.53318
92.8023 29.7285 1.53344
92.9009 29.7336 1.53369
92.9995 29.7386 1.53395
93.0981 29.7436 1.53421
93.1967 29.7487 1.53446
93.2953 29.7537 1.53472
93.3939 29.7587 1.53498
93.4925 29.7637 1.53523
93.5911 29.7687 1.53549
93.6897 29.7737 1.53574
93.7883 29.7787 1.536
93.8869 29.7837 1.53625
93.9855 29.7887 1.5365
94.0841 29.7936 1.53676
94.1827 29.7986 1.53701
94.2813 29.8036 1.53726
94.3799 29.8085 1.53752
94.4785 29.8135 1.53777
94.5771 29.8184 1.53802
94.6757 29.8233 1.53827
94.7743 29.8283 1.53852
94.8729 29.8332 1.53877
94.9715 29.8381 1.53903
95.0701 29.843 1.53928
95.1687 29.8479 1.53953
95.2673 29.8528 1.53978
95.3659 29.8577 1.54003
95.4645 29.8626 1.54028
95.5631 29.8675 1.54053
95.6617 29.8724 1.54077
95.7603 29.8773 1.54102
95.8589 29.8821 1.54127
95.9575 29.887 1.54152
96.0561 29.8918 1.54177
96.1547 29.8967 1.54202
96.2533 29.9015 1.54226
96.3519 29.9064 1.54251
96.4505 29.9112 1.54276
96.549 29.916 1.543
96.6476 29.9208 1.54325
96.7462 29.9257 1.54349
96.8448 29.9305 1.54374
96.9434 29.9353 1.54399
97.042 29.9401 1.54423
97.1406 29.9449 1.54448
97.2392 29.9496 1.54472
97.3378 29.9544 1.54496
97.4364 29.9592 1.54521
97.535 29.964 1.54545
97.6336 29.9687 1.5457
97.7322 29.9735 1.54594
97.8308 29.9782 1.54618
97.9294 29.983 1.54643
98.028 29.9877 1.54667
98.1266 29.9925 1.54691
98.2252 29.9972 1.54715
98.3238 30.0019 1.54739
98.4224 30.0066 1.54763
98.521 30.0113 1.54788
98.6196 30.016 1.54812
98.7182 30.0207 1.54836
98.8168 30.0254 1.5486
98.9154 30.0301 1.54884
99.014 30.0348 1.54908
99.1126 30.0395 1.54932
99.2112 30.0442 1.54956
99.3098 30.0488 1.5498
99.4084 30.0535 1.55003
99.507 30.0582 1.55027
99.6056 30.0628 1.55051
99.7042 30.0675 1.55075
99.8028 30.0721 1.55099
99.9014 30.0767 1.55122
100 30.0814 1.55146
