1.5 1.09074 0.385975
1.5986 1.59794 0.400748
1.6972 2.08546 0.415184
1.7958 2.55137 0.429174
1.89439 2.99848 0.442763
1.99299 3.42703 0.45593
2.09159 3.83681 0.468646
2.19019 4.22989 0.480952
2.28879 4.60768 0.492876
2.38739 4.9705 0.504413
2.48599 5.31871 0.515567
2.58458 5.65354 0.526362
2.68318 5.9765 0.536838
2.78178 6.28802 0.547002
2.88038 6.58854 0.55686
2.97898 6.87846 0.566422
3.07758 7.15828 0.575698
3.17618 7.42913 0.584719
3.27477 7.69158 0.593498
3.37337 7.94596 0.602045
3.47197 8.19261 0.610366
3.57057 8.43184 0.618469
3.66917 8.66395 0.626362
3.76777 8.88921 0.634051
3.86637 9.10894 0.641552
3.96496 9.32397 0.648878
4.06356 9.53392 0.656036
4.16216 9.73849 0.663032
4.26076 9.93744 0.669871
4.35936 10.1306 0.676559
4.45796 10.3178 0.683101
4.55656 10.4989 0.689501
4.65516 10.6739 0.695765
4.75375 10.8426 0.701897
4.85235 11.0055 0.707906
4.95095 11.163 0.713798
5.04955 11.3157 0.719579
5.14815 11.464 0.725251
5.24675 11.6082 0.730817
5.34535 11.7488 0.736281
5.44394 11.886 0.741646
5.54254 12.0201 0.746914
5.64114 12.1515 0.752088
5.73974 12.2803 0.757171
5.83834 12.4068 0.762166
5.93694 12.5312 0.767075
6.03554 12.6536 0.7719
6.13413 12.7744 0.776644
6.23273 12.8933 0.78131
6.33133 13.0101 0.785904
6.42993 13.125 0.790427
6.52853 13.238 0.79488
6.62713 13.349 0.799267
6.72573 13.4583 0.803588
6.82432 13.5658 0.807845
6.92292 13.6716 0.812041
7.02152 13.7756 0.816175
7.12012 13.8781 0.820251
7.21872 13.979 0.824269
7.31732 14.0783 0.828231
7.41592 14.1761 0.832137
7.51451 14.2724 0.835991
7.61311 14.3673 0.839792
7.71171 14.4608 0.843541
7.81031 14.5529 0.847241
7.90891 14.6437 0.850892
8.00751 14.7332 0.854496
8.10611 14.8214 0.858052
8.2047 14.9084 0.861565
8.3033 14.9943 0.865034
8.4019 15.079 0.868462
8.5005 15.1626 0.871849
8.5991 15.2452 0.875196
8.6977 15.3266 0.878503
8.7963 15.4071 0.881773
8.89489 15.4865 0.885004
8.99349 15.5649 0.888199
9.09209 15.6424 0.891358
9.19069 15.7189 0.894481
9.28929 15.7945 0.89757
9.38789 15.8692 0.900625
9.48649 15.943 0.903646
9.58509 16.0159 0.906635
9.68368 16.088 0.909592
9.78228 16.1592 0.912517
9.88088 16.2296 0.915412
9.97948 16.2992 0.918276
10.0781 16.368 0.921111
10.1767 16.4361 0.923916
10.2753 16.5034 0.926693
10.3739 16.5699 0.929441
10.4725 16.6357 0.932162
10.5711 16.7008 0.934856
10.6697 16.7652 0.937523
10.7683 16.8289 0.940164
10.8669 16.8919 0.942779
10.9655 16.9542 0.945369
11.0641 17.016 0.947935
11.1627 17.0771 0.950477
11.2613 17.1375 0.952996
11.3599 17.1974 0.955492
11.4585 17.2567 0.957966
11.5571 17.3155 0.960417
11.6557 17.3736 0.962847
11.7543 17.4312 0.965256
11.8529 17.4883 0.967644
11.9515 17.5448 0.970011
12.0501 17.6008 0.972357
12.1486 17.6563 0.974684
12.2472 17.7112 0.976991
12.3458 17.7657 0.979278
12.4444 17.8196 0.981546
12.543 17.8731 0.983795
12.6416 17.9261 0.986026
12.7402 17.9786 0.988239
12.8388 18.0306 0.990433
12.9374 18.0822 0.99261
13.036 18.1333 0.994769
13.1346 18.184 0.996911
13.2332 18.2343 0.999036
13.3318 18.2841 1.00114
13.4304 18.3335 1.00324
13.529 18.3825 1.00531
13.6276 18.431 1.00737
13.7262 18.4792 1.00941
13.8248 18.5269 1.01144
13.9234 18.5743 1.01345
14.022 18.6213 1.01545
14.1206 18.6679 1.01743
14.2192 18.7141 1.0194
14.3178 18.7599 1.02135
14.4164 18.8054 1.02329
14.515 18.8505 1.02522
14.6136 18.8952 1.02713
14.7122 18.9396 1.02902
14.8108 18.9837 1.03091
14.9094 19.0274 1.03278
15.008 19.0707 1.03463
15.1066 19.1138 1.03648
15.2052 19.1565 1.03831
15.3038 19.1988 1.04012
15.4024 19.2409 1.04193
15.501 19.2827 1.04372
15.5996 19.3242 1.0455
15.6982 19.3653 1.04727
15.7968 19.4062 1.04903
15.8954 19.4468 1.05078
15.994 19.4871 1.05251
16.0926 19.5271 1.05423
16.1912 19.5668 1.05595
16.2898 19.6063 1.05765
16.3884 19.6454 1.05934
16.487 19.6843 1.06102
16.5856 19.723 1.06269
16.6842 19.7614 1.06435
16.7828 19.7995 1.066
16.8814 19.8373 1.06763
16.98 19.8749 1.06926
17.0786 19.9123 1.07088
17.1772 19.9494 1.07249
17.2758 19.9862 1.07409
17.3744 20.0229 1.07568
17.473 20.0592 1.07726
17.5716 20.0954 1.07883
17.6702 20.1313 1.08039
17.7688 20.167 1.08194
17.8674 20.2024 1.08348
17.966 20.2376 1.08501
18.0646 20.2726 1.08654
18.1632 20.3074 1.08805
18.2618 20.342 1.08956
18.3604 20.3763 1.09106
18.459 20.4104 1.09254
18.5576 20.4443 1.09402
18.6562 20.478 1.0955
18.7548 20.5115 1.09696
18.8534 20.5448 1.09842
18.952 20.5779 1.09986
19.0506 20.6108 1.1013
19.1491 20.6435 1.10273
19.2477 20.676 1.10416
19.3463 20.7083 1.10557
19.4449 20.7404 1.10698
19.5435 20.7724 1.10838
19.6421 20.8041 1.10977
19.7407 20.8356 1.11116
19.8393 20.867 1.11254
19.9379 20.8982 1.11391
20.0365 20.9292 1.11527
20.1351 20.96 1.11663
20.2337 20.9907 1.11797
20.3323 21.0212 1.11932
20.4309 21.0515 1.12065
20.5295 21.0816 1.12198
20.6281 21.1115 1.1233
20.7267 21.1413 1.12461
20.8253 21.171 1.12592
20.9239 21.2004 1.12722
21.0225 21.2297 1.12851
21.1211 21.2589 1.1298
21.2197 21.2878 1.13108
21.3183 21.3167 1.13235
21.4169 21.3453 1.13362
21.5155 21.3738 1.13488
21.6141 21.4022 1.13614
21.7127 21.4304 1.13739
21.8113 21.4585 1.13863
21.9099 21.4864 1.13987
22.0085 21.5141 1.1411
22.1071 21.5418 1.14232
22.2057 21.5693 1.14354
22.3043 21.5966 1.14476
22.4029 21.6238 1.14597
22.5015 21.6509 1.14717
22.6001 21.6778 1.14836
22.6987 21.7046 1.14956
22.7973 21.7313 1.15074
22.8959 21.7578 1.15192
22.9945 21.7842 1.1531
23.0931 21.8105 1.15427
23.1917 21.8366 1.15543
23.2903 21.8626 1.15659
23.3889 21.8885 1.15774
23.4875 21.9142 1.15889
23.5861 21.9399 1.16004
23.6847 21.9654 1.16117
23.7833 21.9908 1.16231
23.8819 22.016 1.16344
23.9805 22.0412 1.16456
24.0791 22.0662 1.16568
24.1777 22.0911 1.16679
24.2763 22.1159 1.1679
24.3749 22.1406 1.169
24.4735 22.1651 1.1701
24.5721 22.1895 1.1712
24.6707 22.2139 1.17229
24.7693 22.2381 1.17337
24.8679 22.2622 1.17445
24.9665 22.2862 1.17553
25.0651 22.3101 1.1766
25.1637 22.3338 1.17767
25.2623 22.3575 1.17873
25.3609 22.3811 1.17979
25.4595 22.4045 1.18084
25.5581 22.4279 1.18189
25.6567 22.4511 1.18293
25.7553 22.4742 1.18397
25.8539 22.4973 1.18501
25.9525 22.5202 1.18604
26.0511 22.543 1.18707
26.1496 22.5658 1.18809
26.2482 22.5884 1.18911
26.3468 22.6109 1.19013
26.4454 22.6334 1.19114
26.544 22.6557 1.19214
26.6426 22.6779 1.19315
26.7412 22.7001 1.19415
26.8398 22.7221 1.19514
26.9384 22.7441 1.19613
27.037 22.766 1.19712
27.1356 22.7877 1.1981
27.2342 22.8094 1.19908
27.3328 22.831 1.20006
27.4314 22.8525 1.20103
27.53 22.8739 1.202
27.6286 22.8952 1.20296
27.7272 22.9164 1.20392
27.8258 22.9376 1.20488
27.9244 22.9586 1.20583
28.023 22.9796 1.20678
28.1216 23.0005 1.20773
28.2202 23.0213 1.20867
28.3188 23.042 1.20961
28.4174 23.0626 1.21054
28.516 23.0831 1.21148
28.6146 23.1036 1.2124
28.7132 23.1239 1.21333
28.8118 23.1442 1.21425
28.9104 23.1645 1.21517
29.009 23.1846 1.21608
29.1076 23.2046 1.21699
29.2062 23.2246 1.2179
29.3048 23.2445 1.21881
29.4034 23.2643 1.21971
29.502 23.284 1.22061
29.6006 23.3037 1.2215
29.6992 23.3233 1.22239
29.7978 23.3428 1.22328
29.8964 23.3622 1.22417
29.995 23.3816 1.22505
30.0936 23.4008 1.22593
30.1922 23.42 1.2268
30.2908 23.4392 1.22767
30.3894 23.4582 1.22854
30.488 23.4772 1.22941
30.5866 23.4961 1.23027
30.6852 23.515 1.23113
30.7838 23.5337 1.23199
30.8824 23.5524 1.23285
30.981 23.5711 1.2337
31.0796 23.5896 1.23455
31.1782 23.6081 1.23539
31.2768 23.6265 1.23623
31.3754 23.6449 1.23707
31.474 23.6632 1.23791
31.5726 23.6814 1.23874
31.6712 23.6996 1.23957
31.7698 23.7176 1.2404
31.8684 23.7357 1.24123
31.967 23.7536 1.24205
32.0656 23.7715 1.24287
32.1642 23.7893 1.24369
32.2628 23.8071 1.2445
32.3614 23.8248 1.24532
32.46 23.8425 1.24613
32.5586 23.86 1.24693
32.6572 23.8776 1.24774
32.7558 23.895 1.24854
32.8544 23.9124 1.24934
32.953 23.9297 1.25013
33.0516 23.947 1.25093
33.1502 23.9642 1.25172
33.2487 23.9814 1.25251
33.3473 23.9985 1.25329
33.4459 24.0155 1.25408
33.5445 24.0325 1.25486
33.6431 24.0494 1.25564
33.7417 24.0663 1.25641
33.8403 24.0831 1.25719
33.9389 24.0998 1.25796
34.0375 24.1165 1.25873
34.1361 24.1332 1.2595
34.2347 24.1498 1.26026
34.3333 24.1663 1.26102
34.4319 24.1828 1.26178
34.5305 24.1992 1.26254
34.6291 24.2155 1.2633
34.7277 24.2319 1.26405
34.8263 24.2481 1.2648
34.9249 24.2643 1.26555
35.0235 24.2805 1.26629
35.1221 24.2966 1.26704
35.2207 24.3126 1.26778
35.3193 24.3286 1.26852
35.4179 24.3445 1.26926
35.5165 24.3604 1.26999
35.6151 24.3763 1.27072
35.7137 24.3921 1.27145
35.8123 24.4078 1.27218
35.9109 24.4235 1.27291
36.0095 24.4391 1.27363
36.1081 24.4547 1.27435
36.2067 24.4702 1.27507
36.3053 24.4857 1.27579
36.4039 24.5012 1.27651
36.5025 24.5166 1.27722
36.6011 24.5319 1.27793
36.6997 24.5472 1.27864
36.7983 24.5624 1.27935
36.8969 24.5776 1.28005
36.9955 24.5928 1.28076
37.0941 24.6079 1.28146
37.1927 24.6229 1.28216
37.2913 24.638 1.28285
37.3899 24.6529 1.28355
37.4885 24.6678 1.28424
37.5871 24.6827 1.28493
37.6857 24.6975 1.28562
37.7843 24.7123 1.28631
37.8829 24.7271 1.287
37.9815 24.7418 1.28768
38.0801 24.7564 1.28836
38.1787 24.771 1.28904
38.2773 24.7856 1.28972
38.3759 24.8001 1.29039
38.4745 24.8146 1.29107
38.5731 24.829 1.29174
38.6717 24.8434 1.29241
38.7703 24.8577 1.29308
38.8689 24.872 1.29375
38.9675 24.8863 1.29441
39.0661 24.9005 1.29507
39.1647 24.9147 1.29573
39.2633 24.9288 1.29639
39.3619 24.9429 1.29705
39.4605 24.957 1.29771
39.5591 24.971 1.29836
39.6577 24.9849 1.29901
39.7563 24.9989 1.29966
39.8549 25.0128 1.30031
39.9535 25.0266 1.30096
40.0521 25.0404 1.3016
40.1507 25.0542 1.30225
40.2492 25.0679 1.30289
40.3478 25.0816 1.30353
40.4464 25.0953 1.30417
40.545 25.1089 1.30481
40.6436 25.1224 1.30544
40.7422 25.136 1.30607
40.8408 25.1495 1.30671
40.9394 25.1629 1.30734
41.038 25.1764 1.30796
41.1366 25.1897 1.30859
41.2352 25.2031 1.30922
41.3338 25.2164 1.30984
41.4324 25.2297 1.31046
41.531 25.2429 1.31108
41.6296 25.2561 1.3117
41.7282 25.2693 1.31232
41.8268 25.2824 1.31293
41.9254 25.2955 1.31355
42.024 25.3085 1.31416
42.1226 25.3215 1.31477
42.2212 25.3345 1.31538
42.3198 25.3475 1.31599
42.4184 25.3604 1.31659
42.517 25.3733 1.3172
42.6156 25.3861 1.3178
42.7142 25.3989 1.3184
42.8128 25.4117 1.319
42.9114 25.4244 1.3196
43.01 25.4371 1.3202
43.1086 25.4498 1.3208
43.2072 25.4624 1.32139
43.3058 25.475 1.32198
43.4044 25.4876 1.32257
43.503 25.5001 1.32316
43.6016 25.5126 1.32375
43.7002 25.5251 1.32434
43.7988 25.5375 1.32492
43.8974 25.5499 1.32551
43.996 25.5623 1.32609
44.0946 25.5746 1.32667
44.1932 25.5869 1.32725
44.2918 25.5992 1.32783
44.3904 25.6114 1.32841
44.489 25.6237 1.32898
44.5876 25.6358 1.32956
44.6862 25.648 1.33013
44.7848 25.6601 1.3307
44.8834 25.6722 1.33127
44.982 25.6842 1.33184
45.0806 25.6962 1.33241
45.1792 25.7082 1.33297
45.2778 25.7202 1.33354
45.3764 25.7321 1.3341
45.475 25.744 1.33466
45.5736 25.7559 1.33522
45.6722 25.7677 1.33578
45.7708 25.7795 1.33634
45.8694 25.7913 1.3369
45.968 25.803 1.33745
46.0666 25.8148 1.338
46.1652 25.8265 1.33856
46.2638 25.8381 1.33911
46.3624 25.8497 1.33966
46.461 25.8613 1.34021
46.5596 25.8729 1.34075
46.6582 25.8845 1.3413
46.7568 25.896 1.34185
46.8554 25.9075 1.34239
46.954 25.9189 1.34293
47.0526 25.9303 1.34347
47.1512 25.9417 1.34401
47.2497 25.9531 1.34455
47.3483 25.9645 1.34509
47.4469 25.9758 1.34563
47.5455 25.9871 1.34616
47.6441 25.9983 1.3467
47.7427 26.0096 1.34723
47.8413 26.0208 1.34776
47.9399 26.0319 1.34829
48.0385 26.0431 1.34882
48.1371 26.0542 1.34935
48.2357 26.0653 1.34987
48.3343 26.0764 1.3504
48.4329 26.0875 1.35092
48.5315 26.0985 1.35145
48.6301 26.1095 1.35197
48.7287 26.1204 1.35249
48.8273 26.1314 1.35301
48.9259 26.1423 1.35353
49.0245 26.1532 1.35405
49.1231 26.1641 1.35456
49.2217 26.1749 1.35508
49.3203 26.1857 1.35559
49.4189 26.1965 1.35611
49.5175 26.2073 1.35662
49.6161 26.218 1.35713
49.7147 26.2287 1.35764
49.8133 26.2394 1.35815
49.9119 26.2501 1.35866
50.0105 26.2607 1.35916
50.1091 26.2714 1.35967
50.2077 26.282 1.36017
50.3063 26.2925 1.36068
50.4049 26.3031 1.36118
50.5035 26.3136 1.36168
50.6021 26.3241 1.36218
50.7007 26.3346 1.36268
50.7993 26.345 1.36318
50.8979 26.3555 1.36368
50.9965 26.3659 1.36417
51.0951 26.3762 1.36467
51.1937 26.3866 1.36516
51.2923 26.3969 1.36565
51.3909 26.4072 1.36615
51.4895 26.4175 1.36664
51.5881 26.4278 1.36713
51.6867 26.438 1.36762
51.7853 26.4483 1.3681
51.8839 26.4585 1.36859
51.9825 26.4686 1.36908
52.0811 26.4788 1.36956
52.1797 26.4889 1.37005
52.2783 26.499 1.37053
52.3769 26.5091 1.37101
52.4755 26.5192 1.37149
52.5741 26.5292 1.37197
52.6727 26.5392 1.37245
52.7713 26.5492 1.37293
52.8699 26.5592 1.37341
52.9685 26.5692 1.37388
53.0671 26.5791 1.37436
53.1657 26.589 1.37483
53.2643 26.5989 1.37531
53.3629 26.6088 1.37578
53.4615 26.6186 1.37625
53.5601 26.6285 1.37672
53.6587 26.6383 1.37719
53.7573 26.648 1.37766
53.8559 26.6578 1.37813
53.9545 26.6676 1.37859
54.0531 26.6773 1.37906
54.1517 26.687 1.37952
54.2503 26.6967 1.37999
54.3488 26.7063 1.38045
54.4474 26.716 1.38091
54.546 26.7256 1.38137
54.6446 26.7352 1.38183
54.7432 26.7448 1.38229
54.8418 26.7543 1.38275
54.9404 26.7639 1.38321
55.039 26.7734 1.38367
55.1376 26.7829 1.38412
55.2362 26.7924 1.38458
55.3348 26.8018 1.38503
55.4334 26.8113 1.38549
55.532 26.8207 1.38594
55.6306 26.8301 1.38639
55.7292 26.8395 1.38684
55.8278 26.8488 1.38729
55.9264 26.8582 1.38774
56.025 26.8675 1.38819
56.1236 26.8768 1.38864
56.2222 26.8861 1.38908
56.3208 26.8954 1.38953
56.4194 26.9046 1.38997
56.518 26.9138 1.39042
56.6166 26.923 1.39086
56.7152 26.9322 1.3913
56.8138 26.9414 1.39174
56.9124 26.9506 1.39218
57.011 26.9597 1.39262
57.1096 26.9688 1.39306
57.2082 26.9779 1.3935
57.3068 26.987 1.39394
57.4054 26.9961 1.39437
57.504 27.0051 1.39481
57.6026 27.0141 1.39524
57.7012 27.0232 1.39568
57.7998 27.0321 1.39611
57.8984 27.0411 1.39654
57.997 27.0501 1.39698
58.0956 27.059 1.39741
58.1942 27.0679 1.39784
58.2928 27.0768 1.39827
58.3914 27.0857 1.39869
58.49 27.0946 1.39912
58.5886 27.1034 1.39955
58.6872 27.1123 1.39998
58.7858 27.1211 1.4004
58.8844 27.1299 1.40083
58.983 27.1387 1.40125
59.0816 27.1474 1.40167
59.1802 27.1562 1.40209
59.2788 27.1649 1.40252
59.3774 27.1736 1.40294
59.476 27.1823 1.40336
59.5746 27.191 1.40378
59.6732 27.1997 1.40419
59.7718 27.2083 1.40461
59.8704 27.2169 1.40503
59.969 27.2255 1.40545
60.0676 27.2341 1.40586
60.1662 27.2427 1.40628
60.2648 27.2513 1.40669
60.3634 27.2598 1.4071
60.462 27.2684 1.40752
60.5606 27.2769 1.40793
60.6592 27.2854 1.40834
60.7578 27.2939 1.40875
60.8564 27.3023 1.40916
60.955 27.3108 1.40957
61.0536 27.3192 1.40998
61.1522 27.3276 1.41038
61.2508 27.336 1.41079
61.3493 27.3444 1.4112
61.4479 27.3528 1.4116
61.5465 27.3611 1.41201
61.6451 27.3695 1.41241
61.7437 27.3778 1.41281
61.8423 27.3861 1.41322
61.9409 27.3944 1.41362
62.0395 27.4027 1.41402
62.1381 27.4109 1.41442
62.2367 27.4192 1.41482
62.3353 27.4274 1.41522
62.4339 27.4356 1.41562
62.5325 27.4438 1.41601
62.6311 27.452 1.41641
62.7297 27.4602 1.41681
62.8283 27.4683 1.4172
62.9269 27.4765 1.4176
63.0255 27.4846 1.41799
63.1241 27.4927 1.41839
63.2227 27.5008 1.41878
63.3213 27.5089 1.41917
63.4199 27.517 1.41956
63.5185 27.525 1.41995
63.6171 27.5331 1.42035
63.7157 27.5411 1.42074
63.8143 27.5491 1.42112
63.9129 27.5571 1.42151
64.0115 27.5651 1.4219
64.1101 27.573 1.42229
64.2087 27.581 1.42267
64.3073 27.5889 1.42306
64.4059 27.5968 1.42344
64.5045 27.6047 1.42383
64.6031 27.6126 1.42421
64.7017 27.6205 1.4246
64.8003 27.6284 1.42498
64.8989 27.6362 1.42536
64.9975 27.6441 1.42574
65.0961 27.6519 1.42612
65.1947 27.6597 1.4265
65.2933 27.6675 1.42688
65.3919 27.6753 1.42726
65.4905 27.6831 1.42764
65.5891 27.6908 1.42802
65.6877 27.6986 1.42839
65.7863 27.7063 1.42877
65.8849 27.714 1.42915
65.9835 27.7217 1.42952
66.0821 27.7294 1.42989
66.1807 27.7371 1.43027
66.2793 27.7447 1.43064
66.3779 27.7524 1.43101
66.4765 27.76 1.43139
66.5751 27.7676 1.43176
66.6737 27.7752 1.43213
66.7723 27.7828 1.4325
66.8709 27.7904 1.43287
66.9695 27.798 1.43324
67.0681 27.8055 1.43361
67.1667 27.8131 1.43397
67.2653 27.8206 1.43434
67.3639 27.8281 1.43471
67.4625 27.8356 1.43507
67.5611 27.8431 1.43544
67.6597 27.8506 1.4358
67.7583 27.8581 1.43617
67.8569 27.8655 1.43653
67.9555 27.873 1.4369
68.0541 27.8804 1.43726
68.1527 27.8878 1.43762
68.2513 27.8952 1.43798
68.3498 27.9026 1.43834
68.4484 27.91 1.4387
68.547 27.9173 1.43906
68.6456 27.9247 1.43942
68.7442 27.932 1.43978
68.8428 27.9393 1.44014
68.9414 27.9467 1.4405
69.04 27.954 1.44085
69.1386 27.9613 1.44121
69.2372 27.9685 1.44157
69.3358 27.9758 1.44192
69.4344 27.983 1.44228
69.533 27.9903 1.44263
69.6316 27.9975 1.44298
69.7302 28.0047 1.44334
69.8288 28.0119 1.44369
69.9274 28.0191 1.44404
70.026 28.0263 1.44439
70.1246 28.0335 1.44474
70.2232 28.0407 1.44509
70.3218 28.0478 1.44544
70.4204 28.0549 1.44579
70.519 28.0621 1.44614
70.6176 28.0692 1.44649
70.7162 28.0763 1.44684
70.8148 28.0834 1.44719
70.9134 28.0904 1.44753
71.012 28.0975 1.44788
71.1106 28.1046 1.44822
71.2092 28.1116 1.44857
71.3078 28.1186 1.44891
71.4064 28.1256 1.44926
71.505 28.1327 1.4496
71.6036 28.1396 1.44994
71.7022 28.1466 1.45029
71.8008 28.1536 1.45063
71.8994 28.1606 1.45097
71.998 28.1675 1.45131
72.0966 28.1745 1.45165
72.1952 28.1814 1.45199
72.2938 28.1883 1.45233
72.3924 28.1952 1.45267
72.491 28.2021 1.45301
72.5896 28.209 1.45335
72.6882 28.2159 1.45368
72.7868 28.2227 1.45402
72.8854 28.2296 1.45436
72.984 28.2364 1.45469
73.0826 28.2433 1.45503
73.1812 28.2501 1.45536
73.2798 28.2569 1.4557
73.3784 28.2637 1.45603
73.477 28.2705 1.45636
73.5756 28.2773 1.4567
73.6742 28.284 1.45703
73.7728 28.2908 1.45736
73.8714 28.2975 1.45769
73.97 28.3043 1.45802
74.0686 28.311 1.45835
74.1672 28.3177 1.45868
74.2658 28.3244 1.45901
74.3644 28.3311 1.45934
74.463 28.3378 1.45967
74.5616 28.3444 1.46
74.6602 28.3511 1.46033
74.7588 28.3578 1.46065
74.8574 28.3644 1.46098
74.956 28.371 1.46131
75.0546 28.3776 1.46163
75.1532 28.3843 1.46196
75.2518 28.3909 1.46228
75.3504 28.3974 1.46261
75.4489 28.404 1.46293
75.5475 28.4106 1.46325
75.6461 28.4172 1.46358
75.7447 28.4237 1.4639
75.8433 28.4302 1.46422
75.9419 28.4368 1.46454
76.0405 28.4433 1.46486
76.1391 28.4498 1.46518
76.2377 28.4563 1.4655
76.3363 28.4628 1.46582
76.4349 28.4693 1.46614
76.5335 28.4758 1.46646
76.6321 28.4822 1.46678
76.7307 28.4887 1.4671
76.8293 28.4951 1.46742
76.9279 28.5015 1.46773
77.0265 28.508 1.46805
77.1251 28.5144 1.46837
77.2237 28.5208 1.46868
77.3223 28.5272 1.469
77.4209 28.5336 1.46931
77.5195 28.5399 1.46963
77.6181 28.5463 1.46994
77.7167 28.5527 1.47026
77.8153 28.559 1.47057
77.9139 28.5653 1.47088
78.0125 28.5717 1.47119
78.1111 28.578 1.47151
78.2097 28.5843 1.47182
78.3083 28.5906 1.47213
78.4069 28.5969 1.47244
78.5055 28.6032 1.47275
78.6041 28.6095 1.47306
78.7027 28.6157 1.47337
78.8013 28.622 1.47368
78.8999 28.6282 1.47399
78.9985 28.6345 1.47429
79.0971 28.6407 1.4746
79.1957 28.6469 1.47491
79.2943 28.6531 1.47522
79.3929 28.6593 1.47552
79.4915 28.6655 1.47583
79.5901 28.6717 1.47613
79.6887 28.6779 1.47644
79.7873 28.684 1.47674
79.8859 28.6902 1.47705
79.9845 28.6963 1.47735
80.0831 28.7025 1.47766
80.1817 28.7086 1.47796
80.2803 28.7147 1.47826
80.3789 28.7208 1.47857
80.4775 28.7269 1.47887
80.5761 28.733 1.47917
80.6747 28.7391 1.47947
80.7733 28.7452 1.47977
80.8719 28.7513 1.48007
80.9705 28.7573 1.48037
81.0691 28.7634 1.48067
81.1677 28.7694 1.48097
81.2663 28.7755 1.48127
81.3649 28.7815 1.48157
81.4635 28.7875 1.48187
81.5621 28.7935 1.48216
81.6607 28.7995 1.48246
81.7593 28.8055 1.48276
81.8579 28.8115 1.48305
81.9565 28.8175 1.48335
82.0551 28.8234 1.48365
82.1537 28.8294 1.48394
82.2523 28.8353 1.48424
82.3509 28.8413 1.48453
82.4494 28.8472 1.48482
82.548 28.8531 1.48512
82.6466 28.8591 1.48541
82.7452 28.865 1.48571
82.8438 28.8709 1.486
82.9424 28.8768 1.48629
83.041 28.8826 1.48658
83.1396 28.8885 1.48687
83.2382 28.8944 1.48716
83.3368 28.9002 1.48746
83.4354 28.9061 1.48775
83.534 28.9119 1.48804
83.6326 28.9178 1.48833
83.7312 28.9236 1.48862
83.8298 28.9294 1.4889
83.9284 28.9352 1.48919
84.027 28.941 1.48948
84.1256 28.9468 1.48977
84.2242 28.9526 1.49006
84.3228 28.9584 1.49034
84.4214 28.9642 1.49063
84.52 28.9699 1.49092
84.6186 28.9757 1.4912
84.7172 28.9815 1.49149
84.8158 28.9872 1.49177
84.9144 28.9929 1.49206
85.013 28.9987 1.49234
85.1116 29.0044 1.49263
85.2102 29.0101 1.49291
85.3088 29.0158 1.49319
85.4074 29.0215 1.49348
85.506 29.0272 1.49376
85.6046 29.0328 1.49404
85.7032 29.0385 1.49433
85.8018 29.0442 1.49461
85.9004 29.0498 1.49489
85.999 29.0555 1.49517
86.0976 29.0611 1.49545
86.1962 29.0668 1.49573
86.2948 29.0724 1.49601
86.3934 29.078 1.49629
86.492 29.0836 1.49657
86.5906 29.0892 1.49685
86.6892 29.0948 1.49713
86.7878 29.1004 1.49741
86.8864 29.106 1.49768
86.985 29.1116 1.49796
87.0836 29.1171 1.49824
87.1822 29.1227 1.49851
87.2808 29.1283 1.49879
87.3794 29.1338 1.49907
87.478 29.1393 1.49934
87.5766 29.1449 1.49962
87.6752 29.1504 1.49989
87.7738 29.1559 1.50017
87.8724 29.1614 1.50044
87.971 29.1669 1.50072
88.0696 29.1724 1.50099
88.1682 29.1779 1.50127
88.2668 29.1834 1.50154
88.3654 29.1889 1.50181
88.464 29.1943 1.50208
88.5626 29.1998 1.50236
88.6612 29.2052 1.50263
88.7598 29.2107 1.5029
88.8584 29.2161 1.50317
88.957 29.2215 1.50344
89.0556 29.227 1.50371
89.1542 29.2324 1.50398
89.2528 29.2378 1.50425
89.3514 29.2432 1.50452
89.4499 29.2486 1.50479
89.5485 29.254 1.50506
89.6471 29.2594 1.50533
89.7457 29.2647 1.5056
89.8443 29.2701 1.50587
89.9429 29.2755 1.50613
90.0415 29.2808 1.5064
90.1401 29.2862 1.50667
90.2387 29.2915 1.50693
90.3373 29.2968 1.5072
90.4359 29.3022 1.50747
90.5345 29.3075 1.50773
90.6331 29.3128 1.508
90.7317 29.3181 1.50826
90.8303 29.3234 1.50853
90.9289 29.3287 1.50879
91.0275 29.334 1.50906
91.1261 29.3393 1.50932
91.2247 29.3446 1.50958
91.3233 29.3498 1.50985
91.4219 29.3551 1.51011
91.5205 29.3603 1.51037
91.6191 29.3656 1.51064
91.7177 29.3708 1.5109
91.8163 29.3761 1.51116
91.9149 29.3813 1.51142
92.0135 29.3865 1.51168
92.1121 29.3917 1.51194
92.2107 29.3969 1.5122
92.3093 29.4021 1.51246
92.4079 29.4073 1.51272
92.5065 29.4125 1.51298
92.6051 29.4177 1.51324
92.7037 29.4229 1.5135
92.8023 29.428 1.51376
92.9009 29.4332 1.51402
92.9995 29.4384 1.51428
93.0981 29.4435 1.51453
93.1967 29.4487 1.51479
93.2953 29.4538 1.51505
93.3939 29.4589 1.51531
93.4925 29.464 1.51556
93.5911 29.4692 1.51582
93.6897 29.4743 1.51608
93.7883 29.4794 1.51633
93.8869 29.4845 1.51659
93.9855 29.4896 1.51684
94.0841 29.4947 1.5171
94.1827 29.4997 1.51735
94.2813 29.5048 1.51761
94.3799 29.5099 1.51786
94.4785 29.515 1.51811
94.5771 29.52 1.51837
94.6757 29.5251 1.51862
94.7743 29.5301 1.51887
94.8729 29.5351 1.51913
94.9715 29.5402 1.51938
95.0701 29.5452 1.51963
95.1687 29.5502 1.51988
95.2673 29.5552 1.52013
95.3659 29.5602 1.52038
95.4645 29.5652 1.52064
95.5631 29.5702 1.52089
95.6617 29.5752 1.52114
95.7603 29.5802 1.52139
95.8589 29.5852 1.52164
95.9575 29.5902 1.52189
96.0561 29.5951 1.52213
96.1547 29.6001 1.52238
96.2533 29.605 1.52263
96.3519 29.61 1.52288
96.4505 29.6149 1.52313
96.549 29.6199 1.52338
96.6476 29.6248 1.52362
96.7462 29.6297 1.52387
96.8448 29.6346 1.52412
96.9434 29.6395 1.52437
97.042 29.6445 1.52461
97.1406 29.6494 1.52486
97.2392 29.6542 1.5251
97.3378 29.6591 1.52535
97.4364 29.664 1.52559
97.535 29.6689 1.52584
97.6336 29.6738 1.52608
97.7322 29.6786 1.52633
97.8308 29.6835 1.52657
97.9294 29.6883 1.52682
98.028 29.6932 1.52706
98.1266 29.698 1.5273
98.2252 29.7029 1.52755
98.3238 29.7077 1.52779
98.4224 29.7125 1.52803
98.521 29.7174 1.52828
98.6196 29.7222 1.52852
98.7182 29.727 1.52876
98.8168 29.7318 1.529
98.9154 29.7366 1.52924
99.014 29.7414 1.52948
99.1126 29.7462 1.52973
99.2112 29.7509 1.52997
99.3098 29.7557 1.53021
99.4084 29.7605 1.53045
99.507 29.7653 1.53069
99.6056 29.77 1.53093
99.7042 29.7748 1.53116
99.8028 29.7795 1.5314
99.9014 29.7843 1.53164
100 29.789 1.53188
