1e-05 69.3034 3.03018
0.00101099 16.8256 0.920915
0.00201198 13.0981 0.787752
0.00301297 11.2039 0.726285
0.00401396 9.97396 0.689933
0.00501495 9.07978 0.665887
0.00601595 8.38667 0.648939
0.00701694 7.8242 0.636467
0.00801793 7.35453 0.627073
0.00901892 6.9534 0.619867
0.0100199 6.60386 0.614236
0.0110209 6.29561 0.60983
0.0120219 6.02099 0.60639
0.0130229 5.77337 0.603683
0.0140239 5.54836 0.60157
0.0150249 5.34266 0.599944
0.0160259 5.15367 0.598732
0.0170268 4.97908 0.597858
0.0180278 4.81681 0.597246
0.0190288 4.66538 0.596861
0.0200298 4.52368 0.59667
0.0210308 4.39071 0.596642
0.0220318 4.26565 0.596761
0.0230328 4.14769 0.597007
0.0240338 4.03609 0.597349
0.0250348 3.93019 0.597767
0.0260358 3.82955 0.598259
0.0270368 3.73376 0.598816
0.0280377 3.64244 0.599424
0.0290387 3.55527 0.600074
0.0300397 3.47195 0.60077
0.0310407 3.39221 0.601503
0.0320417 3.31577 0.602263
0.0330427 3.24237 0.603038
0.0340437 3.17182 0.603824
0.0350447 3.10395 0.604628
0.0360457 3.0386 0.605445
0.0370467 2.97563 0.60627
0.0380477 2.9149 0.607096
0.0390486 2.85628 0.607923
0.0400496 2.79967 0.608758
0.0410506 2.74496 0.609597
0.0420516 2.69203 0.610434
0.0430526 2.6408 0.611264
0.0440536 2.59115 0.612083
0.0450546 2.54303 0.612891
0.0460556 2.49635 0.613695
0.0470566 2.45106 0.614492
0.0480576 2.4071 0.615281
0.0490586 2.36439 0.616058
0.0500595 2.3229 0.616824
0.0510605 2.28256 0.617576
0.0520615 2.24333 0.618321
0.0530625 2.20518 0.619059
0.0540635 2.16804 0.619786
0.0550645 2.13187 0.620501
0.0560655 2.09664 0.6212
0.0570665 2.0623 0.621881
0.0580675 2.02882 0.622545
0.0590685 1.99617 0.623196
0.0600695 1.96433 0.623836
0.0610705 1.93325 0.624463
0.0620714 1.90292 0.625075
0.0630724 1.87331 0.625671
0.0640734 1.84439 0.626251
0.0650744 1.81613 0.626813
0.0660754 1.78852 0.62736
0.0670764 1.76154 0.627897
0.0680774 1.73517 0.628421
0.0690784 1.70938 0.62893
0.0700794 1.68416 0.629424
0.0710804 1.65948 0.629901
0.0720814 1.63533 0.630361
0.0730823 1.61169 0.630801
0.0740833 1.58854 0.631226
0.0750843 1.56589 0.631637
0.0760853 1.5437 0.632034
0.0770863 1.52197 0.632417
0.0780873 1.50068 0.632785
0.0790883 1.47982 0.633137
0.0800893 1.45938 0.633473
0.0810903 1.43933 0.633792
0.0820913 1.41967 0.634094
0.0830923 1.4004 0.634383
0.0840932 1.3815 0.63466
0.0850942 1.36296 0.634924
0.0860952 1.34478 0.635174
0.0870962 1.32695 0.635409
0.0880972 1.30944 0.635628
0.0890982 1.29226 0.635831
0.0900992 1.27539 0.636017
0.0911002 1.25882 0.636186
0.0921012 1.24256 0.636341
0.0931022 1.2266 0.636482
0.0941032 1.21092 0.636611
0.0951041 1.19552 0.636726
0.0961051 1.1804 0.636826
0.0971061 1.16554 0.636912
0.0981071 1.15094 0.636983
0.0991081 1.13659 0.637039
0.100109 1.12248 0.637079
0.10111 1.10861 0.637103
0.102111 1.09497 0.637115
0.103112 1.08157 0.637115
0.104113 1.06839 0.637103
0.105114 1.05544 0.637077
0.106115 1.0427 0.637038
0.107116 1.03017 0.636985
0.108117 1.01784 0.636918
0.109118 1.00571 0.636836
0.110119 0.993774 0.636739
0.11112 0.982027 0.636627
0.112121 0.97047 0.636502
0.113122 0.959102 0.636366
0.114123 0.947918 0.636217
0.115124 0.936912 0.636057
0.116125 0.92608 0.635883
0.117126 0.915415 0.635697
0.118127 0.904914 0.635497
0.119128 0.894572 0.635284
0.120129 0.884384 0.635057
0.12113 0.874347 0.634816
0.122131 0.864457 0.634561
0.123132 0.854718 0.634295
0.124133 0.845128 0.634018
0.125134 0.835682 0.633729
0.126135 0.826378 0.633429
0.127136 0.817212 0.633116
0.128137 0.80818 0.632792
0.129138 0.799279 0.632455
0.130139 0.790506 0.632105
0.13114 0.781858 0.631742
0.132141 0.773332 0.631367
0.133142 0.764925 0.630978
0.134143 0.756642 0.630579
0.135144 0.748481 0.630168
0.136145 0.740438 0.629747
0.137146 0.73251 0.629315
0.138147 0.724695 0.628872
0.139148 0.716989 0.628417
0.140149 0.70939 0.627951
0.14115 0.701894 0.627473
0.142151 0.694499 0.626983
0.143152 0.687203 0.626481
0.144153 0.680003 0.625967
0.145154 0.672899 0.625442
0.146155 0.665895 0.624906
0.147156 0.658987 0.62436
0.148157 0.652174 0.623804
0.149158 0.645454 0.623237
0.150159 0.638823 0.62266
0.15116 0.632281 0.622072
0.152161 0.625824 0.621474
0.153162 0.619451 0.620864
0.154163 0.613161 0.620244
0.155164 0.60695 0.619612
0.156165 0.600817 0.618969
0.157166 0.594764 0.618316
0.158167 0.588791 0.617654
0.159168 0.582899 0.616982
0.160169 0.577084 0.6163
0.16117 0.571344 0.615609
0.162171 0.565678 0.614908
0.163172 0.560085 0.614197
0.164173 0.554561 0.613476
0.165174 0.549105 0.612744
0.166175 0.543716 0.612003
0.167175 0.538392 0.611252
0.168176 0.533132 0.61049
0.169177 0.527934 0.609718
0.170178 0.522803 0.608937
0.171179 0.517736 0.608147
0.17218 0.512733 0.607348
0.173181 0.507792 0.60654
0.174182 0.502913 0.605722
0.175183 0.498092 0.604896
0.176184 0.49333 0.60406
0.177185 0.488625 0.603216
0.178186 0.483975 0.602362
0.179187 0.47938 0.601499
0.180188 0.474838 0.600627
0.181189 0.470348 0.599746
0.18219 0.465911 0.598856
0.183191 0.461529 0.597958
0.184192 0.457201 0.597052
0.185193 0.452925 0.596138
0.186194 0.448701 0.595215
0.187195 0.444526 0.594284
0.188196 0.4404 0.593345
0.189197 0.436322 0.592398
0.190198 0.43229 0.591442
0.191199 0.428304 0.590478
0.1922 0.424361 0.589505
0.193201 0.420461 0.588524
0.194202 0.416604 0.587535
0.195203 0.412789 0.586537
0.196204 0.409018 0.585532
0.197205 0.405291 0.584518
0.198206 0.401607 0.583497
0.199207 0.397965 0.582469
0.200208 0.394365 0.581432
0.201209 0.390804 0.580389
0.20221 0.387283 0.579337
0.203211 0.383801 0.578279
0.204212 0.380357 0.577213
0.205213 0.37695 0.576139
0.206214 0.373579 0.575059
0.207215 0.370244 0.573971
0.208216 0.366945 0.572876
0.209217 0.363683 0.571774
0.210218 0.360459 0.570666
0.211219 0.357271 0.56955
0.21222 0.354118 0.568428
0.213221 0.351001 0.567299
0.214222 0.347917 0.566164
0.215223 0.344867 0.565021
0.216224 0.341848 0.563873
0.217225 0.338862 0.562717
0.218226 0.335906 0.561555
0.219227 0.332981 0.560386
0.220228 0.330085 0.559211
0.221229 0.327217 0.558029
0.22223 0.324379 0.556841
0.223231 0.321572 0.555646
0.224232 0.318795 0.554444
0.225233 0.316047 0.553237
0.226234 0.313329 0.552023
0.227235 0.31064 0.550803
0.228236 0.307978 0.549578
0.229237 0.305344 0.548346
0.230238 0.302737 0.547109
0.231239 0.300156 0.545866
0.23224 0.297601 0.544617
0.233241 0.295072 0.543363
0.234242 0.292567 0.542104
0.235243 0.290087 0.540839
0.236244 0.287632 0.539569
0.237245 0.285203 0.538294
0.238246 0.282801 0.537013
0.239247 0.280423 0.535727
0.240248 0.27807 0.534436
0.241249 0.275741 0.533139
0.24225 0.273435 0.531837
0.243251 0.271152 0.530531
0.244252 0.268892 0.529219
0.245253 0.266654 0.527903
0.246254 0.264438 0.526581
0.247255 0.262242 0.525255
0.248256 0.260067 0.523924
0.249257 0.257911 0.522589
0.250258 0.255776 0.521248
0.251259 0.253663 0.519903
0.25226 0.251571 0.518552
0.253261 0.249499 0.517197
0.254262 0.247449 0.515837
0.255263 0.245418 0.514472
0.256264 0.243407 0.513103
0.257265 0.241416 0.51173
0.258266 0.239444 0.510352
0.259267 0.23749 0.508971
0.260268 0.235555 0.507586
0.261269 0.233638 0.506197
0.26227 0.231738 0.504805
0.263271 0.229856 0.503409
0.264272 0.227992 0.50201
0.265273 0.226145 0.500607
0.266274 0.224317 0.4992
0.267275 0.222508 0.49779
0.268276 0.220716 0.496376
0.269277 0.218941 0.494958
0.270278 0.217184 0.493536
0.271279 0.215443 0.492111
0.27228 0.213718 0.490683
0.273281 0.212009 0.489251
0.274282 0.210316 0.487817
0.275283 0.208637 0.486379
0.276284 0.206974 0.484938
0.277285 0.205325 0.483494
0.278285 0.20369 0.482047
0.279286 0.20207 0.480597
0.280287 0.200464 0.479144
0.281288 0.198875 0.477687
0.282289 0.1973 0.476226
0.28329 0.195739 0.474763
0.284291 0.194194 0.473296
0.285292 0.192662 0.471827
0.286293 0.191144 0.470355
0.287294 0.18964 0.46888
0.288295 0.188149 0.467403
0.289296 0.186671 0.465924
0.290297 0.185207 0.464442
0.291298 0.183755 0.462959
0.292299 0.182315 0.461474
0.2933 0.180887 0.459988
0.294301 0.179472 0.458499
0.295302 0.17807 0.457008
0.296303 0.176682 0.455514
0.297304 0.175306 0.454018
0.298305 0.173942 0.45252
0.299306 0.172591 0.45102
0.300307 0.171252 0.449518
0.301308 0.169925 0.448014
0.302309 0.168609 0.446508
0.30331 0.167305 0.445
0.304311 0.166012 0.443491
0.305312 0.16473 0.441981
0.306313 0.163458 0.440469
0.307314 0.162196 0.438956
0.308315 0.160945 0.437442
0.309316 0.159705 0.435926
0.310317 0.158475 0.434408
0.311318 0.157256 0.432888
0.312319 0.156048 0.431366
0.31332 0.154851 0.429843
0.314321 0.153664 0.428318
0.315322 0.152487 0.426791
0.316323 0.151321 0.425264
0.317324 0.150164 0.423735
0.318325 0.149017 0.422206
0.319326 0.14788 0.420676
0.320327 0.146752 0.419145
0.321328 0.145633 0.417614
0.322329 0.144524 0.416083
0.32333 0.143423 0.414552
0.324331 0.142332 0.413021
0.325332 0.14125 0.411489
0.326333 0.140178 0.409956
0.327334 0.139115 0.408423
0.328335 0.138062 0.406888
0.329336 0.137017 0.405353
0.330337 0.135982 0.403817
0.331338 0.134955 0.402281
0.332339 0.133937 0.400744
0.33334 0.132927 0.399207
0.334341 0.131926 0.397671
0.335342 0.130932 0.396134
0.336343 0.129946 0.394597
0.337344 0.128968 0.39306
0.338345 0.127997 0.391524
0.339346 0.127034 0.389988
0.340347 0.126078 0.388452
0.341348 0.12513 0.386914
0.342349 0.124191 0.385377
0.34335 0.123259 0.383838
0.344351 0.122335 0.3823
0.345352 0.121419 0.380761
0.346353 0.12051 0.379223
0.347354 0.119608 0.377685
0.348355 0.118714 0.376147
0.349356 0.117827 0.37461
0.350357 0.116946 0.373074
0.351358 0.116073 0.371538
0.352359 0.115206 0.370004
0.35336 0.114346 0.368471
0.354361 0.113493 0.366939
0.355362 0.112646 0.365409
0.356363 0.111806 0.363879
0.357364 0.110974 0.36235
0.358365 0.110148 0.360821
0.359366 0.109329 0.359292
0.360367 0.108517 0.357764
0.361368 0.107711 0.356237
0.362369 0.106912 0.354711
0.36337 0.106119 0.353186
0.364371 0.105332 0.351662
0.365372 0.104552 0.350139
0.366373 0.103777 0.348618
0.367374 0.103008 0.347097
0.368375 0.102245 0.345579
0.369376 0.101487 0.344061
0.370377 0.100735 0.342546
0.371378 0.0999878 0.341032
0.372379 0.0992471 0.339518
0.37338 0.0985122 0.338005
0.374381 0.0977832 0.336493
0.375382 0.0970599 0.334982
0.376383 0.0963422 0.333472
0.377384 0.0956302 0.331963
0.378385 0.0949236 0.330455
0.379386 0.0942225 0.328949
0.380387 0.0935266 0.327445
0.381388 0.0928361 0.325943
0.382389 0.0921506 0.324443
0.38339 0.0914703 0.322945
0.384391 0.090795 0.32145
0.385392 0.0901246 0.319957
0.386393 0.089459 0.318467
0.387394 0.0887985 0.316979
0.388395 0.0881433 0.315493
0.389395 0.0874934 0.314008
0.390396 0.0868486 0.312525
0.391397 0.0862089 0.311044
0.392398 0.0855742 0.309564
0.393399 0.0849443 0.308087
0.3944 0.0843192 0.306612
0.395401 0.0836987 0.305139
0.396402 0.0830829 0.303668
0.397403 0.0824715 0.302199
0.398404 0.0818645 0.300733
0.399405 0.0812619 0.29927
0.400406 0.0806634 0.297809
0.401407 0.0800691 0.29635
0.402408 0.0794789 0.294895
0.403409 0.0788928 0.293442
0.40441 0.0783111 0.29199
0.405411 0.0777339 0.290541
0.406412 0.077161 0.289093
0.407413 0.0765925 0.287647
0.408414 0.0760281 0.286204
0.409415 0.075468 0.284762
0.410416 0.0749119 0.283324
0.411417 0.0743599 0.281888
0.412418 0.073812 0.280454
0.413419 0.0732679 0.279024
0.41442 0.0727278 0.277597
0.415421 0.0721914 0.276173
0.416422 0.0716589 0.274752
0.417423 0.0711301 0.273335
0.418424 0.070605 0.271922
0.419425 0.0700835 0.270512
0.420426 0.0695661 0.269105
0.421427 0.0690527 0.2677
0.422428 0.0685432 0.266298
0.423429 0.0680376 0.264899
0.42443 0.0675357 0.263503
0.425431 0.0670375 0.262109
0.426432 0.066543 0.260719
0.427433 0.0660519 0.259332
0.428434 0.0655644 0.257948
0.429435 0.0650802 0.256567
0.430436 0.0645994 0.255189
0.431437 0.0641218 0.253815
0.432438 0.0636475 0.252444
0.433439 0.0631763 0.251077
0.43444 0.0627081 0.249713
0.435441 0.0622429 0.248353
0.436442 0.0617811 0.246996
0.437443 0.0613225 0.245641
0.438444 0.0608673 0.244289
0.439445 0.0604153 0.24294
0.440446 0.0599665 0.241594
0.441447 0.0595209 0.240251
0.442448 0.0590785 0.238911
0.443449 0.0586391 0.237575
0.44445 0.0582028 0.236242
0.445451 0.0577695 0.234913
0.446452 0.0573392 0.233588
0.447453 0.0569118 0.232266
0.448454 0.0564873 0.230949
0.449455 0.0560657 0.229635
0.450456 0.0556469 0.228326
0.451457 0.0552309 0.227021
0.452458 0.0548177 0.22572
0.453459 0.0544077 0.224422
0.45446 0.0540007 0.223128
0.455461 0.0535966 0.221837
0.456462 0.0531954 0.220549
0.457463 0.0527971 0.219266
0.458464 0.0524016 0.217986
0.459465 0.0520088 0.216709
0.460466 0.0516188 0.215437
0.461467 0.0512313 0.214168
0.462468 0.0508465 0.212903
0.463469 0.0504642 0.211642
0.46447 0.0500844 0.210385
0.465471 0.0497071 0.209132
0.466472 0.0493321 0.207884
0.467473 0.0489595 0.206639
0.468474 0.0485892 0.205398
0.469475 0.0482214 0.204161
0.470476 0.0478562 0.202928
0.471477 0.0474935 0.201697
0.472478 0.0471333 0.200471
0.473479 0.0467755 0.199248
0.47448 0.0464202 0.198029
0.475481 0.0460673 0.196813
0.476482 0.0457167 0.195602
0.477483 0.0453686 0.194394
0.478484 0.0450227 0.193191
0.479485 0.0446791 0.191992
0.480486 0.0443379 0.190797
0.481487 0.0439988 0.189607
0.482488 0.043662 0.188421
0.483489 0.0433273 0.18724
0.48449 0.0429949 0.186063
0.485491 0.0426646 0.184891
0.486492 0.0423367 0.183723
0.487493 0.0420112 0.182559
0.488494 0.041688 0.181398
0.489495 0.041367 0.180242
0.490496 0.0410482 0.17909
0.491497 0.0407317 0.177942
0.492498 0.0404172 0.176798
0.493499 0.0401049 0.175659
0.4945 0.0397946 0.174523
0.495501 0.0394863 0.173392
0.496502 0.03918 0.172265
0.497503 0.0388756 0.171142
0.498504 0.0385732 0.170024
0.499505 0.0382726 0.16891
0.500505 0.0379738 0.1678
0.501506 0.0376768 0.166695
0.502507 0.0373817 0.165594
0.503508 0.0370886 0.164496
0.504509 0.0367974 0.163403
0.50551 0.0365082 0.162313
0.506511 0.0362209 0.161228
0.507512 0.0359355 0.160146
0.508513 0.035652 0.159069
0.509514 0.0353703 0.157995
0.510515 0.0350904 0.156926
0.511516 0.0348124 0.155862
0.512517 0.0345362 0.154801
0.513518 0.0342618 0.153746
0.514519 0.0339891 0.152694
0.51552 0.0337181 0.151648
0.516521 0.0334489 0.150606
0.517522 0.0331814 0.149568
0.518523 0.0329156 0.148536
0.519524 0.0326516 0.147508
0.520525 0.0323894 0.146484
0.521526 0.032129 0.145465
0.522527 0.0318704 0.14445
0.523528 0.0316136 0.143439
0.524529 0.0313585 0.142432
0.52553 0.031105 0.14143
0.526531 0.0308533 0.140432
0.527532 0.0306031 0.139438
0.528533 0.0303546 0.138449
0.529534 0.0301076 0.137464
0.530535 0.0298622 0.136483
0.531536 0.0296184 0.135507
0.532537 0.029376 0.134536
0.533538 0.0291351 0.133568
0.534539 0.0288956 0.132605
0.53554 0.0286576 0.131647
0.536541 0.0284211 0.130692
0.537542 0.0281861 0.129742
0.538543 0.0279526 0.128795
0.539544 0.0277207 0.127853
0.540545 0.0274903 0.126915
0.541546 0.0272614 0.125981
0.542547 0.0270339 0.125051
0.543548 0.026808 0.124126
0.544549 0.0265835 0.123204
0.54555 0.0263604 0.122288
0.546551 0.0261388 0.121375
0.547552 0.0259186 0.120467
0.548553 0.0256998 0.119564
0.549554 0.0254824 0.118665
0.550555 0.0252664 0.117771
0.551556 0.0250517 0.116881
0.552557 0.0248385 0.115996
0.553558 0.0246266 0.115116
0.554559 0.0244163 0.114239
0.55556 0.0242074 0.113367
0.556561 0.0239999 0.1125
0.557562 0.0237938 0.111636
0.558563 0.0235891 0.110777
0.559564 0.0233858 0.109923
0.560565 0.0231838 0.109072
0.561566 0.0229831 0.108226
0.562567 0.0227837 0.107384
0.563568 0.0225856 0.106547
0.564569 0.0223887 0.105713
0.56557 0.0221931 0.104884
0.566571 0.0219986 0.104059
0.567572 0.0218054 0.103239
0.568573 0.0216133 0.102422
0.569574 0.0214223 0.10161
0.570575 0.0212326 0.100802
0.571576 0.0210441 0.0999982
0.572577 0.0208568 0.0991982
0.573578 0.0206708 0.0984022
0.574579 0.020486 0.0976103
0.57558 0.0203023 0.0968225
0.576581 0.0201199 0.0960389
0.577582 0.0199387 0.0952594
0.578583 0.0197587 0.094484
0.579584 0.0195798 0.0937129
0.580585 0.0194021 0.092946
0.581586 0.0192255 0.0921834
0.582587 0.0190502 0.0914251
0.583588 0.0188759 0.090671
0.584589 0.0187028 0.0899213
0.58559 0.0185309 0.0891759
0.586591 0.0183601 0.088435
0.587592 0.0181904 0.0876983
0.588593 0.0180219 0.0869658
0.589594 0.0178546 0.0862376
0.590595 0.0176885 0.0855134
0.591596 0.0175235 0.0847935
0.592597 0.0173596 0.0840776
0.593598 0.0171969 0.0833659
0.594599 0.0170352 0.0826583
0.5956 0.0168747 0.0819547
0.596601 0.0167152 0.0812552
0.597602 0.0165568 0.0805597
0.598603 0.0163994 0.0798683
0.599604 0.016243 0.0791809
0.600605 0.0160877 0.0784974
0.601606 0.0159333 0.0778179
0.602607 0.0157799 0.0771424
0.603608 0.0156275 0.0764708
0.604609 0.0154761 0.0758032
0.60561 0.0153257 0.0751393
0.606611 0.0151763 0.0744793
0.607612 0.0150279 0.0738232
0.608613 0.0148805 0.0731709
0.609614 0.0147342 0.0725224
0.610615 0.0145888 0.0718779
0.611615 0.0144444 0.0712372
0.612616 0.014301 0.0706004
0.613617 0.0141586 0.0699676
0.614618 0.0140172 0.0693386
0.615619 0.0138767 0.0687136
0.61662 0.0137372 0.0680925
0.617621 0.0135987 0.0674754
0.618622 0.0134611 0.0668622
0.619623 0.0133245 0.066253
0.620624 0.0131889 0.0656477
0.621625 0.0130542 0.0650464
0.622626 0.0129205 0.0644491
0.623627 0.0127877 0.0638557
0.624628 0.012656 0.0632662
0.625629 0.0125252 0.0626805
0.62663 0.0123954 0.0620987
0.627631 0.0122665 0.0615207
0.628632 0.0121385 0.0609465
0.629633 0.0120115 0.0603761
0.630634 0.0118854 0.0598094
0.631635 0.0117601 0.0592464
0.632636 0.0116358 0.0586871
0.633637 0.0115123 0.0581315
0.634638 0.0113897 0.0575795
0.635639 0.011268 0.0570311
0.63664 0.0111471 0.0564863
0.637641 0.0110271 0.0559451
0.638642 0.0109078 0.0554074
0.639643 0.0107895 0.0548732
0.640644 0.0106719 0.0543426
0.641645 0.0105553 0.0538156
0.642646 0.0104395 0.0532922
0.643647 0.0103245 0.0527722
0.644648 0.0102104 0.0522559
0.645649 0.0100972 0.0517431
0.64665 0.00998477 0.0512338
0.647651 0.0098732 0.050728
0.648652 0.00976247 0.0502257
0.649653 0.00965257 0.049727
0.650654 0.0095435 0.0492318
0.651655 0.00943526 0.0487401
0.652656 0.00932784 0.0482519
0.653657 0.00922124 0.0477672
0.654658 0.00911546 0.0472859
0.655659 0.00901049 0.0468082
0.65666 0.00890633 0.046334
0.657661 0.00880302 0.0458633
0.658662 0.00870055 0.0453961
0.659663 0.0085989 0.0449325
0.660664 0.00849808 0.0444723
0.661665 0.00839808 0.0440156
0.662666 0.00829887 0.0435623
0.663667 0.00820046 0.0431123
0.664668 0.00810284 0.0426657
0.665669 0.008006 0.0422225
0.66667 0.00790993 0.0417825
0.667671 0.00781462 0.0413457
0.668672 0.00772007 0.0409122
0.669673 0.00762626 0.0404818
0.670674 0.00753318 0.0400546
0.671675 0.00744084 0.0396306
0.672676 0.00734922 0.0392096
0.673677 0.00725831 0.0387917
0.674678 0.00716812 0.0383769
0.675679 0.00707868 0.0379653
0.67668 0.00698998 0.0375568
0.677681 0.00690202 0.0371516
0.678682 0.00681479 0.0367495
0.679683 0.0067283 0.0363505
0.680684 0.00664253 0.0359546
0.681685 0.00655749 0.0355618
0.682686 0.00647318 0.0351721
0.683687 0.00638959 0.0347855
0.684688 0.00630671 0.0344019
0.685689 0.00622456 0.0340214
0.68669 0.00614311 0.0336439
0.687691 0.00606238 0.0332694
0.688692 0.00598235 0.0328979
0.689693 0.00590303 0.0325294
0.690694 0.00582441 0.0321638
0.691695 0.0057465 0.0318013
0.692696 0.00566932 0.0314418
0.693697 0.00559286 0.0310855
0.694698 0.00551712 0.0307322
0.695699 0.0054421 0.0303819
0.6967 0.00536778 0.0300347
0.697701 0.00529416 0.0296904
0.698702 0.00522123 0.029349
0.699703 0.00514898 0.0290105
0.700704 0.0050774 0.0286749
0.701705 0.00500649 0.0283421
0.702706 0.00493624 0.028012
0.703707 0.00486663 0.0276847
0.704708 0.00479767 0.0273601
0.705709 0.00472934 0.0270382
0.70671 0.00466164 0.0267189
0.707711 0.00459456 0.0264022
0.708712 0.00452809 0.0260881
0.709713 0.00446225 0.0257766
0.710714 0.00439704 0.0254678
0.711715 0.00433249 0.0251618
0.712716 0.00426857 0.0248585
0.713717 0.00420529 0.0245579
0.714718 0.00414264 0.02426
0.715719 0.00408063 0.0239648
0.71672 0.00401924 0.0236721
0.717721 0.00395847 0.0233821
0.718722 0.00389832 0.0230947
0.719723 0.00383878 0.0228099
0.720724 0.00377986 0.0225276
0.721725 0.00372155 0.0222478
0.722725 0.00366383 0.0219705
0.723726 0.00360672 0.0216957
0.724727 0.00355021 0.0214234
0.725728 0.00349429 0.0211536
0.726729 0.00343896 0.0208861
0.72773 0.00338424 0.0206212
0.728731 0.00333016 0.020359
0.729732 0.00327669 0.0200994
0.730733 0.00322385 0.0198423
0.731734 0.0031716 0.0195878
0.732735 0.00311996 0.0193357
0.733736 0.0030689 0.0190861
0.734737 0.00301843 0.0188389
0.735738 0.00296853 0.0185941
0.736739 0.00291919 0.0183516
0.73774 0.00287041 0.0181114
0.738741 0.00282218 0.0178735
0.739742 0.00277449 0.0176378
0.740743 0.00272733 0.0174044
0.741744 0.0026807 0.017173
0.742745 0.00263459 0.0169438
0.743746 0.00258898 0.0167167
0.744747 0.00254388 0.0164916
0.745748 0.00249933 0.0162688
0.746749 0.00245533 0.0160483
0.74775 0.00241189 0.0158301
0.748751 0.00236898 0.0156141
0.749752 0.00232662 0.0154003
0.750753 0.00228479 0.0151887
0.751754 0.00224348 0.0149793
0.752755 0.00220269 0.014772
0.753756 0.00216242 0.0145669
0.754757 0.00212266 0.0143638
0.755758 0.0020834 0.0141628
0.756759 0.00204463 0.0139639
0.75776 0.00200636 0.0137669
0.758761 0.00196857 0.013572
0.759762 0.00193125 0.013379
0.760763 0.00189442 0.0131879
0.761764 0.00185805 0.0129988
0.762765 0.00182215 0.0128116
0.763766 0.00178677 0.0126265
0.764767 0.00175191 0.0124436
0.765768 0.00171757 0.0122627
0.766769 0.00168372 0.0120839
0.76777 0.00165037 0.0119072
0.768771 0.0016175 0.0117324
0.769772 0.00158511 0.0115596
0.770773 0.00155318 0.0113887
0.771774 0.00152171 0.0112197
0.772775 0.00149069 0.0110525
0.773776 0.00146011 0.0108871
0.774777 0.00142996 0.0107235
0.775778 0.00140024 0.0105617
0.776779 0.00137092 0.0104015
0.77778 0.00134201 0.010243
0.778781 0.0013135 0.0100862
0.779782 0.00128538 0.00993096
0.780783 0.00125766 0.00977736
0.781784 0.00123039 0.00962561
0.782785 0.00120357 0.00947568
0.783786 0.0011772 0.00932757
0.784787 0.00115126 0.00918123
0.785788 0.00112575 0.00903665
0.786789 0.00110066 0.00889379
0.78779 0.00107598 0.00875262
0.788791 0.00105171 0.00861313
0.789792 0.00102783 0.00847528
0.790793 0.00100433 0.00833905
0.791794 0.00098122 0.00820441
0.792795 0.000958478 0.00807133
0.793796 0.0009361 0.0079398
0.794797 0.000914078 0.00780978
0.795798 0.000892405 0.00768124
0.796799 0.000871073 0.00755417
0.7978 0.000850075 0.00742854
0.798801 0.000829431 0.00730441
0.799802 0.000809199 0.00718197
0.800803 0.00078937 0.00706119
0.801804 0.000769935 0.00694203
0.802805 0.000750881 0.00682447
0.803806 0.000732201 0.00670846
0.804807 0.000713883 0.00659398
0.805808 0.000695917 0.006481
0.806809 0.000678293 0.00636947
0.80781 0.000661002 0.00625937
0.808811 0.000644034 0.00615067
0.809812 0.000627378 0.00604333
0.810813 0.000611025 0.00593732
0.811814 0.000594966 0.00583261
0.812815 0.000579191 0.00572916
0.813816 0.00056369 0.00562696
0.814817 0.000548454 0.00552596
0.815818 0.000533474 0.00542613
0.816819 0.000518779 0.00532757
0.81782 0.000504425 0.00523043
0.818821 0.000490405 0.00513469
0.819822 0.000476709 0.00504033
0.820823 0.000463328 0.00494732
0.821824 0.000450251 0.00485563
0.822825 0.00043747 0.00476524
0.823826 0.000424975 0.00467613
0.824827 0.000412757 0.00458825
0.825828 0.000400806 0.0045016
0.826829 0.000389114 0.00441614
0.82783 0.000377671 0.00433185
0.828831 0.000366468 0.0042487
0.829832 0.000355497 0.00416668
0.830833 0.000344748 0.00408574
0.831834 0.000334212 0.00400587
0.832835 0.000323881 0.00392705
0.833835 0.000313747 0.00384925
0.834836 0.000303841 0.00377256
0.835837 0.00029422 0.00369713
0.836838 0.000284873 0.00362293
0.837839 0.000275791 0.00354994
0.83884 0.000266963 0.00347812
0.839841 0.00025838 0.00340745
0.840842 0.000250031 0.0033379
0.841843 0.000241907 0.00326943
0.842844 0.000233998 0.00320202
0.843845 0.000226294 0.00313564
0.844846 0.000218786 0.00307026
0.845847 0.000211464 0.00300586
0.846848 0.000204318 0.00294241
0.847849 0.00019734 0.00287987
0.84885 0.000190519 0.00281822
0.849851 0.000183847 0.00275743
0.850852 0.000177314 0.00269748
0.851853 0.000170911 0.00263834
0.852854 0.00016467 0.0025801
0.853855 0.000158645 0.0025229
0.854856 0.000152827 0.00246672
0.855857 0.000147208 0.00241154
0.856858 0.000141779 0.00235733
0.857859 0.00013653 0.00230407
0.85886 0.000131454 0.00225173
0.859861 0.000126543 0.00220029
0.860862 0.000121787 0.00214973
0.861863 0.000117178 0.00210003
0.862864 0.000112707 0.00205115
0.863865 0.000108368 0.00200308
0.864866 0.00010415 0.0019558
0.865867 0.000100047 0.00190928
0.866868 9.60498e-05 0.0018635
0.867869 9.21505e-05 0.00181844
0.86887 8.8341e-05 0.00177408
0.869871 8.46134e-05 0.00173039
0.870872 8.09954e-05 0.00168745
0.871873 7.75345e-05 0.0016454
0.872874 7.42237e-05 0.00160422
0.873875 7.10553e-05 0.00156388
0.874876 6.80217e-05 0.00152436
0.875877 6.51154e-05 0.00148564
0.876878 6.23288e-05 0.00144768
0.877879 5.96545e-05 0.00141046
0.87888 5.7085e-05 0.00137397
0.879881 5.4613e-05 0.00133817
0.880882 5.22312e-05 0.00130305
0.881883 4.99323e-05 0.00126857
0.882884 4.7709e-05 0.00123472
0.883885 4.55543e-05 0.00120147
0.884886 4.3461e-05 0.0011688
0.885887 4.1422e-05 0.00113669
0.886888 3.94304e-05 0.00110511
0.887889 3.7479e-05 0.00107404
0.88889 3.55878e-05 0.00104355
0.889891 3.37977e-05 0.00101377
0.890892 3.2104e-05 0.000984681
0.891893 3.0501e-05 0.00095627
0.892894 2.89832e-05 0.000928512
0.893895 2.75451e-05 0.000901388
0.894896 2.61812e-05 0.000874876
0.895897 2.48859e-05 0.000848958
0.896898 2.3654e-05 0.000823613
0.897899 2.248e-05 0.000798821
0.8989 2.13586e-05 0.000774562
0.899901 2.02844e-05 0.000750817
0.900902 1.92522e-05 0.000727567
0.901903 1.82568e-05 0.000704792
0.902904 1.72929e-05 0.000682472
0.903905 1.63554e-05 0.00066059
0.904906 1.5439e-05 0.000639125
0.905907 1.45388e-05 0.000618059
0.906908 1.36676e-05 0.000597449
0.907909 1.28554e-05 0.000577422
0.90891 1.20992e-05 0.00055796
0.909911 1.13952e-05 0.000539044
0.910912 1.07398e-05 0.000520653
0.911913 1.01292e-05 0.000502768
0.912914 9.55965e-06 0.000485368
0.913915 9.02752e-06 0.000468434
0.914916 8.52914e-06 0.000451946
0.915917 8.06088e-06 0.000435885
0.916918 7.61914e-06 0.000420231
0.917919 7.20034e-06 0.000404966
0.91892 6.8009e-06 0.00039007
0.919921 6.4173e-06 0.000375524
0.920922 6.04601e-06 0.00036131
0.921923 5.68355e-06 0.000347408
0.922924 5.32645e-06 0.0003338
0.923925 4.97126e-06 0.000320468
0.924926 4.62581e-06 0.000307465
0.925927 4.30866e-06 0.000294907
0.926928 4.01828e-06 0.000282781
0.927929 3.75267e-06 0.00027107
0.92893 3.50985e-06 0.000259756
0.929931 3.28784e-06 0.000248821
0.930932 3.08468e-06 0.00023825
0.931933 2.89841e-06 0.000228025
0.932934 2.72712e-06 0.00021813
0.933935 2.56886e-06 0.000208547
0.934936 2.42173e-06 0.000199261
0.935937 2.28384e-06 0.000190254
0.936938 2.15328e-06 0.000181511
0.937939 2.02819e-06 0.000173015
0.93894 1.9067e-06 0.000164751
0.939941 1.78696e-06 0.000156702
0.940942 1.66714e-06 0.000148851
0.941943 1.54539e-06 0.000141184
0.942944 1.42704e-06 0.000133766
0.943945 1.32013e-06 0.000126685
0.944945 1.22383e-06 0.000119926
0.945946 1.13726e-06 0.000113474
0.946947 1.05954e-06 0.000107313
0.947948 9.89813e-07 0.000101427
0.948949 9.27213e-07 9.58003e-05
0.94995 8.70887e-07 9.04187e-05
0.950951 8.19984e-07 8.52662e-05
0.951952 7.7366e-07 8.03279e-05
0.952953 7.31076e-07 7.55886e-05
0.953954 6.91397e-07 7.10334e-05
0.954955 6.53795e-07 6.66473e-05
0.955956 6.17446e-07 6.24156e-05
0.956957 5.81531e-07 5.83235e-05
0.957958 5.45237e-07 5.43566e-05
0.958959 5.07756e-07 5.05002e-05
0.95996 4.68574e-07 4.67477e-05
0.960961 4.31689e-07 4.32092e-05
0.961962 3.98386e-07 3.99129e-05
0.962963 3.68368e-07 3.68434e-05
0.963964 3.4134e-07 3.39856e-05
0.964965 3.1701e-07 3.13242e-05
0.965966 2.95087e-07 2.88443e-05
0.966967 2.75281e-07 2.65307e-05
0.967968 2.57306e-07 2.43688e-05
0.968969 2.40875e-07 2.23436e-05
0.96997 2.25705e-07 2.04405e-05
0.970971 2.11514e-07 1.86449e-05
0.971972 1.98021e-07 1.69423e-05
0.972973 1.84948e-07 1.53182e-05
0.973974 1.72018e-07 1.37583e-05
0.974975 1.58956e-07 1.22485e-05
0.975976 1.45487e-07 1.07744e-05
0.976977 1.31603e-07 9.34209e-06
0.977978 1.18808e-07 8.06822e-06
0.978979 1.07282e-07 6.95992e-06
0.97998 9.6898e-08 6.00035e-06
0.980981 8.75321e-08 5.17279e-06
0.981982 7.90593e-08 4.46058e-06
0.982983 7.13559e-08 3.84721e-06
0.983984 6.4299e-08 3.31623e-06
0.984985 5.77662e-08 2.8513e-06
0.985986 5.16362e-08 2.4362e-06
0.986987 4.5788e-08 2.05478e-06
0.987988 4.01018e-08 1.691e-06
0.988989 3.44582e-08 1.32892e-06
0.98999 2.87386e-08 9.52697e-07
0.990991 2.32377e-08 6.04751e-07
0.991992 1.86497e-08 3.80184e-07
0.992993 1.48135e-08 2.50353e-07
0.993994 1.15431e-08 1.83074e-07
0.994995 8.65343e-09 1.46356e-07
0.995996 5.9605e-09 1.08403e-07
0.996997 3.42579e-09 5.12818e-08
0.997998 1.76365e-09 3.79341e-08
0.998999 5.31539e-10 3.23376e-08
1 0 4.58928e-24
