1.5 2.00641 0.382988
1.5986 2.52179 0.399479
1.6972 3.0143 0.415401
1.7958 3.48318 0.430696
1.89439 3.93144 0.445435
1.99299 4.35983 0.459623
2.09159 4.7686 0.473256
2.19019 5.15991 0.486387
2.28879 5.53528 0.499055
2.38739 5.89523 0.511269
2.48599 6.24034 0.523043
2.58458 6.57183 0.534409
2.68318 6.8912 0.545407
2.78178 7.19897 0.556051
2.88038 7.49563 0.566356
2.97898 7.78167 0.576332
3.07758 8.05761 0.585996
3.17618 8.32455 0.595378
3.27477 8.58304 0.604495
3.37337 8.83346 0.613356
3.47197 9.07617 0.621974
3.57057 9.31149 0.630356
3.66917 9.53973 0.638512
3.76777 9.76119 0.646451
3.86637 9.9772 0.654188
3.96496 10.1885 0.661737
4.06356 10.3949 0.669106
4.16216 10.5959 0.676302
4.26076 10.7913 0.683331
4.35936 10.9809 0.6902
4.45796 11.1646 0.696914
4.55656 11.3422 0.70348
4.65516 11.5137 0.709902
4.75375 11.679 0.716185
4.85235 11.8384 0.722339
4.95095 11.9925 0.72837
5.04955 12.1417 0.734284
5.14815 12.2865 0.740083
5.24675 12.4273 0.745771
5.34535 12.5645 0.751352
5.44394 12.6983 0.75683
5.54254 12.8292 0.762206
5.64114 12.9573 0.767485
5.73974 13.0829 0.772669
5.83834 13.2062 0.777761
5.93694 13.3276 0.782764
6.03554 13.4471 0.78768
6.13413 13.5649 0.792511
6.23273 13.6809 0.797263
6.33133 13.7949 0.801939
6.42993 13.907 0.806541
6.52853 14.0172 0.811071
6.62713 14.1256 0.815531
6.72573 14.2322 0.819924
6.82432 14.3371 0.824251
6.92292 14.4402 0.828513
7.02152 14.5418 0.832713
7.12012 14.6417 0.836851
7.21872 14.7401 0.84093
7.31732 14.837 0.844951
7.41592 14.9324 0.848916
7.51451 15.0264 0.852825
7.61311 15.1189 0.856681
7.71171 15.2101 0.860483
7.81031 15.3 0.864235
7.90891 15.3885 0.867936
8.00751 15.4758 0.871589
8.10611 15.5619 0.875193
8.2047 15.6467 0.878752
8.3033 15.7305 0.882267
8.4019 15.8131 0.885738
8.5005 15.8946 0.889168
8.5991 15.9751 0.892556
8.6977 16.0546 0.895904
8.7963 16.133 0.899213
8.89489 16.2105 0.902483
8.99349 16.287 0.905715
9.09209 16.3625 0.90891
9.19069 16.4372 0.912069
9.28929 16.5109 0.915192
9.38789 16.5837 0.918281
9.48649 16.6557 0.921335
9.58509 16.7268 0.924356
9.68368 16.7971 0.927344
9.78228 16.8665 0.9303
9.88088 16.9352 0.933225
9.97948 17.0031 0.936119
10.0781 17.0702 0.938982
10.1767 17.1365 0.941815
10.2753 17.2021 0.94462
10.3739 17.267 0.947395
10.4725 17.3312 0.950142
10.5711 17.3947 0.952862
10.6697 17.4575 0.955555
10.7683 17.5196 0.958221
10.8669 17.581 0.96086
10.9655 17.6418 0.963474
11.0641 17.702 0.966063
11.1627 17.7616 0.968629
11.2613 17.8206 0.97117
11.3599 17.879 0.973688
11.4585 17.9369 0.976184
11.5571 17.9941 0.978657
11.6557 18.0509 0.981107
11.7543 18.107 0.983536
11.8529 18.1627 0.985944
11.9515 18.2178 0.98833
12.0501 18.2724 0.990696
12.1486 18.3265 0.993041
12.2472 18.3801 0.995366
12.3458 18.4332 0.997671
12.4444 18.4858 0.999957
12.543 18.5379 1.00222
12.6416 18.5896 1.00447
12.7402 18.6408 1.0067
12.8388 18.6916 1.00891
12.9374 18.7419 1.0111
13.036 18.7918 1.01328
13.1346 18.8412 1.01544
13.2332 18.8902 1.01758
13.3318 18.9388 1.0197
13.4304 18.987 1.02181
13.529 19.0347 1.02389
13.6276 19.0821 1.02597
13.7262 19.129 1.02803
13.8248 19.1756 1.03007
13.9234 19.2218 1.03209
14.022 19.2676 1.0341
14.1206 19.3131 1.0361
14.2192 19.3581 1.03808
14.3178 19.4028 1.04004
14.4164 19.4472 1.042
14.515 19.4912 1.04393
14.6136 19.5348 1.04585
14.7122 19.5781 1.04776
14.8108 19.6211 1.04966
14.9094 19.6637 1.05154
15.008 19.706 1.0534
15.1066 19.748 1.05526
15.2052 19.7896 1.0571
15.3038 19.831 1.05893
15.4024 19.872 1.06074
15.501 19.9128 1.06255
15.5996 19.9532 1.06434
15.6982 19.9934 1.06612
15.7968 20.0332 1.06788
15.8954 20.0728 1.06964
15.994 20.1121 1.07138
16.0926 20.1512 1.07312
16.1912 20.1899 1.07484
16.2898 20.2284 1.07655
16.3884 20.2666 1.07825
16.487 20.3046 1.07994
16.5856 20.3423 1.08162
16.6842 20.3797 1.08328
16.7828 20.4169 1.08494
16.8814 20.4538 1.08659
16.98 20.4905 1.08822
17.0786 20.5269 1.08985
17.1772 20.5631 1.09146
17.2758 20.5991 1.09307
17.3744 20.6348 1.09467
17.473 20.6703 1.09625
17.5716 20.7055 1.09783
17.6702 20.7406 1.0994
17.7688 20.7754 1.10095
17.8674 20.81 1.1025
17.966 20.8443 1.10404
18.0646 20.8785 1.10557
18.1632 20.9124 1.10709
18.2618 20.9461 1.10861
18.3604 20.9796 1.11011
18.459 21.0129 1.11161
18.5576 21.046 1.11309
18.6562 21.0789 1.11457
18.7548 21.1115 1.11604
18.8534 21.144 1.1175
18.952 21.1763 1.11896
19.0506 21.2084 1.1204
19.1491 21.2403 1.12184
19.2477 21.272 1.12327
19.3463 21.3035 1.12469
19.4449 21.3349 1.1261
19.5435 21.366 1.12751
19.6421 21.397 1.1289
19.7407 21.4278 1.13029
19.8393 21.4584 1.13168
19.9379 21.4888 1.13305
20.0365 21.519 1.13442
20.1351 21.5491 1.13578
20.2337 21.579 1.13713
20.3323 21.6088 1.13848
20.4309 21.6383 1.13982
20.5295 21.6677 1.14115
20.6281 21.697 1.14248
20.7267 21.726 1.14379
20.8253 21.7549 1.14511
20.9239 21.7837 1.14641
21.0225 21.8123 1.14771
21.1211 21.8407 1.149
21.2197 21.869 1.15028
21.3183 21.8971 1.15156
21.4169 21.9251 1.15283
21.5155 21.9529 1.1541
21.6141 21.9806 1.15536
21.7127 22.0081 1.15661
21.8113 22.0355 1.15786
21.9099 22.0627 1.1591
22.0085 22.0898 1.16033
22.1071 22.1168 1.16156
22.2057 22.1436 1.16279
22.3043 22.1703 1.164
22.4029 22.1968 1.16522
22.5015 22.2232 1.16642
22.6001 22.2495 1.16762
22.6987 22.2757 1.16882
22.7973 22.3017 1.17001
22.8959 22.3276 1.17119
22.9945 22.3533 1.17237
23.0931 22.379 1.17354
23.1917 22.4045 1.17471
23.2903 22.4298 1.17587
23.3889 22.4551 1.17703
23.4875 22.4802 1.17818
23.5861 22.5053 1.17932
23.6847 22.5301 1.18047
23.7833 22.5549 1.1816
23.8819 22.5796 1.18273
23.9805 22.6041 1.18386
24.0791 22.6285 1.18498
24.1777 22.6528 1.1861
24.2763 22.677 1.18721
24.3749 22.7011 1.18831
24.4735 22.7251 1.18942
24.5721 22.7489 1.19051
24.6707 22.7727 1.1916
24.7693 22.7963 1.19269
24.8679 22.8198 1.19377
24.9665 22.8432 1.19485
25.0651 22.8665 1.19593
25.1637 22.8897 1.197
25.2623 22.9128 1.19806
25.3609 22.9358 1.19912
25.4595 22.9587 1.20018
25.5581 22.9815 1.20123
25.6567 23.0042 1.20227
25.7553 23.0268 1.20332
25.8539 23.0493 1.20435
25.9525 23.0716 1.20539
26.0511 23.0939 1.20642
26.1496 23.1161 1.20744
26.2482 23.1382 1.20846
26.3468 23.1602 1.20948
26.4454 23.1821 1.21049
26.544 23.2039 1.2115
26.6426 23.2256 1.21251
26.7412 23.2472 1.21351
26.8398 23.2687 1.2145
26.9384 23.2902 1.2155
27.037 23.3115 1.21649
27.1356 23.3327 1.21747
27.2342 23.3539 1.21845
27.3328 23.375 1.21943
27.4314 23.396 1.2204
27.53 23.4168 1.22137
27.6286 23.4377 1.22234
27.7272 23.4584 1.2233
27.8258 23.479 1.22426
27.9244 23.4996 1.22521
28.023 23.52 1.22616
28.1216 23.5404 1.22711
28.2202 23.5607 1.22806
28.3188 23.5809 1.229
28.4174 23.601 1.22993
28.516 23.6211 1.23087
28.6146 23.6411 1.2318
28.7132 23.6609 1.23272
28.8118 23.6807 1.23364
28.9104 23.7005 1.23456
29.009 23.7201 1.23548
29.1076 23.7397 1.23639
29.2062 23.7592 1.2373
29.3048 23.7786 1.23821
29.4034 23.798 1.23911
29.502 23.8172 1.24001
29.6006 23.8364 1.2409
29.6992 23.8555 1.2418
29.7978 23.8746 1.24269
29.8964 23.8935 1.24357
29.995 23.9124 1.24445
30.0936 23.9312 1.24533
30.1922 23.95 1.24621
30.2908 23.9687 1.24708
30.3894 23.9873 1.24796
30.488 24.0058 1.24882
30.5866 24.0243 1.24969
30.6852 24.0427 1.25055
30.7838 24.061 1.25141
30.8824 24.0792 1.25226
30.981 24.0974 1.25311
31.0796 24.1156 1.25396
31.1782 24.1336 1.25481
31.2768 24.1516 1.25565
31.3754 24.1695 1.25649
31.474 24.1874 1.25733
31.5726 24.2051 1.25816
31.6712 24.2229 1.259
31.7698 24.2405 1.25983
31.8684 24.2581 1.26065
31.967 24.2757 1.26148
32.0656 24.2931 1.2623
32.1642 24.3105 1.26311
32.2628 24.3279 1.26393
32.3614 24.3452 1.26474
32.46 24.3624 1.26555
32.5586 24.3796 1.26636
32.6572 24.3967 1.26716
32.7558 24.4137 1.26797
32.8544 24.4307 1.26877
32.953 24.4476 1.26956
33.0516 24.4645 1.27036
33.1502 24.4813 1.27115
33.2487 24.498 1.27194
33.3473 24.5147 1.27273
33.4459 24.5314 1.27351
33.5445 24.5479 1.27429
33.6431 24.5645 1.27507
33.7417 24.5809 1.27585
33.8403 24.5974 1.27662
33.9389 24.6137 1.2774
34.0375 24.63 1.27816
34.1361 24.6463 1.27893
34.2347 24.6624 1.2797
34.3333 24.6786 1.28046
34.4319 24.6947 1.28122
34.5305 24.7107 1.28198
34.6291 24.7267 1.28273
34.7277 24.7426 1.28349
34.8263 24.7585 1.28424
34.9249 24.7743 1.28499
35.0235 24.7901 1.28573
35.1221 24.8058 1.28648
35.2207 24.8215 1.28722
35.3193 24.8371 1.28796
35.4179 24.8526 1.28869
35.5165 24.8682 1.28943
35.6151 24.8836 1.29016
35.7137 24.899 1.29089
35.8123 24.9144 1.29162
35.9109 24.9297 1.29235
36.0095 24.945 1.29307
36.1081 24.9602 1.29379
36.2067 24.9754 1.29451
36.3053 24.9905 1.29523
36.4039 25.0056 1.29595
36.5025 25.0206 1.29666
36.6011 25.0356 1.29737
36.6997 25.0505 1.29808
36.7983 25.0654 1.29879
36.8969 25.0803 1.29949
36.9955 25.0951 1.3002
37.0941 25.1098 1.3009
37.1927 25.1245 1.3016
37.2913 25.1392 1.30229
37.3899 25.1538 1.30299
37.4885 25.1684 1.30368
37.5871 25.1829 1.30437
37.6857 25.1974 1.30506
37.7843 25.2118 1.30575
37.8829 25.2262 1.30644
37.9815 25.2405 1.30712
38.0801 25.2548 1.3078
38.1787 25.2691 1.30848
38.2773 25.2833 1.30916
38.3759 25.2975 1.30983
38.4745 25.3116 1.31051
38.5731 25.3257 1.31118
38.6717 25.3398 1.31185
38.7703 25.3538 1.31252
38.8689 25.3678 1.31318
38.9675 25.3817 1.31385
39.0661 25.3956 1.31451
39.1647 25.4094 1.31517
39.2633 25.4232 1.31583
39.3619 25.437 1.31649
39.4605 25.4507 1.31714
39.5591 25.4644 1.3178
39.6577 25.478 1.31845
39.7563 25.4916 1.3191
39.8549 25.5052 1.31975
39.9535 25.5187 1.3204
40.0521 25.5322 1.32104
40.1507 25.5457 1.32168
40.2492 25.5591 1.32233
40.3478 25.5725 1.32297
40.4464 25.5858 1.3236
40.545 25.5991 1.32424
40.6436 25.6123 1.32488
40.7422 25.6256 1.32551
40.8408 25.6387 1.32614
40.9394 25.6519 1.32677
41.038 25.665 1.3274
41.1366 25.6781 1.32802
41.2352 25.6911 1.32865
41.3338 25.7041 1.32927
41.4324 25.7171 1.32989
41.531 25.73 1.33051
41.6296 25.7429 1.33113
41.7282 25.7557 1.33175
41.8268 25.7686 1.33237
41.9254 25.7813 1.33298
42.024 25.7941 1.33359
42.1226 25.8068 1.3342
42.2212 25.8195 1.33481
42.3198 25.8321 1.33542
42.4184 25.8447 1.33602
42.517 25.8573 1.33663
42.6156 25.8699 1.33723
42.7142 25.8824 1.33783
42.8128 25.8949 1.33843
42.9114 25.9073 1.33903
43.01 25.9197 1.33963
43.1086 25.9321 1.34022
43.2072 25.9444 1.34082
43.3058 25.9567 1.34141
43.4044 25.969 1.342
43.503 25.9812 1.34259
43.6016 25.9935 1.34318
43.7002 26.0056 1.34376
43.7988 26.0178 1.34435
43.8974 26.0299 1.34493
43.996 26.042 1.34551
44.0946 26.054 1.34609
44.1932 26.066 1.34667
44.2918 26.078 1.34725
44.3904 26.09 1.34783
44.489 26.1019 1.3484
44.5876 26.1138 1.34898
44.6862 26.1257 1.34955
44.7848 26.1375 1.35012
44.8834 26.1493 1.35069
44.982 26.1611 1.35126
45.0806 26.1728 1.35182
45.1792 26.1845 1.35239
45.2778 26.1962 1.35295
45.3764 26.2079 1.35352
45.475 26.2195 1.35408
45.5736 26.2311 1.35464
45.6722 26.2426 1.3552
45.7708 26.2542 1.35575
45.8694 26.2657 1.35631
45.968 26.2772 1.35686
46.0666 26.2886 1.35742
46.1652 26.3 1.35797
46.2638 26.3114 1.35852
46.3624 26.3228 1.35907
46.461 26.3341 1.35962
46.5596 26.3454 1.36017
46.6582 26.3567 1.36071
46.7568 26.3679 1.36126
46.8554 26.3792 1.3618
46.954 26.3904 1.36234
47.0526 26.4015 1.36288
47.1512 26.4127 1.36342
47.2497 26.4238 1.36396
47.3483 26.4349 1.3645
47.4469 26.4459 1.36503
47.5455 26.4569 1.36557
47.6441 26.4679 1.3661
47.7427 26.4789 1.36663
47.8413 26.4899 1.36716
47.9399 26.5008 1.36769
48.0385 26.5117 1.36822
48.1371 26.5226 1.36875
48.2357 26.5334 1.36928
48.3343 26.5442 1.3698
48.4329 26.555 1.37032
48.5315 26.5658 1.37085
48.6301 26.5765 1.37137
48.7287 26.5872 1.37189
48.8273 26.5979 1.37241
48.9259 26.6086 1.37293
49.0245 26.6192 1.37344
49.1231 26.6299 1.37396
49.2217 26.6405 1.37448
49.3203 26.651 1.37499
49.4189 26.6616 1.3755
49.5175 26.6721 1.37601
49.6161 26.6826 1.37652
49.7147 26.6931 1.37703
49.8133 26.7035 1.37754
49.9119 26.7139 1.37805
50.0105 26.7243 1.37855
50.1091 26.7347 1.37906
50.2077 26.7451 1.37956
50.3063 26.7554 1.38007
50.4049 26.7657 1.38057
50.5035 26.776 1.38107
50.6021 26.7862 1.38157
50.7007 26.7965 1.38207
50.7993 26.8067 1.38256
50.8979 26.8169 1.38306
50.9965 26.827 1.38356
51.0951 26.8372 1.38405
51.1937 26.8473 1.38454
51.2923 26.8574 1.38504
51.3909 26.8675 1.38553
51.4895 26.8775 1.38602
51.5881 26.8876 1.38651
51.6867 26.8976 1.387
51.7853 26.9075 1.38748
51.8839 26.9175 1.38797
51.9825 26.9275 1.38846
52.0811 26.9374 1.38894
52.1797 26.9473 1.38942
52.2783 26.9572 1.38991
52.3769 26.967 1.39039
52.4755 26.9768 1.39087
52.5741 26.9867 1.39135
52.6727 26.9964 1.39182
52.7713 27.0062 1.3923
52.8699 27.016 1.39278
52.9685 27.0257 1.39325
53.0671 27.0354 1.39373
53.1657 27.0451 1.3942
53.2643 27.0547 1.39467
53.3629 27.0644 1.39515
53.4615 27.074 1.39562
53.5601 27.0836 1.39609
53.6587 27.0932 1.39656
53.7573 27.1028 1.39702
53.8559 27.1123 1.39749
53.9545 27.1218 1.39796
54.0531 27.1313 1.39842
54.1517 27.1408 1.39889
54.2503 27.1503 1.39935
54.3488 27.1597 1.39981
54.4474 27.1691 1.40027
54.546 27.1785 1.40073
54.6446 27.1879 1.40119
54.7432 27.1973 1.40165
54.8418 27.2066 1.40211
54.9404 27.2159 1.40257
55.039 27.2252 1.40302
55.1376 27.2345 1.40348
55.2362 27.2438 1.40393
55.3348 27.253 1.40439
55.4334 27.2623 1.40484
55.532 27.2715 1.40529
55.6306 27.2806 1.40574
55.7292 27.2898 1.40619
55.8278 27.299 1.40664
55.9264 27.3081 1.40709
56.025 27.3172 1.40754
56.1236 27.3263 1.40798
56.2222 27.3354 1.40843
56.3208 27.3444 1.40887
56.4194 27.3535 1.40932
56.518 27.3625 1.40976
56.6166 27.3715 1.4102
56.7152 27.3805 1.41064
56.8138 27.3894 1.41109
56.9124 27.3984 1.41153
57.011 27.4073 1.41196
57.1096 27.4162 1.4124
57.2082 27.4251 1.41284
57.3068 27.434 1.41328
57.4054 27.4429 1.41371
57.504 27.4517 1.41415
57.6026 27.4605 1.41458
57.7012 27.4693 1.41501
57.7998 27.4781 1.41545
57.8984 27.4869 1.41588
57.997 27.4956 1.41631
58.0956 27.5044 1.41674
58.1942 27.5131 1.41717
58.2928 27.5218 1.4176
58.3914 27.5305 1.41802
58.49 27.5391 1.41845
58.5886 27.5478 1.41888
58.6872 27.5564 1.4193
58.7858 27.565 1.41973
58.8844 27.5736 1.42015
58.983 27.5822 1.42057
59.0816 27.5908 1.421
59.1802 27.5993 1.42142
59.2788 27.6079 1.42184
59.3774 27.6164 1.42226
59.476 27.6249 1.42268
59.5746 27.6334 1.4231
59.6732 27.6418 1.42351
59.7718 27.6503 1.42393
59.8704 27.6587 1.42435
59.969 27.6671 1.42476
60.0676 27.6755 1.42518
60.1662 27.6839 1.42559
60.2648 27.6923 1.426
60.3634 27.7006 1.42642
60.462 27.709 1.42683
60.5606 27.7173 1.42724
60.6592 27.7256 1.42765
60.7578 27.7339 1.42806
60.8564 27.7422 1.42847
60.955 27.7504 1.42888
61.0536 27.7587 1.42928
61.1522 27.7669 1.42969
61.2508 27.7751 1.4301
61.3493 27.7833 1.4305
61.4479 27.7915 1.43091
61.5465 27.7996 1.43131
61.6451 27.8078 1.43171
61.7437 27.8159 1.43212
61.8423 27.824 1.43252
61.9409 27.8322 1.43292
62.0395 27.8402 1.43332
62.1381 27.8483 1.43372
62.2367 27.8564 1.43412
62.3353 27.8644 1.43452
62.4339 27.8725 1.43491
62.5325 27.8805 1.43531
62.6311 27.8885 1.43571
62.7297 27.8965 1.4361
62.8283 27.9044 1.4365
62.9269 27.9124 1.43689
63.0255 27.9203 1.43728
63.1241 27.9283 1.43768
63.2227 27.9362 1.43807
63.3213 27.9441 1.43846
63.4199 27.952 1.43885
63.5185 27.9598 1.43924
63.6171 27.9677 1.43963
63.7157 27.9755 1.44002
63.8143 27.9834 1.44041
63.9129 27.9912 1.4408
64.0115 27.999 1.44118
64.1101 28.0068 1.44157
64.2087 28.0145 1.44196
64.3073 28.0223 1.44234
64.4059 28.03 1.44272
64.5045 28.0378 1.44311
64.6031 28.0455 1.44349
64.7017 28.0532 1.44387
64.8003 28.0609 1.44426
64.8989 28.0685 1.44464
64.9975 28.0762 1.44502
65.0961 28.0838 1.4454
65.1947 28.0915 1.44578
65.2933 28.0991 1.44615
65.3919 28.1067 1.44653
65.4905 28.1143 1.44691
65.5891 28.1219 1.44729
65.6877 28.1295 1.44766
65.7863 28.137 1.44804
65.8849 28.1445 1.44841
65.9835 28.1521 1.44879
66.0821 28.1596 1.44916
66.1807 28.1671 1.44953
66.2793 28.1746 1.44991
66.3779 28.1821 1.45028
66.4765 28.1895 1.45065
66.5751 28.197 1.45102
66.6737 28.2044 1.45139
66.7723 28.2118 1.45176
66.8709 28.2192 1.45213
66.9695 28.2266 1.4525
67.0681 28.234 1.45286
67.1667 28.2414 1.45323
67.2653 28.2488 1.4536
67.3639 28.2561 1.45396
67.4625 28.2634 1.45433
67.5611 28.2708 1.45469
67.6597 28.2781 1.45506
67.7583 28.2854 1.45542
67.8569 28.2927 1.45578
67.9555 28.2999 1.45615
68.0541 28.3072 1.45651
68.1527 28.3144 1.45687
68.2513 28.3217 1.45723
68.3498 28.3289 1.45759
68.4484 28.3361 1.45795
68.547 28.3433 1.45831
68.6456 28.3505 1.45867
68.7442 28.3577 1.45902
68.8428 28.3648 1.45938
68.9414 28.372 1.45974
69.04 28.3791 1.46009
69.1386 28.3862 1.46045
69.2372 28.3934 1.4608
69.3358 28.4005 1.46116
69.4344 28.4076 1.46151
69.533 28.4146 1.46187
69.6316 28.4217 1.46222
69.7302 28.4288 1.46257
69.8288 28.4358 1.46292
69.9274 28.4428 1.46327
70.026 28.4499 1.46362
70.1246 28.4569 1.46397
70.2232 28.4639 1.46432
70.3218 28.4709 1.46467
70.4204 28.4778 1.46502
70.519 28.4848 1.46537
70.6176 28.4917 1.46572
70.7162 28.4987 1.46606
70.8148 28.5056 1.46641
70.9134 28.5125 1.46676
71.012 28.5194 1.4671
71.1106 28.5263 1.46745
71.2092 28.5332 1.46779
71.3078 28.5401 1.46813
71.4064 28.547 1.46848
71.505 28.5538 1.46882
71.6036 28.5606 1.46916
71.7022 28.5675 1.4695
71.8008 28.5743 1.46984
71.8994 28.5811 1.47019
71.998 28.5879 1.47053
72.0966 28.5947 1.47087
72.1952 28.6015 1.4712
72.2938 28.6082 1.47154
72.3924 28.615 1.47188
72.491 28.6217 1.47222
72.5896 28.6284 1.47256
72.6882 28.6352 1.47289
72.7868 28.6419 1.47323
72.8854 28.6486 1.47356
72.984 28.6553 1.4739
73.0826 28.6619 1.47423
73.1812 28.6686 1.47457
73.2798 28.6753 1.4749
73.3784 28.6819 1.47523
73.477 28.6886 1.47557
73.5756 28.6952 1.4759
73.6742 28.7018 1.47623
73.7728 28.7084 1.47656
73.8714 28.715 1.47689
73.97 28.7216 1.47722
74.0686 28.7281 1.47755
74.1672 28.7347 1.47788
74.2658 28.7413 1.47821
74.3644 28.7478 1.47854
74.463 28.7543 1.47887
74.5616 28.7609 1.47919
74.6602 28.7674 1.47952
74.7588 28.7739 1.47985
74.8574 28.7804 1.48017
74.956 28.7869 1.4805
75.0546 28.7933 1.48082
75.1532 28.7998 1.48115
75.2518 28.8062 1.48147
75.3504 28.8127 1.48179
75.4489 28.8191 1.48212
75.5475 28.8255 1.48244
75.6461 28.832 1.48276
75.7447 28.8384 1.48308
75.8433 28.8448 1.4834
75.9419 28.8511 1.48372
76.0405 28.8575 1.48405
76.1391 28.8639 1.48437
76.2377 28.8702 1.48468
76.3363 28.8766 1.485
76.4349 28.8829 1.48532
76.5335 28.8893 1.48564
76.6321 28.8956 1.48596
76.7307 28.9019 1.48627
76.8293 28.9082 1.48659
76.9279 28.9145 1.48691
77.0265 28.9207 1.48722
77.1251 28.927 1.48754
77.2237 28.9333 1.48785
77.3223 28.9395 1.48817
77.4209 28.9458 1.48848
77.5195 28.952 1.4888
77.6181 28.9582 1.48911
77.7167 28.9645 1.48942
77.8153 28.9707 1.48974
77.9139 28.9769 1.49005
78.0125 28.983 1.49036
78.1111 28.9892 1.49067
78.2097 28.9954 1.49098
78.3083 29.0016 1.49129
78.4069 29.0077 1.4916
78.5055 29.0138 1.49191
78.6041 29.02 1.49222
78.7027 29.0261 1.49253
78.8013 29.0322 1.49284
78.8999 29.0383 1.49314
78.9985 29.0444 1.49345
79.0971 29.0505 1.49376
79.1957 29.0566 1.49406
79.2943 29.0627 1.49437
79.3929 29.0687 1.49468
79.4915 29.0748 1.49498
79.5901 29.0808 1.49529
79.6887 29.0869 1.49559
79.7873 29.0929 1.49589
79.8859 29.0989 1.4962
79.9845 29.1049 1.4965
80.0831 29.1109 1.4968
80.1817 29.1169 1.49711
80.2803 29.1229 1.49741
80.3789 29.1289 1.49771
80.4775 29.1349 1.49801
80.5761 29.1408 1.49831
80.6747 29.1468 1.49861
80.7733 29.1527 1.49891
80.8719 29.1586 1.49921
80.9705 29.1646 1.49951
81.0691 29.1705 1.49981
81.1677 29.1764 1.50011
81.2663 29.1823 1.50041
81.3649 29.1882 1.5007
81.4635 29.1941 1.501
81.5621 29.2 1.5013
81.6607 29.2058 1.50159
81.7593 29.2117 1.50189
81.8579 29.2175 1.50219
81.9565 29.2234 1.50248
82.0551 29.2292 1.50278
82.1537 29.235 1.50307
82.2523 29.2409 1.50337
82.3509 29.2467 1.50366
82.4494 29.2525 1.50395
82.548 29.2583 1.50425
82.6466 29.2641 1.50454
82.7452 29.2698 1.50483
82.8438 29.2756 1.50512
82.9424 29.2814 1.50541
83.041 29.2871 1.5057
83.1396 29.2929 1.506
83.2382 29.2986 1.50629
83.3368 29.3043 1.50658
83.4354 29.3101 1.50687
83.534 29.3158 1.50715
83.6326 29.3215 1.50744
83.7312 29.3272 1.50773
83.8298 29.3329 1.50802
83.9284 29.3386 1.50831
84.027 29.3442 1.5086
84.1256 29.3499 1.50888
84.2242 29.3556 1.50917
84.3228 29.3612 1.50946
84.4214 29.3669 1.50974
84.52 29.3725 1.51003
84.6186 29.3781 1.51031
84.7172 29.3838 1.5106
84.8158 29.3894 1.51088
84.9144 29.395 1.51117
85.013 29.4006 1.51145
85.1116 29.4062 1.51173
85.2102 29.4117 1.51202
85.3088 29.4173 1.5123
85.4074 29.4229 1.51258
85.506 29.4285 1.51286
85.6046 29.434 1.51314
85.7032 29.4396 1.51343
85.8018 29.4451 1.51371
85.9004 29.4506 1.51399
85.999 29.4562 1.51427
86.0976 29.4617 1.51455
86.1962 29.4672 1.51483
86.2948 29.4727 1.51511
86.3934 29.4782 1.51538
86.492 29.4837 1.51566
86.5906 29.4892 1.51594
86.6892 29.4946 1.51622
86.7878 29.5001 1.5165
86.8864 29.5055 1.51677
86.985 29.511 1.51705
87.0836 29.5164 1.51733
87.1822 29.5219 1.5176
87.2808 29.5273 1.51788
87.3794 29.5327 1.51815
87.478 29.5382 1.51843
87.5766 29.5436 1.5187
87.6752 29.549 1.51898
87.7738 29.5544 1.51925
87.8724 29.5597 1.51953
87.971 29.5651 1.5198
88.0696 29.5705 1.52007
88.1682 29.5759 1.52035
88.2668 29.5812 1.52062
88.3654 29.5866 1.52089
88.464 29.5919 1.52116
88.5626 29.5973 1.52143
88.6612 29.6026 1.5217
88.7598 29.6079 1.52198
88.8584 29.6132 1.52225
88.957 29.6186 1.52252
89.0556 29.6239 1.52279
89.1542 29.6292 1.52305
89.2528 29.6344 1.52332
89.3514 29.6397 1.52359
89.4499 29.645 1.52386
89.5485 29.6503 1.52413
89.6471 29.6555 1.5244
89.7457 29.6608 1.52466
89.8443 29.6661 1.52493
89.9429 29.6713 1.5252
90.0415 29.6765 1.52547
90.1401 29.6818 1.52573
90.2387 29.687 1.526
90.3373 29.6922 1.52626
90.4359 29.6974 1.52653
90.5345 29.7026 1.52679
90.6331 29.7078 1.52706
90.7317 29.713 1.52732
90.8303 29.7182 1.52759
90.9289 29.7234 1.52785
91.0275 29.7285 1.52811
91.1261 29.7337 1.52838
91.2247 29.7389 1.52864
91.3233 29.744 1.5289
91.4219 29.7492 1.52916
91.5205 29.7543 1.52943
91.6191 29.7594 1.52969
91.7177 29.7646 1.52995
91.8163 29.7697 1.53021
91.9149 29.7748 1.53047
92.0135 29.7799 1.53073
92.1121 29.785 1.53099
92.2107 29.7901 1.53125
92.3093 29.7952 1.53151
92.4079 29.8003 1.53177
92.5065 29.8053 1.53203
92.6051 29.8104 1.53229
92.7037 29.8155 1.53254
92.8023 29.8205 1.5328
92.9009 29.8256 1.53306
92.9995 29.8306 1.53332
93.0981 29.8357 1.53357
93.1967 29.8407 1.53383
93.2953 29.8457 1.53409
93.3939 29.8507 1.53434
93.4925 29.8557 1.5346
93.5911 29.8607 1.53486
93.6897 29.8657 1.53511
93.7883 29.8707 1.53537
93.8869 29.8757 1.53562
93.9855 29.8807 1.53587
94.0841 29.8857 1.53613
94.1827 29.8907 1.53638
94.2813 29.8956 1.53664
94.3799 29.9006 1.53689
94.4785 29.9055 1.53714
94.5771 29.9105 1.53739
94.6757 29.9154 1.53765
94.7743 29.9203 1.5379
94.8729 29.9253 1.53815
94.9715 29.9302 1.5384
95.0701 29.9351 1.53865
95.1687 29.94 1.5389
95.2673 29.9449 1.53916
95.3659 29.9498 1.53941
95.4645 29.9547 1.53966
95.5631 29.9596 1.53991
95.6617 29.9645 1.54015
95.7603 29.9694 1.5404
95.8589 29.9742 1.54065
95.9575 29.9791 1.5409
96.0561 29.9839 1.54115
96.1547 29.9888 1.5414
96.2533 29.9936 1.54165
96.3519 29.9985 1.54189
96.4505 30.0033 1.54214
96.549 30.0081 1.54239
96.6476 30.013 1.54263
96.7462 30.0178 1.54288
96.8448 30.0226 1.54313
96.9434 30.0274 1.54337
97.042 30.0322 1.54362
97.1406 30.037 1.54386
97.2392 30.0418 1.54411
97.3378 30.0466 1.54435
97.4364 30.0513 1.5446
97.535 30.0561 1.54484
97.6336 30.0609 1.54509
97.7322 30.0656 1.54533
97.8308 30.0704 1.54557
97.9294 30.0751 1.54582
98.028 30.0799 1.54606
98.1266 30.0846 1.5463
98.2252 30.0894 1.54655
98.3238 30.0941 1.54679
98.4224 30.0988 1.54703
98.521 30.1035 1.54727
98.6196 30.1082 1.54751
98.7182 30.1129 1.54775
98.8168 30.1176 1.54799
98.9154 30.1223 1.54824
99.014 30.127 1.54848
99.1126 30.1317 1.54872
99.2112 30.1364 1.54896
99.3098 30.141 1.54919
99.4084 30.1457 1.54943
99.507 30.1504 1.54967
99.6056 30.155 1.54991
99.7042 30.1597 1.55015
99.8028 30.1643 1.55039
99.9014 30.169 1.55063
100 30.1736 1.55086
