1.5 1.45639 0.396181
1.5986 1.9731 0.411751
1.6972 2.4684 0.426888
1.7958 2.94094 0.441505
1.89439 3.39362 0.455655
1.99299 3.82694 0.46933
2.09159 4.2409 0.482508
2.19019 4.63763 0.495238
2.28879 5.01861 0.50755
2.38739 5.38426 0.519446
2.48599 5.73503 0.530934
2.58458 6.07218 0.542041
2.68318 6.3972 0.552808
2.78178 6.7106 0.563244
2.88038 7.01282 0.573358
2.97898 7.30431 0.583162
3.07758 7.58559 0.592667
3.17618 7.85779 0.601905
3.27477 8.12147 0.61089
3.37337 8.37699 0.619631
3.47197 8.6247 0.628138
3.57057 8.86493 0.636419
3.66917 9.09797 0.644481
3.76777 9.32412 0.652333
3.86637 9.54471 0.65999
3.96496 9.76057 0.667466
4.06356 9.97131 0.674768
4.16216 10.1766 0.681901
4.26076 10.3763 0.688873
4.35936 10.5701 0.695689
4.45796 10.7579 0.702354
4.55656 10.9395 0.708874
4.65516 11.115 0.715254
4.75375 11.2842 0.721498
4.85235 11.4474 0.727615
4.95095 11.6052 0.733613
5.04955 11.7581 0.739495
5.14815 11.9066 0.745266
5.24675 12.051 0.750928
5.34535 12.1917 0.756485
5.44394 12.329 0.761941
5.54254 12.4632 0.767297
5.64114 12.5947 0.772557
5.73974 12.7236 0.777724
5.83834 12.8501 0.7828
5.93694 12.9746 0.787789
6.03554 13.0972 0.792691
6.13413 13.218 0.797511
6.23273 13.337 0.802251
6.33133 13.454 0.806917
6.42993 13.569 0.811511
6.52853 13.682 0.816033
6.62713 13.7932 0.820487
6.72573 13.9025 0.824874
6.82432 14.0101 0.829196
6.92292 14.116 0.833454
7.02152 14.2201 0.837651
7.12012 14.3227 0.841787
7.21872 14.4236 0.845864
7.31732 14.523 0.849884
7.41592 14.6208 0.853848
7.51451 14.7172 0.857757
7.61311 14.8122 0.861612
7.71171 14.9057 0.865416
7.81031 14.9979 0.869169
7.90891 15.0888 0.872871
8.00751 15.1783 0.876526
8.10611 15.2666 0.880132
8.2047 15.3536 0.883694
8.3033 15.4395 0.887211
8.4019 15.5243 0.890686
8.5005 15.608 0.89412
8.5991 15.6905 0.897512
8.6977 15.772 0.900865
8.7963 15.8525 0.904178
8.89489 15.932 0.907453
8.99349 16.0104 0.910691
9.09209 16.088 0.913891
9.19069 16.1645 0.917056
9.28929 16.2401 0.920185
9.38789 16.3148 0.92328
9.48649 16.3887 0.926341
9.58509 16.4616 0.929369
9.68368 16.5337 0.932364
9.78228 16.6049 0.935327
9.88088 16.6754 0.938259
9.97948 16.745 0.94116
10.0781 16.8138 0.944031
10.1767 16.8819 0.946872
10.2753 16.9492 0.949684
10.3739 17.0158 0.952467
10.4725 17.0816 0.955222
10.5711 17.1467 0.95795
10.6697 17.2111 0.960651
10.7683 17.2748 0.963325
10.8669 17.3379 0.965973
10.9655 17.4002 0.968595
11.0641 17.462 0.971193
11.1627 17.5231 0.973767
11.2613 17.5836 0.976317
11.3599 17.6435 0.978845
11.4585 17.7028 0.981349
11.5571 17.7616 0.983831
11.6557 17.8197 0.986291
11.7543 17.8774 0.988729
11.8529 17.9344 0.991146
11.9515 17.991 0.993542
12.0501 18.047 0.995917
12.1486 18.1025 0.998271
12.2472 18.1574 1.00061
12.3458 18.2119 1.00292
12.4444 18.2659 1.00522
12.543 18.3193 1.00749
12.6416 18.3723 1.00975
12.7402 18.4249 1.01199
12.8388 18.4769 1.01421
12.9374 18.5285 1.01641
13.036 18.5797 1.0186
13.1346 18.6304 1.02076
13.2332 18.6806 1.02291
13.3318 18.7305 1.02505
13.4304 18.7799 1.02716
13.529 18.8288 1.02926
13.6276 18.8774 1.03135
13.7262 18.9256 1.03341
13.8248 18.9733 1.03547
13.9234 19.0207 1.0375
14.022 19.0677 1.03952
14.1206 19.1143 1.04153
14.2192 19.1605 1.04352
14.3178 19.2064 1.04549
14.4164 19.2518 1.04745
14.515 19.2969 1.0494
14.6136 19.3417 1.05133
14.7122 19.3861 1.05325
14.8108 19.4302 1.05515
14.9094 19.4739 1.05704
15.008 19.5172 1.05892
15.1066 19.5603 1.06078
15.2052 19.603 1.06264
15.3038 19.6454 1.06447
15.4024 19.6875 1.0663
15.501 19.7293 1.06811
15.5996 19.7707 1.06991
15.6982 19.8119 1.0717
15.7968 19.8528 1.07348
15.8954 19.8934 1.07524
15.994 19.9337 1.077
16.0926 19.9737 1.07874
16.1912 20.0134 1.08047
16.2898 20.0529 1.08219
16.3884 20.0921 1.0839
16.487 20.131 1.0856
16.5856 20.1696 1.08729
16.6842 20.208 1.08896
16.7828 20.2461 1.09063
16.8814 20.284 1.09229
16.98 20.3216 1.09393
17.0786 20.3589 1.09557
17.1772 20.3961 1.09719
17.2758 20.4329 1.09881
17.3744 20.4695 1.10041
17.473 20.5059 1.10201
17.5716 20.5421 1.1036
17.6702 20.578 1.10517
17.7688 20.6137 1.10674
17.8674 20.6491 1.1083
17.966 20.6843 1.10985
18.0646 20.7193 1.11139
18.1632 20.7541 1.11292
18.2618 20.7887 1.11444
18.3604 20.823 1.11595
18.459 20.8572 1.11746
18.5576 20.8911 1.11895
18.6562 20.9248 1.12044
18.7548 20.9583 1.12192
18.8534 20.9916 1.12339
18.952 21.0247 1.12485
19.0506 21.0576 1.12631
19.1491 21.0903 1.12775
19.2477 21.1228 1.12919
19.3463 21.1551 1.13062
19.4449 21.1872 1.13204
19.5435 21.2191 1.13346
19.6421 21.2509 1.13487
19.7407 21.2824 1.13626
19.8393 21.3138 1.13766
19.9379 21.345 1.13904
20.0365 21.376 1.14042
20.1351 21.4068 1.14179
20.2337 21.4375 1.14315
20.3323 21.4679 1.1445
20.4309 21.4982 1.14585
20.5295 21.5284 1.14719
20.6281 21.5583 1.14853
20.7267 21.5881 1.14985
20.8253 21.6178 1.15117
20.9239 21.6472 1.15249
21.0225 21.6765 1.15379
21.1211 21.7057 1.15509
21.2197 21.7347 1.15639
21.3183 21.7635 1.15768
21.4169 21.7921 1.15896
21.5155 21.8206 1.16023
21.6141 21.849 1.1615
21.7127 21.8772 1.16276
21.8113 21.9053 1.16402
21.9099 21.9332 1.16526
22.0085 21.961 1.16651
22.1071 21.9886 1.16775
22.2057 22.0161 1.16898
22.3043 22.0434 1.1702
22.4029 22.0706 1.17142
22.5015 22.0977 1.17264
22.6001 22.1246 1.17385
22.6987 22.1514 1.17505
22.7973 22.1781 1.17625
22.8959 22.2046 1.17744
22.9945 22.231 1.17863
23.0931 22.2573 1.17981
23.1917 22.2834 1.18098
23.2903 22.3094 1.18215
23.3889 22.3353 1.18332
23.4875 22.3611 1.18448
23.5861 22.3867 1.18563
23.6847 22.4122 1.18678
23.7833 22.4376 1.18793
23.8819 22.4628 1.18907
23.9805 22.488 1.1902
24.0791 22.513 1.19133
24.1777 22.5379 1.19246
24.2763 22.5627 1.19358
24.3749 22.5874 1.19469
24.4735 22.6119 1.1958
24.5721 22.6364 1.19691
24.6707 22.6607 1.19801
24.7693 22.6849 1.1991
24.8679 22.709 1.20019
24.9665 22.733 1.20128
25.0651 22.7569 1.20236
25.1637 22.7806 1.20344
25.2623 22.8043 1.20451
25.3609 22.8279 1.20558
25.4595 22.8513 1.20664
25.5581 22.8747 1.2077
25.6567 22.8979 1.20876
25.7553 22.921 1.20981
25.8539 22.9441 1.21085
25.9525 22.967 1.2119
26.0511 22.9898 1.21293
26.1496 23.0126 1.21397
26.2482 23.0352 1.215
26.3468 23.0577 1.21602
26.4454 23.0802 1.21704
26.544 23.1025 1.21806
26.6426 23.1247 1.21907
26.7412 23.1469 1.22008
26.8398 23.1689 1.22108
26.9384 23.1909 1.22208
27.037 23.2127 1.22308
27.1356 23.2345 1.22407
27.2342 23.2562 1.22506
27.3328 23.2778 1.22605
27.4314 23.2993 1.22703
27.53 23.3207 1.22801
27.6286 23.342 1.22898
27.7272 23.3632 1.22995
27.8258 23.3843 1.23092
27.9244 23.4054 1.23188
28.023 23.4263 1.23284
28.1216 23.4472 1.23379
28.2202 23.468 1.23474
28.3188 23.4887 1.23569
28.4174 23.5093 1.23664
28.516 23.5299 1.23758
28.6146 23.5503 1.23851
28.7132 23.5707 1.23945
28.8118 23.591 1.24038
28.9104 23.6112 1.2413
29.009 23.6313 1.24223
29.1076 23.6514 1.24315
29.2062 23.6713 1.24406
29.3048 23.6912 1.24498
29.4034 23.711 1.24589
29.502 23.7308 1.24679
29.6006 23.7504 1.2477
29.6992 23.77 1.2486
29.7978 23.7895 1.24949
29.8964 23.8089 1.25039
29.995 23.8283 1.25128
30.0936 23.8476 1.25216
30.1922 23.8668 1.25305
30.2908 23.8859 1.25393
30.3894 23.9049 1.2548
30.488 23.9239 1.25568
30.5866 23.9428 1.25655
30.6852 23.9617 1.25742
30.7838 23.9804 1.25828
30.8824 23.9991 1.25915
30.981 24.0178 1.26001
31.0796 24.0363 1.26086
31.1782 24.0548 1.26171
31.2768 24.0732 1.26256
31.3754 24.0916 1.26341
31.474 24.1099 1.26426
31.5726 24.1281 1.2651
31.6712 24.1462 1.26594
31.7698 24.1643 1.26677
31.8684 24.1823 1.26761
31.967 24.2003 1.26844
32.0656 24.2182 1.26926
32.1642 24.236 1.27009
32.2628 24.2538 1.27091
32.3614 24.2715 1.27173
32.46 24.2891 1.27255
32.5586 24.3067 1.27336
32.6572 24.3242 1.27417
32.7558 24.3417 1.27498
32.8544 24.3591 1.27579
32.953 24.3764 1.27659
33.0516 24.3937 1.27739
33.1502 24.4109 1.27819
33.2487 24.428 1.27899
33.3473 24.4451 1.27978
33.4459 24.4622 1.28057
33.5445 24.4791 1.28136
33.6431 24.4961 1.28215
33.7417 24.5129 1.28293
33.8403 24.5297 1.28371
33.9389 24.5465 1.28449
34.0375 24.5632 1.28527
34.1361 24.5798 1.28604
34.2347 24.5964 1.28681
34.3333 24.6129 1.28758
34.4319 24.6294 1.28835
34.5305 24.6458 1.28911
34.6291 24.6622 1.28987
34.7277 24.6785 1.29063
34.8263 24.6947 1.29139
34.9249 24.7109 1.29215
35.0235 24.7271 1.2929
35.1221 24.7432 1.29365
35.2207 24.7592 1.2944
35.3193 24.7752 1.29514
35.4179 24.7911 1.29589
35.5165 24.807 1.29663
35.6151 24.8228 1.29737
35.7137 24.8386 1.2981
35.8123 24.8544 1.29884
35.9109 24.87 1.29957
36.0095 24.8857 1.3003
36.1081 24.9013 1.30103
36.2067 24.9168 1.30176
36.3053 24.9323 1.30248
36.4039 24.9477 1.3032
36.5025 24.9631 1.30392
36.6011 24.9784 1.30464
36.6997 24.9937 1.30535
36.7983 25.009 1.30607
36.8969 25.0242 1.30678
36.9955 25.0393 1.30749
37.0941 25.0544 1.3082
37.1927 25.0695 1.3089
37.2913 25.0845 1.3096
37.3899 25.0994 1.31031
37.4885 25.1144 1.31101
37.5871 25.1292 1.3117
37.6857 25.1441 1.3124
37.7843 25.1588 1.31309
37.8829 25.1736 1.31378
37.9815 25.1883 1.31447
38.0801 25.2029 1.31516
38.1787 25.2175 1.31585
38.2773 25.2321 1.31653
38.3759 25.2466 1.31721
38.4745 25.2611 1.31789
38.5731 25.2755 1.31857
38.6717 25.2899 1.31924
38.7703 25.3042 1.31992
38.8689 25.3185 1.32059
38.9675 25.3328 1.32126
39.0661 25.347 1.32193
39.1647 25.3612 1.3226
39.2633 25.3753 1.32326
39.3619 25.3894 1.32393
39.4605 25.4034 1.32459
39.5591 25.4174 1.32525
39.6577 25.4314 1.3259
39.7563 25.4453 1.32656
39.8549 25.4592 1.32722
39.9535 25.4731 1.32787
40.0521 25.4869 1.32852
40.1507 25.5006 1.32917
40.2492 25.5144 1.32981
40.3478 25.528 1.33046
40.4464 25.5417 1.3311
40.545 25.5553 1.33175
40.6436 25.5689 1.33239
40.7422 25.5824 1.33303
40.8408 25.5959 1.33366
40.9394 25.6094 1.3343
41.038 25.6228 1.33493
41.1366 25.6362 1.33556
41.2352 25.6495 1.3362
41.3338 25.6628 1.33682
41.4324 25.6761 1.33745
41.531 25.6893 1.33808
41.6296 25.7025 1.3387
41.7282 25.7157 1.33932
41.8268 25.7288 1.33994
41.9254 25.7419 1.34056
42.024 25.7549 1.34118
42.1226 25.7679 1.3418
42.2212 25.7809 1.34241
42.3198 25.7938 1.34302
42.4184 25.8068 1.34364
42.517 25.8196 1.34425
42.6156 25.8325 1.34485
42.7142 25.8453 1.34546
42.8128 25.858 1.34607
42.9114 25.8708 1.34667
43.01 25.8835 1.34727
43.1086 25.8961 1.34787
43.2072 25.9088 1.34847
43.3058 25.9214 1.34907
43.4044 25.9339 1.34967
43.503 25.9465 1.35026
43.6016 25.959 1.35085
43.7002 25.9714 1.35145
43.7988 25.9839 1.35204
43.8974 25.9962 1.35262
43.996 26.0086 1.35321
44.0946 26.0209 1.3538
44.1932 26.0332 1.35438
44.2918 26.0455 1.35497
44.3904 26.0578 1.35555
44.489 26.07 1.35613
44.5876 26.0821 1.35671
44.6862 26.0943 1.35728
44.7848 26.1064 1.35786
44.8834 26.1185 1.35844
44.982 26.1305 1.35901
45.0806 26.1425 1.35958
45.1792 26.1545 1.36015
45.2778 26.1665 1.36072
45.3764 26.1784 1.36129
45.475 26.1903 1.36186
45.5736 26.2021 1.36242
45.6722 26.214 1.36298
45.7708 26.2258 1.36355
45.8694 26.2376 1.36411
45.968 26.2493 1.36467
46.0666 26.261 1.36523
46.1652 26.2727 1.36578
46.2638 26.2844 1.36634
46.3624 26.296 1.36689
46.461 26.3076 1.36745
46.5596 26.3191 1.368
46.6582 26.3307 1.36855
46.7568 26.3422 1.3691
46.8554 26.3537 1.36965
46.954 26.3651 1.3702
47.0526 26.3766 1.37074
47.1512 26.388 1.37129
47.2497 26.3993 1.37183
47.3483 26.4107 1.37237
47.4469 26.422 1.37291
47.5455 26.4333 1.37345
47.6441 26.4445 1.37399
47.7427 26.4558 1.37453
47.8413 26.467 1.37506
47.9399 26.4781 1.3756
48.0385 26.4893 1.37613
48.1371 26.5004 1.37666
48.2357 26.5115 1.37719
48.3343 26.5226 1.37772
48.4329 26.5336 1.37825
48.5315 26.5446 1.37878
48.6301 26.5556 1.37931
48.7287 26.5666 1.37983
48.8273 26.5775 1.38036
48.9259 26.5885 1.38088
49.0245 26.5993 1.3814
49.1231 26.6102 1.38192
49.2217 26.621 1.38244
49.3203 26.6319 1.38296
49.4189 26.6426 1.38348
49.5175 26.6534 1.38399
49.6161 26.6642 1.38451
49.7147 26.6749 1.38502
49.8133 26.6856 1.38554
49.9119 26.6962 1.38605
50.0105 26.7069 1.38656
50.1091 26.7175 1.38707
50.2077 26.7281 1.38758
50.3063 26.7386 1.38809
50.4049 26.7492 1.38859
50.5035 26.7597 1.3891
50.6021 26.7702 1.3896
50.7007 26.7807 1.39011
50.7993 26.7911 1.39061
50.8979 26.8015 1.39111
50.9965 26.8119 1.39161
51.0951 26.8223 1.39211
51.1937 26.8327 1.39261
51.2923 26.843 1.3931
51.3909 26.8533 1.3936
51.4895 26.8636 1.39409
51.5881 26.8739 1.39459
51.6867 26.8841 1.39508
51.7853 26.8943 1.39557
51.8839 26.9045 1.39606
51.9825 26.9147 1.39655
52.0811 26.9248 1.39704
52.1797 26.935 1.39753
52.2783 26.9451 1.39802
52.3769 26.9551 1.3985
52.4755 26.9652 1.39899
52.5741 26.9752 1.39947
52.6727 26.9853 1.39996
52.7713 26.9953 1.40044
52.8699 27.0052 1.40092
52.9685 27.0152 1.4014
53.0671 27.0251 1.40188
53.1657 27.035 1.40236
53.2643 27.0449 1.40283
53.3629 27.0548 1.40331
53.4615 27.0646 1.40378
53.5601 27.0744 1.40426
53.6587 27.0842 1.40473
53.7573 27.094 1.40521
53.8559 27.1038 1.40568
53.9545 27.1135 1.40615
54.0531 27.1232 1.40662
54.1517 27.1329 1.40709
54.2503 27.1426 1.40755
54.3488 27.1523 1.40802
54.4474 27.1619 1.40849
54.546 27.1715 1.40895
54.6446 27.1811 1.40942
54.7432 27.1907 1.40988
54.8418 27.2003 1.41034
54.9404 27.2098 1.4108
55.039 27.2193 1.41126
55.1376 27.2288 1.41172
55.2362 27.2383 1.41218
55.3348 27.2477 1.41264
55.4334 27.2572 1.4131
55.532 27.2666 1.41355
55.6306 27.276 1.41401
55.7292 27.2854 1.41446
55.8278 27.2947 1.41491
55.9264 27.3041 1.41537
56.025 27.3134 1.41582
56.1236 27.3227 1.41627
56.2222 27.332 1.41672
56.3208 27.3412 1.41717
56.4194 27.3505 1.41762
56.518 27.3597 1.41806
56.6166 27.3689 1.41851
56.7152 27.3781 1.41896
56.8138 27.3873 1.4194
56.9124 27.3964 1.41985
57.011 27.4056 1.42029
57.1096 27.4147 1.42073
57.2082 27.4238 1.42117
57.3068 27.4328 1.42161
57.4054 27.4419 1.42205
57.504 27.451 1.42249
57.6026 27.46 1.42293
57.7012 27.469 1.42337
57.7998 27.478 1.42381
57.8984 27.4869 1.42424
57.997 27.4959 1.42468
58.0956 27.5048 1.42511
58.1942 27.5137 1.42554
58.2928 27.5226 1.42598
58.3914 27.5315 1.42641
58.49 27.5404 1.42684
58.5886 27.5492 1.42727
58.6872 27.5581 1.4277
58.7858 27.5669 1.42813
58.8844 27.5757 1.42856
58.983 27.5844 1.42898
59.0816 27.5932 1.42941
59.1802 27.6019 1.42984
59.2788 27.6107 1.43026
59.3774 27.6194 1.43068
59.476 27.6281 1.43111
59.5746 27.6368 1.43153
59.6732 27.6454 1.43195
59.7718 27.6541 1.43237
59.8704 27.6627 1.43279
59.969 27.6713 1.43321
60.0676 27.6799 1.43363
60.1662 27.6885 1.43405
60.2648 27.697 1.43447
60.3634 27.7056 1.43488
60.462 27.7141 1.4353
60.5606 27.7226 1.43571
60.6592 27.7311 1.43613
60.7578 27.7396 1.43654
60.8564 27.748 1.43696
60.955 27.7565 1.43737
61.0536 27.7649 1.43778
61.1522 27.7733 1.43819
61.2508 27.7817 1.4386
61.3493 27.7901 1.43901
61.4479 27.7985 1.43942
61.5465 27.8068 1.43983
61.6451 27.8152 1.44023
61.7437 27.8235 1.44064
61.8423 27.8318 1.44104
61.9409 27.8401 1.44145
62.0395 27.8483 1.44185
62.1381 27.8566 1.44226
62.2367 27.8648 1.44266
62.3353 27.8731 1.44306
62.4339 27.8813 1.44346
62.5325 27.8895 1.44386
62.6311 27.8977 1.44426
62.7297 27.9058 1.44466
62.8283 27.914 1.44506
62.9269 27.9221 1.44546
63.0255 27.9302 1.44586
63.1241 27.9383 1.44626
63.2227 27.9464 1.44665
63.3213 27.9545 1.44705
63.4199 27.9626 1.44744
63.5185 27.9706 1.44784
63.6171 27.9787 1.44823
63.7157 27.9867 1.44862
63.8143 27.9947 1.44901
63.9129 28.0027 1.4494
64.0115 28.0107 1.4498
64.1101 28.0186 1.45019
64.2087 28.0266 1.45057
64.3073 28.0345 1.45096
64.4059 28.0424 1.45135
64.5045 28.0503 1.45174
64.6031 28.0582 1.45213
64.7017 28.0661 1.45251
64.8003 28.0739 1.4529
64.8989 28.0818 1.45328
64.9975 28.0896 1.45367
65.0961 28.0975 1.45405
65.1947 28.1053 1.45443
65.2933 28.1131 1.45482
65.3919 28.1208 1.4552
65.4905 28.1286 1.45558
65.5891 28.1363 1.45596
65.6877 28.1441 1.45634
65.7863 28.1518 1.45672
65.8849 28.1595 1.4571
65.9835 28.1672 1.45747
66.0821 28.1749 1.45785
66.1807 28.1826 1.45823
66.2793 28.1902 1.4586
66.3779 28.1979 1.45898
66.4765 28.2055 1.45935
66.5751 28.2131 1.45973
66.6737 28.2207 1.4601
66.7723 28.2283 1.46048
66.8709 28.2359 1.46085
66.9695 28.2435 1.46122
67.0681 28.251 1.46159
67.1667 28.2585 1.46196
67.2653 28.2661 1.46233
67.3639 28.2736 1.4627
67.4625 28.2811 1.46307
67.5611 28.2886 1.46344
67.6597 28.296 1.46381
67.7583 28.3035 1.46417
67.8569 28.311 1.46454
67.9555 28.3184 1.46491
68.0541 28.3258 1.46527
68.1527 28.3332 1.46564
68.2513 28.3406 1.466
68.3498 28.348 1.46636
68.4484 28.3554 1.46673
68.547 28.3627 1.46709
68.6456 28.3701 1.46745
68.7442 28.3774 1.46781
68.8428 28.3848 1.46817
68.9414 28.3921 1.46853
69.04 28.3994 1.46889
69.1386 28.4066 1.46925
69.2372 28.4139 1.46961
69.3358 28.4212 1.46997
69.4344 28.4284 1.47033
69.533 28.4357 1.47068
69.6316 28.4429 1.47104
69.7302 28.4501 1.4714
69.8288 28.4573 1.47175
69.9274 28.4645 1.47211
70.026 28.4717 1.47246
70.1246 28.4789 1.47281
70.2232 28.486 1.47317
70.3218 28.4932 1.47352
70.4204 28.5003 1.47387
70.519 28.5074 1.47422
70.6176 28.5145 1.47457
70.7162 28.5216 1.47492
70.8148 28.5287 1.47527
70.9134 28.5358 1.47562
71.012 28.5428 1.47597
71.1106 28.5499 1.47632
71.2092 28.5569 1.47667
71.3078 28.5639 1.47702
71.4064 28.571 1.47736
71.505 28.578 1.47771
71.6036 28.585 1.47805
71.7022 28.5919 1.4784
71.8008 28.5989 1.47874
71.8994 28.6059 1.47909
71.998 28.6128 1.47943
72.0966 28.6198 1.47977
72.1952 28.6267 1.48012
72.2938 28.6336 1.48046
72.3924 28.6405 1.4808
72.491 28.6474 1.48114
72.5896 28.6543 1.48148
72.6882 28.6611 1.48182
72.7868 28.668 1.48216
72.8854 28.6748 1.4825
72.984 28.6817 1.48284
73.0826 28.6885 1.48318
73.1812 28.6953 1.48351
73.2798 28.7021 1.48385
73.3784 28.7089 1.48419
73.477 28.7157 1.48452
73.5756 28.7225 1.48486
73.6742 28.7292 1.48519
73.7728 28.736 1.48553
73.8714 28.7427 1.48586
73.97 28.7495 1.48619
74.0686 28.7562 1.48653
74.1672 28.7629 1.48686
74.2658 28.7696 1.48719
74.3644 28.7763 1.48752
74.463 28.783 1.48785
74.5616 28.7896 1.48818
74.6602 28.7963 1.48851
74.7588 28.8029 1.48884
74.8574 28.8096 1.48917
74.956 28.8162 1.4895
75.0546 28.8228 1.48983
75.1532 28.8294 1.49016
75.2518 28.836 1.49049
75.3504 28.8426 1.49081
75.4489 28.8492 1.49114
75.5475 28.8558 1.49146
75.6461 28.8623 1.49179
75.7447 28.8689 1.49211
75.8433 28.8754 1.49244
75.9419 28.8819 1.49276
76.0405 28.8884 1.49309
76.1391 28.8949 1.49341
76.2377 28.9014 1.49373
76.3363 28.9079 1.49405
76.4349 28.9144 1.49438
76.5335 28.9209 1.4947
76.6321 28.9273 1.49502
76.7307 28.9338 1.49534
76.8293 28.9402 1.49566
76.9279 28.9466 1.49598
77.0265 28.9531 1.4963
77.1251 28.9595 1.49662
77.2237 28.9659 1.49693
77.3223 28.9723 1.49725
77.4209 28.9787 1.49757
77.5195 28.985 1.49789
77.6181 28.9914 1.4982
77.7167 28.9977 1.49852
77.8153 29.0041 1.49883
77.9139 29.0104 1.49915
78.0125 29.0167 1.49946
78.1111 29.0231 1.49978
78.2097 29.0294 1.50009
78.3083 29.0357 1.50041
78.4069 29.042 1.50072
78.5055 29.0482 1.50103
78.6041 29.0545 1.50134
78.7027 29.0608 1.50165
78.8013 29.067 1.50197
78.8999 29.0733 1.50228
78.9985 29.0795 1.50259
79.0971 29.0857 1.5029
79.1957 29.0919 1.50321
79.2943 29.0981 1.50352
79.3929 29.1043 1.50382
79.4915 29.1105 1.50413
79.5901 29.1167 1.50444
79.6887 29.1229 1.50475
79.7873 29.129 1.50506
79.8859 29.1352 1.50536
79.9845 29.1413 1.50567
80.0831 29.1475 1.50597
80.1817 29.1536 1.50628
80.2803 29.1597 1.50659
80.3789 29.1658 1.50689
80.4775 29.1719 1.50719
80.5761 29.178 1.5075
80.6747 29.1841 1.5078
80.7733 29.1902 1.5081
80.8719 29.1962 1.50841
80.9705 29.2023 1.50871
81.0691 29.2083 1.50901
81.1677 29.2144 1.50931
81.2663 29.2204 1.50961
81.3649 29.2264 1.50991
81.4635 29.2324 1.51021
81.5621 29.2384 1.51051
81.6607 29.2444 1.51081
81.7593 29.2504 1.51111
81.8579 29.2564 1.51141
81.9565 29.2624 1.51171
82.0551 29.2683 1.51201
82.1537 29.2743 1.51231
82.2523 29.2803 1.5126
82.3509 29.2862 1.5129
82.4494 29.2921 1.5132
82.548 29.298 1.51349
82.6466 29.304 1.51379
82.7452 29.3099 1.51408
82.8438 29.3158 1.51438
82.9424 29.3216 1.51467
83.041 29.3275 1.51497
83.1396 29.3334 1.51526
83.2382 29.3393 1.51555
83.3368 29.3451 1.51585
83.4354 29.351 1.51614
83.534 29.3568 1.51643
83.6326 29.3626 1.51672
83.7312 29.3685 1.51701
83.8298 29.3743 1.51731
83.9284 29.3801 1.5176
84.027 29.3859 1.51789
84.1256 29.3917 1.51818
84.2242 29.3975 1.51847
84.3228 29.4033 1.51876
84.4214 29.409 1.51904
84.52 29.4148 1.51933
84.6186 29.4205 1.51962
84.7172 29.4263 1.51991
84.8158 29.432 1.5202
84.9144 29.4377 1.52048
85.013 29.4435 1.52077
85.1116 29.4492 1.52106
85.2102 29.4549 1.52134
85.3088 29.4606 1.52163
85.4074 29.4663 1.52191
85.506 29.472 1.5222
85.6046 29.4776 1.52248
85.7032 29.4833 1.52277
85.8018 29.489 1.52305
85.9004 29.4946 1.52333
85.999 29.5003 1.52362
86.0976 29.5059 1.5239
86.1962 29.5115 1.52418
86.2948 29.5172 1.52446
86.3934 29.5228 1.52475
86.492 29.5284 1.52503
86.5906 29.534 1.52531
86.6892 29.5396 1.52559
86.7878 29.5452 1.52587
86.8864 29.5507 1.52615
86.985 29.5563 1.52643
87.0836 29.5619 1.52671
87.1822 29.5674 1.52699
87.2808 29.573 1.52727
87.3794 29.5785 1.52754
87.478 29.5841 1.52782
87.5766 29.5896 1.5281
87.6752 29.5951 1.52838
87.7738 29.6006 1.52865
87.8724 29.6061 1.52893
87.971 29.6116 1.52921
88.0696 29.6171 1.52948
88.1682 29.6226 1.52976
88.2668 29.6281 1.53003
88.3654 29.6336 1.53031
88.464 29.639 1.53058
88.5626 29.6445 1.53086
88.6612 29.6499 1.53113
88.7598 29.6554 1.5314
88.8584 29.6608 1.53168
88.957 29.6662 1.53195
89.0556 29.6716 1.53222
89.1542 29.6771 1.53249
89.2528 29.6825 1.53277
89.3514 29.6879 1.53304
89.4499 29.6933 1.53331
89.5485 29.6986 1.53358
89.6471 29.704 1.53385
89.7457 29.7094 1.53412
89.8443 29.7148 1.53439
89.9429 29.7201 1.53466
90.0415 29.7255 1.53493
90.1401 29.7308 1.5352
90.2387 29.7361 1.53547
90.3373 29.7415 1.53574
90.4359 29.7468 1.536
90.5345 29.7521 1.53627
90.6331 29.7574 1.53654
90.7317 29.7627 1.53681
90.8303 29.768 1.53707
90.9289 29.7733 1.53734
91.0275 29.7786 1.53761
91.1261 29.7839 1.53787
91.2247 29.7892 1.53814
91.3233 29.7944 1.5384
91.4219 29.7997 1.53867
91.5205 29.8049 1.53893
91.6191 29.8102 1.5392
91.7177 29.8154 1.53946
91.8163 29.8206 1.53972
91.9149 29.8259 1.53999
92.0135 29.8311 1.54025
92.1121 29.8363 1.54051
92.2107 29.8415 1.54078
92.3093 29.8467 1.54104
92.4079 29.8519 1.5413
92.5065 29.8571 1.54156
92.6051 29.8622 1.54182
92.7037 29.8674 1.54208
92.8023 29.8726 1.54234
92.9009 29.8777 1.5426
92.9995 29.8829 1.54286
93.0981 29.888 1.54312
93.1967 29.8932 1.54338
93.2953 29.8983 1.54364
93.3939 29.9034 1.5439
93.4925 29.9086 1.54416
93.5911 29.9137 1.54442
93.6897 29.9188 1.54468
93.7883 29.9239 1.54493
93.8869 29.929 1.54519
93.9855 29.9341 1.54545
94.0841 29.9392 1.5457
94.1827 29.9442 1.54596
94.2813 29.9493 1.54622
94.3799 29.9544 1.54647
94.4785 29.9594 1.54673
94.5771 29.9645 1.54698
94.6757 29.9695 1.54724
94.7743 29.9746 1.54749
94.8729 29.9796 1.54775
94.9715 29.9846 1.548
95.0701 29.9897 1.54826
95.1687 29.9947 1.54851
95.2673 29.9997 1.54876
95.3659 30.0047 1.54901
95.4645 30.0097 1.54927
95.5631 30.0147 1.54952
95.6617 30.0197 1.54977
95.7603 30.0246 1.55002
95.8589 30.0296 1.55028
95.9575 30.0346 1.55053
96.0561 30.0395 1.55078
96.1547 30.0445 1.55103
96.2533 30.0495 1.55128
96.3519 30.0544 1.55153
96.4505 30.0593 1.55178
96.549 30.0643 1.55203
96.6476 30.0692 1.55228
96.7462 30.0741 1.55253
96.8448 30.079 1.55278
96.9434 30.0839 1.55302
97.042 30.0888 1.55327
97.1406 30.0937 1.55352
97.2392 30.0986 1.55377
97.3378 30.1035 1.55402
97.4364 30.1084 1.55426
97.535 30.1133 1.55451
97.6336 30.1181 1.55476
97.7322 30.123 1.555
97.8308 30.1279 1.55525
97.9294 30.1327 1.55549
98.028 30.1376 1.55574
98.1266 30.1424 1.55598
98.2252 30.1472 1.55623
98.3238 30.1521 1.55647
98.4224 30.1569 1.55672
98.521 30.1617 1.55696
98.6196 30.1665 1.55721
98.7182 30.1713 1.55745
98.8168 30.1761 1.55769
98.9154 30.1809 1.55794
99.014 30.1857 1.55818
99.1126 30.1905 1.55842
99.2112 30.1953 1.55866
99.3098 30.2 1.55891
99.4084 30.2048 1.55915
99.507 30.2096 1.55939
99.6056 30.2143 1.55963
99.7042 30.2191 1.55987
99.8028 30.2238 1.56011
99.9014 30.2286 1.56035
100 30.2333 1.56059
