1.5 1.96545 0.393162
1.5986 2.4798 0.409544
1.6972 2.97152 0.425369
1.7958 3.43976 0.440578
1.89439 3.88752 0.455239
1.99299 4.31551 0.469356
2.09159 4.72396 0.482924
2.19019 5.11502 0.495996
2.28879 5.4902 0.50861
2.38739 5.85002 0.520774
2.48599 6.19501 0.532501
2.58458 6.52643 0.543824
2.68318 6.84575 0.554782
2.78178 7.15349 0.565389
2.88038 7.45014 0.575658
2.97898 7.73619 0.585601
3.07758 8.01215 0.595234
3.17618 8.27911 0.604586
3.27477 8.53765 0.613675
3.37337 8.78812 0.62251
3.47197 9.03088 0.631102
3.57057 9.26626 0.63946
3.66917 9.49457 0.647593
3.76777 9.7161 0.65551
3.86637 9.93218 0.663226
3.96496 10.1436 0.670755
4.06356 10.35 0.678105
4.16216 10.5511 0.685282
4.26076 10.7466 0.692294
4.35936 10.9363 0.699145
4.45796 11.1201 0.705843
4.55656 11.2978 0.712393
4.65516 11.4694 0.7188
4.75375 11.6348 0.725069
4.85235 11.7943 0.731208
4.95095 11.9484 0.737226
5.04955 12.0978 0.743126
5.14815 12.2427 0.748913
5.24675 12.3836 0.754589
5.34535 12.5209 0.760158
5.44394 12.6549 0.765624
5.54254 12.7858 0.770989
5.64114 12.914 0.776257
5.73974 13.0397 0.78143
5.83834 13.1632 0.786512
5.93694 13.2846 0.791505
6.03554 13.4042 0.796411
6.13413 13.5221 0.801233
6.23273 13.6383 0.805975
6.33133 13.7524 0.810642
6.42993 13.8646 0.815235
6.52853 13.9749 0.819756
6.62713 14.0833 0.824208
6.72573 14.19 0.828593
6.82432 14.295 0.832911
6.92292 14.3983 0.837166
7.02152 14.4999 0.841358
7.12012 14.5999 0.845489
7.21872 14.6984 0.849561
7.31732 14.7954 0.853575
7.41592 14.8909 0.857532
7.51451 14.9849 0.861435
7.61311 15.0776 0.865283
7.71171 15.1688 0.869079
7.81031 15.2588 0.872824
7.90891 15.3474 0.876519
8.00751 15.4348 0.880166
8.10611 15.5209 0.883764
8.2047 15.6059 0.887317
8.3033 15.6897 0.890826
8.4019 15.7724 0.894292
8.5005 15.854 0.897715
8.5991 15.9346 0.901098
8.6977 16.0141 0.904441
8.7963 16.0926 0.907744
8.89489 16.1702 0.911009
8.99349 16.2467 0.914236
9.09209 16.3224 0.917426
9.19069 16.397 0.92058
9.28929 16.4708 0.923698
9.38789 16.5437 0.926782
9.48649 16.6158 0.929832
9.58509 16.687 0.932848
9.68368 16.7573 0.935832
9.78228 16.8268 0.938783
9.88088 16.8956 0.941703
9.97948 16.9635 0.944593
10.0781 17.0307 0.947452
10.1767 17.0971 0.950281
10.2753 17.1628 0.953081
10.3739 17.2277 0.955852
10.4725 17.2919 0.958596
10.5711 17.3555 0.961311
10.6697 17.4183 0.964
10.7683 17.4805 0.966662
10.8669 17.542 0.969298
10.9655 17.6029 0.971908
11.0641 17.6631 0.974493
11.1627 17.7228 0.977055
11.2613 17.7818 0.979593
11.3599 17.8403 0.982108
11.4585 17.8982 0.984599
11.5571 17.9555 0.987069
11.6557 18.0123 0.989516
11.7543 18.0685 0.991941
11.8529 18.1242 0.994346
11.9515 18.1794 0.996729
12.0501 18.2341 0.999091
12.1486 18.2882 1.00143
12.2472 18.3419 1.00375
12.3458 18.395 1.00606
12.4444 18.4477 1.00834
12.543 18.4999 1.0106
12.6416 18.5516 1.01285
12.7402 18.6029 1.01507
12.8388 18.6537 1.01728
12.9374 18.704 1.01947
13.036 18.7539 1.02164
13.1346 18.8034 1.0238
13.2332 18.8525 1.02594
13.3318 18.9011 1.02806
13.4304 18.9493 1.03016
13.529 18.9971 1.03225
13.6276 19.0446 1.03432
13.7262 19.0916 1.03637
13.8248 19.1382 1.03841
13.9234 19.1844 1.04043
14.022 19.2303 1.04244
14.1206 19.2758 1.04443
14.2192 19.3209 1.04641
14.3178 19.3656 1.04837
14.4164 19.41 1.05032
14.515 19.4541 1.05226
14.6136 19.4978 1.05418
14.7122 19.5411 1.05608
14.8108 19.5841 1.05797
14.9094 19.6268 1.05985
15.008 19.6691 1.06172
15.1066 19.7111 1.06357
15.2052 19.7528 1.06541
15.3038 19.7942 1.06723
15.4024 19.8353 1.06905
15.501 19.8761 1.07085
15.5996 19.9166 1.07264
15.6982 19.9568 1.07441
15.7968 19.9967 1.07618
15.8954 20.0363 1.07793
15.994 20.0756 1.07968
16.0926 20.1147 1.08141
16.1912 20.1535 1.08313
16.2898 20.192 1.08483
16.3884 20.2303 1.08653
16.487 20.2683 1.08822
16.5856 20.306 1.08989
16.6842 20.3435 1.09156
16.7828 20.3807 1.09321
16.8814 20.4177 1.09486
16.98 20.4544 1.09649
17.0786 20.4909 1.09812
17.1772 20.5271 1.09973
17.2758 20.5631 1.10133
17.3744 20.5988 1.10293
17.473 20.6344 1.10451
17.5716 20.6697 1.10609
17.6702 20.7047 1.10765
17.7688 20.7396 1.10921
17.8674 20.7742 1.11076
17.966 20.8086 1.1123
18.0646 20.8427 1.11382
18.1632 20.8767 1.11534
18.2618 20.9105 1.11686
18.3604 20.944 1.11836
18.459 20.9773 1.11985
18.5576 21.0104 1.12134
18.6562 21.0434 1.12281
18.7548 21.0761 1.12428
18.8534 21.1086 1.12574
18.952 21.1409 1.12719
19.0506 21.173 1.12864
19.1491 21.205 1.13007
19.2477 21.2367 1.1315
19.3463 21.2683 1.13292
19.4449 21.2996 1.13433
19.5435 21.3308 1.13573
19.6421 21.3618 1.13713
19.7407 21.3926 1.13852
19.8393 21.4232 1.1399
19.9379 21.4537 1.14127
20.0365 21.484 1.14264
20.1351 21.5141 1.144
20.2337 21.544 1.14535
20.3323 21.5738 1.14669
20.4309 21.6034 1.14803
20.5295 21.6328 1.14936
20.6281 21.6621 1.15069
20.7267 21.6912 1.152
20.8253 21.7201 1.15331
20.9239 21.7489 1.15462
21.0225 21.7775 1.15591
21.1211 21.806 1.1572
21.2197 21.8343 1.15849
21.3183 21.8624 1.15976
21.4169 21.8904 1.16103
21.5155 21.9183 1.1623
21.6141 21.946 1.16355
21.7127 21.9735 1.16481
21.8113 22.0009 1.16605
21.9099 22.0282 1.16729
22.0085 22.0553 1.16853
22.1071 22.0823 1.16975
22.2057 22.1092 1.17097
22.3043 22.1359 1.17219
22.4029 22.1625 1.1734
22.5015 22.1889 1.17461
22.6001 22.2152 1.1758
22.6987 22.2414 1.177
22.7973 22.2674 1.17819
22.8959 22.2933 1.17937
22.9945 22.3191 1.18054
23.0931 22.3448 1.18172
23.1917 22.3703 1.18288
23.2903 22.3957 1.18404
23.3889 22.421 1.1852
23.4875 22.4462 1.18635
23.5861 22.4712 1.18749
23.6847 22.4961 1.18863
23.7833 22.5209 1.18977
23.8819 22.5456 1.1909
23.9805 22.5702 1.19202
24.0791 22.5946 1.19314
24.1777 22.619 1.19426
24.2763 22.6432 1.19537
24.3749 22.6673 1.19647
24.4735 22.6913 1.19757
24.5721 22.7151 1.19867
24.6707 22.7389 1.19976
24.7693 22.7626 1.20085
24.8679 22.7861 1.20193
24.9665 22.8096 1.20301
25.0651 22.8329 1.20408
25.1637 22.8561 1.20515
25.2623 22.8792 1.20621
25.3609 22.9023 1.20727
25.4595 22.9252 1.20832
25.5581 22.948 1.20937
25.6567 22.9707 1.21042
25.7553 22.9933 1.21146
25.8539 23.0158 1.2125
25.9525 23.0382 1.21353
26.0511 23.0605 1.21456
26.1496 23.0827 1.21558
26.2482 23.1048 1.2166
26.3468 23.1268 1.21762
26.4454 23.1488 1.21863
26.544 23.1706 1.21964
26.6426 23.1923 1.22064
26.7412 23.214 1.22164
26.8398 23.2355 1.22264
26.9384 23.257 1.22363
27.037 23.2783 1.22462
27.1356 23.2996 1.2256
27.2342 23.3208 1.22658
27.3328 23.3419 1.22756
27.4314 23.3629 1.22853
27.53 23.3838 1.2295
27.6286 23.4046 1.23046
27.7272 23.4253 1.23142
27.8258 23.446 1.23238
27.9244 23.4666 1.23334
28.023 23.4871 1.23429
28.1216 23.5075 1.23523
28.2202 23.5278 1.23618
28.3188 23.548 1.23711
28.4174 23.5682 1.23805
28.516 23.5882 1.23898
28.6146 23.6082 1.23991
28.7132 23.6281 1.24084
28.8118 23.6479 1.24176
28.9104 23.6677 1.24268
29.009 23.6874 1.24359
29.1076 23.707 1.2445
29.2062 23.7265 1.24541
29.3048 23.7459 1.24632
29.4034 23.7653 1.24722
29.502 23.7846 1.24812
29.6006 23.8038 1.24901
29.6992 23.8229 1.2499
29.7978 23.842 1.25079
29.8964 23.861 1.25168
29.995 23.8799 1.25256
30.0936 23.8987 1.25344
30.1922 23.9175 1.25431
30.2908 23.9362 1.25519
30.3894 23.9548 1.25605
30.488 23.9733 1.25692
30.5866 23.9918 1.25778
30.6852 24.0102 1.25865
30.7838 24.0286 1.2595
30.8824 24.0469 1.26036
30.981 24.0651 1.26121
31.0796 24.0832 1.26206
31.1782 24.1013 1.2629
31.2768 24.1193 1.26374
31.3754 24.1372 1.26458
31.474 24.1551 1.26542
31.5726 24.1729 1.26625
31.6712 24.1906 1.26709
31.7698 24.2083 1.26791
31.8684 24.2259 1.26874
31.967 24.2435 1.26956
32.0656 24.261 1.27038
32.1642 24.2784 1.2712
32.2628 24.2957 1.27201
32.3614 24.313 1.27283
32.46 24.3303 1.27364
32.5586 24.3475 1.27444
32.6572 24.3646 1.27525
32.7558 24.3817 1.27605
32.8544 24.3987 1.27685
32.953 24.4156 1.27764
33.0516 24.4325 1.27844
33.1502 24.4493 1.27923
33.2487 24.4661 1.28002
33.3473 24.4828 1.2808
33.4459 24.4994 1.28159
33.5445 24.516 1.28237
33.6431 24.5326 1.28315
33.7417 24.5491 1.28392
33.8403 24.5655 1.2847
33.9389 24.5819 1.28547
34.0375 24.5982 1.28624
34.1361 24.6144 1.287
34.2347 24.6306 1.28777
34.3333 24.6468 1.28853
34.4319 24.6629 1.28929
34.5305 24.6789 1.29005
34.6291 24.6949 1.2908
34.7277 24.7109 1.29155
34.8263 24.7268 1.2923
34.9249 24.7426 1.29305
35.0235 24.7584 1.2938
35.1221 24.7741 1.29454
35.2207 24.7898 1.29528
35.3193 24.8054 1.29602
35.4179 24.821 1.29676
35.5165 24.8366 1.29749
35.6151 24.852 1.29822
35.7137 24.8675 1.29895
35.8123 24.8828 1.29968
35.9109 24.8982 1.30041
36.0095 24.9135 1.30113
36.1081 24.9287 1.30185
36.2067 24.9439 1.30257
36.3053 24.959 1.30329
36.4039 24.9741 1.304
36.5025 24.9892 1.30471
36.6011 25.0042 1.30543
36.6997 25.0191 1.30613
36.7983 25.034 1.30684
36.8969 25.0489 1.30755
36.9955 25.0637 1.30825
37.0941 25.0784 1.30895
37.1927 25.0932 1.30965
37.2913 25.1078 1.31034
37.3899 25.1225 1.31104
37.4885 25.137 1.31173
37.5871 25.1516 1.31242
37.6857 25.1661 1.31311
37.7843 25.1805 1.3138
37.8829 25.1949 1.31448
37.9815 25.2093 1.31516
38.0801 25.2236 1.31585
38.1787 25.2379 1.31652
38.2773 25.2521 1.3172
38.3759 25.2663 1.31788
38.4745 25.2805 1.31855
38.5731 25.2946 1.31922
38.6717 25.3086 1.31989
38.7703 25.3227 1.32056
38.8689 25.3366 1.32123
38.9675 25.3506 1.32189
39.0661 25.3645 1.32255
39.1647 25.3783 1.32321
39.2633 25.3922 1.32387
39.3619 25.4059 1.32453
39.4605 25.4197 1.32518
39.5591 25.4334 1.32584
39.6577 25.447 1.32649
39.7563 25.4606 1.32714
39.8549 25.4742 1.32778
39.9535 25.4878 1.32843
40.0521 25.5013 1.32908
40.1507 25.5147 1.32972
40.2492 25.5281 1.33036
40.3478 25.5415 1.331
40.4464 25.5549 1.33164
40.545 25.5682 1.33227
40.6436 25.5815 1.33291
40.7422 25.5947 1.33354
40.8408 25.6079 1.33417
40.9394 25.621 1.3348
41.038 25.6342 1.33543
41.1366 25.6472 1.33605
41.2352 25.6603 1.33668
41.3338 25.6733 1.3373
41.4324 25.6863 1.33792
41.531 25.6992 1.33854
41.6296 25.7121 1.33916
41.7282 25.725 1.33977
41.8268 25.7378 1.34039
41.9254 25.7506 1.341
42.024 25.7634 1.34161
42.1226 25.7761 1.34222
42.2212 25.7888 1.34283
42.3198 25.8015 1.34344
42.4184 25.8141 1.34405
42.517 25.8267 1.34465
42.6156 25.8392 1.34525
42.7142 25.8518 1.34585
42.8128 25.8642 1.34645
42.9114 25.8767 1.34705
43.01 25.8891 1.34765
43.1086 25.9015 1.34824
43.2072 25.9139 1.34883
43.3058 25.9262 1.34943
43.4044 25.9385 1.35002
43.503 25.9507 1.3506
43.6016 25.9629 1.35119
43.7002 25.9751 1.35178
43.7988 25.9873 1.35236
43.8974 25.9994 1.35295
43.996 26.0115 1.35353
44.0946 26.0236 1.35411
44.1932 26.0356 1.35469
44.2918 26.0476 1.35526
44.3904 26.0596 1.35584
44.489 26.0715 1.35641
44.5876 26.0834 1.35699
44.6862 26.0953 1.35756
44.7848 26.1071 1.35813
44.8834 26.1189 1.3587
44.982 26.1307 1.35927
45.0806 26.1425 1.35983
45.1792 26.1542 1.3604
45.2778 26.1659 1.36096
45.3764 26.1776 1.36152
45.475 26.1892 1.36208
45.5736 26.2008 1.36264
45.6722 26.2124 1.3632
45.7708 26.2239 1.36376
45.8694 26.2354 1.36431
45.968 26.2469 1.36487
46.0666 26.2584 1.36542
46.1652 26.2698 1.36597
46.2638 26.2812 1.36652
46.3624 26.2926 1.36707
46.461 26.3039 1.36762
46.5596 26.3152 1.36817
46.6582 26.3265 1.36871
46.7568 26.3378 1.36926
46.8554 26.349 1.3698
46.954 26.3602 1.37034
47.0526 26.3714 1.37088
47.1512 26.3825 1.37142
47.2497 26.3937 1.37196
47.3483 26.4048 1.37249
47.4469 26.4158 1.37303
47.5455 26.4269 1.37356
47.6441 26.4379 1.3741
47.7427 26.4489 1.37463
47.8413 26.4598 1.37516
47.9399 26.4708 1.37569
48.0385 26.4817 1.37622
48.1371 26.4926 1.37674
48.2357 26.5034 1.37727
48.3343 26.5142 1.37779
48.4329 26.525 1.37832
48.5315 26.5358 1.37884
48.6301 26.5466 1.37936
48.7287 26.5573 1.37988
48.8273 26.568 1.3804
48.9259 26.5787 1.38092
49.0245 26.5893 1.38143
49.1231 26.6 1.38195
49.2217 26.6106 1.38246
49.3203 26.6212 1.38298
49.4189 26.6317 1.38349
49.5175 26.6422 1.384
49.6161 26.6527 1.38451
49.7147 26.6632 1.38502
49.8133 26.6737 1.38553
49.9119 26.6841 1.38603
50.0105 26.6945 1.38654
50.1091 26.7049 1.38705
50.2077 26.7153 1.38755
50.3063 26.7256 1.38805
50.4049 26.7359 1.38855
50.5035 26.7462 1.38905
50.6021 26.7565 1.38955
50.7007 26.7667 1.39005
50.7993 26.777 1.39055
50.8979 26.7872 1.39104
50.9965 26.7973 1.39154
51.0951 26.8075 1.39203
51.1937 26.8176 1.39253
51.2923 26.8277 1.39302
51.3909 26.8378 1.39351
51.4895 26.8479 1.394
51.5881 26.8579 1.39449
51.6867 26.8679 1.39498
51.7853 26.8779 1.39546
51.8839 26.8879 1.39595
51.9825 26.8979 1.39643
52.0811 26.9078 1.39692
52.1797 26.9177 1.3974
52.2783 26.9276 1.39788
52.3769 26.9374 1.39836
52.4755 26.9473 1.39884
52.5741 26.9571 1.39932
52.6727 26.9669 1.3998
52.7713 26.9767 1.40028
52.8699 26.9865 1.40075
52.9685 26.9962 1.40123
53.0671 27.0059 1.4017
53.1657 27.0156 1.40218
53.2643 27.0253 1.40265
53.3629 27.0349 1.40312
53.4615 27.0446 1.40359
53.5601 27.0542 1.40406
53.6587 27.0638 1.40453
53.7573 27.0733 1.40499
53.8559 27.0829 1.40546
53.9545 27.0924 1.40593
54.0531 27.1019 1.40639
54.1517 27.1114 1.40686
54.2503 27.1209 1.40732
54.3488 27.1303 1.40778
54.4474 27.1398 1.40824
54.546 27.1492 1.4087
54.6446 27.1586 1.40916
54.7432 27.1679 1.40962
54.8418 27.1773 1.41008
54.9404 27.1866 1.41053
55.039 27.1959 1.41099
55.1376 27.2052 1.41144
55.2362 27.2145 1.4119
55.3348 27.2238 1.41235
55.4334 27.233 1.4128
55.532 27.2422 1.41326
55.6306 27.2514 1.41371
55.7292 27.2606 1.41416
55.8278 27.2697 1.4146
55.9264 27.2789 1.41505
56.025 27.288 1.4155
56.1236 27.2971 1.41595
56.2222 27.3062 1.41639
56.3208 27.3153 1.41683
56.4194 27.3243 1.41728
56.518 27.3333 1.41772
56.6166 27.3423 1.41816
56.7152 27.3513 1.4186
56.8138 27.3603 1.41904
56.9124 27.3693 1.41948
57.011 27.3782 1.41992
57.1096 27.3871 1.42036
57.2082 27.396 1.4208
57.3068 27.4049 1.42123
57.4054 27.4138 1.42167
57.504 27.4226 1.4221
57.6026 27.4315 1.42254
57.7012 27.4403 1.42297
57.7998 27.4491 1.4234
57.8984 27.4578 1.42383
57.997 27.4666 1.42426
58.0956 27.4753 1.42469
58.1942 27.4841 1.42512
58.2928 27.4928 1.42555
58.3914 27.5015 1.42598
58.49 27.5102 1.4264
58.5886 27.5188 1.42683
58.6872 27.5275 1.42726
58.7858 27.5361 1.42768
58.8844 27.5447 1.4281
58.983 27.5533 1.42853
59.0816 27.5618 1.42895
59.1802 27.5704 1.42937
59.2788 27.5789 1.42979
59.3774 27.5875 1.43021
59.476 27.596 1.43063
59.5746 27.6045 1.43105
59.6732 27.6129 1.43146
59.7718 27.6214 1.43188
59.8704 27.6298 1.4323
59.969 27.6383 1.43271
60.0676 27.6467 1.43313
60.1662 27.6551 1.43354
60.2648 27.6634 1.43395
60.3634 27.6718 1.43436
60.462 27.6802 1.43478
60.5606 27.6885 1.43519
60.6592 27.6968 1.4356
60.7578 27.7051 1.43601
60.8564 27.7134 1.43641
60.955 27.7216 1.43682
61.0536 27.7299 1.43723
61.1522 27.7381 1.43764
61.2508 27.7464 1.43804
61.3493 27.7546 1.43845
61.4479 27.7627 1.43885
61.5465 27.7709 1.43925
61.6451 27.7791 1.43966
61.7437 27.7872 1.44006
61.8423 27.7954 1.44046
61.9409 27.8035 1.44086
62.0395 27.8116 1.44126
62.1381 27.8196 1.44166
62.2367 27.8277 1.44206
62.3353 27.8358 1.44246
62.4339 27.8438 1.44285
62.5325 27.8518 1.44325
62.6311 27.8598 1.44365
62.7297 27.8678 1.44404
62.8283 27.8758 1.44444
62.9269 27.8838 1.44483
63.0255 27.8917 1.44522
63.1241 27.8997 1.44562
63.2227 27.9076 1.44601
63.3213 27.9155 1.4464
63.4199 27.9234 1.44679
63.5185 27.9313 1.44718
63.6171 27.9391 1.44757
63.7157 27.947 1.44796
63.8143 27.9548 1.44834
63.9129 27.9626 1.44873
64.0115 27.9704 1.44912
64.1101 27.9782 1.4495
64.2087 27.986 1.44989
64.3073 27.9938 1.45027
64.4059 28.0015 1.45066
64.5045 28.0093 1.45104
64.6031 28.017 1.45142
64.7017 28.0247 1.45181
64.8003 28.0324 1.45219
64.8989 28.0401 1.45257
64.9975 28.0478 1.45295
65.0961 28.0554 1.45333
65.1947 28.0631 1.45371
65.2933 28.0707 1.45409
65.3919 28.0783 1.45446
65.4905 28.0859 1.45484
65.5891 28.0935 1.45522
65.6877 28.1011 1.45559
65.7863 28.1086 1.45597
65.8849 28.1162 1.45634
65.9835 28.1237 1.45672
66.0821 28.1312 1.45709
66.1807 28.1387 1.45746
66.2793 28.1462 1.45783
66.3779 28.1537 1.45821
66.4765 28.1612 1.45858
66.5751 28.1686 1.45895
66.6737 28.1761 1.45932
66.7723 28.1835 1.45969
66.8709 28.1909 1.46005
66.9695 28.1983 1.46042
67.0681 28.2057 1.46079
67.1667 28.2131 1.46116
67.2653 28.2205 1.46152
67.3639 28.2278 1.46189
67.4625 28.2352 1.46225
67.5611 28.2425 1.46262
67.6597 28.2498 1.46298
67.7583 28.2571 1.46334
67.8569 28.2644 1.46371
67.9555 28.2717 1.46407
68.0541 28.279 1.46443
68.1527 28.2862 1.46479
68.2513 28.2935 1.46515
68.3498 28.3007 1.46551
68.4484 28.3079 1.46587
68.547 28.3151 1.46623
68.6456 28.3223 1.46659
68.7442 28.3295 1.46694
68.8428 28.3367 1.4673
68.9414 28.3438 1.46766
69.04 28.351 1.46801
69.1386 28.3581 1.46837
69.2372 28.3652 1.46872
69.3358 28.3723 1.46908
69.4344 28.3794 1.46943
69.533 28.3865 1.46978
69.6316 28.3936 1.47014
69.7302 28.4007 1.47049
69.8288 28.4077 1.47084
69.9274 28.4148 1.47119
70.026 28.4218 1.47154
70.1246 28.4288 1.47189
70.2232 28.4358 1.47224
70.3218 28.4428 1.47259
70.4204 28.4498 1.47294
70.519 28.4568 1.47329
70.6176 28.4637 1.47363
70.7162 28.4707 1.47398
70.8148 28.4776 1.47433
70.9134 28.4845 1.47467
71.012 28.4914 1.47502
71.1106 28.4983 1.47536
71.2092 28.5052 1.4757
71.3078 28.5121 1.47605
71.4064 28.519 1.47639
71.505 28.5258 1.47673
71.6036 28.5327 1.47707
71.7022 28.5395 1.47742
71.8008 28.5463 1.47776
71.8994 28.5532 1.4781
71.998 28.56 1.47844
72.0966 28.5668 1.47878
72.1952 28.5735 1.47912
72.2938 28.5803 1.47945
72.3924 28.5871 1.47979
72.491 28.5938 1.48013
72.5896 28.6006 1.48047
72.6882 28.6073 1.4808
72.7868 28.614 1.48114
72.8854 28.6207 1.48147
72.984 28.6274 1.48181
73.0826 28.6341 1.48214
73.1812 28.6408 1.48248
73.2798 28.6474 1.48281
73.3784 28.6541 1.48314
73.477 28.6607 1.48347
73.5756 28.6673 1.48381
73.6742 28.674 1.48414
73.7728 28.6806 1.48447
73.8714 28.6872 1.4848
73.97 28.6938 1.48513
74.0686 28.7004 1.48546
74.1672 28.7069 1.48579
74.2658 28.7135 1.48612
74.3644 28.72 1.48644
74.463 28.7266 1.48677
74.5616 28.7331 1.4871
74.6602 28.7396 1.48742
74.7588 28.7461 1.48775
74.8574 28.7526 1.48808
74.956 28.7591 1.4884
75.0546 28.7656 1.48873
75.1532 28.7721 1.48905
75.2518 28.7785 1.48937
75.3504 28.785 1.4897
75.4489 28.7914 1.49002
75.5475 28.7978 1.49034
75.6461 28.8043 1.49066
75.7447 28.8107 1.49098
75.8433 28.8171 1.49131
75.9419 28.8235 1.49163
76.0405 28.8298 1.49195
76.1391 28.8362 1.49227
76.2377 28.8426 1.49259
76.3363 28.8489 1.4929
76.4349 28.8553 1.49322
76.5335 28.8616 1.49354
76.6321 28.8679 1.49386
76.7307 28.8742 1.49417
76.8293 28.8806 1.49449
76.9279 28.8868 1.49481
77.0265 28.8931 1.49512
77.1251 28.8994 1.49544
77.2237 28.9057 1.49575
77.3223 28.9119 1.49607
77.4209 28.9182 1.49638
77.5195 28.9244 1.49669
77.6181 28.9307 1.49701
77.7167 28.9369 1.49732
77.8153 28.9431 1.49763
77.9139 28.9493 1.49794
78.0125 28.9555 1.49825
78.1111 28.9617 1.49857
78.2097 28.9679 1.49888
78.3083 28.974 1.49919
78.4069 28.9802 1.4995
78.5055 28.9863 1.49981
78.6041 28.9925 1.50011
78.7027 28.9986 1.50042
78.8013 29.0047 1.50073
78.8999 29.0108 1.50104
78.9985 29.0169 1.50134
79.0971 29.023 1.50165
79.1957 29.0291 1.50196
79.2943 29.0352 1.50226
79.3929 29.0413 1.50257
79.4915 29.0473 1.50287
79.5901 29.0534 1.50318
79.6887 29.0594 1.50348
79.7873 29.0655 1.50379
79.8859 29.0715 1.50409
79.9845 29.0775 1.50439
80.0831 29.0835 1.5047
80.1817 29.0895 1.505
80.2803 29.0955 1.5053
80.3789 29.1015 1.5056
80.4775 29.1075 1.5059
80.5761 29.1134 1.5062
80.6747 29.1194 1.5065
80.7733 29.1253 1.5068
80.8719 29.1313 1.5071
80.9705 29.1372 1.5074
81.0691 29.1431 1.5077
81.1677 29.149 1.508
81.2663 29.1549 1.50829
81.3649 29.1608 1.50859
81.4635 29.1667 1.50889
81.5621 29.1726 1.50919
81.6607 29.1785 1.50948
81.7593 29.1843 1.50978
81.8579 29.1902 1.51007
81.9565 29.1961 1.51037
82.0551 29.2019 1.51066
82.1537 29.2077 1.51096
82.2523 29.2136 1.51125
82.3509 29.2194 1.51154
82.4494 29.2252 1.51184
82.548 29.231 1.51213
82.6466 29.2368 1.51242
82.7452 29.2426 1.51272
82.8438 29.2483 1.51301
82.9424 29.2541 1.5133
83.041 29.2599 1.51359
83.1396 29.2656 1.51388
83.2382 29.2714 1.51417
83.3368 29.2771 1.51446
83.4354 29.2828 1.51475
83.534 29.2885 1.51504
83.6326 29.2942 1.51533
83.7312 29.3 1.51561
83.8298 29.3056 1.5159
83.9284 29.3113 1.51619
84.027 29.317 1.51648
84.1256 29.3227 1.51676
84.2242 29.3284 1.51705
84.3228 29.334 1.51734
84.4214 29.3397 1.51762
84.52 29.3453 1.51791
84.6186 29.3509 1.51819
84.7172 29.3566 1.51848
84.8158 29.3622 1.51876
84.9144 29.3678 1.51905
85.013 29.3734 1.51933
85.1116 29.379 1.51961
85.2102 29.3846 1.51989
85.3088 29.3902 1.52018
85.4074 29.3958 1.52046
85.506 29.4013 1.52074
85.6046 29.4069 1.52102
85.7032 29.4124 1.5213
85.8018 29.418 1.52158
85.9004 29.4235 1.52186
85.999 29.429 1.52214
86.0976 29.4346 1.52242
86.1962 29.4401 1.5227
86.2948 29.4456 1.52298
86.3934 29.4511 1.52326
86.492 29.4566 1.52354
86.5906 29.4621 1.52382
86.6892 29.4676 1.5241
86.7878 29.473 1.52437
86.8864 29.4785 1.52465
86.985 29.4839 1.52493
87.0836 29.4894 1.5252
87.1822 29.4948 1.52548
87.2808 29.5003 1.52575
87.3794 29.5057 1.52603
87.478 29.5111 1.5263
87.5766 29.5165 1.52658
87.6752 29.5219 1.52685
87.7738 29.5273 1.52713
87.8724 29.5327 1.5274
87.971 29.5381 1.52767
88.0696 29.5435 1.52795
88.1682 29.5489 1.52822
88.2668 29.5542 1.52849
88.3654 29.5596 1.52876
88.464 29.5649 1.52903
88.5626 29.5703 1.5293
88.6612 29.5756 1.52958
88.7598 29.581 1.52985
88.8584 29.5863 1.53012
88.957 29.5916 1.53039
89.0556 29.5969 1.53066
89.1542 29.6022 1.53093
89.2528 29.6075 1.53119
89.3514 29.6128 1.53146
89.4499 29.6181 1.53173
89.5485 29.6234 1.532
89.6471 29.6286 1.53227
89.7457 29.6339 1.53253
89.8443 29.6391 1.5328
89.9429 29.6444 1.53307
90.0415 29.6496 1.53333
90.1401 29.6549 1.5336
90.2387 29.6601 1.53387
90.3373 29.6653 1.53413
90.4359 29.6705 1.5344
90.5345 29.6757 1.53466
90.6331 29.6809 1.53493
90.7317 29.6861 1.53519
90.8303 29.6913 1.53545
90.9289 29.6965 1.53572
91.0275 29.7017 1.53598
91.1261 29.7069 1.53624
91.2247 29.712 1.53651
91.3233 29.7172 1.53677
91.4219 29.7223 1.53703
91.5205 29.7275 1.53729
91.6191 29.7326 1.53755
91.7177 29.7377 1.53781
91.8163 29.7429 1.53807
91.9149 29.748 1.53834
92.0135 29.7531 1.5386
92.1121 29.7582 1.53885
92.2107 29.7633 1.53911
92.3093 29.7684 1.53937
92.4079 29.7735 1.53963
92.5065 29.7785 1.53989
92.6051 29.7836 1.54015
92.7037 29.7887 1.54041
92.8023 29.7937 1.54067
92.9009 29.7988 1.54092
92.9995 29.8038 1.54118
93.0981 29.8089 1.54144
93.1967 29.8139 1.54169
93.2953 29.819 1.54195
93.3939 29.824 1.54221
93.4925 29.829 1.54246
93.5911 29.834 1.54272
93.6897 29.839 1.54297
93.7883 29.844 1.54323
93.8869 29.849 1.54348
93.9855 29.854 1.54373
94.0841 29.859 1.54399
94.1827 29.8639 1.54424
94.2813 29.8689 1.5445
94.3799 29.8739 1.54475
94.4785 29.8788 1.545
94.5771 29.8838 1.54525
94.6757 29.8887 1.54551
94.7743 29.8937 1.54576
94.8729 29.8986 1.54601
94.9715 29.9035 1.54626
95.0701 29.9084 1.54651
95.1687 29.9134 1.54676
95.2673 29.9183 1.54701
95.3659 29.9232 1.54726
95.4645 29.9281 1.54751
95.5631 29.933 1.54776
95.6617 29.9378 1.54801
95.7603 29.9427 1.54826
95.8589 29.9476 1.54851
95.9575 29.9525 1.54876
96.0561 29.9573 1.54901
96.1547 29.9622 1.54925
96.2533 29.967 1.5495
96.3519 29.9719 1.54975
96.4505 29.9767 1.55
96.549 29.9815 1.55024
96.6476 29.9864 1.55049
96.7462 29.9912 1.55074
96.8448 29.996 1.55098
96.9434 30.0008 1.55123
97.042 30.0056 1.55147
97.1406 30.0104 1.55172
97.2392 30.0152 1.55196
97.3378 30.02 1.55221
97.4364 30.0248 1.55245
97.535 30.0296 1.5527
97.6336 30.0343 1.55294
97.7322 30.0391 1.55318
97.8308 30.0438 1.55343
97.9294 30.0486 1.55367
98.028 30.0533 1.55391
98.1266 30.0581 1.55416
98.2252 30.0628 1.5544
98.3238 30.0676 1.55464
98.4224 30.0723 1.55488
98.521 30.077 1.55512
98.6196 30.0817 1.55536
98.7182 30.0864 1.55561
98.8168 30.0911 1.55585
98.9154 30.0958 1.55609
99.014 30.1005 1.55633
99.1126 30.1052 1.55657
99.2112 30.1099 1.55681
99.3098 30.1146 1.55705
99.4084 30.1192 1.55728
99.507 30.1239 1.55752
99.6056 30.1286 1.55776
99.7042 30.1332 1.558
99.8028 30.1379 1.55824
99.9014 30.1425 1.55848
100 30.1471 1.55871
