1.5 1.96116 0.387127
1.5986 2.47688 0.403562
1.6972 2.9697 0.419434
1.7958 3.43885 0.434685
1.89439 3.88735 0.449383
1.99299 4.31595 0.463535
2.09159 4.72491 0.477133
2.19019 5.11638 0.490234
2.28879 5.49189 0.502873
2.38739 5.85197 0.51506
2.48599 6.19718 0.526808
2.58458 6.52876 0.53815
2.68318 6.84821 0.549126
2.78178 7.15604 0.55975
2.88038 7.45275 0.570034
2.97898 7.73884 0.579992
3.07758 8.01482 0.589638
3.17618 8.28178 0.599003
3.27477 8.5403 0.608103
3.37337 8.79074 0.616949
3.47197 9.03345 0.625552
3.57057 9.26878 0.633919
3.66917 9.49702 0.642062
3.76777 9.71848 0.649987
3.86637 9.93448 0.657711
3.96496 10.1458 0.665248
4.06356 10.3521 0.672605
4.16216 10.5531 0.679789
4.26076 10.7485 0.686807
4.35936 10.9381 0.693664
4.45796 11.1217 0.700368
4.55656 11.2993 0.706923
4.65516 11.4708 0.713335
4.75375 11.6361 0.719608
4.85235 11.7955 0.725752
4.95095 11.9495 0.731774
5.04955 12.0987 0.737678
5.14815 12.2436 0.743469
5.24675 12.3844 0.749148
5.34535 12.5215 0.754721
5.44394 12.6554 0.76019
5.54254 12.7862 0.765558
5.64114 12.9143 0.770829
5.73974 13.0399 0.776005
5.83834 13.1632 0.781089
5.93694 13.2845 0.786085
6.03554 13.404 0.790993
6.13413 13.5218 0.795817
6.23273 13.6378 0.800562
6.33133 13.7518 0.805231
6.42993 13.8639 0.809826
6.52853 13.974 0.814349
6.62713 14.0824 0.818803
6.72573 14.189 0.823189
6.82432 14.2938 0.82751
6.92292 14.397 0.831766
7.02152 14.4985 0.835959
7.12012 14.5984 0.840092
7.21872 14.6967 0.844165
7.31732 14.7936 0.84818
7.41592 14.889 0.852139
7.51451 14.9829 0.856043
7.61311 15.0754 0.859892
7.71171 15.1666 0.86369
7.81031 15.2564 0.867436
7.90891 15.345 0.871132
8.00751 15.4322 0.874779
8.10611 15.5182 0.878378
8.2047 15.6031 0.881932
8.3033 15.6868 0.885442
8.4019 15.7694 0.888908
8.5005 15.8509 0.892333
8.5991 15.9314 0.895716
8.6977 16.0108 0.89906
8.7963 16.0892 0.902363
8.89489 16.1666 0.905629
8.99349 16.2431 0.908856
9.09209 16.3186 0.912047
9.19069 16.3932 0.915201
9.28929 16.4669 0.91832
9.38789 16.5397 0.921404
9.48649 16.6116 0.924454
9.58509 16.6827 0.927471
9.68368 16.753 0.930455
9.78228 16.8224 0.933407
9.88088 16.891 0.936327
9.97948 16.9589 0.939217
10.0781 17.026 0.942076
10.1767 17.0923 0.944905
10.2753 17.1579 0.947706
10.3739 17.2227 0.950477
10.4725 17.2869 0.953221
10.5711 17.3503 0.955937
10.6697 17.4131 0.958626
10.7683 17.4751 0.961288
10.8669 17.5366 0.963924
10.9655 17.5973 0.966534
11.0641 17.6575 0.96912
11.1627 17.7171 0.971681
11.2613 17.776 0.974219
11.3599 17.8344 0.976734
11.4585 17.8922 0.979226
11.5571 17.9494 0.981695
11.6557 18.0061 0.984143
11.7543 18.0623 0.986568
11.8529 18.1179 0.988972
11.9515 18.173 0.991355
12.0501 18.2275 0.993718
12.1486 18.2816 0.99606
12.2472 18.3352 0.998382
12.3458 18.3882 1.00068
12.4444 18.4408 1.00297
12.543 18.4929 1.00523
12.6416 18.5446 1.00747
12.7402 18.5958 1.0097
12.8388 18.6465 1.01191
12.9374 18.6968 1.0141
13.036 18.7466 1.01627
13.1346 18.796 1.01842
13.2332 18.845 1.02056
13.3318 18.8935 1.02268
13.4304 18.9417 1.02479
13.529 18.9894 1.02687
13.6276 19.0367 1.02894
13.7262 19.0837 1.031
13.8248 19.1302 1.03304
13.9234 19.1764 1.03506
14.022 19.2222 1.03707
14.1206 19.2676 1.03906
14.2192 19.3126 1.04104
14.3178 19.3573 1.043
14.4164 19.4016 1.04495
14.515 19.4456 1.04688
14.6136 19.4892 1.0488
14.7122 19.5325 1.05071
14.8108 19.5754 1.0526
14.9094 19.618 1.05448
15.008 19.6603 1.05634
15.1066 19.7022 1.05819
15.2052 19.7438 1.06003
15.3038 19.7852 1.06186
15.4024 19.8262 1.06367
15.501 19.8669 1.06547
15.5996 19.9073 1.06726
15.6982 19.9474 1.06904
15.7968 19.9873 1.0708
15.8954 20.0268 1.07255
15.994 20.0661 1.0743
16.0926 20.1051 1.07603
16.1912 20.1438 1.07775
16.2898 20.1823 1.07945
16.3884 20.2205 1.08115
16.487 20.2584 1.08284
16.5856 20.2961 1.08451
16.6842 20.3335 1.08618
16.7828 20.3707 1.08783
16.8814 20.4076 1.08948
16.98 20.4442 1.09111
17.0786 20.4806 1.09273
17.1772 20.5168 1.09435
17.2758 20.5527 1.09595
17.3744 20.5884 1.09755
17.473 20.6239 1.09913
17.5716 20.6591 1.1007
17.6702 20.6941 1.10227
17.7688 20.7289 1.10383
17.8674 20.7635 1.10537
17.966 20.7978 1.10691
18.0646 20.8319 1.10844
18.1632 20.8658 1.10996
18.2618 20.8995 1.11147
18.3604 20.933 1.11297
18.459 20.9663 1.11446
18.5576 20.9993 1.11595
18.6562 21.0322 1.11742
18.7548 21.0648 1.11889
18.8534 21.0973 1.12035
18.952 21.1296 1.1218
19.0506 21.1616 1.12325
19.1491 21.1935 1.12468
19.2477 21.2252 1.12611
19.3463 21.2567 1.12753
19.4449 21.288 1.12894
19.5435 21.3191 1.13034
19.6421 21.3501 1.13174
19.7407 21.3808 1.13313
19.8393 21.4114 1.13451
19.9379 21.4418 1.13588
20.0365 21.472 1.13725
20.1351 21.5021 1.1386
20.2337 21.532 1.13996
20.3323 21.5617 1.1413
20.4309 21.5912 1.14264
20.5295 21.6206 1.14397
20.6281 21.6498 1.14529
20.7267 21.6789 1.14661
20.8253 21.7077 1.14792
20.9239 21.7365 1.14922
21.0225 21.765 1.15052
21.1211 21.7935 1.15181
21.2197 21.8217 1.15309
21.3183 21.8498 1.15436
21.4169 21.8778 1.15563
21.5155 21.9055 1.1569
21.6141 21.9332 1.15816
21.7127 21.9607 1.15941
21.8113 21.9881 1.16065
21.9099 22.0153 1.16189
22.0085 22.0424 1.16312
22.1071 22.0693 1.16435
22.2057 22.0961 1.16557
22.3043 22.1228 1.16679
22.4029 22.1493 1.168
22.5015 22.1757 1.1692
22.6001 22.2019 1.1704
22.6987 22.2281 1.17159
22.7973 22.2541 1.17278
22.8959 22.2799 1.17396
22.9945 22.3057 1.17514
23.0931 22.3313 1.17631
23.1917 22.3568 1.17748
23.2903 22.3821 1.17864
23.3889 22.4074 1.17979
23.4875 22.4325 1.18094
23.5861 22.4575 1.18209
23.6847 22.4823 1.18323
23.7833 22.5071 1.18436
23.8819 22.5317 1.18549
23.9805 22.5562 1.18662
24.0791 22.5806 1.18773
24.1777 22.6049 1.18885
24.2763 22.6291 1.18996
24.3749 22.6532 1.19106
24.4735 22.6771 1.19216
24.5721 22.7009 1.19326
24.6707 22.7247 1.19435
24.7693 22.7483 1.19544
24.8679 22.7718 1.19652
24.9665 22.7952 1.19759
25.0651 22.8185 1.19867
25.1637 22.8416 1.19973
25.2623 22.8647 1.2008
25.3609 22.8877 1.20185
25.4595 22.9106 1.20291
25.5581 22.9333 1.20396
25.6567 22.956 1.205
25.7553 22.9786 1.20604
25.8539 23.001 1.20708
25.9525 23.0234 1.20811
26.0511 23.0456 1.20914
26.1496 23.0678 1.21017
26.2482 23.0899 1.21118
26.3468 23.1119 1.2122
26.4454 23.1337 1.21321
26.544 23.1555 1.21422
26.6426 23.1772 1.21522
26.7412 23.1988 1.21622
26.8398 23.2203 1.21722
26.9384 23.2417 1.21821
27.037 23.263 1.2192
27.1356 23.2843 1.22018
27.2342 23.3054 1.22116
27.3328 23.3265 1.22214
27.4314 23.3474 1.22311
27.53 23.3683 1.22408
27.6286 23.3891 1.22504
27.7272 23.4098 1.226
27.8258 23.4304 1.22696
27.9244 23.4509 1.22791
28.023 23.4714 1.22886
28.1216 23.4917 1.22981
28.2202 23.512 1.23075
28.3188 23.5322 1.23169
28.4174 23.5523 1.23262
28.516 23.5724 1.23356
28.6146 23.5923 1.23448
28.7132 23.6122 1.23541
28.8118 23.632 1.23633
28.9104 23.6517 1.23725
29.009 23.6713 1.23816
29.1076 23.6909 1.23907
29.2062 23.7103 1.23998
29.3048 23.7297 1.24089
29.4034 23.7491 1.24179
29.502 23.7683 1.24268
29.6006 23.7875 1.24358
29.6992 23.8066 1.24447
29.7978 23.8256 1.24536
29.8964 23.8446 1.24624
29.995 23.8634 1.24713
30.0936 23.8822 1.248
30.1922 23.901 1.24888
30.2908 23.9196 1.24975
30.3894 23.9382 1.25062
30.488 23.9567 1.25149
30.5866 23.9752 1.25235
30.6852 23.9936 1.25321
30.7838 24.0119 1.25407
30.8824 24.0301 1.25492
30.981 24.0483 1.25577
31.0796 24.0664 1.25662
31.1782 24.0844 1.25746
31.2768 24.1024 1.25831
31.3754 24.1203 1.25915
31.474 24.1381 1.25998
31.5726 24.1559 1.26082
31.6712 24.1736 1.26165
31.7698 24.1912 1.26247
31.8684 24.2088 1.2633
31.967 24.2263 1.26412
32.0656 24.2438 1.26494
32.1642 24.2612 1.26576
32.2628 24.2785 1.26657
32.3614 24.2958 1.26738
32.46 24.313 1.26819
32.5586 24.3301 1.269
32.6572 24.3472 1.2698
32.7558 24.3643 1.2706
32.8544 24.3812 1.2714
32.953 24.3981 1.2722
33.0516 24.415 1.27299
33.1502 24.4318 1.27378
33.2487 24.4485 1.27457
33.3473 24.4652 1.27536
33.4459 24.4818 1.27614
33.5445 24.4984 1.27692
33.6431 24.5149 1.2777
33.7417 24.5313 1.27848
33.8403 24.5477 1.27925
33.9389 24.5641 1.28002
34.0375 24.5804 1.28079
34.1361 24.5966 1.28155
34.2347 24.6128 1.28232
34.3333 24.6289 1.28308
34.4319 24.645 1.28384
34.5305 24.661 1.2846
34.6291 24.6769 1.28535
34.7277 24.6928 1.2861
34.8263 24.7087 1.28685
34.9249 24.7245 1.2876
35.0235 24.7403 1.28834
35.1221 24.756 1.28909
35.2207 24.7716 1.28983
35.3193 24.7872 1.29057
35.4179 24.8028 1.2913
35.5165 24.8183 1.29204
35.6151 24.8337 1.29277
35.7137 24.8491 1.2935
35.8123 24.8645 1.29423
35.9109 24.8798 1.29495
36.0095 24.895 1.29567
36.1081 24.9102 1.29639
36.2067 24.9254 1.29711
36.3053 24.9405 1.29783
36.4039 24.9556 1.29854
36.5025 24.9706 1.29926
36.6011 24.9855 1.29997
36.6997 25.0005 1.30068
36.7983 25.0153 1.30138
36.8969 25.0302 1.30209
36.9955 25.0449 1.30279
37.0941 25.0597 1.30349
37.1927 25.0744 1.30419
37.2913 25.089 1.30488
37.3899 25.1036 1.30558
37.4885 25.1182 1.30627
37.5871 25.1327 1.30696
37.6857 25.1471 1.30765
37.7843 25.1616 1.30834
37.8829 25.1759 1.30902
37.9815 25.1903 1.3097
38.0801 25.2046 1.31038
38.1787 25.2188 1.31106
38.2773 25.233 1.31174
38.3759 25.2472 1.31241
38.4745 25.2613 1.31309
38.5731 25.2754 1.31376
38.6717 25.2894 1.31443
38.7703 25.3034 1.31509
38.8689 25.3174 1.31576
38.9675 25.3313 1.31642
39.0661 25.3452 1.31708
39.1647 25.359 1.31774
39.2633 25.3728 1.3184
39.3619 25.3865 1.31906
39.4605 25.4002 1.31971
39.5591 25.4139 1.32037
39.6577 25.4275 1.32102
39.7563 25.4411 1.32167
39.8549 25.4547 1.32232
39.9535 25.4682 1.32296
40.0521 25.4817 1.32361
40.1507 25.4951 1.32425
40.2492 25.5085 1.32489
40.3478 25.5219 1.32553
40.4464 25.5352 1.32616
40.545 25.5485 1.3268
40.6436 25.5617 1.32743
40.7422 25.5749 1.32807
40.8408 25.5881 1.3287
40.9394 25.6012 1.32933
41.038 25.6143 1.32995
41.1366 25.6274 1.33058
41.2352 25.6404 1.3312
41.3338 25.6534 1.33183
41.4324 25.6663 1.33245
41.531 25.6792 1.33307
41.6296 25.6921 1.33368
41.7282 25.705 1.3343
41.8268 25.7178 1.33491
41.9254 25.7305 1.33553
42.024 25.7433 1.33614
42.1226 25.756 1.33675
42.2212 25.7686 1.33735
42.3198 25.7813 1.33796
42.4184 25.7939 1.33857
42.517 25.8064 1.33917
42.6156 25.819 1.33977
42.7142 25.8315 1.34037
42.8128 25.8439 1.34097
42.9114 25.8564 1.34157
43.01 25.8688 1.34216
43.1086 25.8811 1.34276
43.2072 25.8934 1.34335
43.3058 25.9057 1.34394
43.4044 25.918 1.34453
43.503 25.9302 1.34512
43.6016 25.9424 1.34571
43.7002 25.9546 1.34629
43.7988 25.9667 1.34688
43.8974 25.9788 1.34746
43.996 25.9909 1.34804
44.0946 26.0029 1.34862
44.1932 26.0149 1.3492
44.2918 26.0269 1.34978
44.3904 26.0389 1.35035
44.489 26.0508 1.35093
44.5876 26.0627 1.3515
44.6862 26.0745 1.35207
44.7848 26.0863 1.35264
44.8834 26.0981 1.35321
44.982 26.1099 1.35378
45.0806 26.1216 1.35434
45.1792 26.1333 1.35491
45.2778 26.145 1.35547
45.3764 26.1566 1.35603
45.475 26.1682 1.3566
45.5736 26.1798 1.35715
45.6722 26.1914 1.35771
45.7708 26.2029 1.35827
45.8694 26.2144 1.35882
45.968 26.2258 1.35938
46.0666 26.2373 1.35993
46.1652 26.2487 1.36048
46.2638 26.2601 1.36103
46.3624 26.2714 1.36158
46.461 26.2827 1.36213
46.5596 26.294 1.36268
46.6582 26.3053 1.36322
46.7568 26.3165 1.36376
46.8554 26.3277 1.36431
46.954 26.3389 1.36485
47.0526 26.3501 1.36539
47.1512 26.3612 1.36593
47.2497 26.3723 1.36646
47.3483 26.3834 1.367
47.4469 26.3944 1.36753
47.5455 26.4054 1.36807
47.6441 26.4164 1.3686
47.7427 26.4274 1.36913
47.8413 26.4383 1.36966
47.9399 26.4492 1.37019
48.0385 26.4601 1.37072
48.1371 26.471 1.37125
48.2357 26.4818 1.37177
48.3343 26.4926 1.3723
48.4329 26.5034 1.37282
48.5315 26.5142 1.37334
48.6301 26.5249 1.37386
48.7287 26.5356 1.37438
48.8273 26.5463 1.3749
48.9259 26.557 1.37542
49.0245 26.5676 1.37593
49.1231 26.5782 1.37645
49.2217 26.5888 1.37696
49.3203 26.5993 1.37748
49.4189 26.6099 1.37799
49.5175 26.6204 1.3785
49.6161 26.6309 1.37901
49.7147 26.6413 1.37952
49.8133 26.6518 1.38003
49.9119 26.6622 1.38053
50.0105 26.6726 1.38104
50.1091 26.6829 1.38154
50.2077 26.6933 1.38204
50.3063 26.7036 1.38255
50.4049 26.7139 1.38305
50.5035 26.7241 1.38355
50.6021 26.7344 1.38405
50.7007 26.7446 1.38454
50.7993 26.7548 1.38504
50.8979 26.765 1.38554
50.9965 26.7752 1.38603
51.0951 26.7853 1.38653
51.1937 26.7954 1.38702
51.2923 26.8055 1.38751
51.3909 26.8156 1.388
51.4895 26.8256 1.38849
51.5881 26.8356 1.38898
51.6867 26.8456 1.38947
51.7853 26.8556 1.38995
51.8839 26.8655 1.39044
51.9825 26.8755 1.39092
52.0811 26.8854 1.39141
52.1797 26.8953 1.39189
52.2783 26.9051 1.39237
52.3769 26.915 1.39285
52.4755 26.9248 1.39333
52.5741 26.9346 1.39381
52.6727 26.9444 1.39429
52.7713 26.9542 1.39477
52.8699 26.9639 1.39524
52.9685 26.9736 1.39572
53.0671 26.9833 1.39619
53.1657 26.993 1.39666
53.2643 27.0026 1.39713
53.3629 27.0123 1.39761
53.4615 27.0219 1.39808
53.5601 27.0315 1.39854
53.6587 27.041 1.39901
53.7573 27.0506 1.39948
53.8559 27.0601 1.39995
53.9545 27.0696 1.40041
54.0531 27.0791 1.40088
54.1517 27.0886 1.40134
54.2503 27.0981 1.4018
54.3488 27.1075 1.40226
54.4474 27.1169 1.40273
54.546 27.1263 1.40319
54.6446 27.1357 1.40364
54.7432 27.145 1.4041
54.8418 27.1543 1.40456
54.9404 27.1637 1.40502
55.039 27.1729 1.40547
55.1376 27.1822 1.40593
55.2362 27.1915 1.40638
55.3348 27.2007 1.40683
55.4334 27.2099 1.40728
55.532 27.2191 1.40774
55.6306 27.2283 1.40819
55.7292 27.2375 1.40864
55.8278 27.2466 1.40908
55.9264 27.2557 1.40953
56.025 27.2648 1.40998
56.1236 27.2739 1.41042
56.2222 27.283 1.41087
56.3208 27.292 1.41131
56.4194 27.3011 1.41176
56.518 27.3101 1.4122
56.6166 27.3191 1.41264
56.7152 27.328 1.41308
56.8138 27.337 1.41352
56.9124 27.3459 1.41396
57.011 27.3548 1.4144
57.1096 27.3637 1.41484
57.2082 27.3726 1.41527
57.3068 27.3815 1.41571
57.4054 27.3903 1.41614
57.504 27.3992 1.41658
57.6026 27.408 1.41701
57.7012 27.4168 1.41744
57.7998 27.4256 1.41788
57.8984 27.4343 1.41831
57.997 27.4431 1.41874
58.0956 27.4518 1.41917
58.1942 27.4605 1.4196
58.2928 27.4692 1.42002
58.3914 27.4779 1.42045
58.49 27.4865 1.42088
58.5886 27.4952 1.4213
58.6872 27.5038 1.42173
58.7858 27.5124 1.42215
58.8844 27.521 1.42257
58.983 27.5296 1.423
59.0816 27.5381 1.42342
59.1802 27.5467 1.42384
59.2788 27.5552 1.42426
59.3774 27.5637 1.42468
59.476 27.5722 1.4251
59.5746 27.5806 1.42552
59.6732 27.5891 1.42593
59.7718 27.5975 1.42635
59.8704 27.606 1.42676
59.969 27.6144 1.42718
60.0676 27.6228 1.42759
60.1662 27.6311 1.42801
60.2648 27.6395 1.42842
60.3634 27.6479 1.42883
60.462 27.6562 1.42924
60.5606 27.6645 1.42965
60.6592 27.6728 1.43006
60.7578 27.6811 1.43047
60.8564 27.6893 1.43088
60.955 27.6976 1.43129
61.0536 27.7058 1.43169
61.1522 27.714 1.4321
61.2508 27.7222 1.43251
61.3493 27.7304 1.43291
61.4479 27.7386 1.43331
61.5465 27.7468 1.43372
61.6451 27.7549 1.43412
61.7437 27.763 1.43452
61.8423 27.7711 1.43492
61.9409 27.7792 1.43532
62.0395 27.7873 1.43572
62.1381 27.7954 1.43612
62.2367 27.8034 1.43652
62.3353 27.8115 1.43692
62.4339 27.8195 1.43731
62.5325 27.8275 1.43771
62.6311 27.8355 1.43811
62.7297 27.8435 1.4385
62.8283 27.8514 1.4389
62.9269 27.8594 1.43929
63.0255 27.8673 1.43968
63.1241 27.8752 1.44007
63.2227 27.8831 1.44047
63.3213 27.891 1.44086
63.4199 27.8989 1.44125
63.5185 27.9068 1.44164
63.6171 27.9146 1.44203
63.7157 27.9225 1.44241
63.8143 27.9303 1.4428
63.9129 27.9381 1.44319
64.0115 27.9459 1.44358
64.1101 27.9537 1.44396
64.2087 27.9614 1.44435
64.3073 27.9692 1.44473
64.4059 27.9769 1.44511
64.5045 27.9846 1.4455
64.6031 27.9923 1.44588
64.7017 28 1.44626
64.8003 28.0077 1.44664
64.8989 28.0154 1.44702
64.9975 28.023 1.4474
65.0961 28.0307 1.44778
65.1947 28.0383 1.44816
65.2933 28.0459 1.44854
65.3919 28.0535 1.44892
65.4905 28.0611 1.44929
65.5891 28.0687 1.44967
65.6877 28.0762 1.45004
65.7863 28.0838 1.45042
65.8849 28.0913 1.45079
65.9835 28.0988 1.45117
66.0821 28.1063 1.45154
66.1807 28.1138 1.45191
66.2793 28.1213 1.45229
66.3779 28.1288 1.45266
66.4765 28.1362 1.45303
66.5751 28.1437 1.4534
66.6737 28.1511 1.45377
66.7723 28.1585 1.45414
66.8709 28.1659 1.4545
66.9695 28.1733 1.45487
67.0681 28.1807 1.45524
67.1667 28.188 1.4556
67.2653 28.1954 1.45597
67.3639 28.2027 1.45634
67.4625 28.2101 1.4567
67.5611 28.2174 1.45707
67.6597 28.2247 1.45743
67.7583 28.232 1.45779
67.8569 28.2392 1.45815
67.9555 28.2465 1.45852
68.0541 28.2538 1.45888
68.1527 28.261 1.45924
68.2513 28.2682 1.4596
68.3498 28.2754 1.45996
68.4484 28.2826 1.46032
68.547 28.2898 1.46067
68.6456 28.297 1.46103
68.7442 28.3042 1.46139
68.8428 28.3113 1.46175
68.9414 28.3185 1.4621
69.04 28.3256 1.46246
69.1386 28.3327 1.46281
69.2372 28.3398 1.46317
69.3358 28.3469 1.46352
69.4344 28.354 1.46388
69.533 28.3611 1.46423
69.6316 28.3682 1.46458
69.7302 28.3752 1.46493
69.8288 28.3822 1.46528
69.9274 28.3893 1.46563
70.026 28.3963 1.46598
70.1246 28.4033 1.46633
70.2232 28.4103 1.46668
70.3218 28.4172 1.46703
70.4204 28.4242 1.46738
70.519 28.4312 1.46773
70.6176 28.4381 1.46807
70.7162 28.4451 1.46842
70.8148 28.452 1.46877
70.9134 28.4589 1.46911
71.012 28.4658 1.46946
71.1106 28.4727 1.4698
71.2092 28.4795 1.47014
71.3078 28.4864 1.47049
71.4064 28.4933 1.47083
71.505 28.5001 1.47117
71.6036 28.5069 1.47151
71.7022 28.5138 1.47185
71.8008 28.5206 1.47219
71.8994 28.5274 1.47254
71.998 28.5342 1.47287
72.0966 28.5409 1.47321
72.1952 28.5477 1.47355
72.2938 28.5545 1.47389
72.3924 28.5612 1.47423
72.491 28.5679 1.47456
72.5896 28.5747 1.4749
72.6882 28.5814 1.47524
72.7868 28.5881 1.47557
72.8854 28.5948 1.47591
72.984 28.6015 1.47624
73.0826 28.6081 1.47658
73.1812 28.6148 1.47691
73.2798 28.6214 1.47724
73.3784 28.6281 1.47758
73.477 28.6347 1.47791
73.5756 28.6413 1.47824
73.6742 28.6479 1.47857
73.7728 28.6545 1.4789
73.8714 28.6611 1.47923
73.97 28.6677 1.47956
74.0686 28.6743 1.47989
74.1672 28.6808 1.48022
74.2658 28.6874 1.48055
74.3644 28.6939 1.48087
74.463 28.7004 1.4812
74.5616 28.7069 1.48153
74.6602 28.7134 1.48186
74.7588 28.7199 1.48218
74.8574 28.7264 1.48251
74.956 28.7329 1.48283
75.0546 28.7394 1.48316
75.1532 28.7458 1.48348
75.2518 28.7523 1.4838
75.3504 28.7587 1.48413
75.4489 28.7651 1.48445
75.5475 28.7715 1.48477
75.6461 28.778 1.48509
75.7447 28.7844 1.48541
75.8433 28.7907 1.48573
75.9419 28.7971 1.48605
76.0405 28.8035 1.48637
76.1391 28.8098 1.48669
76.2377 28.8162 1.48701
76.3363 28.8225 1.48733
76.4349 28.8289 1.48765
76.5335 28.8352 1.48797
76.6321 28.8415 1.48828
76.7307 28.8478 1.4886
76.8293 28.8541 1.48892
76.9279 28.8604 1.48923
77.0265 28.8666 1.48955
77.1251 28.8729 1.48986
77.2237 28.8792 1.49018
77.3223 28.8854 1.49049
77.4209 28.8916 1.49081
77.5195 28.8979 1.49112
77.6181 28.9041 1.49143
77.7167 28.9103 1.49174
77.8153 28.9165 1.49206
77.9139 28.9227 1.49237
78.0125 28.9289 1.49268
78.1111 28.935 1.49299
78.2097 28.9412 1.4933
78.3083 28.9474 1.49361
78.4069 28.9535 1.49392
78.5055 28.9596 1.49423
78.6041 28.9658 1.49454
78.7027 28.9719 1.49484
78.8013 28.978 1.49515
78.8999 28.9841 1.49546
78.9985 28.9902 1.49577
79.0971 28.9963 1.49607
79.1957 29.0023 1.49638
79.2943 29.0084 1.49668
79.3929 29.0145 1.49699
79.4915 29.0205 1.49729
79.5901 29.0265 1.4976
79.6887 29.0326 1.4979
79.7873 29.0386 1.49821
79.8859 29.0446 1.49851
79.9845 29.0506 1.49881
80.0831 29.0566 1.49911
80.1817 29.0626 1.49942
80.2803 29.0686 1.49972
80.3789 29.0745 1.50002
80.4775 29.0805 1.50032
80.5761 29.0865 1.50062
80.6747 29.0924 1.50092
80.7733 29.0983 1.50122
80.8719 29.1043 1.50152
80.9705 29.1102 1.50182
81.0691 29.1161 1.50212
81.1677 29.122 1.50241
81.2663 29.1279 1.50271
81.3649 29.1338 1.50301
81.4635 29.1397 1.50331
81.5621 29.1455 1.5036
81.6607 29.1514 1.5039
81.7593 29.1572 1.50419
81.8579 29.1631 1.50449
81.9565 29.1689 1.50478
82.0551 29.1747 1.50508
82.1537 29.1806 1.50537
82.2523 29.1864 1.50567
82.3509 29.1922 1.50596
82.4494 29.198 1.50625
82.548 29.2038 1.50654
82.6466 29.2095 1.50684
82.7452 29.2153 1.50713
82.8438 29.2211 1.50742
82.9424 29.2268 1.50771
83.041 29.2326 1.508
83.1396 29.2383 1.50829
83.2382 29.2441 1.50858
83.3368 29.2498 1.50887
83.4354 29.2555 1.50916
83.534 29.2612 1.50945
83.6326 29.2669 1.50974
83.7312 29.2726 1.51003
83.8298 29.2783 1.51031
83.9284 29.284 1.5106
84.027 29.2896 1.51089
84.1256 29.2953 1.51117
84.2242 29.3009 1.51146
84.3228 29.3066 1.51175
84.4214 29.3122 1.51203
84.52 29.3179 1.51232
84.6186 29.3235 1.5126
84.7172 29.3291 1.51289
84.8158 29.3347 1.51317
84.9144 29.3403 1.51345
85.013 29.3459 1.51374
85.1116 29.3515 1.51402
85.2102 29.3571 1.5143
85.3088 29.3626 1.51459
85.4074 29.3682 1.51487
85.506 29.3738 1.51515
85.6046 29.3793 1.51543
85.7032 29.3848 1.51571
85.8018 29.3904 1.51599
85.9004 29.3959 1.51627
85.999 29.4014 1.51655
86.0976 29.4069 1.51683
86.1962 29.4124 1.51711
86.2948 29.4179 1.51739
86.3934 29.4234 1.51767
86.492 29.4289 1.51795
86.5906 29.4344 1.51822
86.6892 29.4398 1.5185
86.7878 29.4453 1.51878
86.8864 29.4508 1.51905
86.985 29.4562 1.51933
87.0836 29.4616 1.51961
87.1822 29.4671 1.51988
87.2808 29.4725 1.52016
87.3794 29.4779 1.52043
87.478 29.4833 1.52071
87.5766 29.4887 1.52098
87.6752 29.4941 1.52126
87.7738 29.4995 1.52153
87.8724 29.5049 1.5218
87.971 29.5103 1.52208
88.0696 29.5156 1.52235
88.1682 29.521 1.52262
88.2668 29.5263 1.52289
88.3654 29.5317 1.52316
88.464 29.537 1.52344
88.5626 29.5424 1.52371
88.6612 29.5477 1.52398
88.7598 29.553 1.52425
88.8584 29.5583 1.52452
88.957 29.5636 1.52479
89.0556 29.5689 1.52506
89.1542 29.5742 1.52533
89.2528 29.5795 1.52559
89.3514 29.5848 1.52586
89.4499 29.59 1.52613
89.5485 29.5953 1.5264
89.6471 29.6006 1.52667
89.7457 29.6058 1.52693
89.8443 29.6111 1.5272
89.9429 29.6163 1.52747
90.0415 29.6215 1.52773
90.1401 29.6268 1.528
90.2387 29.632 1.52826
90.3373 29.6372 1.52853
90.4359 29.6424 1.52879
90.5345 29.6476 1.52906
90.6331 29.6528 1.52932
90.7317 29.658 1.52959
90.8303 29.6631 1.52985
90.9289 29.6683 1.53011
91.0275 29.6735 1.53038
91.1261 29.6786 1.53064
91.2247 29.6838 1.5309
91.3233 29.6889 1.53116
91.4219 29.6941 1.53143
91.5205 29.6992 1.53169
91.6191 29.7043 1.53195
91.7177 29.7094 1.53221
91.8163 29.7146 1.53247
91.9149 29.7197 1.53273
92.0135 29.7248 1.53299
92.1121 29.7299 1.53325
92.2107 29.7349 1.53351
92.3093 29.74 1.53377
92.4079 29.7451 1.53403
92.5065 29.7502 1.53429
92.6051 29.7552 1.53454
92.7037 29.7603 1.5348
92.8023 29.7653 1.53506
92.9009 29.7704 1.53532
92.9995 29.7754 1.53557
93.0981 29.7805 1.53583
93.1967 29.7855 1.53609
93.2953 29.7905 1.53634
93.3939 29.7955 1.5366
93.4925 29.8005 1.53685
93.5911 29.8055 1.53711
93.6897 29.8105 1.53736
93.7883 29.8155 1.53762
93.8869 29.8205 1.53787
93.9855 29.8255 1.53813
94.0841 29.8304 1.53838
94.1827 29.8354 1.53863
94.2813 29.8403 1.53889
94.3799 29.8453 1.53914
94.4785 29.8502 1.53939
94.5771 29.8552 1.53964
94.6757 29.8601 1.5399
94.7743 29.865 1.54015
94.8729 29.87 1.5404
94.9715 29.8749 1.54065
95.0701 29.8798 1.5409
95.1687 29.8847 1.54115
95.2673 29.8896 1.5414
95.3659 29.8945 1.54165
95.4645 29.8994 1.5419
95.5631 29.9042 1.54215
95.6617 29.9091 1.5424
95.7603 29.914 1.54265
95.8589 29.9189 1.5429
95.9575 29.9237 1.54315
96.0561 29.9286 1.54339
96.1547 29.9334 1.54364
96.2533 29.9382 1.54389
96.3519 29.9431 1.54414
96.4505 29.9479 1.54438
96.549 29.9527 1.54463
96.6476 29.9575 1.54488
96.7462 29.9624 1.54512
96.8448 29.9672 1.54537
96.9434 29.972 1.54561
97.042 29.9768 1.54586
97.1406 29.9815 1.5461
97.2392 29.9863 1.54635
97.3378 29.9911 1.54659
97.4364 29.9959 1.54684
97.535 30.0006 1.54708
97.6336 30.0054 1.54733
97.7322 30.0102 1.54757
97.8308 30.0149 1.54781
97.9294 30.0196 1.54805
98.028 30.0244 1.5483
98.1266 30.0291 1.54854
98.2252 30.0338 1.54878
98.3238 30.0386 1.54902
98.4224 30.0433 1.54927
98.521 30.048 1.54951
98.6196 30.0527 1.54975
98.7182 30.0574 1.54999
98.8168 30.0621 1.55023
98.9154 30.0668 1.55047
99.014 30.0714 1.55071
99.1126 30.0761 1.55095
99.2112 30.0808 1.55119
99.3098 30.0855 1.55143
99.4084 30.0901 1.55167
99.507 30.0948 1.5519
99.6056 30.0994 1.55214
99.7042 30.1041 1.55238
99.8028 30.1087 1.55262
99.9014 30.1133 1.55286
100 30.118 1.55309
