1.5 2.01739 0.390561
1.5986 2.52608 0.406876
1.6972 3.01234 0.422627
1.7958 3.47538 0.437759
1.89439 3.91817 0.45234
1.99299 4.34141 0.466376
2.09159 4.74536 0.479864
2.19019 5.13212 0.492856
2.28879 5.50319 0.50539
2.38739 5.85909 0.517476
2.48599 6.20035 0.529127
2.58458 6.5282 0.540374
2.68318 6.84409 0.551258
2.78178 7.14855 0.561792
2.88038 7.44206 0.57199
2.97898 7.7251 0.581865
3.07758 7.99817 0.59143
3.17618 8.26236 0.600717
3.27477 8.51821 0.609741
3.37337 8.7661 0.618513
3.47197 9.00638 0.627044
3.57057 9.23936 0.635342
3.66917 9.46535 0.643416
3.76777 9.68465 0.651276
3.86637 9.89856 0.658936
3.96496 10.1079 0.666411
4.06356 10.3122 0.673707
4.16216 10.5113 0.680832
4.26076 10.7049 0.687792
4.35936 10.8928 0.694593
4.45796 11.0747 0.701242
4.55656 11.2507 0.707743
4.65516 11.4207 0.714103
4.75375 11.5845 0.720326
4.85235 11.7424 0.72642
4.95095 11.8951 0.732393
5.04955 12.043 0.73825
5.14815 12.1865 0.743993
5.24675 12.3261 0.749627
5.34535 12.462 0.755155
5.44394 12.5947 0.76058
5.54254 12.7244 0.765905
5.64114 12.8514 0.771134
5.73974 12.9759 0.776269
5.83834 13.0982 0.781313
5.93694 13.2185 0.786268
6.03554 13.3369 0.791138
6.13413 13.4538 0.795924
6.23273 13.5688 0.800631
6.33133 13.6819 0.805264
6.42993 13.793 0.809823
6.52853 13.9023 0.814311
6.62713 14.0098 0.81873
6.72573 14.1155 0.823082
6.82432 14.2195 0.827368
6.92292 14.3219 0.831591
7.02152 14.4226 0.835752
7.12012 14.5217 0.839853
7.21872 14.6193 0.843894
7.31732 14.7154 0.847879
7.41592 14.81 0.851807
7.51451 14.9032 0.855681
7.61311 14.9951 0.859501
7.71171 15.0855 0.863269
7.81031 15.1747 0.866986
7.90891 15.2625 0.870654
8.00751 15.3491 0.874273
8.10611 15.4345 0.877845
8.2047 15.5187 0.881372
8.3033 15.6018 0.884855
8.4019 15.6838 0.888296
8.5005 15.7647 0.891694
8.5991 15.8446 0.895052
8.6977 15.9234 0.89837
8.7963 16.0013 0.901649
8.89489 16.0782 0.90489
8.99349 16.1541 0.908094
9.09209 16.2291 0.91126
9.19069 16.3031 0.914391
9.28929 16.3763 0.917487
9.38789 16.4486 0.920548
9.48649 16.52 0.923576
9.58509 16.5906 0.92657
9.68368 16.6604 0.929532
9.78228 16.7293 0.932462
9.88088 16.7975 0.935361
9.97948 16.8648 0.938229
10.0781 16.9315 0.941067
10.1767 16.9973 0.943875
10.2753 17.0625 0.946655
10.3739 17.1269 0.949406
10.4725 17.1906 0.95213
10.5711 17.2536 0.954826
10.6697 17.3159 0.957495
10.7683 17.3776 0.960137
10.8669 17.4386 0.962754
10.9655 17.499 0.965345
11.0641 17.5588 0.967912
11.1627 17.6179 0.970455
11.2613 17.6765 0.972974
11.3599 17.7345 0.97547
11.4585 17.7919 0.977944
11.5571 17.8488 0.980395
11.6557 17.9051 0.982825
11.7543 17.9609 0.985233
11.8529 18.0161 0.987619
11.9515 18.0709 0.989985
12.0501 18.1251 0.99233
12.1486 18.1788 0.994655
12.2472 18.232 0.99696
12.3458 18.2848 0.999246
12.4444 18.337 1.00151
12.543 18.3888 1.00376
12.6416 18.4401 1.00599
12.7402 18.491 1.0082
12.8388 18.5414 1.01039
12.9374 18.5914 1.01256
13.036 18.6409 1.01472
13.1346 18.69 1.01686
13.2332 18.7387 1.01898
13.3318 18.7869 1.02108
13.4304 18.8348 1.02317
13.529 18.8822 1.02524
13.6276 18.9293 1.0273
13.7262 18.9759 1.02934
13.8248 19.0222 1.03136
13.9234 19.0681 1.03337
14.022 19.1136 1.03537
14.1206 19.1587 1.03734
14.2192 19.2035 1.03931
14.3178 19.2479 1.04126
14.4164 19.2919 1.04319
14.515 19.3356 1.04511
14.6136 19.379 1.04702
14.7122 19.422 1.04891
14.8108 19.4647 1.05079
14.9094 19.507 1.05265
15.008 19.5491 1.0545
15.1066 19.5908 1.05634
15.2052 19.6321 1.05817
15.3038 19.6732 1.05998
15.4024 19.714 1.06178
15.501 19.7545 1.06357
15.5996 19.7947 1.06535
15.6982 19.8346 1.06711
15.7968 19.8742 1.06886
15.8954 19.9135 1.0706
15.994 19.9526 1.07233
16.0926 19.9913 1.07405
16.1912 20.0298 1.07576
16.2898 20.0681 1.07746
16.3884 20.106 1.07914
16.487 20.1438 1.08082
16.5856 20.1812 1.08248
16.6842 20.2184 1.08413
16.7828 20.2554 1.08578
16.8814 20.2921 1.08741
16.98 20.3285 1.08903
17.0786 20.3647 1.09065
17.1772 20.4007 1.09225
17.2758 20.4364 1.09384
17.3744 20.4719 1.09542
17.473 20.5072 1.097
17.5716 20.5422 1.09856
17.6702 20.577 1.10012
17.7688 20.6116 1.10166
17.8674 20.646 1.1032
17.966 20.6801 1.10472
18.0646 20.7141 1.10624
18.1632 20.7478 1.10775
18.2618 20.7813 1.10925
18.3604 20.8146 1.11074
18.459 20.8477 1.11223
18.5576 20.8805 1.1137
18.6562 20.9132 1.11517
18.7548 20.9457 1.11662
18.8534 20.978 1.11807
18.952 21.0101 1.11952
19.0506 21.042 1.12095
19.1491 21.0737 1.12237
19.2477 21.1052 1.12379
19.3463 21.1365 1.1252
19.4449 21.1677 1.1266
19.5435 21.1986 1.128
19.6421 21.2294 1.12938
19.7407 21.26 1.13076
19.8393 21.2904 1.13213
19.9379 21.3207 1.1335
20.0365 21.3507 1.13486
20.1351 21.3806 1.1362
20.2337 21.4104 1.13755
20.3323 21.4399 1.13888
20.4309 21.4693 1.14021
20.5295 21.4985 1.14153
20.6281 21.5276 1.14285
20.7267 21.5565 1.14415
20.8253 21.5852 1.14546
20.9239 21.6138 1.14675
21.0225 21.6422 1.14804
21.1211 21.6705 1.14932
21.2197 21.6986 1.15059
21.3183 21.7266 1.15186
21.4169 21.7544 1.15312
21.5155 21.782 1.15438
21.6141 21.8095 1.15563
21.7127 21.8369 1.15687
21.8113 21.8641 1.15811
21.9099 21.8912 1.15934
22.0085 21.9181 1.16056
22.1071 21.9449 1.16178
22.2057 21.9716 1.16299
22.3043 21.9981 1.1642
22.4029 22.0245 1.1654
22.5015 22.0508 1.1666
22.6001 22.0769 1.16779
22.6987 22.1029 1.16898
22.7973 22.1288 1.17016
22.8959 22.1545 1.17133
22.9945 22.1801 1.1725
23.0931 22.2056 1.17366
23.1917 22.231 1.17482
23.2903 22.2562 1.17597
23.3889 22.2813 1.17712
23.4875 22.3063 1.17826
23.5861 22.3312 1.1794
23.6847 22.3559 1.18053
23.7833 22.3806 1.18166
23.8819 22.4051 1.18278
23.9805 22.4295 1.1839
24.0791 22.4537 1.18501
24.1777 22.4779 1.18612
24.2763 22.502 1.18722
24.3749 22.5259 1.18832
24.4735 22.5497 1.18941
24.5721 22.5735 1.1905
24.6707 22.5971 1.19158
24.7693 22.6206 1.19266
24.8679 22.644 1.19374
24.9665 22.6672 1.19481
25.0651 22.6904 1.19587
25.1637 22.7135 1.19693
25.2623 22.7365 1.19799
25.3609 22.7593 1.19904
25.4595 22.7821 1.20009
25.5581 22.8047 1.20113
25.6567 22.8273 1.20217
25.7553 22.8498 1.2032
25.8539 22.8721 1.20423
25.9525 22.8944 1.20526
26.0511 22.9165 1.20628
26.1496 22.9386 1.2073
26.2482 22.9606 1.20831
26.3468 22.9824 1.20932
26.4454 23.0042 1.21033
26.544 23.0259 1.21133
26.6426 23.0475 1.21232
26.7412 23.069 1.21332
26.8398 23.0904 1.21431
26.9384 23.1117 1.21529
27.037 23.1329 1.21627
27.1356 23.154 1.21725
27.2342 23.1751 1.21822
27.3328 23.196 1.21919
27.4314 23.2169 1.22016
27.53 23.2377 1.22112
27.6286 23.2584 1.22208
27.7272 23.279 1.22303
27.8258 23.2995 1.22398
27.9244 23.3199 1.22493
28.023 23.3403 1.22588
28.1216 23.3606 1.22682
28.2202 23.3808 1.22775
28.3188 23.4009 1.22868
28.4174 23.4209 1.22961
28.516 23.4408 1.23054
28.6146 23.4607 1.23146
28.7132 23.4805 1.23238
28.8118 23.5002 1.2333
28.9104 23.5198 1.23421
29.009 23.5393 1.23512
29.1076 23.5588 1.23602
29.2062 23.5782 1.23693
29.3048 23.5975 1.23782
29.4034 23.6167 1.23872
29.502 23.6359 1.23961
29.6006 23.655 1.2405
29.6992 23.674 1.24139
29.7978 23.6929 1.24227
29.8964 23.7118 1.24315
29.995 23.7306 1.24402
30.0936 23.7493 1.2449
30.1922 23.768 1.24577
30.2908 23.7865 1.24663
30.3894 23.8051 1.2475
30.488 23.8235 1.24836
30.5866 23.8419 1.24922
30.6852 23.8602 1.25007
30.7838 23.8784 1.25092
30.8824 23.8965 1.25177
30.981 23.9146 1.25262
31.0796 23.9327 1.25346
31.1782 23.9506 1.2543
31.2768 23.9685 1.25514
31.3754 23.9863 1.25597
31.474 24.0041 1.2568
31.5726 24.0218 1.25763
31.6712 24.0394 1.25845
31.7698 24.057 1.25928
31.8684 24.0745 1.2601
31.967 24.0919 1.26091
32.0656 24.1093 1.26173
32.1642 24.1266 1.26254
32.2628 24.1439 1.26335
32.3614 24.1611 1.26416
32.46 24.1782 1.26496
32.5586 24.1953 1.26576
32.6572 24.2123 1.26656
32.7558 24.2292 1.26736
32.8544 24.2461 1.26815
32.953 24.263 1.26894
33.0516 24.2798 1.26973
33.1502 24.2965 1.27051
33.2487 24.3131 1.2713
33.3473 24.3298 1.27208
33.4459 24.3463 1.27286
33.5445 24.3628 1.27363
33.6431 24.3792 1.27441
33.7417 24.3956 1.27518
33.8403 24.4119 1.27595
33.9389 24.4282 1.27671
34.0375 24.4444 1.27748
34.1361 24.4606 1.27824
34.2347 24.4767 1.279
34.3333 24.4928 1.27975
34.4319 24.5088 1.28051
34.5305 24.5247 1.28126
34.6291 24.5406 1.28201
34.7277 24.5565 1.28276
34.8263 24.5723 1.2835
34.9249 24.588 1.28424
35.0235 24.6037 1.28498
35.1221 24.6193 1.28572
35.2207 24.6349 1.28646
35.3193 24.6505 1.28719
35.4179 24.6659 1.28792
35.5165 24.6814 1.28865
35.6151 24.6968 1.28938
35.7137 24.7121 1.29011
35.8123 24.7274 1.29083
35.9109 24.7426 1.29155
36.0095 24.7578 1.29227
36.1081 24.773 1.29298
36.2067 24.7881 1.2937
36.3053 24.8031 1.29441
36.4039 24.8181 1.29512
36.5025 24.8331 1.29583
36.6011 24.848 1.29654
36.6997 24.8628 1.29724
36.7983 24.8776 1.29794
36.8969 24.8924 1.29864
36.9955 24.9071 1.29934
37.0941 24.9218 1.30004
37.1927 24.9364 1.30073
37.2913 24.951 1.30142
37.3899 24.9656 1.30211
37.4885 24.9801 1.3028
37.5871 24.9945 1.30349
37.6857 25.0089 1.30417
37.7843 25.0233 1.30485
37.8829 25.0376 1.30553
37.9815 25.0519 1.30621
38.0801 25.0661 1.30689
38.1787 25.0803 1.30756
38.2773 25.0945 1.30823
38.3759 25.1086 1.3089
38.4745 25.1226 1.30957
38.5731 25.1367 1.31024
38.6717 25.1506 1.3109
38.7703 25.1646 1.31157
38.8689 25.1785 1.31223
38.9675 25.1923 1.31289
39.0661 25.2062 1.31355
39.1647 25.2199 1.3142
39.2633 25.2337 1.31486
39.3619 25.2474 1.31551
39.4605 25.261 1.31616
39.5591 25.2746 1.31681
39.6577 25.2882 1.31746
39.7563 25.3018 1.3181
39.8549 25.3153 1.31875
39.9535 25.3287 1.31939
40.0521 25.3421 1.32003
40.1507 25.3555 1.32067
40.2492 25.3689 1.3213
40.3478 25.3822 1.32194
40.4464 25.3954 1.32257
40.545 25.4087 1.3232
40.6436 25.4219 1.32383
40.7422 25.435 1.32446
40.8408 25.4481 1.32509
40.9394 25.4612 1.32571
41.038 25.4743 1.32634
41.1366 25.4873 1.32696
41.2352 25.5003 1.32758
41.3338 25.5132 1.3282
41.4324 25.5261 1.32881
41.531 25.539 1.32943
41.6296 25.5518 1.33004
41.7282 25.5646 1.33066
41.8268 25.5773 1.33127
41.9254 25.5901 1.33188
42.024 25.6027 1.33248
42.1226 25.6154 1.33309
42.2212 25.628 1.33369
42.3198 25.6406 1.3343
42.4184 25.6532 1.3349
42.517 25.6657 1.3355
42.6156 25.6782 1.3361
42.7142 25.6906 1.33669
42.8128 25.703 1.33729
42.9114 25.7154 1.33788
43.01 25.7278 1.33847
43.1086 25.7401 1.33906
43.2072 25.7523 1.33965
43.3058 25.7646 1.34024
43.4044 25.7768 1.34083
43.503 25.789 1.34141
43.6016 25.8012 1.342
43.7002 25.8133 1.34258
43.7988 25.8254 1.34316
43.8974 25.8374 1.34374
43.996 25.8494 1.34432
44.0946 25.8614 1.34489
44.1932 25.8734 1.34547
44.2918 25.8853 1.34604
44.3904 25.8972 1.34661
44.489 25.9091 1.34718
44.5876 25.9209 1.34775
44.6862 25.9327 1.34832
44.7848 25.9445 1.34889
44.8834 25.9563 1.34945
44.982 25.968 1.35002
45.0806 25.9797 1.35058
45.1792 25.9913 1.35114
45.2778 26.003 1.3517
45.3764 26.0146 1.35226
45.475 26.0261 1.35282
45.5736 26.0377 1.35337
45.6722 26.0492 1.35393
45.7708 26.0607 1.35448
45.8694 26.0721 1.35503
45.968 26.0835 1.35558
46.0666 26.0949 1.35613
46.1652 26.1063 1.35668
46.2638 26.1176 1.35723
46.3624 26.1289 1.35777
46.461 26.1402 1.35832
46.5596 26.1515 1.35886
46.6582 26.1627 1.3594
46.7568 26.1739 1.35994
46.8554 26.1851 1.36048
46.954 26.1962 1.36102
47.0526 26.2073 1.36156
47.1512 26.2184 1.36209
47.2497 26.2295 1.36263
47.3483 26.2405 1.36316
47.4469 26.2515 1.36369
47.5455 26.2625 1.36422
47.6441 26.2734 1.36475
47.7427 26.2843 1.36528
47.8413 26.2952 1.36581
47.9399 26.3061 1.36633
48.0385 26.317 1.36686
48.1371 26.3278 1.36738
48.2357 26.3386 1.3679
48.3343 26.3493 1.36843
48.4329 26.3601 1.36895
48.5315 26.3708 1.36946
48.6301 26.3815 1.36998
48.7287 26.3922 1.3705
48.8273 26.4028 1.37101
48.9259 26.4134 1.37153
49.0245 26.424 1.37204
49.1231 26.4346 1.37255
49.2217 26.4451 1.37307
49.3203 26.4557 1.37358
49.4189 26.4662 1.37408
49.5175 26.4766 1.37459
49.6161 26.4871 1.3751
49.7147 26.4975 1.3756
49.8133 26.5079 1.37611
49.9119 26.5183 1.37661
50.0105 26.5286 1.37711
50.1091 26.539 1.37762
50.2077 26.5493 1.37812
50.3063 26.5595 1.37862
50.4049 26.5698 1.37911
50.5035 26.58 1.37961
50.6021 26.5903 1.38011
50.7007 26.6004 1.3806
50.7993 26.6106 1.3811
50.8979 26.6208 1.38159
50.9965 26.6309 1.38208
51.0951 26.641 1.38257
51.1937 26.651 1.38306
51.2923 26.6611 1.38355
51.3909 26.6711 1.38404
51.4895 26.6811 1.38452
51.5881 26.6911 1.38501
51.6867 26.7011 1.3855
51.7853 26.711 1.38598
51.8839 26.7209 1.38646
51.9825 26.7308 1.38694
52.0811 26.7407 1.38742
52.1797 26.7506 1.3879
52.2783 26.7604 1.38838
52.3769 26.7702 1.38886
52.4755 26.78 1.38934
52.5741 26.7898 1.38981
52.6727 26.7995 1.39029
52.7713 26.8093 1.39076
52.8699 26.819 1.39124
52.9685 26.8286 1.39171
53.0671 26.8383 1.39218
53.1657 26.8479 1.39265
53.2643 26.8576 1.39312
53.3629 26.8672 1.39359
53.4615 26.8767 1.39405
53.5601 26.8863 1.39452
53.6587 26.8958 1.39499
53.7573 26.9054 1.39545
53.8559 26.9149 1.39591
53.9545 26.9243 1.39638
54.0531 26.9338 1.39684
54.1517 26.9432 1.3973
54.2503 26.9527 1.39776
54.3488 26.9621 1.39822
54.4474 26.9714 1.39868
54.546 26.9808 1.39913
54.6446 26.9901 1.39959
54.7432 26.9995 1.40005
54.8418 27.0088 1.4005
54.9404 27.018 1.40095
55.039 27.0273 1.40141
55.1376 27.0365 1.40186
55.2362 27.0458 1.40231
55.3348 27.055 1.40276
55.4334 27.0642 1.40321
55.532 27.0733 1.40366
55.6306 27.0825 1.40411
55.7292 27.0916 1.40455
55.8278 27.1007 1.405
55.9264 27.1098 1.40544
56.025 27.1189 1.40589
56.1236 27.1279 1.40633
56.2222 27.137 1.40677
56.3208 27.146 1.40722
56.4194 27.155 1.40766
56.518 27.164 1.4081
56.6166 27.1729 1.40853
56.7152 27.1819 1.40897
56.8138 27.1908 1.40941
56.9124 27.1997 1.40985
57.011 27.2086 1.41028
57.1096 27.2175 1.41072
57.2082 27.2263 1.41115
57.3068 27.2352 1.41159
57.4054 27.244 1.41202
57.504 27.2528 1.41245
57.6026 27.2616 1.41288
57.7012 27.2703 1.41331
57.7998 27.2791 1.41374
57.8984 27.2878 1.41417
57.997 27.2965 1.4146
58.0956 27.3052 1.41502
58.1942 27.3139 1.41545
58.2928 27.3226 1.41588
58.3914 27.3312 1.4163
58.49 27.3398 1.41672
58.5886 27.3485 1.41715
58.6872 27.357 1.41757
58.7858 27.3656 1.41799
58.8844 27.3742 1.41841
58.983 27.3827 1.41883
59.0816 27.3913 1.41925
59.1802 27.3998 1.41967
59.2788 27.4083 1.42009
59.3774 27.4167 1.4205
59.476 27.4252 1.42092
59.5746 27.4337 1.42134
59.6732 27.4421 1.42175
59.7718 27.4505 1.42216
59.8704 27.4589 1.42258
59.969 27.4673 1.42299
60.0676 27.4756 1.4234
60.1662 27.484 1.42381
60.2648 27.4923 1.42422
60.3634 27.5006 1.42463
60.462 27.5089 1.42504
60.5606 27.5172 1.42545
60.6592 27.5255 1.42586
60.7578 27.5338 1.42626
60.8564 27.542 1.42667
60.955 27.5502 1.42708
61.0536 27.5584 1.42748
61.1522 27.5666 1.42788
61.2508 27.5748 1.42829
61.3493 27.583 1.42869
61.4479 27.5911 1.42909
61.5465 27.5992 1.42949
61.6451 27.6074 1.42989
61.7437 27.6155 1.43029
61.8423 27.6235 1.43069
61.9409 27.6316 1.43109
62.0395 27.6397 1.43149
62.1381 27.6477 1.43188
62.2367 27.6557 1.43228
62.3353 27.6637 1.43267
62.4339 27.6717 1.43307
62.5325 27.6797 1.43346
62.6311 27.6877 1.43386
62.7297 27.6956 1.43425
62.8283 27.7036 1.43464
62.9269 27.7115 1.43503
63.0255 27.7194 1.43542
63.1241 27.7273 1.43581
63.2227 27.7352 1.4362
63.3213 27.7431 1.43659
63.4199 27.7509 1.43698
63.5185 27.7588 1.43737
63.6171 27.7666 1.43775
63.7157 27.7744 1.43814
63.8143 27.7822 1.43853
63.9129 27.79 1.43891
64.0115 27.7977 1.43929
64.1101 27.8055 1.43968
64.2087 27.8132 1.44006
64.3073 27.8209 1.44044
64.4059 27.8287 1.44082
64.5045 27.8364 1.44121
64.6031 27.844 1.44159
64.7017 27.8517 1.44197
64.8003 27.8594 1.44234
64.8989 27.867 1.44272
64.9975 27.8746 1.4431
65.0961 27.8823 1.44348
65.1947 27.8899 1.44385
65.2933 27.8974 1.44423
65.3919 27.905 1.44461
65.4905 27.9126 1.44498
65.5891 27.9201 1.44535
65.6877 27.9277 1.44573
65.7863 27.9352 1.4461
65.8849 27.9427 1.44647
65.9835 27.9502 1.44684
66.0821 27.9577 1.44722
66.1807 27.9652 1.44759
66.2793 27.9726 1.44796
66.3779 27.9801 1.44833
66.4765 27.9875 1.44869
66.5751 27.9949 1.44906
66.6737 28.0023 1.44943
66.7723 28.0097 1.4498
66.8709 28.0171 1.45016
66.9695 28.0245 1.45053
67.0681 28.0318 1.45089
67.1667 28.0392 1.45126
67.2653 28.0465 1.45162
67.3639 28.0538 1.45198
67.4625 28.0611 1.45235
67.5611 28.0684 1.45271
67.6597 28.0757 1.45307
67.7583 28.0829 1.45343
67.8569 28.0902 1.45379
67.9555 28.0974 1.45415
68.0541 28.1047 1.45451
68.1527 28.1119 1.45487
68.2513 28.1191 1.45523
68.3498 28.1263 1.45559
68.4484 28.1335 1.45594
68.547 28.1406 1.4563
68.6456 28.1478 1.45665
68.7442 28.1549 1.45701
68.8428 28.1621 1.45736
68.9414 28.1692 1.45772
69.04 28.1763 1.45807
69.1386 28.1834 1.45843
69.2372 28.1905 1.45878
69.3358 28.1976 1.45913
69.4344 28.2046 1.45948
69.533 28.2117 1.45983
69.6316 28.2187 1.46018
69.7302 28.2258 1.46053
69.8288 28.2328 1.46088
69.9274 28.2398 1.46123
70.026 28.2468 1.46158
70.1246 28.2537 1.46193
70.2232 28.2607 1.46227
70.3218 28.2677 1.46262
70.4204 28.2746 1.46297
70.519 28.2816 1.46331
70.6176 28.2885 1.46366
70.7162 28.2954 1.464
70.8148 28.3023 1.46434
70.9134 28.3092 1.46469
71.012 28.3161 1.46503
71.1106 28.3229 1.46537
71.2092 28.3298 1.46572
71.3078 28.3366 1.46606
71.4064 28.3435 1.4664
71.505 28.3503 1.46674
71.6036 28.3571 1.46708
71.7022 28.3639 1.46742
71.8008 28.3707 1.46776
71.8994 28.3775 1.46809
71.998 28.3842 1.46843
72.0966 28.391 1.46877
72.1952 28.3978 1.46911
72.2938 28.4045 1.46944
72.3924 28.4112 1.46978
72.491 28.4179 1.47011
72.5896 28.4246 1.47045
72.6882 28.4313 1.47078
72.7868 28.438 1.47112
72.8854 28.4447 1.47145
72.984 28.4513 1.47178
73.0826 28.458 1.47211
73.1812 28.4646 1.47244
73.2798 28.4713 1.47278
73.3784 28.4779 1.47311
73.477 28.4845 1.47344
73.5756 28.4911 1.47377
73.6742 28.4977 1.4741
73.7728 28.5043 1.47442
73.8714 28.5108 1.47475
73.97 28.5174 1.47508
74.0686 28.5239 1.47541
74.1672 28.5305 1.47574
74.2658 28.537 1.47606
74.3644 28.5435 1.47639
74.463 28.55 1.47671
74.5616 28.5565 1.47704
74.6602 28.563 1.47736
74.7588 28.5695 1.47769
74.8574 28.576 1.47801
74.956 28.5824 1.47833
75.0546 28.5889 1.47866
75.1532 28.5953 1.47898
75.2518 28.6017 1.4793
75.3504 28.6081 1.47962
75.4489 28.6146 1.47994
75.5475 28.6209 1.48026
75.6461 28.6273 1.48058
75.7447 28.6337 1.4809
75.8433 28.6401 1.48122
75.9419 28.6464 1.48154
76.0405 28.6528 1.48186
76.1391 28.6591 1.48217
76.2377 28.6655 1.48249
76.3363 28.6718 1.48281
76.4349 28.6781 1.48313
76.5335 28.6844 1.48344
76.6321 28.6907 1.48376
76.7307 28.697 1.48407
76.8293 28.7033 1.48439
76.9279 28.7095 1.4847
77.0265 28.7158 1.48501
77.1251 28.722 1.48533
77.2237 28.7283 1.48564
77.3223 28.7345 1.48595
77.4209 28.7407 1.48626
77.5195 28.7469 1.48658
77.6181 28.7531 1.48689
77.7167 28.7593 1.4872
77.8153 28.7655 1.48751
77.9139 28.7717 1.48782
78.0125 28.7778 1.48813
78.1111 28.784 1.48844
78.2097 28.7901 1.48874
78.3083 28.7963 1.48905
78.4069 28.8024 1.48936
78.5055 28.8085 1.48967
78.6041 28.8146 1.48997
78.7027 28.8207 1.49028
78.8013 28.8268 1.49059
78.8999 28.8329 1.49089
78.9985 28.839 1.4912
79.0971 28.845 1.4915
79.1957 28.8511 1.49181
79.2943 28.8571 1.49211
79.3929 28.8632 1.49241
79.4915 28.8692 1.49272
79.5901 28.8752 1.49302
79.6887 28.8813 1.49332
79.7873 28.8873 1.49362
79.8859 28.8933 1.49393
79.9845 28.8992 1.49423
80.0831 28.9052 1.49453
80.1817 28.9112 1.49483
80.2803 28.9172 1.49513
80.3789 28.9231 1.49543
80.4775 28.9291 1.49573
80.5761 28.935 1.49603
80.6747 28.9409 1.49632
80.7733 28.9468 1.49662
80.8719 28.9528 1.49692
80.9705 28.9587 1.49722
81.0691 28.9646 1.49751
81.1677 28.9704 1.49781
81.2663 28.9763 1.49811
81.3649 28.9822 1.4984
81.4635 28.988 1.4987
81.5621 28.9939 1.49899
81.6607 28.9997 1.49929
81.7593 29.0056 1.49958
81.8579 29.0114 1.49987
81.9565 29.0172 1.50017
82.0551 29.023 1.50046
82.1537 29.0289 1.50075
82.2523 29.0346 1.50104
82.3509 29.0404 1.50134
82.4494 29.0462 1.50163
82.548 29.052 1.50192
82.6466 29.0578 1.50221
82.7452 29.0635 1.5025
82.8438 29.0693 1.50279
82.9424 29.075 1.50308
83.041 29.0807 1.50337
83.1396 29.0865 1.50366
83.2382 29.0922 1.50394
83.3368 29.0979 1.50423
83.4354 29.1036 1.50452
83.534 29.1093 1.50481
83.6326 29.115 1.50509
83.7312 29.1206 1.50538
83.8298 29.1263 1.50567
83.9284 29.132 1.50595
84.027 29.1376 1.50624
84.1256 29.1433 1.50652
84.2242 29.1489 1.50681
84.3228 29.1545 1.50709
84.4214 29.1602 1.50738
84.52 29.1658 1.50766
84.6186 29.1714 1.50794
84.7172 29.177 1.50823
84.8158 29.1826 1.50851
84.9144 29.1882 1.50879
85.013 29.1938 1.50907
85.1116 29.1993 1.50935
85.2102 29.2049 1.50964
85.3088 29.2104 1.50992
85.4074 29.216 1.5102
85.506 29.2215 1.51048
85.6046 29.2271 1.51076
85.7032 29.2326 1.51104
85.8018 29.2381 1.51131
85.9004 29.2436 1.51159
85.999 29.2491 1.51187
86.0976 29.2546 1.51215
86.1962 29.2601 1.51243
86.2948 29.2656 1.5127
86.3934 29.2711 1.51298
86.492 29.2765 1.51326
86.5906 29.282 1.51353
86.6892 29.2874 1.51381
86.7878 29.2929 1.51409
86.8864 29.2983 1.51436
86.985 29.3038 1.51464
87.0836 29.3092 1.51491
87.1822 29.3146 1.51518
87.2808 29.32 1.51546
87.3794 29.3254 1.51573
87.478 29.3308 1.51601
87.5766 29.3362 1.51628
87.6752 29.3416 1.51655
87.7738 29.347 1.51682
87.8724 29.3523 1.51709
87.971 29.3577 1.51737
88.0696 29.363 1.51764
88.1682 29.3684 1.51791
88.2668 29.3737 1.51818
88.3654 29.3791 1.51845
88.464 29.3844 1.51872
88.5626 29.3897 1.51899
88.6612 29.395 1.51926
88.7598 29.4003 1.51953
88.8584 29.4056 1.5198
88.957 29.4109 1.52006
89.0556 29.4162 1.52033
89.1542 29.4215 1.5206
89.2528 29.4268 1.52087
89.3514 29.432 1.52113
89.4499 29.4373 1.5214
89.5485 29.4425 1.52167
89.6471 29.4478 1.52193
89.7457 29.453 1.5222
89.8443 29.4582 1.52246
89.9429 29.4635 1.52273
90.0415 29.4687 1.52299
90.1401 29.4739 1.52326
90.2387 29.4791 1.52352
90.3373 29.4843 1.52379
90.4359 29.4895 1.52405
90.5345 29.4947 1.52431
90.6331 29.4998 1.52458
90.7317 29.505 1.52484
90.8303 29.5102 1.5251
90.9289 29.5153 1.52536
91.0275 29.5205 1.52562
91.1261 29.5256 1.52589
91.2247 29.5308 1.52615
91.3233 29.5359 1.52641
91.4219 29.541 1.52667
91.5205 29.5462 1.52693
91.6191 29.5513 1.52719
91.7177 29.5564 1.52745
91.8163 29.5615 1.52771
91.9149 29.5666 1.52796
92.0135 29.5717 1.52822
92.1121 29.5767 1.52848
92.2107 29.5818 1.52874
92.3093 29.5869 1.529
92.4079 29.5919 1.52925
92.5065 29.597 1.52951
92.6051 29.6021 1.52977
92.7037 29.6071 1.53002
92.8023 29.6121 1.53028
92.9009 29.6172 1.53054
92.9995 29.6222 1.53079
93.0981 29.6272 1.53105
93.1967 29.6322 1.5313
93.2953 29.6372 1.53156
93.3939 29.6422 1.53181
93.4925 29.6472 1.53207
93.5911 29.6522 1.53232
93.6897 29.6572 1.53257
93.7883 29.6622 1.53283
93.8869 29.6671 1.53308
93.9855 29.6721 1.53333
94.0841 29.6771 1.53358
94.1827 29.682 1.53384
94.2813 29.687 1.53409
94.3799 29.6919 1.53434
94.4785 29.6968 1.53459
94.5771 29.7018 1.53484
94.6757 29.7067 1.53509
94.7743 29.7116 1.53534
94.8729 29.7165 1.53559
94.9715 29.7214 1.53584
95.0701 29.7263 1.53609
95.1687 29.7312 1.53634
95.2673 29.7361 1.53659
95.3659 29.741 1.53684
95.4645 29.7458 1.53709
95.5631 29.7507 1.53734
95.6617 29.7556 1.53758
95.7603 29.7604 1.53783
95.8589 29.7653 1.53808
95.9575 29.7701 1.53833
96.0561 29.775 1.53857
96.1547 29.7798 1.53882
96.2533 29.7846 1.53906
96.3519 29.7894 1.53931
96.4505 29.7943 1.53956
96.549 29.7991 1.5398
96.6476 29.8039 1.54005
96.7462 29.8087 1.54029
96.8448 29.8135 1.54054
96.9434 29.8183 1.54078
97.042 29.823 1.54102
97.1406 29.8278 1.54127
97.2392 29.8326 1.54151
97.3378 29.8374 1.54175
97.4364 29.8421 1.542
97.535 29.8469 1.54224
97.6336 29.8516 1.54248
97.7322 29.8564 1.54273
97.8308 29.8611 1.54297
97.9294 29.8658 1.54321
98.028 29.8706 1.54345
98.1266 29.8753 1.54369
98.2252 29.88 1.54393
98.3238 29.8847 1.54417
98.4224 29.8894 1.54441
98.521 29.8941 1.54465
98.6196 29.8988 1.54489
98.7182 29.9035 1.54513
98.8168 29.9082 1.54537
98.9154 29.9128 1.54561
99.014 29.9175 1.54585
99.1126 29.9222 1.54609
99.2112 29.9268 1.54633
99.3098 29.9315 1.54656
99.4084 29.9361 1.5468
99.507 29.9408 1.54704
99.6056 29.9454 1.54728
99.7042 29.9501 1.54751
99.8028 29.9547 1.54775
99.9014 29.9593 1.54799
100 29.9639 1.54822
