1e-05 67.1579 3.13619
0.00101099 16.1953 0.916959
0.00201198 12.6522 0.783736
0.00301297 10.8566 0.72265
0.00401396 9.69147 0.686632
0.00501495 8.84425 0.662833
0.00601595 8.18717 0.646065
0.00701694 7.65351 0.633718
0.00801793 7.20743 0.624407
0.00901892 6.82601 0.617254
0.0100199 6.49326 0.611652
0.0110209 6.19948 0.607256
0.0120219 5.93744 0.603813
0.0130229 5.70088 0.601092
0.0140239 5.48563 0.598955
0.0150249 5.28862 0.5973
0.0160259 5.10741 0.596054
0.0170268 4.93983 0.595143
0.0180278 4.78387 0.59449
0.0190288 4.63815 0.594062
0.0200298 4.50163 0.593826
0.0210308 4.37338 0.593753
0.0220318 4.25264 0.593826
0.0230328 4.13864 0.594026
0.0240338 4.03066 0.594324
0.0250348 3.92809 0.594697
0.0260358 3.83052 0.595145
0.0270368 3.73755 0.595658
0.0280377 3.64884 0.596223
0.0290387 3.56407 0.596833
0.0300397 3.48298 0.59749
0.0310407 3.40529 0.598185
0.0320417 3.33075 0.598908
0.0330427 3.25912 0.599648
0.0340437 3.1902 0.6004
0.0350447 3.12385 0.601172
0.0360457 3.0599 0.601957
0.0370467 2.99823 0.602751
0.0380477 2.9387 0.603549
0.0390486 2.88121 0.60435
0.0400496 2.82564 0.605159
0.0410506 2.77189 0.605973
0.0420516 2.71986 0.606787
0.0430526 2.66945 0.607596
0.0440536 2.62058 0.608395
0.0450546 2.57316 0.609184
0.0460556 2.52714 0.609971
0.0470566 2.48245 0.610752
0.0480576 2.43904 0.611525
0.0490586 2.39685 0.612289
0.0500595 2.35582 0.613041
0.0510605 2.31592 0.613782
0.0520615 2.27709 0.614516
0.0530625 2.2393 0.615245
0.0540635 2.20249 0.615963
0.0550645 2.16662 0.61667
0.0560655 2.13166 0.617362
0.0570665 2.09757 0.618038
0.0580675 2.06431 0.618697
0.0590685 2.03186 0.619346
0.0600695 2.00018 0.619983
0.0610705 1.96926 0.620609
0.0620714 1.93906 0.62122
0.0630724 1.90956 0.621817
0.0640734 1.88074 0.622397
0.0650744 1.85256 0.622961
0.0660754 1.82502 0.623511
0.0670764 1.79809 0.624051
0.0680774 1.77175 0.624578
0.0690784 1.74599 0.625093
0.0700794 1.72077 0.625592
0.0710804 1.69609 0.626075
0.0720814 1.67193 0.626541
0.0730823 1.64827 0.626989
0.0740833 1.62509 0.627421
0.0750843 1.60239 0.627841
0.0760853 1.58015 0.628247
0.0770863 1.55836 0.62864
0.0780873 1.537 0.629018
0.0790883 1.51606 0.629381
0.0800893 1.49553 0.629727
0.0810903 1.4754 0.630058
0.0820913 1.45564 0.630372
0.0830923 1.43627 0.630673
0.0840932 1.41727 0.630963
0.0850942 1.39862 0.63124
0.0860952 1.38033 0.631503
0.0870962 1.36237 0.631752
0.0880972 1.34474 0.631986
0.0890982 1.32743 0.632204
0.0900992 1.31043 0.632405
0.0911002 1.29373 0.632589
0.0921012 1.27732 0.632759
0.0931022 1.26122 0.632917
0.0941032 1.2454 0.633061
0.0951041 1.22985 0.633193
0.0961051 1.21458 0.63331
0.0971061 1.19957 0.633413
0.0981071 1.18481 0.633502
0.0991081 1.1703 0.633575
0.100109 1.15603 0.633632
0.10111 1.142 0.633675
0.102111 1.1282 0.633705
0.103112 1.11464 0.633723
0.104113 1.10129 0.633729
0.105114 1.08817 0.633722
0.106115 1.07527 0.633702
0.107116 1.06257 0.633668
0.108117 1.05007 0.63362
0.109118 1.03777 0.633557
0.110119 1.02566 0.63348
0.11112 1.01375 0.633387
0.112121 1.00202 0.633282
0.113122 0.99048 0.633165
0.114123 0.979123 0.633037
0.115124 0.967944 0.632896
0.116125 0.956938 0.632743
0.117126 0.946099 0.632576
0.118127 0.935425 0.632397
0.119128 0.924909 0.632204
0.120129 0.914548 0.631997
0.12113 0.904338 0.631776
0.122131 0.894276 0.631542
0.123132 0.884365 0.631297
0.124133 0.874602 0.63104
0.125134 0.864984 0.630772
0.126135 0.855508 0.630492
0.127136 0.84617 0.6302
0.128137 0.836966 0.629896
0.129138 0.827894 0.629579
0.130139 0.818951 0.62925
0.13114 0.810133 0.628908
0.132141 0.801438 0.628553
0.133142 0.792863 0.628185
0.134143 0.784412 0.627806
0.135144 0.776083 0.627416
0.136145 0.767872 0.627016
0.137146 0.759778 0.626605
0.138147 0.751796 0.626182
0.139148 0.743924 0.625748
0.140149 0.73616 0.625302
0.14115 0.7285 0.624845
0.142151 0.720942 0.624376
0.143152 0.713483 0.623894
0.144153 0.706122 0.6234
0.145154 0.698857 0.622895
0.146155 0.691693 0.62238
0.147156 0.684626 0.621855
0.148157 0.677654 0.621319
0.149158 0.670776 0.620773
0.150159 0.663988 0.620216
0.15116 0.657289 0.619648
0.152161 0.650677 0.61907
0.153162 0.64415 0.61848
0.154163 0.637705 0.61788
0.155164 0.631342 0.617268
0.156165 0.625057 0.616645
0.157166 0.618853 0.616012
0.158167 0.612731 0.615369
0.159168 0.606689 0.614716
0.160169 0.600725 0.614054
0.16117 0.594838 0.613382
0.162171 0.589025 0.6127
0.163172 0.583285 0.612008
0.164173 0.577616 0.611306
0.165174 0.572016 0.610594
0.166175 0.566484 0.609872
0.167175 0.561017 0.609139
0.168176 0.555616 0.608397
0.169177 0.550277 0.607644
0.170178 0.545006 0.606881
0.171179 0.5398 0.60611
0.17218 0.534659 0.605329
0.173181 0.529581 0.60454
0.174182 0.524565 0.603741
0.175183 0.519609 0.602933
0.176184 0.514712 0.602116
0.177185 0.509873 0.60129
0.178186 0.505091 0.600454
0.179187 0.500363 0.599609
0.180188 0.49569 0.598755
0.181189 0.49107 0.597892
0.18219 0.486504 0.59702
0.183191 0.481994 0.59614
0.184192 0.477538 0.595251
0.185193 0.473136 0.594355
0.186194 0.468785 0.59345
0.187195 0.464486 0.592536
0.188196 0.460236 0.591614
0.189197 0.456034 0.590684
0.190198 0.45188 0.589745
0.191199 0.447772 0.588798
0.1922 0.443708 0.587843
0.193201 0.439689 0.586879
0.194202 0.435712 0.585906
0.195203 0.431779 0.584925
0.196204 0.427891 0.583936
0.197205 0.424047 0.582939
0.198206 0.420247 0.581934
0.199207 0.41649 0.580922
0.200208 0.412775 0.579902
0.201209 0.409101 0.578874
0.20221 0.405468 0.577839
0.203211 0.401873 0.576796
0.204212 0.398318 0.575746
0.205213 0.3948 0.574688
0.206214 0.39132 0.573623
0.207215 0.387876 0.572551
0.208216 0.384469 0.571472
0.209217 0.381099 0.570386
0.210218 0.377768 0.569292
0.211219 0.374474 0.568192
0.21222 0.371216 0.567085
0.213221 0.367994 0.565972
0.214222 0.364807 0.564851
0.215223 0.361653 0.563724
0.216224 0.358532 0.56259
0.217225 0.355444 0.561449
0.218226 0.352387 0.560301
0.219227 0.349362 0.559147
0.220228 0.346366 0.557986
0.221229 0.3434 0.556819
0.22223 0.340463 0.555645
0.223231 0.337559 0.554464
0.224232 0.334685 0.553276
0.225233 0.331841 0.552083
0.226234 0.329028 0.550883
0.227235 0.326244 0.549676
0.228236 0.323488 0.548464
0.229237 0.32076 0.547246
0.230238 0.31806 0.546022
0.231239 0.315388 0.544792
0.23224 0.312741 0.543557
0.233241 0.310121 0.542316
0.234242 0.307526 0.54107
0.235243 0.304956 0.539818
0.236244 0.302412 0.538561
0.237245 0.299895 0.537299
0.238246 0.297404 0.536031
0.239247 0.294939 0.534758
0.240248 0.292499 0.533479
0.241249 0.290084 0.532195
0.24225 0.287693 0.530906
0.243251 0.285326 0.529612
0.244252 0.282981 0.528313
0.245253 0.280659 0.527009
0.246254 0.27836 0.5257
0.247255 0.276081 0.524386
0.248256 0.273824 0.523067
0.249257 0.271587 0.521744
0.250258 0.269372 0.520415
0.251259 0.267178 0.519082
0.25226 0.265006 0.517743
0.253261 0.262855 0.516399
0.254262 0.260726 0.515051
0.255263 0.258617 0.513698
0.256264 0.256529 0.51234
0.257265 0.254461 0.510979
0.258266 0.252412 0.509613
0.259267 0.250382 0.508243
0.260268 0.248371 0.506869
0.261269 0.246379 0.505491
0.26227 0.244405 0.50411
0.263271 0.242449 0.502725
0.264272 0.240511 0.501337
0.265273 0.238592 0.499945
0.266274 0.236691 0.498549
0.267275 0.23481 0.497149
0.268276 0.232946 0.495745
0.269277 0.2311 0.494338
0.270278 0.229272 0.492927
0.271279 0.227461 0.491513
0.27228 0.225667 0.490095
0.273281 0.223889 0.488674
0.274282 0.222126 0.487249
0.275283 0.22038 0.485821
0.276284 0.218649 0.48439
0.277285 0.216932 0.482956
0.278285 0.21523 0.48152
0.279286 0.213543 0.48008
0.280287 0.211872 0.478636
0.281288 0.210216 0.477189
0.282289 0.208576 0.475738
0.28329 0.206951 0.474284
0.284291 0.205341 0.472827
0.285292 0.203745 0.471367
0.286293 0.202164 0.469904
0.287294 0.200596 0.468439
0.288295 0.199043 0.466971
0.289296 0.197502 0.465501
0.290297 0.195976 0.464029
0.291298 0.194462 0.462554
0.292299 0.192961 0.461078
0.2933 0.191473 0.459601
0.294301 0.189997 0.458121
0.295302 0.188535 0.456639
0.296303 0.187087 0.455154
0.297304 0.185652 0.453667
0.298305 0.18423 0.452178
0.299306 0.18282 0.450686
0.300307 0.181423 0.449193
0.301308 0.180038 0.447697
0.302309 0.178665 0.4462
0.30331 0.177304 0.444701
0.304311 0.175954 0.4432
0.305312 0.174615 0.441698
0.306313 0.173287 0.440194
0.307314 0.17197 0.438689
0.308315 0.170664 0.437183
0.309316 0.169368 0.435676
0.310317 0.168084 0.434166
0.311318 0.166811 0.432654
0.312319 0.165549 0.43114
0.31332 0.164298 0.429624
0.314321 0.163057 0.428107
0.315322 0.161828 0.426589
0.316323 0.160608 0.425069
0.317324 0.159399 0.423548
0.318325 0.1582 0.422026
0.319326 0.157011 0.420504
0.320327 0.155832 0.418981
0.321328 0.154662 0.417457
0.322329 0.153502 0.415933
0.32333 0.152351 0.41441
0.324331 0.151209 0.412886
0.325332 0.150078 0.411361
0.326333 0.148956 0.409835
0.327334 0.147844 0.408308
0.328335 0.146742 0.406781
0.329336 0.145649 0.405252
0.330337 0.144565 0.403723
0.331338 0.14349 0.402194
0.332339 0.142424 0.400664
0.33334 0.141367 0.399134
0.334341 0.140318 0.397604
0.335342 0.139277 0.396074
0.336343 0.138245 0.394543
0.337344 0.13722 0.393013
0.338345 0.136203 0.391483
0.339346 0.135194 0.389954
0.340347 0.134193 0.388424
0.341348 0.1332 0.386893
0.342349 0.132215 0.385362
0.34335 0.131238 0.38383
0.344351 0.13027 0.382298
0.345352 0.129309 0.380766
0.346353 0.128356 0.379234
0.347354 0.12741 0.377702
0.348355 0.126472 0.376171
0.349356 0.125542 0.37464
0.350357 0.124618 0.37311
0.351358 0.123702 0.371581
0.352359 0.122793 0.370052
0.35336 0.121891 0.368525
0.354361 0.120995 0.366999
0.355362 0.120106 0.365475
0.356363 0.119225 0.363951
0.357364 0.118351 0.362427
0.358365 0.117484 0.360904
0.359366 0.116624 0.359381
0.360367 0.115771 0.357858
0.361368 0.114925 0.356337
0.362369 0.114086 0.354816
0.36337 0.113253 0.353296
0.364371 0.112426 0.351777
0.365372 0.111606 0.35026
0.366373 0.110792 0.348743
0.367374 0.109984 0.347228
0.368375 0.109181 0.345715
0.369376 0.108385 0.344203
0.370377 0.107594 0.342692
0.371378 0.106809 0.341183
0.372379 0.10603 0.339674
0.37338 0.105257 0.338166
0.374381 0.10449 0.336659
0.375382 0.10373 0.335153
0.376383 0.102975 0.333647
0.377384 0.102225 0.332143
0.378385 0.101482 0.330641
0.379386 0.100744 0.32914
0.380387 0.100012 0.32764
0.381388 0.0992847 0.326143
0.382389 0.0985631 0.324647
0.38339 0.0978468 0.323154
0.384391 0.0971357 0.321663
0.385392 0.0964297 0.320175
0.386393 0.0957288 0.318689
0.387394 0.095033 0.317205
0.388395 0.0943428 0.315723
0.389395 0.093658 0.314243
0.390396 0.0929786 0.312764
0.391397 0.0923044 0.311287
0.392398 0.0916354 0.309812
0.393399 0.0909714 0.308339
0.3944 0.0903123 0.306867
0.395401 0.0896581 0.305398
0.396402 0.0890087 0.303931
0.397403 0.0883639 0.302467
0.398404 0.0877237 0.301005
0.399405 0.087088 0.299545
0.400406 0.0864566 0.298088
0.401407 0.0858296 0.296633
0.402408 0.0852067 0.295181
0.403409 0.0845882 0.293732
0.40441 0.0839742 0.292284
0.405411 0.0833649 0.290838
0.406412 0.0827601 0.289394
0.407413 0.0821597 0.287952
0.408414 0.0815637 0.286511
0.409415 0.0809721 0.285074
0.410416 0.0803848 0.283638
0.411417 0.0798016 0.282206
0.412418 0.0792226 0.280776
0.413419 0.0786477 0.279349
0.41442 0.0780769 0.277925
0.415421 0.07751 0.276504
0.416422 0.0769471 0.275087
0.417423 0.076388 0.273673
0.418424 0.0758327 0.272262
0.419425 0.0752813 0.270855
0.420426 0.0747341 0.269451
0.421427 0.074191 0.268049
0.422428 0.073652 0.26665
0.423429 0.0731169 0.265254
0.42443 0.0725858 0.26386
0.425431 0.0720585 0.262469
0.426432 0.071535 0.261082
0.427433 0.0710151 0.259697
0.428434 0.0704989 0.258316
0.429435 0.0699862 0.256937
0.430436 0.069477 0.255562
0.431437 0.0689711 0.254191
0.432438 0.0684686 0.252822
0.433439 0.0679694 0.251457
0.43444 0.0674733 0.250096
0.435441 0.0669805 0.248738
0.436442 0.066491 0.247383
0.437443 0.066005 0.246031
0.438444 0.0655224 0.244681
0.439445 0.0650432 0.243334
0.440446 0.0645674 0.24199
0.441447 0.0640949 0.240649
0.442448 0.0636256 0.239311
0.443449 0.0631596 0.237977
0.44445 0.0626967 0.236646
0.445451 0.062237 0.235319
0.446452 0.0617803 0.233995
0.447453 0.0613267 0.232675
0.448454 0.0608762 0.231359
0.449455 0.0604286 0.230048
0.450456 0.0599839 0.22874
0.451457 0.0595422 0.227437
0.452458 0.0591035 0.226137
0.453459 0.0586679 0.224841
0.45446 0.0582355 0.223548
0.455461 0.0578061 0.222259
0.456462 0.0573798 0.220973
0.457463 0.0569564 0.219691
0.458464 0.056536 0.218412
0.459465 0.0561184 0.217137
0.460466 0.0557036 0.215866
0.461467 0.0552916 0.214598
0.462468 0.0548823 0.213335
0.463469 0.0544756 0.212075
0.46447 0.0540715 0.210819
0.465471 0.05367 0.209567
0.466472 0.053271 0.208319
0.467473 0.0528744 0.207076
0.468474 0.0524803 0.205836
0.469475 0.0520888 0.2046
0.470476 0.0517 0.203367
0.471477 0.0513137 0.202138
0.472478 0.0509301 0.200912
0.473479 0.0505491 0.19969
0.47448 0.0501705 0.198471
0.475481 0.0497945 0.197257
0.476482 0.049421 0.196046
0.477483 0.0490499 0.194839
0.478484 0.0486813 0.193636
0.479485 0.0483151 0.192438
0.480486 0.0479512 0.191243
0.481487 0.0475897 0.190054
0.482488 0.0472305 0.188868
0.483489 0.0468736 0.187687
0.48449 0.0465189 0.186511
0.485491 0.0461666 0.185339
0.486492 0.0458167 0.184171
0.487493 0.0454693 0.183007
0.488494 0.0451243 0.181847
0.489495 0.0447817 0.180692
0.490496 0.0444413 0.17954
0.491497 0.0441033 0.178392
0.492498 0.0437674 0.177248
0.493499 0.0434338 0.176108
0.4945 0.0431023 0.174973
0.495501 0.0427729 0.173842
0.496502 0.0424456 0.172715
0.497503 0.0421203 0.171592
0.498504 0.0417971 0.170474
0.499505 0.0414757 0.16936
0.500505 0.0411563 0.16825
0.501506 0.0408387 0.167144
0.502507 0.0405231 0.166043
0.503508 0.0402096 0.164945
0.504509 0.0398981 0.163852
0.50551 0.0395887 0.162762
0.506511 0.0392812 0.161676
0.507512 0.0389757 0.160594
0.508513 0.0386722 0.159516
0.509514 0.0383706 0.158442
0.510515 0.038071 0.157373
0.511516 0.0377733 0.156308
0.512517 0.0374774 0.155247
0.513518 0.0371834 0.154191
0.514519 0.0368913 0.153139
0.51552 0.036601 0.152092
0.516521 0.0363125 0.151049
0.517522 0.0360258 0.150011
0.518523 0.0357408 0.148978
0.519524 0.0354578 0.14795
0.520525 0.0351767 0.146925
0.521526 0.0348975 0.145905
0.522527 0.0346201 0.144889
0.523528 0.0343446 0.143878
0.524529 0.0340709 0.14287
0.52553 0.0337989 0.141867
0.526531 0.0335287 0.140869
0.527532 0.0332602 0.139874
0.528533 0.0329934 0.138884
0.529534 0.0327283 0.137898
0.530535 0.0324647 0.136917
0.531536 0.0322028 0.13594
0.532537 0.0319425 0.134967
0.533538 0.0316837 0.133999
0.534539 0.0314264 0.133035
0.53554 0.0311706 0.132076
0.536541 0.0309165 0.13112
0.537542 0.0306639 0.130169
0.538543 0.0304129 0.129221
0.539544 0.0301635 0.128278
0.540545 0.0299158 0.127338
0.541546 0.0296696 0.126403
0.542547 0.0294249 0.125472
0.543548 0.0291818 0.124546
0.544549 0.0289402 0.123623
0.54555 0.0287002 0.122705
0.546551 0.0284616 0.121792
0.547552 0.0282246 0.120883
0.548553 0.027989 0.119978
0.549554 0.0277549 0.119078
0.550555 0.0275223 0.118182
0.551556 0.0272912 0.117291
0.552557 0.0270614 0.116405
0.553558 0.0268333 0.115523
0.554559 0.0266066 0.114646
0.55556 0.0263815 0.113772
0.556561 0.0261579 0.112903
0.557562 0.0259357 0.112039
0.558563 0.025715 0.111178
0.559564 0.0254957 0.110322
0.560565 0.0252779 0.10947
0.561566 0.0250614 0.108622
0.562567 0.0248463 0.107779
0.563568 0.0246325 0.10694
0.564569 0.0244201 0.106105
0.56557 0.0242089 0.105275
0.566571 0.023999 0.104448
0.567572 0.0237904 0.103626
0.568573 0.023583 0.102808
0.569574 0.0233769 0.101995
0.570575 0.023172 0.101185
0.571576 0.0229684 0.10038
0.572577 0.0227661 0.0995781
0.573578 0.0225651 0.0987805
0.574579 0.0223654 0.0979871
0.57558 0.0221669 0.0971977
0.576581 0.0219697 0.0964125
0.577582 0.0217738 0.0956314
0.578583 0.0215791 0.0948545
0.579584 0.0213857 0.0940817
0.580585 0.0211935 0.0933132
0.581586 0.0210026 0.092549
0.582587 0.0208129 0.091789
0.583588 0.0206244 0.0910334
0.584589 0.0204371 0.090282
0.58559 0.020251 0.089535
0.586591 0.0200661 0.0887924
0.587592 0.0198824 0.0880541
0.588593 0.0197 0.08732
0.589594 0.0195189 0.0865901
0.590595 0.0193389 0.0858643
0.591596 0.0191602 0.0851427
0.592597 0.0189827 0.0844251
0.593598 0.0188064 0.0837117
0.594599 0.0186312 0.0830024
0.5956 0.0184572 0.0822972
0.596601 0.0182844 0.081596
0.597602 0.0181126 0.0808988
0.598603 0.017942 0.0802057
0.599604 0.0177724 0.0795165
0.600605 0.0176039 0.0788314
0.601606 0.0174365 0.0781502
0.602607 0.0172702 0.0774729
0.603608 0.0171048 0.0767996
0.604609 0.0169405 0.0761302
0.60561 0.0167773 0.0754647
0.606611 0.0166152 0.0748029
0.607612 0.0164541 0.074145
0.608613 0.0162941 0.073491
0.609614 0.0161352 0.0728408
0.610615 0.0159773 0.0721945
0.611615 0.0158205 0.0715521
0.612616 0.0156647 0.0709135
0.613617 0.01551 0.0702789
0.614618 0.0153563 0.0696482
0.615619 0.0152037 0.0690214
0.61662 0.0150521 0.0683986
0.617621 0.0149015 0.0677797
0.618622 0.014752 0.0671647
0.619623 0.0146035 0.0665537
0.620624 0.014456 0.0659467
0.621625 0.0143095 0.0653437
0.622626 0.014164 0.0647446
0.623627 0.0140197 0.0641495
0.624628 0.0138763 0.0635582
0.625629 0.013734 0.0629708
0.62663 0.0135927 0.0623873
0.627631 0.0134524 0.0618075
0.628632 0.0133132 0.0612316
0.629633 0.0131749 0.0606594
0.630634 0.0130375 0.060091
0.631635 0.0129012 0.0595263
0.632636 0.0127657 0.0589652
0.633637 0.0126313 0.0584079
0.634638 0.0124977 0.0578541
0.635639 0.0123651 0.057304
0.63664 0.0122334 0.0567575
0.637641 0.0121025 0.0562145
0.638642 0.0119726 0.0556751
0.639643 0.0118436 0.0551392
0.640644 0.0117155 0.0546069
0.641645 0.0115883 0.0540781
0.642646 0.011462 0.0535529
0.643647 0.0113366 0.0530313
0.644648 0.0112122 0.0525131
0.645649 0.0110887 0.0519986
0.64665 0.010966 0.0514875
0.647651 0.0108443 0.05098
0.648652 0.0107235 0.050476
0.649653 0.0106035 0.0499756
0.650654 0.0104845 0.0494786
0.651655 0.0103663 0.0489852
0.652656 0.010249 0.0484953
0.653657 0.0101327 0.0480088
0.654658 0.0100171 0.0475259
0.655659 0.00990252 0.0470464
0.65666 0.00978876 0.0465705
0.657661 0.00967591 0.0460981
0.658662 0.00956396 0.0456293
0.659663 0.00945291 0.0451639
0.660664 0.00934273 0.0447021
0.661665 0.00923343 0.0442437
0.662666 0.009125 0.0437887
0.663667 0.00901742 0.0433371
0.664668 0.00891069 0.0428888
0.665669 0.0088048 0.0424439
0.66667 0.00869974 0.0420022
0.667671 0.0085955 0.0415638
0.668672 0.00849207 0.0411286
0.669673 0.00838945 0.0406966
0.670674 0.00828763 0.0402678
0.671675 0.00818659 0.0398421
0.672676 0.00808634 0.0394195
0.673677 0.00798686 0.0389999
0.674678 0.00788816 0.0385835
0.675679 0.00779025 0.0381703
0.67668 0.00769315 0.0377603
0.677681 0.00759684 0.0373534
0.678682 0.00750133 0.0369496
0.679683 0.0074066 0.036549
0.680684 0.00731266 0.0361516
0.681685 0.00721951 0.0357572
0.682686 0.00712714 0.0353659
0.683687 0.00703555 0.0349777
0.684688 0.00694474 0.0345925
0.685689 0.0068547 0.0342104
0.68669 0.00676544 0.0338314
0.687691 0.00667695 0.0334553
0.688692 0.00658922 0.0330823
0.689693 0.00650227 0.0327122
0.690694 0.00641607 0.0323452
0.691695 0.00633065 0.0319811
0.692696 0.00624601 0.0316201
0.693697 0.00616215 0.0312622
0.694698 0.00607908 0.0309074
0.695699 0.00599678 0.0305557
0.6967 0.00591525 0.0302069
0.697701 0.00583446 0.0298612
0.698702 0.00575443 0.0295183
0.699703 0.00567513 0.0291783
0.700704 0.00559657 0.0288412
0.701705 0.00551872 0.028507
0.702706 0.00544159 0.0281754
0.703707 0.00536517 0.0278467
0.704708 0.00528945 0.0275206
0.705709 0.00521442 0.0271973
0.70671 0.00514007 0.0268766
0.707711 0.0050664 0.0265585
0.708712 0.00499339 0.0262429
0.709713 0.00492106 0.02593
0.710714 0.00484943 0.0256198
0.711715 0.0047785 0.0253124
0.712716 0.00470827 0.0250077
0.713717 0.00463872 0.0247057
0.714718 0.00456987 0.0244064
0.715719 0.0045017 0.0241098
0.71672 0.00443421 0.0238158
0.717721 0.0043674 0.0235244
0.718722 0.00430126 0.0232356
0.719723 0.0042358 0.0229494
0.720724 0.004171 0.0226658
0.721725 0.00410686 0.0223847
0.722725 0.00404338 0.0221061
0.723726 0.00398056 0.02183
0.724727 0.00391839 0.0215564
0.725728 0.00385687 0.0212852
0.726729 0.003796 0.0210165
0.72773 0.00373579 0.0207503
0.728731 0.00367628 0.0204868
0.729732 0.00361744 0.0202259
0.730733 0.00355927 0.0199675
0.731734 0.00350176 0.0197117
0.732735 0.00344491 0.0194584
0.733736 0.00338869 0.0192076
0.734737 0.00333311 0.0189592
0.735738 0.00327816 0.0187131
0.736739 0.00322382 0.0184694
0.73774 0.0031701 0.018228
0.738741 0.00311697 0.0179889
0.739742 0.00306444 0.017752
0.740743 0.00301249 0.0175174
0.741744 0.00296111 0.0172848
0.742745 0.0029103 0.0170544
0.743746 0.00286005 0.0168262
0.744747 0.00281036 0.0165999
0.745748 0.00276126 0.016376
0.746749 0.00271277 0.0161543
0.74775 0.00266488 0.0159349
0.748751 0.00261759 0.0157178
0.749752 0.00257088 0.0155029
0.750753 0.00252476 0.0152902
0.751754 0.00247921 0.0150796
0.752755 0.00243424 0.0148712
0.753756 0.00238982 0.014665
0.754757 0.00234596 0.0144608
0.755758 0.00230266 0.0142587
0.756759 0.00225989 0.0140587
0.75776 0.00221767 0.0138607
0.758761 0.00217598 0.0136646
0.759762 0.00213481 0.0134706
0.760763 0.00209417 0.0132785
0.761764 0.00205404 0.0130883
0.762765 0.00201443 0.0129001
0.763766 0.00197539 0.012714
0.764767 0.00193692 0.01253
0.765768 0.00189901 0.0123481
0.766769 0.00186165 0.0121684
0.76777 0.00182483 0.0119906
0.768771 0.00178854 0.0118149
0.769772 0.00175278 0.0116411
0.770773 0.00171752 0.0114692
0.771774 0.00168277 0.0112992
0.772775 0.00164851 0.011131
0.773776 0.00161474 0.0109647
0.774777 0.00158144 0.0108002
0.775778 0.0015486 0.0106374
0.776779 0.00151622 0.0104763
0.77778 0.00148429 0.0103169
0.778781 0.00145279 0.0101591
0.779782 0.00142172 0.010003
0.780783 0.00139109 0.00984849
0.781784 0.00136097 0.00969583
0.782785 0.00133133 0.00954502
0.783786 0.00130219 0.00939602
0.784787 0.00127353 0.0092488
0.785788 0.00124533 0.00910334
0.786789 0.0012176 0.00895961
0.78779 0.00119032 0.00881759
0.788791 0.00116348 0.00867724
0.789792 0.00113708 0.00853855
0.790793 0.0011111 0.00840148
0.791794 0.00108555 0.00826601
0.792795 0.0010604 0.00813211
0.793796 0.00103566 0.00799975
0.794797 0.0010113 0.00786892
0.795798 0.000987337 0.00773958
0.796799 0.000963746 0.00761171
0.7978 0.000940525 0.00748529
0.798801 0.000917695 0.00736038
0.799802 0.000895318 0.00723716
0.800803 0.000873385 0.00711561
0.801804 0.000851886 0.0069957
0.802805 0.000830808 0.00687738
0.803806 0.000810141 0.00676063
0.804807 0.000789873 0.00664542
0.805808 0.000769994 0.0065317
0.806809 0.000750493 0.00641945
0.80781 0.000731358 0.00630863
0.808811 0.00071258 0.00619921
0.809812 0.000694147 0.00609117
0.810813 0.000676049 0.00598446
0.811814 0.000658276 0.00587906
0.812815 0.000640816 0.00577493
0.813816 0.00062366 0.00567204
0.814817 0.000606797 0.00557037
0.815818 0.000590218 0.00546988
0.816819 0.000573953 0.00537065
0.81782 0.000558065 0.00527285
0.818821 0.000542546 0.00517647
0.819822 0.000527385 0.00508147
0.820823 0.000512571 0.00498782
0.821824 0.000498093 0.00489551
0.822825 0.000483943 0.0048045
0.823826 0.000470108 0.00471476
0.824827 0.000456579 0.00462628
0.825828 0.000443346 0.00453902
0.826829 0.000430399 0.00445297
0.82783 0.000417728 0.00436808
0.828831 0.000405323 0.00428435
0.829832 0.000393173 0.00420174
0.830833 0.00038127 0.00412023
0.831834 0.000369603 0.0040398
0.832835 0.000358163 0.00396042
0.833835 0.00034694 0.00388206
0.834836 0.000335972 0.00380482
0.835837 0.000325317 0.00372884
0.836838 0.000314967 0.00365411
0.837839 0.000304908 0.00358059
0.83884 0.000295132 0.00350825
0.839841 0.000285626 0.00343706
0.840842 0.000276379 0.00336699
0.841843 0.000267381 0.00329802
0.842844 0.000258621 0.00323011
0.843845 0.000250089 0.00316323
0.844846 0.000241773 0.00309737
0.845847 0.000233663 0.00303248
0.846848 0.000225748 0.00296854
0.847849 0.000218019 0.00290553
0.84885 0.000210465 0.00284342
0.849851 0.000203076 0.00278217
0.850852 0.00019584 0.00272176
0.851853 0.000188749 0.00266217
0.852854 0.000181839 0.00260348
0.853855 0.000175167 0.00254584
0.854856 0.000168724 0.00248923
0.855857 0.000162502 0.00243362
0.856858 0.000156489 0.00237898
0.857859 0.000150678 0.0023253
0.85886 0.000145057 0.00227255
0.859861 0.000139619 0.0022207
0.860862 0.000134353 0.00216974
0.861863 0.00012925 0.00211964
0.862864 0.0001243 0.00207037
0.863865 0.000119496 0.00202192
0.864866 0.000114827 0.00197425
0.865867 0.000110285 0.00192736
0.866868 0.00010586 0.00188121
0.867869 0.000101544 0.00183578
0.86887 9.73274e-05 0.00179105
0.869871 9.32019e-05 0.001747
0.870872 8.9198e-05 0.00170371
0.871873 8.53683e-05 0.00166131
0.872874 8.1705e-05 0.00161979
0.873875 7.81997e-05 0.00157911
0.874876 7.48438e-05 0.00153926
0.875877 7.1629e-05 0.00150021
0.876878 6.8547e-05 0.00146193
0.877879 6.55894e-05 0.0014244
0.87888 6.27481e-05 0.00138759
0.879881 6.00149e-05 0.00135148
0.880882 5.73818e-05 0.00131605
0.881883 5.48405e-05 0.00128128
0.882884 5.23832e-05 0.00124713
0.883885 5.00019e-05 0.00121359
0.884886 4.76886e-05 0.00118064
0.885887 4.54357e-05 0.00114824
0.886888 4.32351e-05 0.00111638
0.887889 4.10794e-05 0.00108504
0.88889 3.89903e-05 0.00105428
0.889891 3.70135e-05 0.00102423
0.890892 3.51435e-05 0.000994884
0.891893 3.33742e-05 0.000966216
0.892894 3.16994e-05 0.000938206
0.893895 3.0113e-05 0.000910835
0.894896 2.86088e-05 0.00088408
0.895897 2.71808e-05 0.000857923
0.896898 2.58231e-05 0.000832343
0.897899 2.45295e-05 0.00080732
0.8989 2.32942e-05 0.000782835
0.899901 2.21112e-05 0.000758867
0.900902 2.09748e-05 0.000735398
0.901903 1.9879e-05 0.000712407
0.902904 1.88181e-05 0.000689876
0.903905 1.77864e-05 0.000667785
0.904906 1.67781e-05 0.000646116
0.905907 1.57877e-05 0.000624849
0.906908 1.48292e-05 0.000604041
0.907909 1.39362e-05 0.000583821
0.90891 1.31053e-05 0.00056417
0.909911 1.23323e-05 0.000545069
0.910912 1.16131e-05 0.000526496
0.911913 1.09435e-05 0.000508434
0.912914 1.03194e-05 0.00049086
0.913915 9.73674e-06 0.000473756
0.914916 9.19145e-06 0.000457102
0.915917 8.67948e-06 0.000440878
0.916918 8.19684e-06 0.000425065
0.917919 7.73953e-06 0.000409643
0.91892 7.30361e-06 0.000394594
0.919921 6.88514e-06 0.000379898
0.920922 6.48021e-06 0.000365536
0.921923 6.08496e-06 0.00035149
0.922924 5.69551e-06 0.000337741
0.923925 5.30805e-06 0.00032427
0.924926 4.93127e-06 0.000311131
0.925927 4.58579e-06 0.000298441
0.926928 4.2699e-06 0.000286187
0.927929 3.9814e-06 0.00027435
0.92893 3.71807e-06 0.000262914
0.929931 3.47772e-06 0.00025186
0.930932 3.25818e-06 0.000241174
0.931933 3.05728e-06 0.000230836
0.932934 2.87287e-06 0.000220831
0.933935 2.70282e-06 0.000211141
0.934936 2.545e-06 0.000201751
0.935937 2.3973e-06 0.000192642
0.936938 2.25764e-06 0.0001838
0.937939 2.12391e-06 0.000175208
0.93894 1.99406e-06 0.000166849
0.939941 1.86604e-06 0.000158708
0.940942 1.73779e-06 0.000150768
0.941943 1.60728e-06 0.000143013
0.942944 1.48041e-06 0.000135509
0.943945 1.3661e-06 0.000128346
0.944945 1.26342e-06 0.000121508
0.945946 1.1714e-06 0.00011498
0.946947 1.08909e-06 0.000108744
0.947948 1.01552e-06 0.000102787
0.948949 9.49735e-07 9.70924e-05
0.94995 8.90802e-07 9.16445e-05
0.950951 8.37778e-07 8.64282e-05
0.951952 7.89731e-07 8.14281e-05
0.952953 7.45733e-07 7.66292e-05
0.953954 7.04863e-07 7.20163e-05
0.954955 6.66206e-07 6.75744e-05
0.955956 6.28851e-07 6.32887e-05
0.956957 5.91894e-07 5.91443e-05
0.957958 5.54438e-07 5.51266e-05
0.958959 5.15589e-07 5.1221e-05
0.95996 4.74779e-07 4.74207e-05
0.960961 4.36404e-07 4.38367e-05
0.961962 4.0188e-07 4.04974e-05
0.962963 3.70883e-07 3.73874e-05
0.963964 3.43095e-07 3.44913e-05
0.964965 3.18197e-07 3.17938e-05
0.965966 2.95872e-07 2.92797e-05
0.966967 2.75807e-07 2.69339e-05
0.967968 2.57688e-07 2.47414e-05
0.968969 2.41205e-07 2.26872e-05
0.96997 2.2605e-07 2.07566e-05
0.970971 2.11916e-07 1.89349e-05
0.971972 1.98498e-07 1.72073e-05
0.972973 1.85494e-07 1.55593e-05
0.973974 1.72601e-07 1.39765e-05
0.974975 1.59522e-07 1.24445e-05
0.975976 1.45958e-07 1.09491e-05
0.976977 1.31895e-07 9.49613e-06
0.977978 1.18946e-07 8.20362e-06
0.978979 1.07307e-07 7.07875e-06
0.97998 9.68476e-08 6.10448e-06
0.980981 8.74366e-08 5.2639e-06
0.981982 7.89444e-08 4.54016e-06
0.982983 7.12419e-08 3.91654e-06
0.983984 6.42011e-08 3.37642e-06
0.984985 5.76944e-08 2.90327e-06
0.985986 5.15951e-08 2.48066e-06
0.986987 4.57775e-08 2.09228e-06
0.987988 4.01163e-08 1.72189e-06
0.988989 3.44872e-08 1.35336e-06
0.98999 2.87666e-08 9.70679e-07
0.990991 2.32533e-08 6.16855e-07
0.991992 1.8658e-08 3.88263e-07
0.992993 1.48185e-08 2.55846e-07
0.993994 1.15472e-08 1.86955e-07
0.994995 8.6576e-09 1.49143e-07
0.995996 5.96435e-09 1.10153e-07
0.996997 3.42787e-09 5.18258e-08
0.997998 1.76471e-09 3.81425e-08
0.998999 5.31865e-10 3.23868e-08
1 0 0
