1.5 1.86827 0.389125
1.5986 2.38591 0.405438
1.6972 2.88089 0.421213
1.7958 3.35231 0.436385
1.89439 3.80317 0.45102
1.99299 4.23418 0.46512
2.09159 4.64553 0.478678
2.19019 5.03939 0.491746
2.28879 5.41728 0.50436
2.38739 5.77971 0.516528
2.48599 6.12721 0.528261
2.58458 6.46105 0.539593
2.68318 6.7827 0.550562
2.78178 7.0927 0.561182
2.88038 7.39153 0.571465
2.97898 7.67968 0.581424
3.07758 7.95766 0.591072
3.17618 8.22658 0.600442
3.27477 8.48701 0.609548
3.37337 8.73933 0.618402
3.47197 8.98387 0.627013
3.57057 9.22098 0.63539
3.66917 9.45096 0.643542
3.76777 9.6741 0.651478
3.86637 9.89176 0.659214
3.96496 10.1047 0.666762
4.06356 10.3126 0.674132
4.16216 10.5151 0.681329
4.26076 10.712 0.68836
4.35936 10.9031 0.695231
4.45796 11.0882 0.701949
4.55656 11.2672 0.708518
4.65516 11.4401 0.714944
4.75375 11.6067 0.721231
4.85235 11.7674 0.72739
4.95095 11.9227 0.733427
5.04955 12.0732 0.739345
5.14815 12.2192 0.74515
5.24675 12.3612 0.750845
5.34535 12.4995 0.756432
5.44394 12.6345 0.761916
5.54254 12.7664 0.767299
5.64114 12.8956 0.772585
5.73974 13.0222 0.777776
5.83834 13.1466 0.782875
5.93694 13.269 0.787885
6.03554 13.3894 0.792808
6.13413 13.5082 0.797647
6.23273 13.6252 0.802405
6.33133 13.7402 0.807089
6.42993 13.8532 0.811698
6.52853 13.9643 0.816236
6.62713 14.0736 0.820704
6.72573 14.1811 0.825105
6.82432 14.2868 0.829439
6.92292 14.3908 0.833709
7.02152 14.4932 0.837917
7.12012 14.5939 0.842063
7.21872 14.6931 0.84615
7.31732 14.7908 0.850179
7.41592 14.887 0.854151
7.51451 14.9817 0.858069
7.61311 15.075 0.861932
7.71171 15.167 0.865743
7.81031 15.2576 0.869502
7.90891 15.3468 0.873211
8.00751 15.4348 0.876871
8.10611 15.5216 0.880483
8.2047 15.6071 0.88405
8.3033 15.6915 0.887572
8.4019 15.7748 0.891052
8.5005 15.8571 0.894489
8.5991 15.9382 0.897885
8.6977 16.0183 0.901241
8.7963 16.0974 0.904557
8.89489 16.1755 0.907835
8.99349 16.2526 0.911075
9.09209 16.3287 0.914277
9.19069 16.4039 0.917444
9.28929 16.4783 0.920575
9.38789 16.5517 0.923671
9.48649 16.6242 0.926733
9.58509 16.6959 0.929761
9.68368 16.7667 0.932757
9.78228 16.8367 0.93572
9.88088 16.9059 0.938652
9.97948 16.9744 0.941553
10.0781 17.042 0.944424
10.1767 17.1089 0.947265
10.2753 17.175 0.950076
10.3739 17.2404 0.952859
10.4725 17.3051 0.955614
10.5711 17.3691 0.95834
10.6697 17.4324 0.96104
10.7683 17.495 0.963713
10.8669 17.5569 0.96636
10.9655 17.6182 0.968981
11.0641 17.6789 0.971577
11.1627 17.7389 0.974149
11.2613 17.7984 0.976697
11.3599 17.8572 0.979222
11.4585 17.9155 0.981725
11.5571 17.9732 0.984204
11.6557 18.0304 0.986662
11.7543 18.087 0.989097
11.8529 18.1431 0.991512
11.9515 18.1987 0.993905
12.0501 18.2537 0.996277
12.1486 18.3082 0.998629
12.2472 18.3622 1.00096
12.3458 18.4157 1.00327
12.4444 18.4688 1.00556
12.543 18.5213 1.00784
12.6416 18.5734 1.01009
12.7402 18.625 1.01233
12.8388 18.6761 1.01454
12.9374 18.7268 1.01674
13.036 18.7771 1.01893
13.1346 18.8269 1.02109
13.2332 18.8763 1.02324
13.3318 18.9253 1.02536
13.4304 18.9738 1.02748
13.529 19.0219 1.02957
13.6276 19.0697 1.03165
13.7262 19.117 1.03372
13.8248 19.1639 1.03576
13.9234 19.2105 1.0378
14.022 19.2566 1.03981
14.1206 19.3024 1.04181
14.2192 19.3478 1.0438
14.3178 19.3929 1.04577
14.4164 19.4376 1.04773
14.515 19.4819 1.04967
14.6136 19.5259 1.0516
14.7122 19.5695 1.05351
14.8108 19.6128 1.05541
14.9094 19.6558 1.0573
15.008 19.6984 1.05917
15.1066 19.7407 1.06103
15.2052 19.7826 1.06288
15.3038 19.8243 1.06471
15.4024 19.8657 1.06653
15.501 19.9067 1.06834
15.5996 19.9475 1.07014
15.6982 19.9879 1.07192
15.7968 20.0281 1.0737
15.8954 20.068 1.07546
15.994 20.1076 1.07721
16.0926 20.1469 1.07894
16.1912 20.1859 1.08067
16.2898 20.2247 1.08239
16.3884 20.2632 1.08409
16.487 20.3015 1.08579
16.5856 20.3394 1.08747
16.6842 20.3772 1.08914
16.7828 20.4146 1.0908
16.8814 20.4518 1.09246
16.98 20.4888 1.0941
17.0786 20.5255 1.09573
17.1772 20.562 1.09735
17.2758 20.5982 1.09896
17.3744 20.6342 1.10056
17.473 20.6699 1.10215
17.5716 20.7054 1.10373
17.6702 20.7407 1.10531
17.7688 20.7758 1.10687
17.8674 20.8106 1.10842
17.966 20.8452 1.10997
18.0646 20.8796 1.1115
18.1632 20.9138 1.11303
18.2618 20.9478 1.11455
18.3604 20.9815 1.11606
18.459 21.0151 1.11756
18.5576 21.0484 1.11905
18.6562 21.0815 1.12053
18.7548 21.1145 1.12201
18.8534 21.1472 1.12347
18.952 21.1797 1.12493
19.0506 21.212 1.12638
19.1491 21.2442 1.12782
19.2477 21.2761 1.12925
19.3463 21.3079 1.13068
19.4449 21.3394 1.1321
19.5435 21.3708 1.13351
19.6421 21.402 1.13491
19.7407 21.433 1.13631
19.8393 21.4638 1.13769
19.9379 21.4945 1.13907
20.0365 21.525 1.14044
20.1351 21.5553 1.14181
20.2337 21.5854 1.14317
20.3323 21.6153 1.14452
20.4309 21.6451 1.14586
20.5295 21.6747 1.1472
20.6281 21.7042 1.14853
20.7267 21.7335 1.14985
20.8253 21.7626 1.15117
20.9239 21.7915 1.15247
21.0225 21.8203 1.15378
21.1211 21.849 1.15507
21.2197 21.8775 1.15636
21.3183 21.9058 1.15764
21.4169 21.934 1.15892
21.5155 21.962 1.16019
21.6141 21.9899 1.16145
21.7127 22.0176 1.16271
21.8113 22.0452 1.16396
21.9099 22.0726 1.16521
22.0085 22.0999 1.16645
22.1071 22.1271 1.16768
22.2057 22.1541 1.16891
22.3043 22.1809 1.17013
22.4029 22.2077 1.17134
22.5015 22.2343 1.17255
22.6001 22.2608 1.17376
22.6987 22.2871 1.17496
22.7973 22.3133 1.17615
22.8959 22.3394 1.17734
22.9945 22.3653 1.17852
23.0931 22.3911 1.1797
23.1917 22.4168 1.18087
23.2903 22.4424 1.18203
23.3889 22.4678 1.1832
23.4875 22.4932 1.18435
23.5861 22.5184 1.1855
23.6847 22.5434 1.18665
23.7833 22.5684 1.18779
23.8819 22.5932 1.18892
23.9805 22.6179 1.19005
24.0791 22.6425 1.19118
24.1777 22.667 1.1923
24.2763 22.6914 1.19341
24.3749 22.7156 1.19452
24.4735 22.7398 1.19563
24.5721 22.7638 1.19673
24.6707 22.7877 1.19782
24.7693 22.8115 1.19892
24.8679 22.8352 1.2
24.9665 22.8588 1.20108
25.0651 22.8822 1.20216
25.1637 22.9056 1.20323
25.2623 22.9289 1.2043
25.3609 22.952 1.20537
25.4595 22.9751 1.20643
25.5581 22.998 1.20748
25.6567 23.0209 1.20853
25.7553 23.0436 1.20958
25.8539 23.0663 1.21062
25.9525 23.0888 1.21166
26.0511 23.1112 1.21269
26.1496 23.1336 1.21372
26.2482 23.1558 1.21474
26.3468 23.178 1.21576
26.4454 23.2 1.21678
26.544 23.222 1.21779
26.6426 23.2439 1.2188
26.7412 23.2656 1.21981
26.8398 23.2873 1.22081
26.9384 23.3089 1.2218
27.037 23.3304 1.22279
27.1356 23.3518 1.22378
27.2342 23.3731 1.22477
27.3328 23.3943 1.22575
27.4314 23.4154 1.22673
27.53 23.4365 1.2277
27.6286 23.4574 1.22867
27.7272 23.4783 1.22963
27.8258 23.4991 1.23059
27.9244 23.5198 1.23155
28.023 23.5404 1.23251
28.1216 23.5609 1.23346
28.2202 23.5813 1.23441
28.3188 23.6017 1.23535
28.4174 23.622 1.23629
28.516 23.6422 1.23723
28.6146 23.6623 1.23816
28.7132 23.6823 1.23909
28.8118 23.7022 1.24001
28.9104 23.7221 1.24094
29.009 23.7419 1.24186
29.1076 23.7616 1.24277
29.2062 23.7812 1.24368
29.3048 23.8008 1.24459
29.4034 23.8203 1.2455
29.502 23.8397 1.2464
29.6006 23.859 1.2473
29.6992 23.8782 1.2482
29.7978 23.8974 1.24909
29.8964 23.9165 1.24998
29.995 23.9355 1.25086
30.0936 23.9545 1.25175
30.1922 23.9734 1.25263
30.2908 23.9922 1.2535
30.3894 24.0109 1.25438
30.488 24.0296 1.25525
30.5866 24.0482 1.25611
30.6852 24.0667 1.25698
30.7838 24.0851 1.25784
30.8824 24.1035 1.2587
30.981 24.1218 1.25955
31.0796 24.1401 1.26041
31.1782 24.1583 1.26125
31.2768 24.1764 1.2621
31.3754 24.1944 1.26294
31.474 24.2124 1.26379
31.5726 24.2303 1.26462
31.6712 24.2482 1.26546
31.7698 24.2659 1.26629
31.8684 24.2836 1.26712
31.967 24.3013 1.26795
32.0656 24.3189 1.26877
32.1642 24.3364 1.26959
32.2628 24.3539 1.27041
32.3614 24.3713 1.27122
32.46 24.3886 1.27204
32.5586 24.4059 1.27285
32.6572 24.4231 1.27365
32.7558 24.4403 1.27446
32.8544 24.4574 1.27526
32.953 24.4744 1.27606
33.0516 24.4914 1.27686
33.1502 24.5084 1.27765
33.2487 24.5252 1.27845
33.3473 24.542 1.27924
33.4459 24.5588 1.28002
33.5445 24.5755 1.28081
33.6431 24.5921 1.28159
33.7417 24.6087 1.28237
33.8403 24.6252 1.28315
33.9389 24.6417 1.28392
34.0375 24.6581 1.28469
34.1361 24.6745 1.28546
34.2347 24.6908 1.28623
34.3333 24.707 1.287
34.4319 24.7232 1.28776
34.5305 24.7394 1.28852
34.6291 24.7554 1.28928
34.7277 24.7715 1.29003
34.8263 24.7875 1.29079
34.9249 24.8034 1.29154
35.0235 24.8193 1.29229
35.1221 24.8351 1.29303
35.2207 24.8509 1.29378
35.3193 24.8666 1.29452
35.4179 24.8823 1.29526
35.5165 24.8979 1.296
35.6151 24.9135 1.29673
35.7137 24.929 1.29747
35.8123 24.9444 1.2982
35.9109 24.9599 1.29893
36.0095 24.9752 1.29965
36.1081 24.9906 1.30038
36.2067 25.0058 1.3011
36.3053 25.0211 1.30182
36.4039 25.0362 1.30254
36.5025 25.0514 1.30326
36.6011 25.0665 1.30397
36.6997 25.0815 1.30468
36.7983 25.0965 1.30539
36.8969 25.1114 1.3061
36.9955 25.1263 1.30681
37.0941 25.1412 1.30751
37.1927 25.156 1.30821
37.2913 25.1707 1.30891
37.3899 25.1855 1.30961
37.4885 25.2001 1.3103
37.5871 25.2147 1.311
37.6857 25.2293 1.31169
37.7843 25.2439 1.31238
37.8829 25.2584 1.31307
37.9815 25.2728 1.31375
38.0801 25.2872 1.31444
38.1787 25.3016 1.31512
38.2773 25.3159 1.3158
38.3759 25.3301 1.31648
38.4745 25.3444 1.31715
38.5731 25.3586 1.31783
38.6717 25.3727 1.3185
38.7703 25.3868 1.31917
38.8689 25.4009 1.31984
38.9675 25.4149 1.32051
39.0661 25.4289 1.32117
39.1647 25.4428 1.32184
39.2633 25.4567 1.3225
39.3619 25.4706 1.32316
39.4605 25.4844 1.32381
39.5591 25.4982 1.32447
39.6577 25.5119 1.32513
39.7563 25.5256 1.32578
39.8549 25.5393 1.32643
39.9535 25.5529 1.32708
40.0521 25.5664 1.32773
40.1507 25.58 1.32837
40.2492 25.5935 1.32901
40.3478 25.6069 1.32966
40.4464 25.6204 1.3303
40.545 25.6338 1.33094
40.6436 25.6471 1.33157
40.7422 25.6604 1.33221
40.8408 25.6737 1.33284
40.9394 25.6869 1.33347
41.038 25.7001 1.33411
41.1366 25.7133 1.33473
41.2352 25.7264 1.33536
41.3338 25.7395 1.33599
41.4324 25.7525 1.33661
41.531 25.7655 1.33723
41.6296 25.7785 1.33785
41.7282 25.7915 1.33847
41.8268 25.8044 1.33909
41.9254 25.8172 1.33971
42.024 25.8301 1.34032
42.1226 25.8429 1.34093
42.2212 25.8556 1.34154
42.3198 25.8684 1.34215
42.4184 25.8811 1.34276
42.517 25.8937 1.34337
42.6156 25.9064 1.34397
42.7142 25.9189 1.34458
42.8128 25.9315 1.34518
42.9114 25.944 1.34578
43.01 25.9565 1.34638
43.1086 25.969 1.34698
43.2072 25.9814 1.34757
43.3058 25.9938 1.34817
43.4044 26.0061 1.34876
43.503 26.0185 1.34935
43.6016 26.0308 1.34994
43.7002 26.043 1.35053
43.7988 26.0552 1.35112
43.8974 26.0674 1.3517
43.996 26.0796 1.35229
44.0946 26.0917 1.35287
44.1932 26.1038 1.35345
44.2918 26.1159 1.35403
44.3904 26.1279 1.35461
44.489 26.1399 1.35519
44.5876 26.1519 1.35576
44.6862 26.1639 1.35634
44.7848 26.1758 1.35691
44.8834 26.1877 1.35748
44.982 26.1995 1.35805
45.0806 26.2113 1.35862
45.1792 26.2231 1.35919
45.2778 26.2349 1.35975
45.3764 26.2466 1.36032
45.475 26.2583 1.36088
45.5736 26.27 1.36144
45.6722 26.2816 1.36201
45.7708 26.2932 1.36256
45.8694 26.3048 1.36312
45.968 26.3164 1.36368
46.0666 26.3279 1.36424
46.1652 26.3394 1.36479
46.2638 26.3508 1.36534
46.3624 26.3623 1.36589
46.461 26.3737 1.36644
46.5596 26.3851 1.36699
46.6582 26.3964 1.36754
46.7568 26.4077 1.36809
46.8554 26.419 1.36863
46.954 26.4303 1.36918
47.0526 26.4415 1.36972
47.1512 26.4527 1.37026
47.2497 26.4639 1.3708
47.3483 26.4751 1.37134
47.4469 26.4862 1.37188
47.5455 26.4973 1.37241
47.6441 26.5084 1.37295
47.7427 26.5194 1.37348
47.8413 26.5305 1.37402
47.9399 26.5415 1.37455
48.0385 26.5524 1.37508
48.1371 26.5634 1.37561
48.2357 26.5743 1.37614
48.3343 26.5852 1.37666
48.4329 26.596 1.37719
48.5315 26.6069 1.37771
48.6301 26.6177 1.37824
48.7287 26.6285 1.37876
48.8273 26.6392 1.37928
48.9259 26.65 1.3798
49.0245 26.6607 1.38032
49.1231 26.6714 1.38084
49.2217 26.682 1.38136
49.3203 26.6927 1.38187
49.4189 26.7033 1.38239
49.5175 26.7139 1.3829
49.6161 26.7244 1.38341
49.7147 26.735 1.38392
49.8133 26.7455 1.38443
49.9119 26.756 1.38494
50.0105 26.7665 1.38545
50.1091 26.7769 1.38596
50.2077 26.7873 1.38646
50.3063 26.7977 1.38697
50.4049 26.8081 1.38747
50.5035 26.8184 1.38797
50.6021 26.8288 1.38848
50.7007 26.8391 1.38898
50.7993 26.8493 1.38948
50.8979 26.8596 1.38997
50.9965 26.8698 1.39047
51.0951 26.88 1.39097
51.1937 26.8902 1.39146
51.2923 26.9004 1.39196
51.3909 26.9105 1.39245
51.4895 26.9207 1.39294
51.5881 26.9308 1.39343
51.6867 26.9408 1.39392
51.7853 26.9509 1.39441
51.8839 26.9609 1.3949
51.9825 26.9709 1.39539
52.0811 26.9809 1.39587
52.1797 26.9909 1.39636
52.2783 27.0008 1.39684
52.3769 27.0107 1.39733
52.4755 27.0206 1.39781
52.5741 27.0305 1.39829
52.6727 27.0404 1.39877
52.7713 27.0502 1.39925
52.8699 27.06 1.39973
52.9685 27.0698 1.40021
53.0671 27.0796 1.40068
53.1657 27.0893 1.40116
53.2643 27.099 1.40163
53.3629 27.1087 1.40211
53.4615 27.1184 1.40258
53.5601 27.1281 1.40305
53.6587 27.1377 1.40352
53.7573 27.1474 1.40399
53.8559 27.157 1.40446
53.9545 27.1665 1.40493
54.0531 27.1761 1.40539
54.1517 27.1856 1.40586
54.2503 27.1952 1.40633
54.3488 27.2047 1.40679
54.4474 27.2142 1.40725
54.546 27.2236 1.40771
54.6446 27.2331 1.40818
54.7432 27.2425 1.40864
54.8418 27.2519 1.4091
54.9404 27.2613 1.40956
55.039 27.2706 1.41001
55.1376 27.28 1.41047
55.2362 27.2893 1.41093
55.3348 27.2986 1.41138
55.4334 27.3079 1.41184
55.532 27.3171 1.41229
55.6306 27.3264 1.41274
55.7292 27.3356 1.41319
55.8278 27.3448 1.41364
55.9264 27.354 1.41409
56.025 27.3632 1.41454
56.1236 27.3723 1.41499
56.2222 27.3815 1.41544
56.3208 27.3906 1.41589
56.4194 27.3997 1.41633
56.518 27.4088 1.41678
56.6166 27.4178 1.41722
56.7152 27.4269 1.41766
56.8138 27.4359 1.41811
56.9124 27.4449 1.41855
57.011 27.4539 1.41899
57.1096 27.4629 1.41943
57.2082 27.4718 1.41987
57.3068 27.4807 1.4203
57.4054 27.4897 1.42074
57.504 27.4985 1.42118
57.6026 27.5074 1.42161
57.7012 27.5163 1.42205
57.7998 27.5251 1.42248
57.8984 27.534 1.42292
57.997 27.5428 1.42335
58.0956 27.5516 1.42378
58.1942 27.5603 1.42421
58.2928 27.5691 1.42464
58.3914 27.5778 1.42507
58.49 27.5865 1.4255
58.5886 27.5953 1.42593
58.6872 27.6039 1.42636
58.7858 27.6126 1.42678
58.8844 27.6213 1.42721
58.983 27.6299 1.42763
59.0816 27.6385 1.42806
59.1802 27.6471 1.42848
59.2788 27.6557 1.4289
59.3774 27.6643 1.42932
59.476 27.6728 1.42974
59.5746 27.6814 1.43016
59.6732 27.6899 1.43058
59.7718 27.6984 1.431
59.8704 27.7069 1.43142
59.969 27.7154 1.43184
60.0676 27.7238 1.43225
60.1662 27.7322 1.43267
60.2648 27.7407 1.43308
60.3634 27.7491 1.4335
60.462 27.7575 1.43391
60.5606 27.7658 1.43432
60.6592 27.7742 1.43473
60.7578 27.7825 1.43515
60.8564 27.7909 1.43556
60.955 27.7992 1.43597
61.0536 27.8075 1.43637
61.1522 27.8158 1.43678
61.2508 27.824 1.43719
61.3493 27.8323 1.4376
61.4479 27.8405 1.438
61.5465 27.8487 1.43841
61.6451 27.8569 1.43881
61.7437 27.8651 1.43922
61.8423 27.8733 1.43962
61.9409 27.8814 1.44002
62.0395 27.8896 1.44043
62.1381 27.8977 1.44083
62.2367 27.9058 1.44123
62.3353 27.9139 1.44163
62.4339 27.922 1.44203
62.5325 27.9301 1.44242
62.6311 27.9381 1.44282
62.7297 27.9462 1.44322
62.8283 27.9542 1.44362
62.9269 27.9622 1.44401
63.0255 27.9702 1.44441
63.1241 27.9782 1.4448
63.2227 27.9861 1.44519
63.3213 27.9941 1.44559
63.4199 28.002 1.44598
63.5185 28.0099 1.44637
63.6171 28.0178 1.44676
63.7157 28.0257 1.44715
63.8143 28.0336 1.44754
63.9129 28.0415 1.44793
64.0115 28.0493 1.44832
64.1101 28.0571 1.44871
64.2087 28.065 1.44909
64.3073 28.0728 1.44948
64.4059 28.0806 1.44987
64.5045 28.0883 1.45025
64.6031 28.0961 1.45064
64.7017 28.1039 1.45102
64.8003 28.1116 1.4514
64.8989 28.1193 1.45179
64.9975 28.127 1.45217
65.0961 28.1347 1.45255
65.1947 28.1424 1.45293
65.2933 28.1501 1.45331
65.3919 28.1577 1.45369
65.4905 28.1654 1.45407
65.5891 28.173 1.45445
65.6877 28.1806 1.45482
65.7863 28.1882 1.4552
65.8849 28.1958 1.45558
65.9835 28.2034 1.45595
66.0821 28.211 1.45633
66.1807 28.2185 1.4567
66.2793 28.226 1.45708
66.3779 28.2336 1.45745
66.4765 28.2411 1.45782
66.5751 28.2486 1.45819
66.6737 28.256 1.45857
66.7723 28.2635 1.45894
66.8709 28.271 1.45931
66.9695 28.2784 1.45968
67.0681 28.2859 1.46005
67.1667 28.2933 1.46041
67.2653 28.3007 1.46078
67.3639 28.3081 1.46115
67.4625 28.3155 1.46152
67.5611 28.3228 1.46188
67.6597 28.3302 1.46225
67.7583 28.3375 1.46261
67.8569 28.3449 1.46298
67.9555 28.3522 1.46334
68.0541 28.3595 1.4637
68.1527 28.3668 1.46407
68.2513 28.374 1.46443
68.3498 28.3813 1.46479
68.4484 28.3886 1.46515
68.547 28.3958 1.46551
68.6456 28.4031 1.46587
68.7442 28.4103 1.46623
68.8428 28.4175 1.46659
68.9414 28.4247 1.46695
69.04 28.4319 1.4673
69.1386 28.439 1.46766
69.2372 28.4462 1.46802
69.3358 28.4533 1.46837
69.4344 28.4605 1.46873
69.533 28.4676 1.46908
69.6316 28.4747 1.46944
69.7302 28.4818 1.46979
69.8288 28.4889 1.47014
69.9274 28.496 1.4705
70.026 28.503 1.47085
70.1246 28.5101 1.4712
70.2232 28.5171 1.47155
70.3218 28.5242 1.4719
70.4204 28.5312 1.47225
70.519 28.5382 1.4726
70.6176 28.5452 1.47295
70.7162 28.5522 1.4733
70.8148 28.5591 1.47364
70.9134 28.5661 1.47399
71.012 28.5731 1.47434
71.1106 28.58 1.47468
71.2092 28.5869 1.47503
71.3078 28.5938 1.47537
71.4064 28.6007 1.47572
71.505 28.6076 1.47606
71.6036 28.6145 1.47641
71.7022 28.6214 1.47675
71.8008 28.6283 1.47709
71.8994 28.6351 1.47743
71.998 28.6419 1.47778
72.0966 28.6488 1.47812
72.1952 28.6556 1.47846
72.2938 28.6624 1.4788
72.3924 28.6692 1.47914
72.491 28.676 1.47947
72.5896 28.6827 1.47981
72.6882 28.6895 1.48015
72.7868 28.6963 1.48049
72.8854 28.703 1.48082
72.984 28.7097 1.48116
73.0826 28.7164 1.4815
73.1812 28.7232 1.48183
73.2798 28.7299 1.48217
73.3784 28.7365 1.4825
73.477 28.7432 1.48284
73.5756 28.7499 1.48317
73.6742 28.7565 1.4835
73.7728 28.7632 1.48383
73.8714 28.7698 1.48417
73.97 28.7765 1.4845
74.0686 28.7831 1.48483
74.1672 28.7897 1.48516
74.2658 28.7963 1.48549
74.3644 28.8028 1.48582
74.463 28.8094 1.48615
74.5616 28.816 1.48648
74.6602 28.8225 1.4868
74.7588 28.8291 1.48713
74.8574 28.8356 1.48746
74.956 28.8421 1.48778
75.0546 28.8486 1.48811
75.1532 28.8552 1.48844
75.2518 28.8616 1.48876
75.3504 28.8681 1.48909
75.4489 28.8746 1.48941
75.5475 28.8811 1.48973
75.6461 28.8875 1.49006
75.7447 28.894 1.49038
75.8433 28.9004 1.4907
75.9419 28.9068 1.49103
76.0405 28.9132 1.49135
76.1391 28.9196 1.49167
76.2377 28.926 1.49199
76.3363 28.9324 1.49231
76.4349 28.9388 1.49263
76.5335 28.9452 1.49295
76.6321 28.9515 1.49327
76.7307 28.9579 1.49359
76.8293 28.9642 1.4939
76.9279 28.9705 1.49422
77.0265 28.9769 1.49454
77.1251 28.9832 1.49485
77.2237 28.9895 1.49517
77.3223 28.9958 1.49549
77.4209 29.002 1.4958
77.5195 29.0083 1.49612
77.6181 29.0146 1.49643
77.7167 29.0208 1.49674
77.8153 29.0271 1.49706
77.9139 29.0333 1.49737
78.0125 29.0395 1.49768
78.1111 29.0457 1.498
78.2097 29.052 1.49831
78.3083 29.0582 1.49862
78.4069 29.0643 1.49893
78.5055 29.0705 1.49924
78.6041 29.0767 1.49955
78.7027 29.0829 1.49986
78.8013 29.089 1.50017
78.8999 29.0952 1.50048
78.9985 29.1013 1.50079
79.0971 29.1074 1.5011
79.1957 29.1135 1.5014
79.2943 29.1196 1.50171
79.3929 29.1257 1.50202
79.4915 29.1318 1.50232
79.5901 29.1379 1.50263
79.6887 29.144 1.50294
79.7873 29.1501 1.50324
79.8859 29.1561 1.50355
79.9845 29.1622 1.50385
80.0831 29.1682 1.50415
80.1817 29.1742 1.50446
80.2803 29.1803 1.50476
80.3789 29.1863 1.50506
80.4775 29.1923 1.50537
80.5761 29.1983 1.50567
80.6747 29.2043 1.50597
80.7733 29.2102 1.50627
80.8719 29.2162 1.50657
80.9705 29.2222 1.50687
81.0691 29.2281 1.50717
81.1677 29.2341 1.50747
81.2663 29.24 1.50777
81.3649 29.2459 1.50807
81.4635 29.2519 1.50837
81.5621 29.2578 1.50867
81.6607 29.2637 1.50896
81.7593 29.2696 1.50926
81.8579 29.2755 1.50956
81.9565 29.2813 1.50985
82.0551 29.2872 1.51015
82.1537 29.2931 1.51045
82.2523 29.2989 1.51074
82.3509 29.3048 1.51104
82.4494 29.3106 1.51133
82.548 29.3164 1.51162
82.6466 29.3223 1.51192
82.7452 29.3281 1.51221
82.8438 29.3339 1.5125
82.9424 29.3397 1.5128
83.041 29.3455 1.51309
83.1396 29.3512 1.51338
83.2382 29.357 1.51367
83.3368 29.3628 1.51396
83.4354 29.3685 1.51425
83.534 29.3743 1.51454
83.6326 29.38 1.51483
83.7312 29.3858 1.51512
83.8298 29.3915 1.51541
83.9284 29.3972 1.5157
84.027 29.4029 1.51599
84.1256 29.4086 1.51628
84.2242 29.4143 1.51657
84.3228 29.42 1.51685
84.4214 29.4257 1.51714
84.52 29.4314 1.51743
84.6186 29.437 1.51771
84.7172 29.4427 1.518
84.8158 29.4483 1.51829
84.9144 29.454 1.51857
85.013 29.4596 1.51886
85.1116 29.4652 1.51914
85.2102 29.4708 1.51942
85.3088 29.4765 1.51971
85.4074 29.4821 1.51999
85.506 29.4877 1.52027
85.6046 29.4932 1.52056
85.7032 29.4988 1.52084
85.8018 29.5044 1.52112
85.9004 29.51 1.5214
85.999 29.5155 1.52168
86.0976 29.5211 1.52197
86.1962 29.5266 1.52225
86.2948 29.5322 1.52253
86.3934 29.5377 1.52281
86.492 29.5432 1.52309
86.5906 29.5487 1.52336
86.6892 29.5542 1.52364
86.7878 29.5597 1.52392
86.8864 29.5652 1.5242
86.985 29.5707 1.52448
87.0836 29.5762 1.52476
87.1822 29.5816 1.52503
87.2808 29.5871 1.52531
87.3794 29.5926 1.52559
87.478 29.598 1.52586
87.5766 29.6035 1.52614
87.6752 29.6089 1.52641
87.7738 29.6143 1.52669
87.8724 29.6197 1.52696
87.971 29.6252 1.52724
88.0696 29.6306 1.52751
88.1682 29.636 1.52779
88.2668 29.6413 1.52806
88.3654 29.6467 1.52833
88.464 29.6521 1.5286
88.5626 29.6575 1.52888
88.6612 29.6628 1.52915
88.7598 29.6682 1.52942
88.8584 29.6736 1.52969
88.957 29.6789 1.52996
89.0556 29.6842 1.53023
89.1542 29.6896 1.5305
89.2528 29.6949 1.53077
89.3514 29.7002 1.53104
89.4499 29.7055 1.53131
89.5485 29.7108 1.53158
89.6471 29.7161 1.53185
89.7457 29.7214 1.53212
89.8443 29.7267 1.53239
89.9429 29.732 1.53266
90.0415 29.7372 1.53292
90.1401 29.7425 1.53319
90.2387 29.7477 1.53346
90.3373 29.753 1.53373
90.4359 29.7582 1.53399
90.5345 29.7635 1.53426
90.6331 29.7687 1.53452
90.7317 29.7739 1.53479
90.8303 29.7791 1.53505
90.9289 29.7843 1.53532
91.0275 29.7895 1.53558
91.1261 29.7947 1.53585
91.2247 29.7999 1.53611
91.3233 29.8051 1.53637
91.4219 29.8103 1.53664
91.5205 29.8155 1.5369
91.6191 29.8206 1.53716
91.7177 29.8258 1.53742
91.8163 29.8309 1.53769
91.9149 29.8361 1.53795
92.0135 29.8412 1.53821
92.1121 29.8463 1.53847
92.2107 29.8515 1.53873
92.3093 29.8566 1.53899
92.4079 29.8617 1.53925
92.5065 29.8668 1.53951
92.6051 29.8719 1.53977
92.7037 29.877 1.54003
92.8023 29.8821 1.54029
92.9009 29.8872 1.54055
92.9995 29.8922 1.54081
93.0981 29.8973 1.54106
93.1967 29.9024 1.54132
93.2953 29.9074 1.54158
93.3939 29.9125 1.54184
93.4925 29.9175 1.54209
93.5911 29.9225 1.54235
93.6897 29.9276 1.54261
93.7883 29.9326 1.54286
93.8869 29.9376 1.54312
93.9855 29.9426 1.54337
94.0841 29.9476 1.54363
94.1827 29.9526 1.54388
94.2813 29.9576 1.54414
94.3799 29.9626 1.54439
94.4785 29.9676 1.54465
94.5771 29.9726 1.5449
94.6757 29.9775 1.54515
94.7743 29.9825 1.54541
94.8729 29.9874 1.54566
94.9715 29.9924 1.54591
95.0701 29.9973 1.54616
95.1687 30.0023 1.54641
95.2673 30.0072 1.54667
95.3659 30.0121 1.54692
95.4645 30.0171 1.54717
95.5631 30.022 1.54742
95.6617 30.0269 1.54767
95.7603 30.0318 1.54792
95.8589 30.0367 1.54817
95.9575 30.0416 1.54842
96.0561 30.0465 1.54867
96.1547 30.0513 1.54892
96.2533 30.0562 1.54917
96.3519 30.0611 1.54942
96.4505 30.066 1.54966
96.549 30.0708 1.54991
96.6476 30.0757 1.55016
96.7462 30.0805 1.55041
96.8448 30.0853 1.55065
96.9434 30.0902 1.5509
97.042 30.095 1.55115
97.1406 30.0998 1.55139
97.2392 30.1046 1.55164
97.3378 30.1095 1.55189
97.4364 30.1143 1.55213
97.535 30.1191 1.55238
97.6336 30.1239 1.55262
97.7322 30.1286 1.55287
97.8308 30.1334 1.55311
97.9294 30.1382 1.55335
98.028 30.143 1.5536
98.1266 30.1477 1.55384
98.2252 30.1525 1.55409
98.3238 30.1573 1.55433
98.4224 30.162 1.55457
98.521 30.1667 1.55481
98.6196 30.1715 1.55506
98.7182 30.1762 1.5553
98.8168 30.1809 1.55554
98.9154 30.1857 1.55578
99.014 30.1904 1.55602
99.1126 30.1951 1.55626
99.2112 30.1998 1.5565
99.3098 30.2045 1.55674
99.4084 30.2092 1.55698
99.507 30.2139 1.55722
99.6056 30.2186 1.55746
99.7042 30.2232 1.5577
99.8028 30.2279 1.55794
99.9014 30.2326 1.55818
100 30.2372 1.55842
