1e-05 70.3856 3.11822
0.00101099 16.9065 0.929247
0.00201198 13.1368 0.792212
0.00301297 11.2239 0.728978
0.00401396 9.98307 0.691589
0.00501495 9.08182 0.666859
0.00601595 8.38373 0.64943
0.00701694 7.8177 0.636609
0.00801793 7.34535 0.626954
0.00901892 6.94214 0.619549
0.0100199 6.591 0.613767
0.0110209 6.28151 0.609246
0.0120219 6.00591 0.605719
0.0130229 5.75754 0.602948
0.0140239 5.53194 0.600787
0.0150249 5.32579 0.599129
0.0160259 5.13646 0.597897
0.0170268 4.96163 0.597014
0.0180278 4.79919 0.5964
0.0190288 4.64766 0.59602
0.0200298 4.50591 0.59584
0.0210308 4.37293 0.595827
0.0220318 4.2479 0.595967
0.0230328 4.13001 0.596236
0.0240338 4.0185 0.596606
0.0250348 3.91273 0.597054
0.0260358 3.81224 0.59758
0.0270368 3.71661 0.598171
0.0280377 3.62548 0.598816
0.0290387 3.53849 0.599504
0.0300397 3.45537 0.60024
0.0310407 3.37583 0.601015
0.0320417 3.29959 0.601817
0.0330427 3.22642 0.602634
0.0340437 3.15609 0.603463
0.0350447 3.08845 0.604311
0.0360457 3.02333 0.605172
0.0370467 2.9606 0.60604
0.0380477 2.9001 0.606911
0.0390486 2.84172 0.607782
0.0400496 2.78535 0.608662
0.0410506 2.73088 0.609546
0.0420516 2.67819 0.610428
0.0430526 2.62719 0.611304
0.0440536 2.57779 0.612168
0.0450546 2.5299 0.61302
0.0460556 2.48346 0.613869
0.0470566 2.4384 0.614711
0.0480576 2.39467 0.615543
0.0490586 2.3522 0.616365
0.0500595 2.31093 0.617174
0.0510605 2.27081 0.617969
0.0520615 2.23181 0.618757
0.0530625 2.19388 0.619537
0.0540635 2.15696 0.620306
0.0550645 2.12101 0.621062
0.0560655 2.08599 0.621803
0.0570665 2.05187 0.622525
0.0580675 2.01859 0.62323
0.0590685 1.98615 0.623922
0.0600695 1.95451 0.624603
0.0610705 1.92363 0.62527
0.0620714 1.8935 0.625922
0.0630724 1.86409 0.626558
0.0640734 1.83536 0.627177
0.0650744 1.80729 0.627777
0.0660754 1.77986 0.628362
0.0670764 1.75307 0.628937
0.0680774 1.72688 0.629497
0.0690784 1.70127 0.630044
0.0700794 1.67623 0.630574
0.0710804 1.65172 0.631087
0.0720814 1.62774 0.631582
0.0730823 1.60427 0.632057
0.0740833 1.58129 0.632516
0.0750843 1.5588 0.632961
0.0760853 1.53677 0.633392
0.0770863 1.5152 0.633809
0.0780873 1.49407 0.634209
0.0790883 1.47337 0.634594
0.0800893 1.45307 0.634962
0.0810903 1.43317 0.635312
0.0820913 1.41366 0.635645
0.0830923 1.39453 0.635965
0.0840932 1.37577 0.636272
0.0850942 1.35738 0.636565
0.0860952 1.33933 0.636844
0.0870962 1.32163 0.637108
0.0880972 1.30426 0.637356
0.0890982 1.28721 0.637587
0.0900992 1.27047 0.637801
0.0911002 1.25402 0.637997
0.0921012 1.23789 0.638179
0.0931022 1.22204 0.638347
0.0941032 1.20649 0.638502
0.0951041 1.19121 0.638642
0.0961051 1.1762 0.638768
0.0971061 1.16146 0.638879
0.0981071 1.14697 0.638975
0.0991081 1.13273 0.639055
0.100109 1.11873 0.639119
0.10111 1.10496 0.639166
0.102111 1.09143 0.639201
0.103112 1.07813 0.639224
0.104113 1.06505 0.639234
0.105114 1.0522 0.63923
0.106115 1.03956 0.639212
0.107116 1.02712 0.63918
0.108117 1.01489 0.639134
0.109118 1.00286 0.639072
0.110119 0.991012 0.638996
0.11112 0.979354 0.638903
0.112121 0.967886 0.638798
0.113122 0.956605 0.63868
0.114123 0.945507 0.638551
0.115124 0.934585 0.638408
0.116125 0.923835 0.638253
0.117126 0.913252 0.638084
0.118127 0.90283 0.637901
0.119128 0.892567 0.637705
0.120129 0.882456 0.637494
0.12113 0.872494 0.63727
0.122131 0.862678 0.637031
0.123132 0.853013 0.636781
0.124133 0.843494 0.636519
0.125134 0.83412 0.636246
0.126135 0.824885 0.63596
0.127136 0.815787 0.635662
0.128137 0.806822 0.635351
0.129138 0.797987 0.635028
0.130139 0.789279 0.634692
0.13114 0.780694 0.634343
0.132141 0.772231 0.63398
0.133142 0.763886 0.633604
0.134143 0.755663 0.633217
0.135144 0.747561 0.632819
0.136145 0.739576 0.63241
0.137146 0.731706 0.631989
0.138147 0.723947 0.631557
0.139148 0.716296 0.631114
0.140149 0.708751 0.630658
0.14115 0.701308 0.63019
0.142151 0.693966 0.629711
0.143152 0.686721 0.629219
0.144153 0.679572 0.628714
0.145154 0.672518 0.628198
0.146155 0.665562 0.627671
0.147156 0.658702 0.627134
0.148157 0.651937 0.626586
0.149158 0.645262 0.626028
0.150159 0.638677 0.625459
0.15116 0.632179 0.624879
0.152161 0.625767 0.624288
0.153162 0.619437 0.623685
0.154163 0.613189 0.623072
0.155164 0.60702 0.622447
0.156165 0.600928 0.621811
0.157166 0.594914 0.621164
0.158167 0.588982 0.620507
0.159168 0.583128 0.619841
0.160169 0.577351 0.619165
0.16117 0.571649 0.618479
0.162171 0.56602 0.617783
0.163172 0.560462 0.617077
0.164173 0.554973 0.61636
0.165174 0.549553 0.615634
0.166175 0.544198 0.614897
0.167175 0.538907 0.614149
0.168176 0.53368 0.613392
0.169177 0.528514 0.612624
0.170178 0.523414 0.611846
0.171179 0.518379 0.611059
0.17218 0.513406 0.610264
0.173181 0.508496 0.609458
0.174182 0.503645 0.608644
0.175183 0.498853 0.60782
0.176184 0.49412 0.606987
0.177185 0.489442 0.606145
0.178186 0.48482 0.605294
0.179187 0.480251 0.604433
0.180188 0.475735 0.603562
0.181189 0.471271 0.602683
0.18219 0.466859 0.601794
0.183191 0.462502 0.600898
0.184192 0.458198 0.599992
0.185193 0.453946 0.599079
0.186194 0.449745 0.598157
0.187195 0.445593 0.597227
0.188196 0.44149 0.596288
0.189197 0.437434 0.59534
0.190198 0.433424 0.594384
0.191199 0.429458 0.59342
0.1922 0.425536 0.592447
0.193201 0.421657 0.591466
0.194202 0.41782 0.590476
0.195203 0.414024 0.589477
0.196204 0.410273 0.588471
0.197205 0.406565 0.587456
0.198206 0.4029 0.586434
0.199207 0.399276 0.585404
0.200208 0.395694 0.584366
0.201209 0.392151 0.583321
0.20221 0.388647 0.582268
0.203211 0.385182 0.581207
0.204212 0.381754 0.580139
0.205213 0.378363 0.579063
0.206214 0.375008 0.57798
0.207215 0.371689 0.57689
0.208216 0.368405 0.575793
0.209217 0.365157 0.574688
0.210218 0.361947 0.573577
0.211219 0.358773 0.572459
0.21222 0.355635 0.571333
0.213221 0.35253 0.570201
0.214222 0.34946 0.569063
0.215223 0.346422 0.567917
0.216224 0.343417 0.566764
0.217225 0.340442 0.565605
0.218226 0.337499 0.564439
0.219227 0.334585 0.563267
0.220228 0.331701 0.562087
0.221229 0.328845 0.560901
0.22223 0.326018 0.559709
0.223231 0.323221 0.55851
0.224232 0.320455 0.557304
0.225233 0.317718 0.556092
0.226234 0.31501 0.554873
0.227235 0.312331 0.553649
0.228236 0.309679 0.552418
0.229237 0.307054 0.551182
0.230238 0.304457 0.549939
0.231239 0.301885 0.548691
0.23224 0.299339 0.547437
0.233241 0.296818 0.546178
0.234242 0.294322 0.544913
0.235243 0.29185 0.543643
0.236244 0.289403 0.542368
0.237245 0.286982 0.541087
0.238246 0.284587 0.5398
0.239247 0.282217 0.538508
0.240248 0.279871 0.537211
0.241249 0.277548 0.535909
0.24225 0.27525 0.534601
0.243251 0.272974 0.533288
0.244252 0.27072 0.53197
0.245253 0.268488 0.530648
0.246254 0.266278 0.52932
0.247255 0.264088 0.527987
0.248256 0.261918 0.52665
0.249257 0.259769 0.525308
0.250258 0.257639 0.523961
0.251259 0.255531 0.522609
0.25226 0.253444 0.521252
0.253261 0.251378 0.51989
0.254262 0.249332 0.518523
0.255263 0.247306 0.517152
0.256264 0.2453 0.515776
0.257265 0.243313 0.514396
0.258266 0.241344 0.513011
0.259267 0.239395 0.511623
0.260268 0.237464 0.510231
0.261269 0.23555 0.508835
0.26227 0.233655 0.507435
0.263271 0.231776 0.506032
0.264272 0.229915 0.504626
0.265273 0.228072 0.503216
0.266274 0.226247 0.501802
0.267275 0.224441 0.500384
0.268276 0.222652 0.498962
0.269277 0.22088 0.497537
0.270278 0.219125 0.496108
0.271279 0.217386 0.494675
0.27228 0.215664 0.493239
0.273281 0.213957 0.4918
0.274282 0.212266 0.490357
0.275283 0.21059 0.488911
0.276284 0.208929 0.487463
0.277285 0.207282 0.486011
0.278285 0.205649 0.484556
0.279286 0.20403 0.483098
0.280287 0.202426 0.481637
0.281288 0.200838 0.480172
0.282289 0.199264 0.478703
0.28329 0.197705 0.477232
0.284291 0.196161 0.475757
0.285292 0.19463 0.474279
0.286293 0.193113 0.472799
0.287294 0.19161 0.471316
0.288295 0.19012 0.469831
0.289296 0.188643 0.468343
0.290297 0.187179 0.466853
0.291298 0.185728 0.465362
0.292299 0.184289 0.463869
0.2933 0.182862 0.462374
0.294301 0.181447 0.460877
0.295302 0.180045 0.459378
0.296303 0.178657 0.457876
0.297304 0.177281 0.456372
0.298305 0.175918 0.454866
0.299306 0.174567 0.453357
0.300307 0.173228 0.451847
0.301308 0.1719 0.450335
0.302309 0.170584 0.448821
0.30331 0.16928 0.447305
0.304311 0.167986 0.445788
0.305312 0.166703 0.444269
0.306313 0.165431 0.442749
0.307314 0.164169 0.441228
0.308315 0.162917 0.439705
0.309316 0.161676 0.438181
0.310317 0.160445 0.436654
0.311318 0.159225 0.435126
0.312319 0.158017 0.433595
0.31332 0.156818 0.432063
0.314321 0.15563 0.430529
0.315322 0.154452 0.428994
0.316323 0.153285 0.427458
0.317324 0.152127 0.425921
0.318325 0.150979 0.424382
0.319326 0.14984 0.422844
0.320327 0.148711 0.421304
0.321328 0.147591 0.419765
0.322329 0.14648 0.418225
0.32333 0.145378 0.416685
0.324331 0.144284 0.415146
0.325332 0.143201 0.413605
0.326333 0.142127 0.412064
0.327334 0.141063 0.410521
0.328335 0.140007 0.408978
0.329336 0.138961 0.407434
0.330337 0.137924 0.40589
0.331338 0.136895 0.404345
0.332339 0.135875 0.4028
0.33334 0.134863 0.401254
0.334341 0.133859 0.399709
0.335342 0.132864 0.398164
0.336343 0.131876 0.396618
0.337344 0.130895 0.395073
0.338345 0.129922 0.393528
0.339346 0.128956 0.391984
0.340347 0.127998 0.390439
0.341348 0.127048 0.388894
0.342349 0.126106 0.387347
0.34335 0.125172 0.385801
0.344351 0.124246 0.384254
0.345352 0.123327 0.382707
0.346353 0.122415 0.38116
0.347354 0.121511 0.379614
0.348355 0.120614 0.378068
0.349356 0.119724 0.376523
0.350357 0.118841 0.374978
0.351358 0.117965 0.373434
0.352359 0.117095 0.371892
0.35336 0.116233 0.37035
0.354361 0.115376 0.36881
0.355362 0.114527 0.367272
0.356363 0.113684 0.365734
0.357364 0.112848 0.364196
0.358365 0.11202 0.362658
0.359366 0.111198 0.361121
0.360367 0.110382 0.359585
0.361368 0.109574 0.35805
0.362369 0.108771 0.356515
0.36337 0.107975 0.354982
0.364371 0.107185 0.353449
0.365372 0.106402 0.351918
0.366373 0.105624 0.350388
0.367374 0.104851 0.34886
0.368375 0.104085 0.347333
0.369376 0.103324 0.345807
0.370377 0.102568 0.344283
0.371378 0.101818 0.342761
0.372379 0.101074 0.341239
0.37338 0.100336 0.339718
0.374381 0.0996031 0.338198
0.375382 0.0988763 0.336679
0.376383 0.0981552 0.33516
0.377384 0.0974397 0.333643
0.378385 0.0967296 0.332128
0.379386 0.0960249 0.330614
0.380387 0.0953255 0.329102
0.381388 0.0946314 0.327592
0.382389 0.0939423 0.326084
0.38339 0.0932584 0.324578
0.384391 0.0925794 0.323075
0.385392 0.0919053 0.321574
0.386393 0.0912361 0.320076
0.387394 0.0905718 0.31858
0.388395 0.0899129 0.317086
0.389395 0.0892592 0.315593
0.390396 0.0886107 0.314103
0.391397 0.0879671 0.312614
0.392398 0.0873286 0.311126
0.393399 0.0866948 0.309641
0.3944 0.0860658 0.308158
0.395401 0.0854415 0.306677
0.396402 0.0848217 0.305199
0.397403 0.0842064 0.303723
0.398404 0.0835955 0.302249
0.399405 0.0829889 0.300778
0.400406 0.0823865 0.299309
0.401407 0.0817882 0.297843
0.402408 0.0811939 0.29638
0.403409 0.0806038 0.294919
0.40441 0.0800181 0.29346
0.405411 0.0794368 0.292003
0.406412 0.0788598 0.290548
0.407413 0.0782872 0.289094
0.408414 0.0777187 0.287643
0.409415 0.0771544 0.286195
0.410416 0.0765942 0.284748
0.411417 0.076038 0.283305
0.412418 0.0754859 0.281864
0.413419 0.0749376 0.280427
0.41442 0.0743933 0.278992
0.415421 0.0738527 0.277561
0.416422 0.073316 0.276133
0.417423 0.0727829 0.274708
0.418424 0.0722535 0.273288
0.419425 0.0717278 0.27187
0.420426 0.0712061 0.270456
0.421427 0.0706884 0.269044
0.422428 0.0701746 0.267635
0.423429 0.0696647 0.266228
0.42443 0.0691584 0.264825
0.425431 0.0686559 0.263424
0.426432 0.068157 0.262027
0.427433 0.0676616 0.260632
0.428434 0.0671696 0.259241
0.429435 0.0666811 0.257853
0.430436 0.0661958 0.256469
0.431437 0.0657139 0.255087
0.432438 0.0652351 0.25371
0.433439 0.0647594 0.252335
0.43444 0.0642868 0.250965
0.435441 0.0638172 0.249597
0.436442 0.0633508 0.248233
0.437443 0.0628878 0.246871
0.438444 0.0624281 0.245512
0.439445 0.0619716 0.244156
0.440446 0.0615183 0.242803
0.441447 0.0610682 0.241454
0.442448 0.0606212 0.240107
0.443449 0.0601773 0.238764
0.44445 0.0597364 0.237424
0.445451 0.0592986 0.236088
0.446452 0.0588637 0.234756
0.447453 0.0584317 0.233428
0.448454 0.0580026 0.232103
0.449455 0.0575764 0.230783
0.450456 0.057153 0.229467
0.451457 0.0567324 0.228155
0.452458 0.0563147 0.226848
0.453459 0.0559 0.225543
0.45446 0.0554884 0.224242
0.455461 0.0550797 0.222945
0.456462 0.0546738 0.221651
0.457463 0.0542709 0.220361
0.458464 0.0538707 0.219074
0.459465 0.0534733 0.217792
0.460466 0.0530785 0.216513
0.461467 0.0526864 0.215237
0.462468 0.0522969 0.213966
0.463469 0.0519099 0.212699
0.46447 0.0515254 0.211435
0.465471 0.0511433 0.210176
0.466472 0.0507637 0.208921
0.467473 0.0503863 0.20767
0.468474 0.0500113 0.206423
0.469475 0.0496388 0.20518
0.470476 0.0492688 0.20394
0.471477 0.0489013 0.202703
0.472478 0.0485363 0.201471
0.473479 0.0481737 0.200241
0.47448 0.0478136 0.199016
0.475481 0.0474559 0.197794
0.476482 0.0471006 0.196577
0.477483 0.0467476 0.195363
0.478484 0.0463969 0.194154
0.479485 0.0460485 0.192948
0.480486 0.0457024 0.191748
0.481487 0.0453585 0.190551
0.482488 0.0450168 0.189359
0.483489 0.0446773 0.188172
0.48449 0.04434 0.186989
0.485491 0.0440049 0.185811
0.486492 0.0436722 0.184637
0.487493 0.0433418 0.183467
0.488494 0.0430137 0.182301
0.489495 0.0426879 0.181139
0.490496 0.0423643 0.179981
0.491497 0.0420428 0.178828
0.492498 0.0417235 0.177678
0.493499 0.0414063 0.176533
0.4945 0.0410911 0.175391
0.495501 0.040778 0.174254
0.496502 0.0404668 0.173122
0.497503 0.0401575 0.171993
0.498504 0.0398502 0.170869
0.499505 0.0395447 0.16975
0.500505 0.039241 0.168635
0.501506 0.0389391 0.167524
0.502507 0.0386391 0.166417
0.503508 0.0383411 0.165314
0.504509 0.038045 0.164215
0.50551 0.0377508 0.16312
0.506511 0.0374586 0.162029
0.507512 0.0371682 0.160942
0.508513 0.0368797 0.159859
0.509514 0.0365931 0.158781
0.510515 0.0363083 0.157706
0.511516 0.0360253 0.156636
0.512517 0.0357441 0.155571
0.513518 0.0354647 0.15451
0.514519 0.0351871 0.153453
0.51552 0.0349112 0.152401
0.516521 0.034637 0.151354
0.517522 0.0343645 0.150312
0.518523 0.0340938 0.149274
0.519524 0.0338248 0.148241
0.520525 0.0335576 0.147213
0.521526 0.0332923 0.146188
0.522527 0.0330287 0.145168
0.523528 0.0327669 0.144152
0.524529 0.0325068 0.14314
0.52553 0.0322484 0.142133
0.526531 0.0319916 0.14113
0.527532 0.0317365 0.140132
0.528533 0.031483 0.139138
0.529534 0.0312311 0.138148
0.530535 0.0309807 0.137163
0.531536 0.0307318 0.136182
0.532537 0.0304845 0.135205
0.533538 0.0302386 0.134233
0.534539 0.0299941 0.133265
0.53554 0.0297511 0.132302
0.536541 0.0295096 0.131343
0.537542 0.0292696 0.130388
0.538543 0.0290311 0.129437
0.539544 0.0287942 0.12849
0.540545 0.0285588 0.127547
0.541546 0.0283249 0.126609
0.542547 0.0280924 0.125674
0.543548 0.0278614 0.124744
0.544549 0.0276319 0.123819
0.54555 0.0274039 0.122898
0.546551 0.0271772 0.121981
0.547552 0.026952 0.121068
0.548553 0.0267282 0.120161
0.549554 0.0265058 0.119257
0.550555 0.0262848 0.118359
0.551556 0.0260652 0.117465
0.552557 0.0258469 0.116576
0.553558 0.0256301 0.115691
0.554559 0.0254148 0.11481
0.55556 0.0252009 0.113934
0.556561 0.0249884 0.113062
0.557562 0.0247774 0.112195
0.558563 0.0245677 0.111332
0.559564 0.0243593 0.110473
0.560565 0.0241524 0.109618
0.561566 0.0239467 0.108768
0.562567 0.0237423 0.107922
0.563568 0.0235392 0.107081
0.564569 0.0233373 0.106243
0.56557 0.0231367 0.10541
0.566571 0.0229373 0.104582
0.567572 0.0227391 0.103757
0.568573 0.022542 0.102937
0.569574 0.0223461 0.102121
0.570575 0.0221514 0.101309
0.571576 0.0219579 0.100501
0.572577 0.0217657 0.0996974
0.573578 0.0215747 0.0988976
0.574579 0.0213849 0.098102
0.57558 0.0211963 0.0973104
0.576581 0.021009 0.0965231
0.577582 0.0208228 0.0957399
0.578583 0.0206378 0.0949608
0.579584 0.020454 0.0941861
0.580585 0.0202713 0.0934155
0.581586 0.0200898 0.0926493
0.582587 0.0199095 0.0918874
0.583588 0.0197304 0.0911298
0.584589 0.0195523 0.0903765
0.58559 0.0193755 0.0896277
0.586591 0.0191997 0.0888832
0.587592 0.0190251 0.0881431
0.588593 0.0188517 0.0874072
0.589594 0.0186795 0.0866755
0.590595 0.0185085 0.085948
0.591596 0.0183386 0.0852247
0.592597 0.0181699 0.0845055
0.593598 0.0180022 0.0837905
0.594599 0.0178357 0.0830796
0.5956 0.0176703 0.0823727
0.596601 0.0175059 0.08167
0.597602 0.0173426 0.0809713
0.598603 0.0171804 0.0802766
0.599604 0.0170192 0.079586
0.600605 0.0168589 0.0788994
0.601606 0.0166997 0.0782168
0.602607 0.0165415 0.0775381
0.603608 0.0163843 0.0768635
0.604609 0.016228 0.0761927
0.60561 0.0160728 0.0755257
0.606611 0.0159186 0.0748627
0.607612 0.0157654 0.0742035
0.608613 0.0156132 0.0735481
0.609614 0.015462 0.0728967
0.610615 0.0153118 0.0722492
0.611615 0.0151627 0.0716055
0.612616 0.0150145 0.0709658
0.613617 0.0148673 0.07033
0.614618 0.0147211 0.0696981
0.615619 0.0145759 0.0690702
0.61662 0.0144316 0.0684463
0.617621 0.0142883 0.0678263
0.618622 0.014146 0.0672102
0.619623 0.0140047 0.0665982
0.620624 0.0138643 0.0659901
0.621625 0.0137249 0.0653861
0.622626 0.0135865 0.064786
0.623627 0.0134491 0.0641898
0.624628 0.0133126 0.0635976
0.625629 0.0131772 0.0630093
0.62663 0.0130427 0.0624248
0.627631 0.0129091 0.0618441
0.628632 0.0127765 0.0612673
0.629633 0.0126448 0.0606942
0.630634 0.0125141 0.060125
0.631635 0.0123842 0.0595594
0.632636 0.0122553 0.0589975
0.633637 0.0121272 0.0584394
0.634638 0.012 0.0578848
0.635639 0.0118737 0.0573339
0.63664 0.0117482 0.0567866
0.637641 0.0116236 0.0562429
0.638642 0.0114998 0.0557028
0.639643 0.0113769 0.0551662
0.640644 0.0112548 0.0546331
0.641645 0.0111336 0.0541037
0.642646 0.0110133 0.0535778
0.643647 0.0108939 0.0530555
0.644648 0.0107753 0.0525368
0.645649 0.0106575 0.0520216
0.64665 0.0105406 0.0515099
0.647651 0.0104246 0.0510018
0.648652 0.0103094 0.0504973
0.649653 0.010195 0.0499962
0.650654 0.0100815 0.0494987
0.651655 0.00996885 0.0490048
0.652656 0.00985702 0.0485143
0.653657 0.00974602 0.0480273
0.654658 0.00963585 0.0475439
0.655659 0.00952652 0.0470639
0.65666 0.00941801 0.0465875
0.657661 0.00931036 0.0461146
0.658662 0.00920355 0.0456453
0.659663 0.00909759 0.0451796
0.660664 0.00899247 0.0447173
0.661665 0.00888817 0.0442584
0.662666 0.00878468 0.043803
0.663667 0.00868201 0.043351
0.664668 0.00858013 0.0429023
0.665669 0.00847905 0.042457
0.66667 0.00837875 0.042015
0.667671 0.00827923 0.0415762
0.668672 0.00818047 0.0411406
0.669673 0.00808248 0.0407083
0.670674 0.00798523 0.0402791
0.671675 0.00788874 0.0398531
0.672676 0.00779297 0.0394301
0.673677 0.00769794 0.0390103
0.674678 0.00760365 0.0385935
0.675679 0.00751011 0.03818
0.67668 0.00741732 0.0377697
0.677681 0.00732528 0.0373625
0.678682 0.00723399 0.0369585
0.679683 0.00714345 0.0365576
0.680684 0.00705364 0.0361599
0.681685 0.00696459 0.0357653
0.682686 0.00687627 0.0353738
0.683687 0.00678868 0.0349853
0.684688 0.00670184 0.0345999
0.685689 0.00661572 0.0342176
0.68669 0.00653034 0.0338383
0.687691 0.00644568 0.0334621
0.688692 0.00636176 0.0330888
0.689693 0.00627856 0.0327186
0.690694 0.00619608 0.0323513
0.691695 0.00611432 0.031987
0.692696 0.00603331 0.0316259
0.693697 0.00595305 0.0312678
0.694698 0.00587352 0.0309128
0.695699 0.00579472 0.0305609
0.6967 0.00571664 0.030212
0.697701 0.00563928 0.0298661
0.698702 0.00556262 0.0295231
0.699703 0.00548666 0.029183
0.700704 0.00541139 0.0288457
0.701705 0.00533681 0.0285113
0.702706 0.0052629 0.0281797
0.703707 0.00518966 0.0278508
0.704708 0.00511708 0.0275246
0.705709 0.00504515 0.0272011
0.70671 0.00497387 0.0268803
0.707711 0.00490324 0.0265621
0.708712 0.00483323 0.0262465
0.709713 0.00476386 0.0259334
0.710714 0.00469516 0.0256232
0.711715 0.00462712 0.0253157
0.712716 0.00455973 0.0250109
0.713717 0.004493 0.0247088
0.714718 0.00442692 0.0244095
0.715719 0.00436148 0.0241128
0.71672 0.00429669 0.0238187
0.717721 0.00423255 0.0235273
0.718722 0.00416904 0.0232384
0.719723 0.00410617 0.0229522
0.720724 0.00404392 0.0226685
0.721725 0.00398231 0.0223873
0.722725 0.00392133 0.0221087
0.723726 0.00386096 0.0218325
0.724727 0.00380122 0.0215589
0.725728 0.00374209 0.0212877
0.726729 0.00368358 0.0210189
0.72773 0.0036257 0.0207527
0.728731 0.00356847 0.0204891
0.729732 0.00351189 0.0202282
0.730733 0.00345594 0.0199698
0.731734 0.00340062 0.019714
0.732735 0.00334591 0.0194607
0.733736 0.00329182 0.0192098
0.734737 0.00323832 0.0189614
0.735738 0.00318542 0.0187153
0.736739 0.00313311 0.0184716
0.73774 0.00308138 0.0182302
0.738741 0.00303021 0.0179911
0.739742 0.00297961 0.0177542
0.740743 0.00292957 0.0175195
0.741744 0.00288007 0.017287
0.742745 0.00283111 0.0170566
0.743746 0.00278268 0.0168283
0.744747 0.00273479 0.016602
0.745748 0.00268746 0.0163781
0.746749 0.0026407 0.0161564
0.74775 0.00259452 0.015937
0.748751 0.0025489 0.0157199
0.749752 0.00250384 0.015505
0.750753 0.00245934 0.0152923
0.751754 0.00241538 0.0150818
0.752755 0.00237196 0.0148734
0.753756 0.00232908 0.0146672
0.754757 0.00228673 0.014463
0.755758 0.0022449 0.0142609
0.756759 0.0022036 0.0140609
0.75776 0.0021628 0.0138629
0.758761 0.00212252 0.0136669
0.759762 0.00208274 0.0134729
0.760763 0.00204345 0.0132808
0.761764 0.00200466 0.0130906
0.762765 0.00196637 0.0129024
0.763766 0.00192862 0.0127163
0.764767 0.00189141 0.0125323
0.765768 0.00185473 0.0123505
0.766769 0.00181858 0.0121707
0.76777 0.00178294 0.011993
0.768771 0.00174782 0.0118173
0.769772 0.00171318 0.0116435
0.770773 0.00167904 0.0114716
0.771774 0.00164538 0.0113017
0.772775 0.00161219 0.0111335
0.773776 0.00157946 0.0109672
0.774777 0.00154718 0.0108027
0.775778 0.00151535 0.0106399
0.776779 0.00148396 0.0104789
0.77778 0.00145299 0.0103195
0.778781 0.00142244 0.0101617
0.779782 0.00139231 0.0100056
0.780783 0.0013626 0.00985112
0.781784 0.00133336 0.00969849
0.782785 0.0013046 0.00954769
0.783786 0.00127631 0.00939871
0.784787 0.00124847 0.00925151
0.785788 0.00122108 0.00910607
0.786789 0.00119414 0.00896237
0.78779 0.00116762 0.00882036
0.788791 0.00114154 0.00868004
0.789792 0.00111587 0.00854136
0.790793 0.0010906 0.00840431
0.791794 0.00106575 0.00826886
0.792795 0.00104128 0.00813498
0.793796 0.0010172 0.00800264
0.794797 0.000993503 0.00787183
0.795798 0.000970174 0.00774251
0.796799 0.000947208 0.00761466
0.7978 0.000924599 0.00748825
0.798801 0.000902367 0.00736336
0.799802 0.000880569 0.00724016
0.800803 0.000859197 0.00711862
0.801804 0.000838241 0.00699872
0.802805 0.00081769 0.00688042
0.803806 0.000797533 0.00676369
0.804807 0.00077776 0.00664848
0.805808 0.000758361 0.00653478
0.806809 0.000739326 0.00642254
0.80781 0.000720644 0.00631174
0.808811 0.000702306 0.00620233
0.809812 0.0006843 0.0060943
0.810813 0.000666619 0.0059876
0.811814 0.000649251 0.00588221
0.812815 0.000632186 0.00577809
0.813816 0.000615415 0.00567522
0.814817 0.000598929 0.00557355
0.815818 0.000582718 0.00547307
0.816819 0.000566811 0.00537385
0.81782 0.000551267 0.00527606
0.818821 0.000536078 0.00517968
0.819822 0.000521234 0.00508468
0.820823 0.000506725 0.00499104
0.821824 0.000492541 0.00489873
0.822825 0.000478672 0.00480773
0.823826 0.000465108 0.004718
0.824827 0.000451841 0.00462952
0.825828 0.00043886 0.00454226
0.826829 0.000426156 0.00445621
0.82783 0.000413719 0.00437133
0.828831 0.000401541 0.00428759
0.829832 0.000389611 0.00420498
0.830833 0.000377921 0.00412348
0.831834 0.000366462 0.00404304
0.832835 0.000355223 0.00396365
0.833835 0.000344197 0.00388529
0.834836 0.000333419 0.00380805
0.835837 0.000322944 0.00373207
0.836838 0.000312764 0.00365733
0.837839 0.000302867 0.00358381
0.83884 0.000293243 0.00351146
0.839841 0.000283881 0.00344026
0.840842 0.000274772 0.00337019
0.841843 0.000265904 0.0033012
0.842844 0.000257268 0.00323329
0.843845 0.000248853 0.0031664
0.844846 0.000240649 0.00310053
0.845847 0.000232646 0.00303563
0.846848 0.000224834 0.00297169
0.847849 0.000217203 0.00290866
0.84885 0.000209744 0.00284654
0.849851 0.000202446 0.00278528
0.850852 0.0001953 0.00272486
0.851853 0.000188296 0.00266525
0.852854 0.000181468 0.00260655
0.853855 0.000174873 0.0025489
0.854856 0.000168501 0.00249227
0.855857 0.000162344 0.00243664
0.856858 0.000156392 0.00238199
0.857859 0.000150635 0.00232829
0.85886 0.000145066 0.00227552
0.859861 0.000139674 0.00222366
0.860862 0.000134451 0.00217268
0.861863 0.000129387 0.00212256
0.862864 0.000124475 0.00207327
0.863865 0.000119704 0.0020248
0.864866 0.000115067 0.00197711
0.865867 0.000110555 0.0019302
0.866868 0.000106158 0.00188402
0.867869 0.000101869 0.00183857
0.86887 9.76789e-05 0.00179382
0.869871 9.35791e-05 0.00174975
0.870872 8.95993e-05 0.00170644
0.871873 8.57903e-05 0.00166402
0.872874 8.21445e-05 0.00162248
0.873875 7.86537e-05 0.00158178
0.874876 7.53096e-05 0.0015419
0.875877 7.21042e-05 0.00150282
0.876878 6.90293e-05 0.00146452
0.877879 6.60769e-05 0.00142696
0.87888 6.3239e-05 0.00139013
0.879881 6.05078e-05 0.001354
0.880882 5.78752e-05 0.00131854
0.881883 5.53336e-05 0.00128374
0.882884 5.28751e-05 0.00124957
0.883885 5.04921e-05 0.001216
0.884886 4.81768e-05 0.00118302
0.885887 4.59217e-05 0.00115059
0.886888 4.37191e-05 0.00111871
0.887889 4.15617e-05 0.00108734
0.88889 3.94708e-05 0.00105654
0.889891 3.74907e-05 0.00102647
0.890892 3.56162e-05 0.000997095
0.891893 3.38413e-05 0.000968398
0.892894 3.21599e-05 0.000940359
0.893895 3.05659e-05 0.000912957
0.894896 2.90534e-05 0.000886172
0.895897 2.76164e-05 0.000859984
0.896898 2.62491e-05 0.000834374
0.897899 2.49456e-05 0.00080932
0.8989 2.37001e-05 0.000784804
0.899901 2.25068e-05 0.000760805
0.900902 2.13599e-05 0.000737305
0.901903 2.02538e-05 0.000714283
0.902904 1.91828e-05 0.000691721
0.903905 1.81412e-05 0.000669599
0.904906 1.71235e-05 0.000647899
0.905907 1.6124e-05 0.000626602
0.906908 1.5157e-05 0.000605764
0.907909 1.42551e-05 0.000585513
0.90891 1.34152e-05 0.000565831
0.909911 1.26331e-05 0.000546699
0.910912 1.19046e-05 0.000528096
0.911913 1.12256e-05 0.000510002
0.912914 1.05921e-05 0.000492398
0.913915 1e-05 0.000475263
0.914916 9.44537e-06 0.000458578
0.915917 8.92409e-06 0.000442323
0.916918 8.43225e-06 0.000426479
0.917919 7.9659e-06 0.000411027
0.91892 7.5211e-06 0.000395947
0.919921 7.09398e-06 0.000381221
0.920922 6.68066e-06 0.000366829
0.921923 6.2773e-06 0.000352753
0.922924 5.88008e-06 0.000338974
0.923925 5.4852e-06 0.000325474
0.924926 5.10133e-06 0.000312306
0.925927 4.74897e-06 0.000299587
0.926928 4.4264e-06 0.000287304
0.927929 4.13141e-06 0.000275438
0.92893 3.86179e-06 0.000263972
0.929931 3.61534e-06 0.000252891
0.930932 3.38988e-06 0.000242175
0.931933 3.18324e-06 0.000231809
0.932934 2.99327e-06 0.000221775
0.933935 2.81783e-06 0.000212058
0.934936 2.65479e-06 0.00020264
0.935937 2.50204e-06 0.000193504
0.936938 2.35747e-06 0.000184635
0.937939 2.21901e-06 0.000176016
0.93894 2.08458e-06 0.000167631
0.939941 1.95212e-06 0.000159464
0.940942 1.81958e-06 0.000151499
0.941943 1.68493e-06 0.000143719
0.942944 1.55409e-06 0.000136191
0.943945 1.43605e-06 0.000129003
0.944945 1.32985e-06 0.000122141
0.945946 1.23451e-06 0.000115589
0.946947 1.14905e-06 0.00010933
0.947948 1.07252e-06 0.00010335
0.948949 1.00393e-06 9.76327e-05
0.94995 9.42337e-07 9.21625e-05
0.950951 8.86785e-07 8.69242e-05
0.951952 8.36327e-07 8.19026e-05
0.952953 7.90025e-07 7.70825e-05
0.953954 7.46942e-07 7.24489e-05
0.954955 7.06152e-07 6.79868e-05
0.955956 6.6673e-07 6.36814e-05
0.956957 6.27759e-07 5.95178e-05
0.957958 5.8833e-07 5.54814e-05
0.958959 5.47536e-07 5.15576e-05
0.95996 5.04801e-07 4.77396e-05
0.960961 4.646e-07 4.41385e-05
0.961962 4.2837e-07 4.07827e-05
0.962963 3.9578e-07 3.76565e-05
0.963964 3.66502e-07 3.47447e-05
0.964965 3.40209e-07 3.2032e-05
0.965966 3.16576e-07 2.95032e-05
0.966967 2.95281e-07 2.71431e-05
0.967968 2.76003e-07 2.49368e-05
0.968969 2.58422e-07 2.28694e-05
0.96997 2.42223e-07 2.09259e-05
0.970971 2.2709e-07 1.90918e-05
0.971972 2.1271e-07 1.73522e-05
0.972973 1.98772e-07 1.56928e-05
0.973974 1.84968e-07 1.40989e-05
0.974975 1.7099e-07 1.25563e-05
0.975976 1.56532e-07 1.10507e-05
0.976977 1.41582e-07 9.58803e-06
0.977978 1.27803e-07 8.28653e-06
0.978979 1.15398e-07 7.15337e-06
0.97998 1.04228e-07 6.17147e-06
0.980981 9.41594e-08 5.32384e-06
0.981982 8.50555e-08 4.59362e-06
0.982983 7.67823e-08 3.964e-06
0.983984 6.92064e-08 3.41833e-06
0.984985 6.21951e-08 2.94003e-06
0.985986 5.56163e-08 2.51262e-06
0.986987 4.93391e-08 2.11973e-06
0.987988 4.32329e-08 1.74507e-06
0.988989 3.71684e-08 1.37248e-06
0.98999 3.10168e-08 9.85879e-07
0.990991 2.50941e-08 6.28554e-07
0.991992 2.01485e-08 3.97396e-07
0.992993 1.60084e-08 2.63147e-07
0.993994 1.24751e-08 1.92941e-07
0.994995 9.35129e-09 1.54111e-07
0.995996 6.44066e-09 1.14185e-07
0.996997 3.70315e-09 5.49148e-08
0.997998 1.90656e-09 4.08701e-08
0.998999 5.74622e-10 3.49369e-08
1 0 4.13767e-24
