1e-05 69.9578 3.12437
0.00101099 16.8133 0.936322
0.00201198 13.0559 0.798155
0.00301297 11.1514 0.734175
0.00401396 9.91729 0.696187
0.00501495 9.02173 0.670936
0.00601595 8.32862 0.653032
0.00701694 7.76702 0.639768
0.00801793 7.29861 0.629697
0.00901892 6.89893 0.6219
0.0100199 6.55102 0.615744
0.0110209 6.24447 0.610866
0.0120219 5.97157 0.606996
0.0130229 5.72567 0.603897
0.0140239 5.50237 0.601422
0.0150249 5.29834 0.599462
0.0160259 5.11099 0.597939
0.0170268 4.938 0.596776
0.0180278 4.77726 0.595893
0.0190288 4.62732 0.595253
0.0200298 4.48706 0.594824
0.0210308 4.35548 0.594572
0.0220318 4.23176 0.594481
0.0230328 4.11511 0.594529
0.0240338 4.00475 0.594686
0.0250348 3.90006 0.594929
0.0260358 3.80059 0.595257
0.0270368 3.70593 0.595658
0.0280377 3.6157 0.59612
0.0290387 3.52957 0.596633
0.0300397 3.44726 0.5972
0.0310407 3.36849 0.597813
0.0320417 3.29298 0.598459
0.0330427 3.22049 0.599129
0.0340437 3.15081 0.599817
0.0350447 3.08378 0.600528
0.0360457 3.01924 0.601259
0.0370467 2.95705 0.602003
0.0380477 2.89708 0.602755
0.0390486 2.83919 0.603514
0.0400496 2.78328 0.604285
0.0410506 2.72925 0.605065
0.0420516 2.67698 0.605848
0.0430526 2.62638 0.606629
0.0440536 2.57735 0.607405
0.0450546 2.52981 0.608174
0.0460556 2.4837 0.608944
0.0470566 2.43897 0.609711
0.0480576 2.39553 0.610474
0.0490586 2.35334 0.61123
0.0500595 2.31235 0.611977
0.0510605 2.27249 0.612714
0.0520615 2.23373 0.613448
0.0530625 2.19602 0.614178
0.0540635 2.15932 0.614901
0.0550645 2.12357 0.615614
0.0560655 2.08875 0.616315
0.0570665 2.0548 0.617001
0.0580675 2.0217 0.617672
0.0590685 1.98942 0.618334
0.0600695 1.95793 0.618988
0.0610705 1.9272 0.61963
0.0620714 1.8972 0.620261
0.0630724 1.86791 0.620878
0.0640734 1.8393 0.621481
0.0650744 1.81134 0.622069
0.0660754 1.78402 0.622644
0.0670764 1.75733 0.623211
0.0680774 1.73123 0.623767
0.0690784 1.70571 0.62431
0.0700794 1.68074 0.624841
0.0710804 1.65631 0.625356
0.0720814 1.6324 0.625855
0.0730823 1.60899 0.626337
0.0740833 1.58607 0.626804
0.0750843 1.56363 0.62726
0.0760853 1.54165 0.627703
0.0770863 1.52012 0.628134
0.0780873 1.49903 0.628551
0.0790883 1.47836 0.628953
0.0800893 1.4581 0.62934
0.0810903 1.43823 0.629712
0.0820913 1.41874 0.630068
0.0830923 1.39963 0.630412
0.0840932 1.38089 0.630745
0.0850942 1.36252 0.631066
0.0860952 1.34449 0.631374
0.0870962 1.3268 0.631669
0.0880972 1.30943 0.631948
0.0890982 1.29239 0.632212
0.0900992 1.27565 0.63246
0.0911002 1.25921 0.632691
0.0921012 1.24307 0.632908
0.0931022 1.22722 0.633114
0.0941032 1.21166 0.633307
0.0951041 1.19638 0.633487
0.0961051 1.18136 0.633653
0.0971061 1.1666 0.633805
0.0981071 1.1521 0.633942
0.0991081 1.13785 0.634065
0.100109 1.12383 0.634172
0.10111 1.11004 0.634264
0.102111 1.0965 0.634344
0.103112 1.08318 0.634412
0.104113 1.07008 0.634468
0.105114 1.05721 0.634512
0.106115 1.04454 0.634542
0.107116 1.03208 0.634558
0.108117 1.01983 0.63456
0.109118 1.00776 0.634548
0.110119 0.995894 0.63452
0.11112 0.984209 0.634477
0.112121 0.972713 0.634422
0.113122 0.961402 0.634355
0.114123 0.950274 0.634276
0.115124 0.939321 0.634185
0.116125 0.928539 0.634081
0.117126 0.917923 0.633964
0.118127 0.907469 0.633833
0.119128 0.897172 0.633689
0.120129 0.887027 0.633531
0.12113 0.877031 0.633358
0.122131 0.867181 0.633172
0.123132 0.857481 0.632974
0.124133 0.847927 0.632765
0.125134 0.838516 0.632544
0.126135 0.829245 0.632311
0.127136 0.820111 0.632066
0.128137 0.811109 0.631809
0.129138 0.802237 0.631539
0.130139 0.793491 0.631255
0.13114 0.78487 0.630958
0.132141 0.776369 0.630648
0.133142 0.767986 0.630324
0.134143 0.759725 0.629989
0.135144 0.751585 0.629643
0.136145 0.743562 0.629286
0.137146 0.735653 0.628918
0.138147 0.727855 0.628538
0.139148 0.720166 0.628146
0.140149 0.712582 0.627741
0.14115 0.7051 0.627325
0.142151 0.697719 0.626896
0.143152 0.690436 0.626454
0.144153 0.683248 0.626
0.145154 0.676155 0.625533
0.146155 0.66916 0.625056
0.147156 0.662262 0.624569
0.148157 0.655457 0.62407
0.149158 0.648744 0.623561
0.150159 0.64212 0.62304
0.15116 0.635583 0.622509
0.152161 0.629131 0.621965
0.153162 0.622763 0.621411
0.154163 0.616476 0.620844
0.155164 0.610268 0.620266
0.156165 0.604138 0.619676
0.157166 0.598086 0.619074
0.158167 0.592116 0.618463
0.159168 0.586224 0.617842
0.160169 0.580409 0.61721
0.16117 0.574669 0.616569
0.162171 0.569002 0.615916
0.163172 0.563406 0.615254
0.164173 0.55788 0.61458
0.165174 0.552422 0.613896
0.166175 0.54703 0.613201
0.167175 0.541703 0.612495
0.168176 0.536438 0.611778
0.169177 0.531236 0.61105
0.170178 0.5261 0.610312
0.171179 0.521028 0.609564
0.17218 0.516019 0.608807
0.173181 0.511072 0.608041
0.174182 0.506186 0.607264
0.175183 0.501359 0.606478
0.176184 0.496589 0.605681
0.177185 0.491876 0.604875
0.178186 0.487219 0.60406
0.179187 0.482615 0.603234
0.180188 0.478065 0.602398
0.181189 0.473566 0.601552
0.18219 0.46912 0.600697
0.183191 0.464729 0.599833
0.184192 0.460391 0.598961
0.185193 0.456105 0.598079
0.186194 0.45187 0.597188
0.187195 0.447685 0.596289
0.188196 0.443549 0.59538
0.189197 0.439459 0.594463
0.190198 0.435416 0.593536
0.191199 0.431418 0.5926
0.1922 0.427464 0.591655
0.193201 0.423553 0.590701
0.194202 0.419683 0.589738
0.195203 0.415856 0.588766
0.196204 0.412074 0.587785
0.197205 0.408335 0.586796
0.198206 0.404638 0.585799
0.199207 0.400984 0.584793
0.200208 0.39737 0.583779
0.201209 0.393797 0.582757
0.20221 0.390263 0.581726
0.203211 0.386767 0.580688
0.204212 0.38331 0.579641
0.205213 0.379889 0.578586
0.206214 0.376505 0.577524
0.207215 0.373157 0.576453
0.208216 0.369843 0.575375
0.209217 0.366568 0.574289
0.210218 0.363329 0.573196
0.211219 0.360127 0.572095
0.21222 0.35696 0.570987
0.213221 0.353828 0.569871
0.214222 0.35073 0.568748
0.215223 0.347665 0.567618
0.216224 0.344632 0.56648
0.217225 0.341631 0.565335
0.218226 0.33866 0.564183
0.219227 0.33572 0.563023
0.220228 0.332809 0.561857
0.221229 0.329927 0.560683
0.22223 0.327074 0.559501
0.223231 0.324251 0.558313
0.224232 0.321459 0.557118
0.225233 0.318697 0.555915
0.226234 0.315964 0.554706
0.227235 0.313259 0.55349
0.228236 0.310583 0.552268
0.229237 0.307933 0.551039
0.230238 0.305311 0.549804
0.231239 0.302715 0.548562
0.23224 0.300145 0.547315
0.233241 0.2976 0.546061
0.234242 0.295081 0.544801
0.235243 0.292585 0.543536
0.236244 0.290115 0.542265
0.237245 0.287671 0.540987
0.238246 0.285252 0.539704
0.239247 0.282859 0.538415
0.240248 0.280491 0.53712
0.241249 0.278146 0.535819
0.24225 0.275825 0.534513
0.243251 0.273527 0.533201
0.244252 0.271252 0.531884
0.245253 0.268998 0.530561
0.246254 0.266766 0.529233
0.247255 0.264555 0.527899
0.248256 0.262365 0.52656
0.249257 0.260194 0.525216
0.250258 0.258044 0.523867
0.251259 0.255915 0.522512
0.25226 0.253808 0.521151
0.253261 0.251722 0.519785
0.254262 0.249656 0.518414
0.255263 0.24761 0.517038
0.256264 0.245584 0.515657
0.257265 0.243578 0.514271
0.258266 0.24159 0.512881
0.259267 0.239622 0.511486
0.260268 0.237671 0.510087
0.261269 0.235739 0.508684
0.26227 0.233825 0.507277
0.263271 0.231928 0.505865
0.264272 0.230049 0.50445
0.265273 0.228187 0.503031
0.266274 0.226345 0.501608
0.267275 0.22452 0.50018
0.268276 0.222714 0.498747
0.269277 0.220924 0.497311
0.270278 0.219152 0.495871
0.271279 0.217396 0.494427
0.27228 0.215657 0.492979
0.273281 0.213934 0.491527
0.274282 0.212226 0.490072
0.275283 0.210533 0.488613
0.276284 0.208855 0.487151
0.277285 0.207192 0.485686
0.278285 0.205543 0.484217
0.279286 0.203908 0.482745
0.280287 0.202289 0.481269
0.281288 0.200685 0.479789
0.282289 0.199096 0.478305
0.28329 0.197521 0.476818
0.284291 0.195961 0.475327
0.285292 0.194416 0.473834
0.286293 0.192884 0.472337
0.287294 0.191366 0.470837
0.288295 0.189861 0.469334
0.289296 0.18837 0.46783
0.290297 0.186891 0.466322
0.291298 0.185426 0.464813
0.292299 0.183972 0.463301
0.2933 0.182531 0.461788
0.294301 0.181103 0.460272
0.295302 0.179688 0.458753
0.296303 0.178286 0.457232
0.297304 0.176896 0.455708
0.298305 0.17552 0.454182
0.299306 0.174156 0.452653
0.300307 0.172803 0.451122
0.301308 0.171463 0.449589
0.302309 0.170134 0.448053
0.30331 0.168817 0.446516
0.304311 0.167511 0.444977
0.305312 0.166216 0.443437
0.306313 0.164931 0.441895
0.307314 0.163657 0.440351
0.308315 0.162393 0.438806
0.309316 0.16114 0.437259
0.310317 0.159898 0.43571
0.311318 0.158666 0.434158
0.312319 0.157446 0.432604
0.31332 0.156236 0.431049
0.314321 0.155037 0.429491
0.315322 0.153848 0.427932
0.316323 0.152669 0.426372
0.317324 0.1515 0.42481
0.318325 0.150341 0.423248
0.319326 0.149192 0.421685
0.320327 0.148052 0.420121
0.321328 0.146921 0.418557
0.322329 0.1458 0.416992
0.32333 0.144688 0.415428
0.324331 0.143584 0.413863
0.325332 0.142491 0.412298
0.326333 0.141407 0.410731
0.327334 0.140333 0.409163
0.328335 0.139268 0.407595
0.329336 0.138212 0.406025
0.330337 0.137165 0.404455
0.331338 0.136127 0.402885
0.332339 0.135098 0.401314
0.33334 0.134077 0.399743
0.334341 0.133064 0.398172
0.335342 0.132059 0.3966
0.336343 0.131062 0.395029
0.337344 0.130073 0.393458
0.338345 0.129092 0.391887
0.339346 0.128117 0.390317
0.340347 0.127151 0.388746
0.341348 0.126193 0.387175
0.342349 0.125242 0.385602
0.34335 0.1243 0.384029
0.344351 0.123365 0.382456
0.345352 0.122438 0.380883
0.346353 0.121519 0.37931
0.347354 0.120607 0.377737
0.348355 0.119702 0.376164
0.349356 0.118805 0.374593
0.350357 0.117914 0.373022
0.351358 0.117031 0.371452
0.352359 0.116154 0.369883
0.35336 0.115284 0.368316
0.354361 0.11442 0.366751
0.355362 0.113564 0.365187
0.356363 0.112714 0.363623
0.357364 0.111872 0.36206
0.358365 0.111036 0.360497
0.359366 0.110208 0.358935
0.360367 0.109386 0.357373
0.361368 0.108571 0.355813
0.362369 0.107762 0.354253
0.36337 0.106959 0.352695
0.364371 0.106163 0.351137
0.365372 0.105373 0.349581
0.366373 0.104589 0.348027
0.367374 0.103811 0.346474
0.368375 0.103038 0.344923
0.369376 0.102272 0.343374
0.370377 0.10151 0.341827
0.371378 0.100754 0.340281
0.372379 0.100005 0.338736
0.37338 0.099261 0.337192
0.374381 0.0985231 0.335648
0.375382 0.097791 0.334106
0.376383 0.0970646 0.332565
0.377384 0.0963439 0.331025
0.378385 0.0956287 0.329487
0.379386 0.094919 0.327951
0.380387 0.0942146 0.326417
0.381388 0.0935156 0.324886
0.382389 0.0928217 0.323356
0.38339 0.092133 0.321829
0.384391 0.0914494 0.320305
0.385392 0.0907707 0.318784
0.386393 0.090097 0.317265
0.387394 0.0894283 0.31575
0.388395 0.0887651 0.314236
0.389395 0.0881071 0.312724
0.390396 0.0874544 0.311213
0.391397 0.0868067 0.309705
0.392398 0.0861641 0.308199
0.393399 0.0855264 0.306695
0.3944 0.0848935 0.305194
0.395401 0.0842653 0.303695
0.396402 0.0836418 0.302199
0.397403 0.0830228 0.300705
0.398404 0.0824083 0.299214
0.399405 0.0817981 0.297726
0.400406 0.0811922 0.296242
0.401407 0.0805905 0.29476
0.402408 0.0799929 0.293281
0.403409 0.0793995 0.291805
0.40441 0.0788106 0.290331
0.405411 0.0782261 0.288859
0.406412 0.0776461 0.287389
0.407413 0.0770704 0.285922
0.408414 0.076499 0.284457
0.409415 0.0759318 0.282994
0.410416 0.0753688 0.281535
0.411417 0.0748099 0.280079
0.412418 0.0742551 0.278626
0.413419 0.0737042 0.277176
0.41442 0.0731573 0.275729
0.415421 0.0726142 0.274286
0.416422 0.072075 0.272847
0.417423 0.0715395 0.271412
0.418424 0.0710078 0.269981
0.419425 0.0704798 0.268554
0.420426 0.0699559 0.267129
0.421427 0.0694361 0.265708
0.422428 0.0689202 0.26429
0.423429 0.0684082 0.262875
0.42443 0.0679 0.261463
0.425431 0.0673955 0.260054
0.426432 0.0668947 0.258649
0.427433 0.0663975 0.257247
0.428434 0.0659038 0.255849
0.429435 0.0654135 0.254454
0.430436 0.0649267 0.253063
0.431437 0.0644431 0.251676
0.432438 0.0639628 0.250293
0.433439 0.0634857 0.248913
0.43444 0.0630117 0.247537
0.435441 0.0625407 0.246166
0.436442 0.0620731 0.244797
0.437443 0.0616089 0.243432
0.438444 0.061148 0.242069
0.439445 0.0606904 0.24071
0.440446 0.0602361 0.239354
0.441447 0.0597849 0.238002
0.442448 0.059337 0.236653
0.443449 0.0588922 0.235308
0.44445 0.0584505 0.233967
0.445451 0.0580119 0.23263
0.446452 0.0575763 0.231296
0.447453 0.0571436 0.229967
0.448454 0.0567139 0.228643
0.449455 0.0562871 0.227323
0.450456 0.0558632 0.226007
0.451457 0.0554421 0.224696
0.452458 0.0550239 0.223389
0.453459 0.0546088 0.222086
0.45446 0.0541968 0.220787
0.455461 0.0537877 0.219491
0.456462 0.0533817 0.2182
0.457463 0.0529785 0.216912
0.458464 0.0525781 0.215628
0.459465 0.0521806 0.214348
0.460466 0.0517857 0.213073
0.461467 0.0513936 0.211801
0.462468 0.0510041 0.210534
0.463469 0.0506171 0.209271
0.46447 0.0502327 0.208012
0.465471 0.0498508 0.206758
0.466472 0.0494714 0.205508
0.467473 0.0490943 0.204262
0.468474 0.0487196 0.203021
0.469475 0.0483474 0.201783
0.470476 0.0479778 0.200549
0.471477 0.0476108 0.199319
0.472478 0.0472464 0.198093
0.473479 0.0468844 0.196871
0.47448 0.0465249 0.195652
0.475481 0.0461678 0.194438
0.476482 0.0458132 0.193228
0.477483 0.045461 0.192023
0.478484 0.0451111 0.190822
0.479485 0.0447635 0.189625
0.480486 0.0444183 0.188433
0.481487 0.0440754 0.187245
0.482488 0.0437347 0.186062
0.483489 0.0433962 0.184884
0.48449 0.0430599 0.183711
0.485491 0.0427259 0.182543
0.486492 0.0423943 0.181378
0.487493 0.0420651 0.180218
0.488494 0.0417382 0.179063
0.489495 0.0414136 0.177911
0.490496 0.0410912 0.176764
0.491497 0.0407711 0.175622
0.492498 0.0404531 0.174483
0.493499 0.0401373 0.173349
0.4945 0.0398236 0.17222
0.495501 0.0395119 0.171094
0.496502 0.0392022 0.169974
0.497503 0.0388945 0.168857
0.498504 0.0385887 0.167746
0.499505 0.0382849 0.166639
0.500505 0.0379829 0.165536
0.501506 0.0376827 0.164438
0.502507 0.0373844 0.163344
0.503508 0.0370882 0.162254
0.504509 0.0367939 0.161168
0.50551 0.0365016 0.160087
0.506511 0.0362113 0.159009
0.507512 0.0359229 0.157936
0.508513 0.0356363 0.156867
0.509514 0.0353517 0.155803
0.510515 0.035069 0.154742
0.511516 0.0347881 0.153687
0.512517 0.0345091 0.152636
0.513518 0.0342318 0.151589
0.514519 0.0339564 0.150548
0.51552 0.0336827 0.149511
0.516521 0.0334108 0.148479
0.517522 0.0331406 0.147451
0.518523 0.0328721 0.146429
0.519524 0.0326055 0.145411
0.520525 0.0323408 0.144398
0.521526 0.0320778 0.143389
0.522527 0.0318167 0.142384
0.523528 0.0315574 0.141384
0.524529 0.0312998 0.140388
0.52553 0.031044 0.139397
0.526531 0.0307898 0.138411
0.527532 0.0305374 0.137428
0.528533 0.0302865 0.136451
0.529534 0.0300373 0.135477
0.530535 0.0297896 0.134508
0.531536 0.0295435 0.133544
0.532537 0.0292989 0.132584
0.533538 0.0290558 0.131629
0.534539 0.0288142 0.130678
0.53554 0.0285741 0.129731
0.536541 0.0283354 0.128789
0.537542 0.0280984 0.127851
0.538543 0.0278629 0.126917
0.539544 0.027629 0.125988
0.540545 0.0273966 0.125062
0.541546 0.0271658 0.124141
0.542547 0.0269364 0.123224
0.543548 0.0267086 0.122312
0.544549 0.0264822 0.121404
0.54555 0.0262573 0.1205
0.546551 0.0260339 0.119601
0.547552 0.0258119 0.118706
0.548553 0.0255914 0.117816
0.549554 0.0253723 0.116931
0.550555 0.0251546 0.11605
0.551556 0.0249383 0.115174
0.552557 0.0247234 0.114302
0.553558 0.02451 0.113435
0.554559 0.0242981 0.112573
0.55556 0.0240876 0.111715
0.556561 0.0238786 0.110861
0.557562 0.0236711 0.110012
0.558563 0.0234649 0.109167
0.559564 0.0232601 0.108326
0.560565 0.0230567 0.10749
0.561566 0.0228547 0.106658
0.562567 0.0226539 0.10583
0.563568 0.0224545 0.105007
0.564569 0.0222563 0.104188
0.56557 0.0220594 0.103373
0.566571 0.0218637 0.102563
0.567572 0.0216692 0.101757
0.568573 0.0214759 0.100955
0.569574 0.0212838 0.100157
0.570575 0.0210929 0.0993635
0.571576 0.0209033 0.0985741
0.572577 0.0207149 0.0977887
0.573578 0.0205278 0.0970074
0.574579 0.0203419 0.0962302
0.57558 0.0201573 0.0954572
0.576581 0.0199739 0.0946883
0.577582 0.0197917 0.0939236
0.578583 0.0196107 0.0931632
0.579584 0.0194309 0.0924069
0.580585 0.0192523 0.0916549
0.581586 0.0190749 0.0909071
0.582587 0.0188986 0.0901637
0.583588 0.0187236 0.0894245
0.584589 0.0185497 0.0886897
0.58559 0.0183769 0.0879592
0.586591 0.0182053 0.087233
0.587592 0.0180349 0.0865112
0.588593 0.0178657 0.0857936
0.589594 0.0176977 0.0850802
0.590595 0.0175309 0.084371
0.591596 0.0173653 0.083666
0.592597 0.0172008 0.0829651
0.593598 0.0170375 0.0822683
0.594599 0.0168752 0.0815755
0.5956 0.0167141 0.0808869
0.596601 0.0165541 0.0802023
0.597602 0.0163952 0.0795218
0.598603 0.0162373 0.0788452
0.599604 0.0160805 0.0781726
0.600605 0.0159247 0.077504
0.601606 0.0157699 0.0768394
0.602607 0.0156161 0.0761787
0.603608 0.0154633 0.0755218
0.604609 0.0153115 0.0748689
0.60561 0.0151607 0.0742197
0.606611 0.015011 0.0735744
0.607612 0.0148623 0.072933
0.608613 0.0147147 0.0722954
0.609614 0.014568 0.0716617
0.610615 0.0144224 0.0710318
0.611615 0.0142778 0.0704058
0.612616 0.0141342 0.0697836
0.613617 0.0139916 0.0691654
0.614618 0.01385 0.068551
0.615619 0.0137094 0.0679405
0.61662 0.0135698 0.0673339
0.617621 0.0134312 0.0667311
0.618622 0.0132935 0.0661323
0.619623 0.0131569 0.0655374
0.620624 0.0130211 0.0649464
0.621625 0.0128864 0.0643593
0.622626 0.0127527 0.0637761
0.623627 0.0126199 0.0631969
0.624628 0.0124882 0.0626214
0.625629 0.0123575 0.0620499
0.62663 0.0122277 0.0614821
0.627631 0.0120989 0.0609181
0.628632 0.011971 0.0603579
0.629633 0.0118441 0.0598013
0.630634 0.0117181 0.0592485
0.631635 0.011593 0.0586993
0.632636 0.0114688 0.0581538
0.633637 0.0113455 0.0576118
0.634638 0.0112231 0.0570734
0.635639 0.0111016 0.0565386
0.63664 0.010981 0.0560073
0.637641 0.0108611 0.0554794
0.638642 0.0107422 0.054955
0.639643 0.0106241 0.0544342
0.640644 0.0105068 0.0539168
0.641645 0.0103905 0.0534029
0.642646 0.010275 0.0528926
0.643647 0.0101604 0.0523857
0.644648 0.0100467 0.0518823
0.645649 0.00993377 0.0513824
0.64665 0.00982175 0.050886
0.647651 0.00971059 0.0503931
0.648652 0.00960028 0.0499035
0.649653 0.00949081 0.0494175
0.650654 0.00938219 0.0489348
0.651655 0.0092744 0.0484556
0.652656 0.00916745 0.0479798
0.653657 0.00906133 0.0475075
0.654658 0.00895604 0.0470385
0.655659 0.00885158 0.0465729
0.65666 0.00874794 0.0461107
0.657661 0.00864515 0.045652
0.658662 0.00854322 0.0451968
0.659663 0.00844214 0.044745
0.660664 0.00834189 0.0442966
0.661665 0.00824247 0.0438516
0.662666 0.00814386 0.04341
0.663667 0.00804607 0.0429716
0.664668 0.00794907 0.0425365
0.665669 0.00785286 0.0421046
0.66667 0.00775743 0.0416759
0.667671 0.00766278 0.0412504
0.668672 0.00756889 0.040828
0.669673 0.00747576 0.0404087
0.670674 0.00738337 0.0399925
0.671675 0.00729172 0.0395793
0.672676 0.0072008 0.0391691
0.673677 0.0071106 0.0387618
0.674678 0.00702114 0.0383576
0.675679 0.00693244 0.0379565
0.67668 0.00684449 0.0375585
0.677681 0.00675728 0.0371635
0.678682 0.00667082 0.0367716
0.679683 0.00658511 0.0363828
0.680684 0.00650014 0.035997
0.681685 0.0064159 0.0356142
0.682686 0.00633239 0.0352344
0.683687 0.00624962 0.0348576
0.684688 0.00616757 0.0344837
0.685689 0.00608624 0.0341128
0.68669 0.00600564 0.0337448
0.687691 0.00592575 0.0333797
0.688692 0.00584658 0.0330175
0.689693 0.00576812 0.0326582
0.690694 0.00569036 0.0323018
0.691695 0.00561332 0.0319482
0.692696 0.00553701 0.0315976
0.693697 0.00546144 0.0312501
0.694698 0.0053866 0.0309055
0.695699 0.00531249 0.0305639
0.6967 0.00523908 0.0302251
0.697701 0.00516638 0.0298893
0.698702 0.00509437 0.0295562
0.699703 0.00502305 0.029226
0.700704 0.00495241 0.0288985
0.701705 0.00488245 0.0285737
0.702706 0.00481314 0.0282516
0.703707 0.00474449 0.0279321
0.704708 0.00467648 0.0276153
0.705709 0.00460911 0.027301
0.70671 0.00454238 0.0269892
0.707711 0.00447626 0.0266799
0.708712 0.00441076 0.0263731
0.709713 0.00434589 0.0260688
0.710714 0.00428166 0.0257672
0.711715 0.00421809 0.0254682
0.712716 0.00415516 0.0251718
0.713717 0.00409288 0.0248781
0.714718 0.00403123 0.0245869
0.715719 0.00397022 0.0242982
0.71672 0.00390984 0.0240121
0.717721 0.00385009 0.0237285
0.718722 0.00379095 0.0234474
0.719723 0.00373243 0.0231688
0.720724 0.00367453 0.0228926
0.721725 0.00361723 0.0226189
0.722725 0.00356054 0.0223475
0.723726 0.00350444 0.0220786
0.724727 0.00344895 0.0218119
0.725728 0.00339404 0.0215477
0.726729 0.00333973 0.0212857
0.72773 0.00328603 0.0210263
0.728731 0.00323297 0.0207693
0.729732 0.00318053 0.0205149
0.730733 0.0031287 0.0202629
0.731734 0.00307749 0.0200134
0.732735 0.00302687 0.0197662
0.733736 0.00297685 0.0195214
0.734737 0.0029274 0.0192789
0.735738 0.00287853 0.0190387
0.736739 0.00283022 0.0188007
0.73774 0.00278247 0.018565
0.738741 0.00273526 0.0183313
0.739742 0.0026886 0.0180999
0.740743 0.00264246 0.0178705
0.741744 0.00259685 0.0176432
0.742745 0.00255175 0.0174179
0.743746 0.00250716 0.0171945
0.744747 0.00246307 0.0169732
0.745748 0.00241953 0.016754
0.746749 0.00237654 0.016537
0.74775 0.0023341 0.0163222
0.748751 0.00229221 0.0161095
0.749752 0.00225085 0.0158989
0.750753 0.00221002 0.0156905
0.751754 0.00216972 0.0154841
0.752755 0.00212994 0.0152797
0.753756 0.00209066 0.0150774
0.754757 0.0020519 0.0148771
0.755758 0.00201363 0.0146787
0.756759 0.00197585 0.0144823
0.75776 0.00193856 0.0142879
0.758761 0.00190174 0.0140953
0.759762 0.0018654 0.0139046
0.760763 0.00182953 0.0137157
0.761764 0.00179412 0.0135287
0.762765 0.00175918 0.0133435
0.763766 0.00172475 0.0131603
0.764767 0.00169084 0.0129792
0.765768 0.00165744 0.0128001
0.766769 0.00162454 0.012623
0.76777 0.00159212 0.0124478
0.768771 0.00156019 0.0122745
0.769772 0.00152872 0.012103
0.770773 0.00149772 0.0119334
0.771774 0.00146717 0.0117656
0.772775 0.00143706 0.0115995
0.773776 0.00140739 0.0114352
0.774777 0.00137814 0.0112725
0.775778 0.00134931 0.0111115
0.776779 0.00132088 0.0109522
0.77778 0.00129285 0.0107944
0.778781 0.00126521 0.0106382
0.779782 0.00123795 0.0104835
0.780783 0.00121108 0.0103303
0.781784 0.00118467 0.0101789
0.782785 0.0011587 0.0100293
0.783786 0.00113316 0.00988139
0.784787 0.00110806 0.00973516
0.785788 0.00108338 0.00959061
0.786789 0.00105911 0.00944769
0.78779 0.00103525 0.00930639
0.788791 0.00101178 0.00916669
0.789792 0.000988705 0.00902855
0.790793 0.000966006 0.00889196
0.791794 0.000943679 0.00875688
0.792795 0.000921716 0.0086233
0.793796 0.000900108 0.00849119
0.794797 0.000878848 0.00836052
0.795798 0.000857928 0.00823128
0.796799 0.00083734 0.00810344
0.7978 0.000817076 0.00797697
0.798801 0.000797158 0.00785194
0.799802 0.000777645 0.00772852
0.800803 0.000758527 0.00760668
0.801804 0.000739795 0.0074864
0.802805 0.000721438 0.00736763
0.803806 0.000703446 0.00725035
0.804807 0.000685808 0.00713453
0.805808 0.000668515 0.00702014
0.806809 0.000651556 0.00690714
0.80781 0.000634921 0.0067955
0.808811 0.000618601 0.00668519
0.809812 0.000602584 0.00657619
0.810813 0.000586862 0.00646846
0.811814 0.000571425 0.00636198
0.812815 0.000556263 0.0062567
0.813816 0.000541366 0.00615261
0.814817 0.000526725 0.00604968
0.815818 0.00051233 0.00594787
0.816819 0.000498211 0.00584726
0.81782 0.000484426 0.00574801
0.818821 0.000470965 0.00565009
0.819822 0.000457821 0.00555349
0.820823 0.000444982 0.00545817
0.821824 0.00043244 0.00536412
0.822825 0.000420185 0.00527131
0.823826 0.000408207 0.00517972
0.824827 0.000396498 0.00508932
0.825828 0.000385048 0.00500009
0.826829 0.000373847 0.004912
0.82783 0.000362888 0.00482504
0.828831 0.00035216 0.00473918
0.829832 0.000341654 0.0046544
0.830833 0.000331363 0.00457067
0.831834 0.000321276 0.00448798
0.832835 0.000311386 0.0044063
0.833835 0.000301682 0.0043256
0.834836 0.000292199 0.00424598
0.835837 0.000282992 0.00416757
0.836838 0.00027405 0.00409034
0.837839 0.000265363 0.00401427
0.83884 0.000256923 0.00393932
0.839841 0.000248718 0.00386548
0.840842 0.00024074 0.00379271
0.841843 0.000232978 0.00372099
0.842844 0.000225423 0.00365029
0.843845 0.000218066 0.00358058
0.844846 0.000210896 0.00351185
0.845847 0.000203904 0.00344406
0.846848 0.000197082 0.00337718
0.847849 0.000190419 0.0033112
0.84885 0.000183906 0.00324609
0.849851 0.000177535 0.00318181
0.850852 0.000171296 0.00311835
0.851853 0.00016518 0.00305569
0.852854 0.000159218 0.00299389
0.853855 0.000153464 0.00293309
0.854856 0.000147909 0.00287328
0.855857 0.000142544 0.00281443
0.856858 0.000137361 0.00275651
0.857859 0.000132351 0.00269951
0.85886 0.000127507 0.00264341
0.859861 0.000122819 0.00258818
0.860862 0.00011828 0.00253381
0.861863 0.000113882 0.00248028
0.862864 0.000109615 0.00242755
0.863865 0.000105474 0.00237562
0.864866 0.000101448 0.00232447
0.865867 9.75307e-05 0.00227407
0.866868 9.37139e-05 0.0022244
0.867869 8.99897e-05 0.00217544
0.86887 8.63502e-05 0.00212718
0.869871 8.27879e-05 0.00207959
0.870872 7.93291e-05 0.00203275
0.871873 7.60201e-05 0.00198677
0.872874 7.28541e-05 0.00194165
0.873875 6.98237e-05 0.00189734
0.874876 6.69216e-05 0.00185384
0.875877 6.41405e-05 0.00181111
0.876878 6.14733e-05 0.00176915
0.877879 5.89128e-05 0.00172791
0.87888 5.64519e-05 0.00168739
0.879881 5.40834e-05 0.00164756
0.880882 5.18005e-05 0.00160841
0.881883 4.95961e-05 0.00156989
0.882884 4.74633e-05 0.00153201
0.883885 4.53952e-05 0.00149473
0.884886 4.3385e-05 0.00145804
0.885887 4.14259e-05 0.00142191
0.886888 3.95113e-05 0.00138633
0.887889 3.76342e-05 0.00135127
0.88889 3.58138e-05 0.00131679
0.889891 3.4089e-05 0.00128301
0.890892 3.24553e-05 0.00124991
0.891893 3.09074e-05 0.00121749
0.892894 2.94401e-05 0.00118571
0.893895 2.80482e-05 0.00115457
0.894896 2.67264e-05 0.00112404
0.895897 2.54696e-05 0.00109411
0.896898 2.42727e-05 0.00106476
0.897899 2.31307e-05 0.00103597
0.8989 2.20383e-05 0.00100772
0.899901 2.09907e-05 0.000980008
0.900902 1.99829e-05 0.000952804
0.901903 1.90098e-05 0.000926094
0.902904 1.80666e-05 0.000899862
0.903905 1.71484e-05 0.000874091
0.904906 1.62502e-05 0.000848765
0.905907 1.53674e-05 0.000823868
0.906908 1.4512e-05 0.000799448
0.907909 1.37122e-05 0.000775619
0.90891 1.29652e-05 0.000752363
0.909911 1.22676e-05 0.000729663
0.910912 1.16159e-05 0.000707502
0.911913 1.10065e-05 0.00068586
0.912914 1.04359e-05 0.000664721
0.913915 9.90087e-06 0.000644066
0.914916 9.39783e-06 0.000623878
0.915917 8.92341e-06 0.000604139
0.916918 8.47425e-06 0.000584832
0.917919 8.047e-06 0.00056594
0.91892 7.63831e-06 0.000547446
0.919921 7.24489e-06 0.000529332
0.920922 6.86345e-06 0.000511582
0.921923 6.49071e-06 0.000494178
0.922924 6.12344e-06 0.000477105
0.923925 5.7584e-06 0.000460345
0.924926 5.40291e-06 0.000443945
0.925927 5.07425e-06 0.00042801
0.926928 4.77102e-06 0.000412526
0.927929 4.49137e-06 0.000397479
0.92893 4.23344e-06 0.000382853
0.929931 3.99541e-06 0.000368633
0.930932 3.77546e-06 0.000354804
0.931933 3.57177e-06 0.000341352
0.932934 3.38256e-06 0.00032826
0.933935 3.20604e-06 0.000315516
0.934936 3.04042e-06 0.000303103
0.935937 2.88396e-06 0.000291008
0.936938 2.73489e-06 0.000279216
0.937939 2.59148e-06 0.000267712
0.93894 2.452e-06 0.000256482
0.939941 2.31472e-06 0.000245513
0.940942 2.17795e-06 0.00023479
0.941943 2.03998e-06 0.000224298
0.942944 1.90578e-06 0.000214097
0.943945 1.78285e-06 0.000204264
0.944945 1.67038e-06 0.000194786
0.945946 1.56757e-06 0.00018565
0.946947 1.47358e-06 0.00017684
0.947948 1.3876e-06 0.000168344
0.948949 1.30881e-06 0.000160147
0.94995 1.23641e-06 0.000152235
0.950951 1.1696e-06 0.000144596
0.951952 1.10758e-06 0.000137214
0.952953 1.04956e-06 0.000130078
0.953954 9.94753e-07 0.000123173
0.954955 9.42375e-07 0.000116486
0.955956 8.91652e-07 0.000110004
0.956957 8.4181e-07 0.000103714
0.957958 7.92082e-07 9.76027e-05
0.958959 7.41706e-07 9.16567e-05
0.95996 6.90205e-07 8.58709e-05
0.960961 6.41452e-07 8.03517e-05
0.961962 5.96672e-07 7.51255e-05
0.962963 5.55559e-07 7.01767e-05
0.963964 5.1781e-07 6.54899e-05
0.964965 4.83122e-07 6.10497e-05
0.965966 4.51197e-07 5.68409e-05
0.966967 4.21735e-07 5.28483e-05
0.967968 3.94441e-07 4.90569e-05
0.968969 3.6902e-07 4.54516e-05
0.96997 3.45179e-07 4.20176e-05
0.970971 3.22628e-07 3.874e-05
0.971972 3.01077e-07 3.56042e-05
0.972973 2.80239e-07 3.25955e-05
0.973974 2.59829e-07 2.96994e-05
0.974975 2.39563e-07 2.69015e-05
0.975976 2.19159e-07 2.41874e-05
0.976977 1.98631e-07 2.15665e-05
0.977978 1.79686e-07 1.91776e-05
0.978979 1.62502e-07 1.70277e-05
0.97998 1.46912e-07 1.5095e-05
0.980981 1.32749e-07 1.33582e-05
0.981982 1.19846e-07 1.17957e-05
0.982983 1.08039e-07 1.03864e-05
0.983984 9.7164e-08 9.10907e-06
0.984985 8.70575e-08 7.94275e-06
0.985986 7.75577e-08 6.86654e-06
0.986987 6.85037e-08 5.85971e-06
0.987988 5.97353e-08 4.90163e-06
0.988989 5.10936e-08 3.97179e-06
0.98999 4.24204e-08 3.04984e-06
0.990991 3.41608e-08 2.20754e-06
0.991992 2.73229e-08 1.59539e-06
0.992993 2.16493e-08 1.16423e-06
0.993994 1.6846e-08 8.5928e-07
0.994995 1.26206e-08 6.26084e-07
0.995996 8.68259e-09 4.10516e-07
0.996997 4.96394e-09 1.89192e-07
0.997998 2.55331e-09 1.03957e-07
0.998999 7.6938e-10 5.66383e-08
1 0 0
