1e-05 69.9475 3.23063
0.00101099 17.009 0.92859
0.00201198 13.3388 0.794701
0.00301297 11.4533 0.733058
0.00401396 10.2135 0.696648
0.00501495 9.30234 0.672643
0.00601595 8.58987 0.655813
0.00701694 8.00773 0.643528
0.00801793 7.51903 0.634368
0.00901892 7.0999 0.62743
0.0100199 6.73358 0.622088
0.0110209 6.4099 0.617983
0.0120219 6.12103 0.614852
0.0130229 5.86043 0.612454
0.0140239 5.62348 0.610646
0.0150249 5.40688 0.609319
0.0160259 5.20795 0.608398
0.0170268 5.02425 0.607806
0.0180278 4.85368 0.607461
0.0190288 4.69468 0.60733
0.0200298 4.54604 0.607382
0.0210308 4.40676 0.607579
0.0220318 4.27595 0.60791
0.0230328 4.15274 0.608356
0.0240338 4.03634 0.608884
0.0250348 3.9261 0.609471
0.0260358 3.8215 0.610121
0.0270368 3.72211 0.610823
0.0280377 3.62752 0.611563
0.0290387 3.53738 0.612331
0.0300397 3.45137 0.613134
0.0310407 3.3692 0.613964
0.0320417 3.29055 0.614809
0.0330427 3.21517 0.615658
0.0340437 3.14284 0.616505
0.0350447 3.07338 0.617362
0.0360457 3.00662 0.618222
0.0370467 2.94239 0.61908
0.0380477 2.88054 0.619931
0.0390486 2.82094 0.620773
0.0400496 2.76348 0.621615
0.0410506 2.70803 0.622454
0.0420516 2.65448 0.623284
0.0430526 2.60271 0.624101
0.0440536 2.55262 0.624899
0.0450546 2.50413 0.62568
0.0460556 2.45717 0.626451
0.0470566 2.41169 0.62721
0.0480576 2.36759 0.627955
0.0490586 2.32481 0.628683
0.0500595 2.28329 0.629395
0.0510605 2.24297 0.630088
0.0520615 2.20382 0.630769
0.0530625 2.16579 0.631439
0.0540635 2.12882 0.632094
0.0550645 2.09286 0.632733
0.0560655 2.05786 0.633353
0.0570665 2.02379 0.633952
0.0580675 1.99059 0.634531
0.0590685 1.95826 0.635096
0.0600695 1.92677 0.635646
0.0610705 1.89607 0.63618
0.0620714 1.86614 0.636698
0.0630724 1.83693 0.637198
0.0640734 1.80843 0.637679
0.0650744 1.78061 0.63814
0.0660754 1.75344 0.638586
0.0670764 1.72693 0.639018
0.0680774 1.70103 0.639436
0.0690784 1.67573 0.639838
0.0700794 1.65101 0.640224
0.0710804 1.62683 0.640591
0.0720814 1.60318 0.640941
0.0730823 1.58005 0.641271
0.0740833 1.55741 0.641583
0.0750843 1.53527 0.641882
0.0760853 1.5136 0.642167
0.0770863 1.4924 0.642436
0.0780873 1.47164 0.642689
0.0790883 1.4513 0.642927
0.0800893 1.43138 0.643148
0.0810903 1.41185 0.643352
0.0820913 1.39271 0.64354
0.0830923 1.37396 0.643714
0.0840932 1.35558 0.643876
0.0850942 1.33756 0.644025
0.0860952 1.3199 0.644159
0.0870962 1.30258 0.644279
0.0880972 1.28559 0.644383
0.0890982 1.26891 0.644472
0.0900992 1.25254 0.644544
0.0911002 1.23647 0.6446
0.0921012 1.2207 0.644642
0.0931022 1.20522 0.644671
0.0941032 1.19003 0.644687
0.0951041 1.17512 0.64469
0.0961051 1.16047 0.644679
0.0971061 1.14609 0.644654
0.0981071 1.13195 0.644615
0.0991081 1.11806 0.644561
0.100109 1.1044 0.644493
0.10111 1.09097 0.64441
0.102111 1.07778 0.644315
0.103112 1.06481 0.644208
0.104113 1.05207 0.644089
0.105114 1.03954 0.643958
0.106115 1.02722 0.643814
0.107116 1.0151 0.643658
0.108117 1.00318 0.643487
0.109118 0.991457 0.643303
0.110119 0.979916 0.643105
0.11112 0.968557 0.642893
0.112121 0.957382 0.64267
0.113122 0.946392 0.642435
0.114123 0.93558 0.642189
0.115124 0.924941 0.641931
0.116125 0.91447 0.641661
0.117126 0.90416 0.641379
0.118127 0.894009 0.641085
0.119128 0.88401 0.640779
0.120129 0.874159 0.640459
0.12113 0.864452 0.640127
0.122131 0.854887 0.639782
0.123132 0.845467 0.639427
0.124133 0.836191 0.639061
0.125134 0.827054 0.638685
0.126135 0.818054 0.638297
0.127136 0.809185 0.637899
0.128137 0.800446 0.637489
0.129138 0.791832 0.637068
0.130139 0.783341 0.636635
0.13114 0.774969 0.63619
0.132141 0.766713 0.635733
0.133142 0.758571 0.635265
0.134143 0.750548 0.634786
0.135144 0.742641 0.634298
0.136145 0.734847 0.633799
0.137146 0.727164 0.633291
0.138147 0.719588 0.632772
0.139148 0.712117 0.632242
0.140149 0.704747 0.631702
0.14115 0.697476 0.631151
0.142151 0.690302 0.63059
0.143152 0.683221 0.630017
0.144153 0.676232 0.629433
0.145154 0.669334 0.628838
0.146155 0.662531 0.628235
0.147156 0.655821 0.627622
0.148157 0.649201 0.626999
0.149158 0.642669 0.626367
0.150159 0.636223 0.625726
0.15116 0.629861 0.625074
0.152161 0.62358 0.624413
0.153162 0.61738 0.623741
0.154163 0.611257 0.62306
0.155164 0.60521 0.622368
0.156165 0.599237 0.621666
0.157166 0.593339 0.620955
0.158167 0.587518 0.620235
0.159168 0.581774 0.619506
0.160169 0.576103 0.618768
0.16117 0.570504 0.618021
0.162171 0.564974 0.617265
0.163172 0.559514 0.6165
0.164173 0.554119 0.615726
0.165174 0.54879 0.614943
0.166175 0.543524 0.61415
0.167175 0.53832 0.613348
0.168176 0.533176 0.612537
0.169177 0.528092 0.611716
0.170178 0.52307 0.610888
0.171179 0.51811 0.61005
0.17218 0.513211 0.609205
0.173181 0.508371 0.608351
0.174182 0.503589 0.607489
0.175183 0.498863 0.606618
0.176184 0.494192 0.605739
0.177185 0.489576 0.604852
0.178186 0.485012 0.603956
0.179187 0.480501 0.603052
0.180188 0.476039 0.60214
0.181189 0.471628 0.601219
0.18219 0.467266 0.60029
0.183191 0.462957 0.599354
0.184192 0.458699 0.59841
0.185193 0.454491 0.597458
0.186194 0.450331 0.5965
0.187195 0.446219 0.595533
0.188196 0.442154 0.594559
0.189197 0.438133 0.593577
0.190198 0.434157 0.592588
0.191199 0.430224 0.59159
0.1922 0.426333 0.590585
0.193201 0.422483 0.589573
0.194202 0.418672 0.588552
0.195203 0.414903 0.587524
0.196204 0.411175 0.586489
0.197205 0.407489 0.585446
0.198206 0.403844 0.584396
0.199207 0.400239 0.583339
0.200208 0.396673 0.582276
0.201209 0.393146 0.581205
0.20221 0.389656 0.580127
0.203211 0.386203 0.579043
0.204212 0.382787 0.577951
0.205213 0.379405 0.576854
0.206214 0.376059 0.575749
0.207215 0.372747 0.574638
0.208216 0.369469 0.57352
0.209217 0.366226 0.572396
0.210218 0.363019 0.571266
0.211219 0.359847 0.570129
0.21222 0.356709 0.568987
0.213221 0.353604 0.567838
0.214222 0.350532 0.566683
0.215223 0.347491 0.565521
0.216224 0.344481 0.564354
0.217225 0.341501 0.563181
0.218226 0.338552 0.562001
0.219227 0.335631 0.560815
0.220228 0.332738 0.559623
0.221229 0.329873 0.558426
0.22223 0.327036 0.557222
0.223231 0.324228 0.556012
0.224232 0.32145 0.554796
0.225233 0.3187 0.553575
0.226234 0.315978 0.552347
0.227235 0.313283 0.551114
0.228236 0.310615 0.549876
0.229237 0.307974 0.548632
0.230238 0.305358 0.547383
0.231239 0.302768 0.546129
0.23224 0.300203 0.544869
0.233241 0.297662 0.543605
0.234242 0.295145 0.542335
0.235243 0.292652 0.541061
0.236244 0.290183 0.539782
0.237245 0.287739 0.538497
0.238246 0.28532 0.537208
0.239247 0.282925 0.535914
0.240248 0.280554 0.534615
0.241249 0.278206 0.533311
0.24225 0.27588 0.532003
0.243251 0.273577 0.53069
0.244252 0.271296 0.529372
0.245253 0.269035 0.52805
0.246254 0.266796 0.526723
0.247255 0.264577 0.525392
0.248256 0.262378 0.524056
0.249257 0.260198 0.522716
0.250258 0.258038 0.521372
0.251259 0.255899 0.520022
0.25226 0.25378 0.518669
0.253261 0.251682 0.51731
0.254262 0.249603 0.515948
0.255263 0.247544 0.514581
0.256264 0.245505 0.51321
0.257265 0.243484 0.511835
0.258266 0.241481 0.510456
0.259267 0.239497 0.509074
0.260268 0.237531 0.507688
0.261269 0.235582 0.506299
0.26227 0.233651 0.504906
0.263271 0.231737 0.503511
0.264272 0.229839 0.502112
0.265273 0.227959 0.50071
0.266274 0.226098 0.499304
0.267275 0.224254 0.497895
0.268276 0.222427 0.496482
0.269277 0.220617 0.495066
0.270278 0.218824 0.493646
0.271279 0.217047 0.492224
0.27228 0.215286 0.490798
0.273281 0.21354 0.489369
0.274282 0.21181 0.487937
0.275283 0.210094 0.486503
0.276284 0.208393 0.485065
0.277285 0.206706 0.483625
0.278285 0.205034 0.482182
0.279286 0.203375 0.480736
0.280287 0.201731 0.479286
0.281288 0.200102 0.477834
0.282289 0.198488 0.476378
0.28329 0.196889 0.474919
0.284291 0.195303 0.473457
0.285292 0.193731 0.471993
0.286293 0.192173 0.470526
0.287294 0.190628 0.469057
0.288295 0.189097 0.467586
0.289296 0.187579 0.466112
0.290297 0.186073 0.464637
0.291298 0.18458 0.46316
0.292299 0.183099 0.461681
0.2933 0.18163 0.460201
0.294301 0.180174 0.458718
0.295302 0.17873 0.457234
0.296303 0.1773 0.455747
0.297304 0.175882 0.454259
0.298305 0.174477 0.452768
0.299306 0.173084 0.451275
0.300307 0.171702 0.44978
0.301308 0.170333 0.448284
0.302309 0.168974 0.446786
0.30331 0.167627 0.445286
0.304311 0.166292 0.443785
0.305312 0.164967 0.442282
0.306313 0.163652 0.440779
0.307314 0.162348 0.439274
0.308315 0.161055 0.437768
0.309316 0.159771 0.43626
0.310317 0.158499 0.434751
0.311318 0.157237 0.433239
0.312319 0.155986 0.431726
0.31332 0.154746 0.430211
0.314321 0.153516 0.428695
0.315322 0.152297 0.427177
0.316323 0.151087 0.425659
0.317324 0.149887 0.424139
0.318325 0.148697 0.422619
0.319326 0.147517 0.421098
0.320327 0.146346 0.419576
0.321328 0.145185 0.418055
0.322329 0.144033 0.416533
0.32333 0.14289 0.415011
0.324331 0.141756 0.413489
0.325332 0.140631 0.411967
0.326333 0.139517 0.410443
0.327334 0.138412 0.408918
0.328335 0.137316 0.407393
0.329336 0.136229 0.405867
0.330337 0.135151 0.404341
0.331338 0.134082 0.402815
0.332339 0.133022 0.401288
0.33334 0.13197 0.39976
0.334341 0.130927 0.398233
0.335342 0.129891 0.396706
0.336343 0.128863 0.395178
0.337344 0.127844 0.393651
0.338345 0.126831 0.392125
0.339346 0.125827 0.390598
0.340347 0.12483 0.389071
0.341348 0.123841 0.387544
0.342349 0.122861 0.386015
0.34335 0.121888 0.384487
0.344351 0.120923 0.382958
0.345352 0.119966 0.381429
0.346353 0.119016 0.3799
0.347354 0.118074 0.378372
0.348355 0.117139 0.376844
0.349356 0.116212 0.375316
0.350357 0.115292 0.373789
0.351358 0.114378 0.372263
0.352359 0.113472 0.370739
0.35336 0.112573 0.369215
0.354361 0.11168 0.367692
0.355362 0.110794 0.366171
0.356363 0.109916 0.364651
0.357364 0.109044 0.36313
0.358365 0.10818 0.36161
0.359366 0.107323 0.360091
0.360367 0.106472 0.358572
0.361368 0.105628 0.357054
0.362369 0.104791 0.355537
0.36337 0.10396 0.35402
0.364371 0.103136 0.352505
0.365372 0.102318 0.350991
0.366373 0.101506 0.349478
0.367374 0.1007 0.347966
0.368375 0.0998998 0.346456
0.369376 0.0991055 0.344947
0.370377 0.0983168 0.34344
0.371378 0.097534 0.341934
0.372379 0.0967572 0.340429
0.37338 0.0959866 0.338924
0.374381 0.0952219 0.33742
0.375382 0.0944632 0.335917
0.376383 0.0937103 0.334415
0.377384 0.0929632 0.332914
0.378385 0.0922218 0.331414
0.379386 0.091486 0.329917
0.380387 0.0907557 0.32842
0.381388 0.0900309 0.326926
0.382389 0.0893116 0.325434
0.38339 0.0885975 0.323943
0.384391 0.0878887 0.322456
0.385392 0.0871851 0.32097
0.386393 0.0864867 0.319487
0.387394 0.0857934 0.318007
0.388395 0.0851058 0.316528
0.389395 0.0844235 0.31505
0.390396 0.0837467 0.313574
0.391397 0.0830751 0.3121
0.392398 0.0824087 0.310628
0.393399 0.0817474 0.309158
0.3944 0.0810911 0.307689
0.395401 0.0804397 0.306223
0.396402 0.0797932 0.304759
0.397403 0.0791513 0.303297
0.398404 0.0785142 0.301838
0.399405 0.0778816 0.300381
0.400406 0.0772534 0.298926
0.401407 0.0766297 0.297475
0.402408 0.0760103 0.296026
0.403409 0.0753953 0.294579
0.40441 0.074785 0.293134
0.405411 0.0741794 0.29169
0.406412 0.0735783 0.290249
0.407413 0.0729817 0.288809
0.408414 0.0723896 0.287371
0.409415 0.071802 0.285936
0.410416 0.0712187 0.284503
0.411417 0.0706397 0.283073
0.412418 0.0700649 0.281646
0.413419 0.0694944 0.280221
0.41442 0.068928 0.2788
0.415421 0.0683657 0.277382
0.416422 0.0678075 0.275967
0.417423 0.0672533 0.274555
0.418424 0.066703 0.273147
0.419425 0.0661567 0.271743
0.420426 0.0656147 0.270341
0.421427 0.0650769 0.268942
0.422428 0.0645433 0.267545
0.423429 0.0640137 0.266151
0.42443 0.0634881 0.26476
0.425431 0.0629665 0.263372
0.426432 0.0624488 0.261987
0.427433 0.0619349 0.260604
0.428434 0.0614247 0.259225
0.429435 0.0609182 0.257849
0.430436 0.0604153 0.256477
0.431437 0.0599159 0.255108
0.432438 0.05942 0.253742
0.433439 0.0589276 0.252379
0.43444 0.0584385 0.25102
0.435441 0.0579526 0.249665
0.436442 0.0574704 0.248312
0.437443 0.0569917 0.246962
0.438444 0.0565166 0.245614
0.439445 0.056045 0.24427
0.440446 0.0555769 0.242928
0.441447 0.0551122 0.24159
0.442448 0.0546509 0.240255
0.443449 0.054193 0.238923
0.44445 0.0537384 0.237594
0.445451 0.053287 0.236269
0.446452 0.0528389 0.234948
0.447453 0.052394 0.233631
0.448454 0.0519523 0.232317
0.449455 0.0515138 0.231008
0.450456 0.0510783 0.229703
0.451457 0.0506459 0.228402
0.452458 0.0502166 0.227105
0.453459 0.0497906 0.225811
0.45446 0.049368 0.224521
0.455461 0.0489485 0.223234
0.456462 0.0485322 0.221951
0.457463 0.0481189 0.220671
0.458464 0.0477088 0.219395
0.459465 0.0473016 0.218122
0.460466 0.0468975 0.216853
0.461467 0.0464962 0.215588
0.462468 0.0460978 0.214327
0.463469 0.0457022 0.21307
0.46447 0.0453093 0.211817
0.465471 0.0449192 0.210568
0.466472 0.0445318 0.209323
0.467473 0.044147 0.208081
0.468474 0.0437648 0.206845
0.469475 0.0433854 0.205611
0.470476 0.0430088 0.204381
0.471477 0.042635 0.203154
0.472478 0.0422639 0.201931
0.473479 0.0418956 0.200711
0.47448 0.04153 0.199495
0.475481 0.041167 0.198283
0.476482 0.0408067 0.197075
0.477483 0.0404489 0.19587
0.478484 0.0400938 0.19467
0.479485 0.0397413 0.193474
0.480486 0.0393912 0.192283
0.481487 0.0390437 0.191096
0.482488 0.0386987 0.189913
0.483489 0.0383561 0.188734
0.48449 0.0380159 0.187561
0.485491 0.0376783 0.186392
0.486492 0.0373432 0.185226
0.487493 0.0370108 0.184065
0.488494 0.0366809 0.182908
0.489495 0.0363535 0.181755
0.490496 0.0360286 0.180605
0.491497 0.0357061 0.17946
0.492498 0.035386 0.178319
0.493499 0.0350683 0.177182
0.4945 0.0347529 0.17605
0.495501 0.0344397 0.174921
0.496502 0.0341288 0.173797
0.497503 0.0338201 0.172677
0.498504 0.0335135 0.171561
0.499505 0.0332091 0.170449
0.500505 0.0329068 0.169342
0.501506 0.0326065 0.168239
0.502507 0.0323083 0.167141
0.503508 0.0320123 0.166046
0.504509 0.0317186 0.164954
0.50551 0.0314271 0.163867
0.506511 0.0311377 0.162784
0.507512 0.0308504 0.161704
0.508513 0.0305653 0.160629
0.509514 0.0302823 0.159558
0.510515 0.0300014 0.158491
0.511516 0.0297225 0.157428
0.512517 0.0294457 0.15637
0.513518 0.0291709 0.155316
0.514519 0.0288981 0.154267
0.51552 0.0286273 0.153222
0.516521 0.0283585 0.152182
0.517522 0.0280916 0.151147
0.518523 0.0278266 0.150116
0.519524 0.0275637 0.14909
0.520525 0.0273029 0.148068
0.521526 0.0270441 0.14705
0.522527 0.0267873 0.146036
0.523528 0.0265325 0.145027
0.524529 0.0262796 0.144022
0.52553 0.0260287 0.143021
0.526531 0.0257797 0.142025
0.527532 0.0255325 0.141032
0.528533 0.0252872 0.140045
0.529534 0.0250437 0.139061
0.530535 0.024802 0.138082
0.531536 0.024562 0.137107
0.532537 0.0243238 0.136136
0.533538 0.0240872 0.13517
0.534539 0.0238523 0.134208
0.53554 0.0236191 0.133251
0.536541 0.0233876 0.132297
0.537542 0.0231579 0.131348
0.538543 0.02293 0.130402
0.539544 0.0227038 0.129461
0.540545 0.0224793 0.128524
0.541546 0.0222566 0.127591
0.542547 0.0220355 0.126662
0.543548 0.0218162 0.125737
0.544549 0.0215985 0.124816
0.54555 0.0213825 0.1239
0.546551 0.0211681 0.122988
0.547552 0.0209554 0.122081
0.548553 0.0207443 0.121178
0.549554 0.0205348 0.12028
0.550555 0.0203268 0.119386
0.551556 0.0201205 0.118496
0.552557 0.0199157 0.117612
0.553558 0.0197126 0.116732
0.554559 0.0195112 0.115856
0.55556 0.0193114 0.114984
0.556561 0.0191132 0.114116
0.557562 0.0189167 0.113253
0.558563 0.0187217 0.112394
0.559564 0.0185283 0.111539
0.560565 0.0183364 0.110689
0.561566 0.0181461 0.109843
0.562567 0.0179572 0.109001
0.563568 0.0177698 0.108163
0.564569 0.0175838 0.107329
0.56557 0.0173993 0.1065
0.566571 0.0172161 0.105675
0.567572 0.0170343 0.104854
0.568573 0.0168539 0.104037
0.569574 0.0166748 0.103225
0.570575 0.0164971 0.102416
0.571576 0.0163208 0.101612
0.572577 0.016146 0.100811
0.573578 0.0159726 0.100014
0.574579 0.0158006 0.0992218
0.57558 0.01563 0.0984332
0.576581 0.0154607 0.0976487
0.577582 0.0152929 0.0968684
0.578583 0.0151264 0.0960922
0.579584 0.0149612 0.0953201
0.580585 0.0147974 0.0945523
0.581586 0.0146349 0.0937886
0.582587 0.0144737 0.0930292
0.583588 0.0143139 0.092274
0.584589 0.0141553 0.0915232
0.58559 0.013998 0.0907766
0.586591 0.013842 0.0900344
0.587592 0.0136873 0.0892965
0.588593 0.0135339 0.0885627
0.589594 0.013382 0.0878331
0.590595 0.0132313 0.0871076
0.591596 0.013082 0.0863862
0.592597 0.0129339 0.0856688
0.593598 0.0127871 0.0849556
0.594599 0.0126416 0.0842464
0.5956 0.0124973 0.0835412
0.596601 0.0123542 0.0828401
0.597602 0.0122124 0.0821429
0.598603 0.0120717 0.0814498
0.599604 0.0119322 0.0807606
0.600605 0.0117938 0.0800753
0.601606 0.0116565 0.0793939
0.602607 0.0115204 0.0787165
0.603608 0.0113853 0.0780429
0.604609 0.0112514 0.0773732
0.60561 0.0111186 0.0767073
0.606611 0.0109871 0.0760452
0.607612 0.0108566 0.0753869
0.608613 0.0107274 0.0747324
0.609614 0.0105993 0.0740817
0.610615 0.0104723 0.0734349
0.611615 0.0103464 0.0727919
0.612616 0.0102216 0.0721527
0.613617 0.010098 0.0715175
0.614618 0.00997545 0.0708861
0.615619 0.00985398 0.0702585
0.61662 0.00973358 0.0696349
0.617621 0.00961424 0.0690152
0.618622 0.00949596 0.0683993
0.619623 0.00937873 0.0677874
0.620624 0.00926252 0.0671795
0.621625 0.00914735 0.0665754
0.622626 0.00903328 0.0659753
0.623627 0.00892033 0.065379
0.624628 0.00880846 0.0647866
0.625629 0.00869768 0.064198
0.62663 0.00858796 0.0636133
0.627631 0.00847928 0.0630323
0.628632 0.00837164 0.062455
0.629633 0.00826502 0.0618815
0.630634 0.00815939 0.0613116
0.631635 0.00805475 0.0607455
0.632636 0.00795108 0.060183
0.633637 0.00784837 0.0596241
0.634638 0.0077466 0.0590688
0.635639 0.00764575 0.0585171
0.63664 0.00754581 0.0579689
0.637641 0.00744678 0.0574243
0.638642 0.00734862 0.0568831
0.639643 0.00725139 0.0563455
0.640644 0.00715513 0.0558114
0.641645 0.00705983 0.0552808
0.642646 0.00696548 0.0547538
0.643647 0.00687207 0.0542302
0.644648 0.00677959 0.0537101
0.645649 0.00668803 0.0531936
0.64665 0.00659738 0.0526805
0.647651 0.00650763 0.052171
0.648652 0.00641878 0.0516649
0.649653 0.0063308 0.0511623
0.650654 0.0062437 0.0506632
0.651655 0.00615746 0.0501675
0.652656 0.00607207 0.0496753
0.653657 0.00598753 0.0491866
0.654658 0.00590382 0.0487014
0.655659 0.00582093 0.0482196
0.65666 0.00573888 0.0477412
0.657661 0.00565772 0.0472664
0.658662 0.00557746 0.0467951
0.659663 0.00549809 0.0463272
0.660664 0.00541959 0.0458628
0.661665 0.00534195 0.0454019
0.662666 0.00526515 0.0449442
0.663667 0.00518918 0.04449
0.664668 0.00511403 0.044039
0.665669 0.00503967 0.0435913
0.66667 0.00496611 0.0431469
0.667671 0.00489332 0.0427057
0.668672 0.0048213 0.0422677
0.669673 0.00475002 0.0418328
0.670674 0.00467948 0.0414011
0.671675 0.00460966 0.0409724
0.672676 0.00454055 0.0405468
0.673677 0.00447214 0.0401243
0.674678 0.00440446 0.0397048
0.675679 0.00433757 0.0392885
0.67668 0.00427145 0.0388753
0.677681 0.00420611 0.0384653
0.678682 0.00414151 0.0380583
0.679683 0.00407766 0.0376545
0.680684 0.00401455 0.0372537
0.681685 0.00395216 0.036856
0.682686 0.00389049 0.0364614
0.683687 0.00382953 0.0360698
0.684688 0.00376927 0.0356813
0.685689 0.00370969 0.0352957
0.68669 0.0036508 0.0349132
0.687691 0.00359257 0.0345337
0.688692 0.003535 0.0341571
0.689693 0.00347809 0.0337835
0.690694 0.00342182 0.0334128
0.691695 0.00336619 0.0330451
0.692696 0.00331128 0.0326805
0.693697 0.00325709 0.032319
0.694698 0.0032036 0.0319605
0.695699 0.00315081 0.031605
0.6967 0.00309871 0.0312525
0.697701 0.00304727 0.0309029
0.698702 0.00299648 0.0305562
0.699703 0.00294634 0.0302124
0.700704 0.00289683 0.0298714
0.701705 0.00284793 0.0295332
0.702706 0.00279963 0.0291977
0.703707 0.00275193 0.028865
0.704708 0.0027048 0.028535
0.705709 0.00265824 0.0282076
0.70671 0.00261224 0.0278828
0.707711 0.00256677 0.0275607
0.708712 0.00252183 0.027241
0.709713 0.00247745 0.026924
0.710714 0.00243368 0.0266097
0.711715 0.00239052 0.0262981
0.712716 0.00234796 0.0259892
0.713717 0.002306 0.025683
0.714718 0.00226461 0.0253795
0.715719 0.0022238 0.0250785
0.71672 0.00218355 0.0247802
0.717721 0.00214385 0.0244845
0.718722 0.00210469 0.0241914
0.719723 0.00206606 0.0239008
0.720724 0.00202796 0.0236128
0.721725 0.00199036 0.0233272
0.722725 0.00195327 0.0230442
0.723726 0.00191667 0.0227637
0.724727 0.00188056 0.0224856
0.725728 0.00184492 0.0222099
0.726729 0.00180975 0.0219367
0.72773 0.00177509 0.021666
0.728731 0.001741 0.0213979
0.729732 0.00170745 0.0211325
0.730733 0.00167443 0.0208695
0.731734 0.00164193 0.0206091
0.732735 0.00160994 0.0203512
0.733736 0.00157845 0.0200957
0.734737 0.00154744 0.0198426
0.735738 0.00151691 0.0195919
0.736739 0.00148683 0.0193435
0.73774 0.0014572 0.0190974
0.738741 0.001428 0.0188536
0.739742 0.00139923 0.018612
0.740743 0.00137087 0.0183725
0.741744 0.0013429 0.0181353
0.742745 0.00131533 0.0179001
0.743746 0.00128813 0.017667
0.744747 0.00126131 0.017436
0.745748 0.00123492 0.0172072
0.746749 0.001209 0.0169807
0.74775 0.00118354 0.0167564
0.748751 0.00115851 0.0165344
0.749752 0.00113392 0.0163146
0.750753 0.00110975 0.016097
0.751754 0.00108598 0.0158816
0.752755 0.00106262 0.0156683
0.753756 0.00103965 0.015457
0.754757 0.00101706 0.0152479
0.755758 0.000994839 0.0150409
0.756759 0.000972979 0.0148359
0.75776 0.000951469 0.0146329
0.758761 0.0009303 0.0144319
0.759762 0.000909463 0.0142328
0.760763 0.000888947 0.0140357
0.761764 0.000868742 0.0138406
0.762765 0.000848855 0.0136473
0.763766 0.00082936 0.0134562
0.764767 0.000810261 0.0132673
0.765768 0.000791545 0.0130804
0.766769 0.000773202 0.0128956
0.76777 0.000755221 0.0127128
0.768771 0.00073759 0.012532
0.769772 0.000720298 0.0123531
0.770773 0.000703335 0.0121762
0.771774 0.00068669 0.0120012
0.772775 0.000670351 0.011828
0.773776 0.000654309 0.0116566
0.774777 0.000638552 0.011487
0.775778 0.000623071 0.0113191
0.776779 0.000607854 0.0111529
0.77778 0.000592891 0.0109885
0.778781 0.000578173 0.0108256
0.779782 0.000563688 0.0106644
0.780783 0.000549451 0.0105049
0.781784 0.000535533 0.0103471
0.782785 0.00052193 0.0101912
0.783786 0.000508633 0.0100372
0.784787 0.000495631 0.00988486
0.785788 0.000482917 0.00973431
0.786789 0.000470479 0.00958549
0.78779 0.00045831 0.00943838
0.788791 0.000446399 0.00929294
0.789792 0.000434738 0.00914916
0.790793 0.000423318 0.009007
0.791794 0.000412128 0.00886645
0.792795 0.000401161 0.00872747
0.793796 0.000390407 0.00859005
0.794797 0.000379858 0.00845416
0.795798 0.000369505 0.00831977
0.796799 0.000359338 0.00818686
0.7978 0.00034935 0.00805541
0.798801 0.000339562 0.00792548
0.799802 0.000330034 0.00779725
0.800803 0.000320759 0.00767068
0.801804 0.000311729 0.00754575
0.802805 0.000302933 0.00742243
0.803806 0.000294362 0.00730067
0.804807 0.000286008 0.00718046
0.805808 0.000277861 0.00706175
0.806809 0.000269912 0.00694451
0.80781 0.000262153 0.00682872
0.808811 0.000254574 0.00671434
0.809812 0.000247167 0.00660133
0.810813 0.000239922 0.00648968
0.811814 0.000232832 0.00637934
0.812815 0.000225888 0.00627029
0.813816 0.00021908 0.0061625
0.814817 0.000212401 0.00605593
0.815818 0.000205843 0.00595056
0.816819 0.000199429 0.00584646
0.81782 0.00019321 0.00574381
0.818821 0.00018718 0.00564257
0.819822 0.000181331 0.00554271
0.820823 0.000175655 0.00544423
0.821824 0.000170146 0.00534708
0.822825 0.000164795 0.00525125
0.823826 0.000159595 0.00515671
0.824827 0.00015454 0.00506343
0.825828 0.000149621 0.00497139
0.826829 0.000144831 0.00488056
0.82783 0.000140164 0.00479093
0.828831 0.000135611 0.00470247
0.829832 0.000131167 0.00461515
0.830833 0.000126824 0.00452894
0.831834 0.000122576 0.00444384
0.832835 0.000118414 0.0043598
0.833835 0.000114333 0.00427681
0.834836 0.000110355 0.00419497
0.835837 0.000106522 0.0041144
0.836838 0.000102827 0.00403509
0.837839 9.92636e-05 0.003957
0.83884 9.58252e-05 0.00388011
0.839841 9.25054e-05 0.00380438
0.840842 8.9298e-05 0.0037298
0.841843 8.61967e-05 0.00365633
0.842844 8.31952e-05 0.00358394
0.843845 8.02872e-05 0.00351261
0.844846 7.74667e-05 0.0034423
0.845847 7.47275e-05 0.003373
0.846848 7.20634e-05 0.00330466
0.847849 6.94685e-05 0.00323728
0.84885 6.69367e-05 0.00317081
0.849851 6.44621e-05 0.00310524
0.850852 6.20388e-05 0.00304053
0.851853 5.96609e-05 0.00297666
0.852854 5.73476e-05 0.00291371
0.853855 5.51309e-05 0.00285183
0.854856 5.30064e-05 0.00279099
0.855857 5.09693e-05 0.00273118
0.856858 4.9015e-05 0.00267236
0.857859 4.71388e-05 0.00261451
0.85886 4.5336e-05 0.00255761
0.859861 4.36021e-05 0.00250165
0.860862 4.19325e-05 0.00244658
0.861863 4.03227e-05 0.00239241
0.862864 3.87681e-05 0.00233909
0.863865 3.72643e-05 0.00228661
0.864866 3.58068e-05 0.00223495
0.865867 3.43913e-05 0.00218408
0.866868 3.30132e-05 0.00213399
0.867869 3.16684e-05 0.00208465
0.86887 3.03524e-05 0.00203604
0.869871 2.9061e-05 0.00198814
0.870872 2.78076e-05 0.00194102
0.871873 2.66161e-05 0.00189483
0.872874 2.54836e-05 0.00184953
0.873875 2.44065e-05 0.0018051
0.874876 2.33814e-05 0.00176152
0.875877 2.2405e-05 0.00171877
0.876878 2.1474e-05 0.00167681
0.877879 2.05849e-05 0.00163564
0.87888 1.97346e-05 0.00159521
0.879881 1.89196e-05 0.00155551
0.880882 1.81369e-05 0.00151652
0.881883 1.7383e-05 0.0014782
0.882884 1.66549e-05 0.00144055
0.883885 1.59493e-05 0.00140354
0.884886 1.5263e-05 0.00136713
0.885887 1.45929e-05 0.00133132
0.886888 1.39359e-05 0.00129608
0.887889 1.32888e-05 0.00126138
0.88889 1.26597e-05 0.00122729
0.889891 1.20658e-05 0.00119394
0.890892 1.15052e-05 0.00116133
0.891893 1.09759e-05 0.00112941
0.892894 1.04758e-05 0.00109818
0.893895 1.0003e-05 0.00106762
0.894896 9.55527e-06 0.0010377
0.895897 9.13068e-06 0.00100841
0.896898 8.72722e-06 0.000979725
0.897899 8.34287e-06 0.000951629
0.8989 7.97567e-06 0.000924101
0.899901 7.62363e-06 0.000897122
0.900902 7.2848e-06 0.000870674
0.901903 6.95724e-06 0.000844738
0.902904 6.63901e-06 0.000819295
0.903905 6.3282e-06 0.000794326
0.904906 6.0229e-06 0.000769814
0.905907 5.72122e-06 0.000745739
0.906908 5.42753e-06 0.000722158
0.907909 5.15235e-06 0.000699195
0.90891 4.89479e-06 0.000676833
0.909911 4.65365e-06 0.000655051
0.910912 4.42774e-06 0.00063383
0.911913 4.2159e-06 0.000613149
0.912914 4.01695e-06 0.00059299
0.913915 3.82974e-06 0.000573332
0.914916 3.65311e-06 0.000554156
0.915917 3.48593e-06 0.000535443
0.916918 3.32705e-06 0.000517173
0.917919 3.17534e-06 0.000499328
0.91892 3.02968e-06 0.000481888
0.919921 2.88896e-06 0.000464834
0.920922 2.75207e-06 0.000448148
0.921923 2.6179e-06 0.000431811
0.922924 2.48537e-06 0.000415804
0.923925 2.35339e-06 0.00040011
0.924926 2.22429e-06 0.00038478
0.925927 2.10372e-06 0.000369933
0.926928 1.99126e-06 0.000355552
0.927929 1.88634e-06 0.000341621
0.92893 1.78841e-06 0.000328122
0.929931 1.69691e-06 0.00031504
0.930932 1.6113e-06 0.000302356
0.931933 1.53102e-06 0.000290053
0.932934 1.45553e-06 0.000278116
0.933935 1.38429e-06 0.000266528
0.934936 1.31676e-06 0.000255271
0.935937 1.25241e-06 0.00024433
0.936938 1.19071e-06 0.000233688
0.937939 1.13113e-06 0.000223329
0.93894 1.07314e-06 0.000213237
0.939941 1.01624e-06 0.000203395
0.940942 9.59887e-07 0.000193789
0.941943 9.03584e-07 0.000184402
0.942944 8.48848e-07 0.000175299
0.943945 7.97973e-07 0.000166571
0.944945 7.5071e-07 0.000158202
0.945946 7.06798e-07 0.000150176
0.946947 6.65982e-07 0.000142476
0.947948 6.28003e-07 0.000135088
0.948949 5.92609e-07 0.000127995
0.94995 5.59545e-07 0.000121181
0.950951 5.2856e-07 0.000114632
0.951952 4.99406e-07 0.000108332
0.952953 4.71832e-07 0.000102264
0.953954 4.45594e-07 9.64155e-05
0.954955 4.20445e-07 9.07695e-05
0.955956 3.96143e-07 8.53115e-05
0.956957 3.72444e-07 8.00264e-05
0.957958 3.49108e-07 7.48994e-05
0.958959 3.25897e-07 6.99156e-05
0.95996 3.02668e-07 6.50687e-05
0.960961 2.80744e-07 6.04751e-05
0.961962 2.60524e-07 5.61643e-05
0.962963 2.41883e-07 5.21194e-05
0.963964 2.24697e-07 4.8324e-05
0.964965 2.08844e-07 4.47616e-05
0.965966 1.94201e-07 4.14157e-05
0.966967 1.80647e-07 3.82701e-05
0.967968 1.68061e-07 3.53086e-05
0.968969 1.56322e-07 3.25152e-05
0.96997 1.45313e-07 2.98738e-05
0.970971 1.34913e-07 2.73685e-05
0.971972 1.25006e-07 2.49836e-05
0.972973 1.15474e-07 2.27034e-05
0.973974 1.06201e-07 2.05123e-05
0.974975 9.70714e-08 1.83947e-05
0.975976 8.79699e-08 1.63354e-05
0.976977 7.89147e-08 1.43421e-05
0.977978 7.06704e-08 1.25508e-05
0.978979 6.33054e-08 1.09691e-05
0.97998 5.67317e-08 9.57645e-06
0.980981 5.0862e-08 8.35274e-06
0.981982 4.56092e-08 7.2778e-06
0.982983 4.08872e-08 6.33161e-06
0.983984 3.66098e-08 5.49429e-06
0.984985 3.2692e-08 4.74606e-06
0.985986 2.90487e-08 4.06727e-06
0.986987 2.55958e-08 3.4384e-06
0.987988 2.22494e-08 2.84003e-06
0.988989 1.89262e-08 2.25286e-06
0.98999 1.55434e-08 1.65772e-06
0.990991 1.23122e-08 1.11227e-06
0.991992 9.72141e-09 7.41811e-07
0.992993 7.64633e-09 5.06935e-07
0.993994 5.94443e-09 3.63548e-07
0.994995 4.47403e-09 2.67825e-07
0.995996 3.09427e-09 1.76202e-07
0.996997 1.75591e-09 6.627e-08
0.997998 9.02342e-10 3.45053e-08
0.998999 2.72064e-10 1.91125e-08
1 0 1.85135e-25
