1.5 2.81679 0.393384
1.5986 3.28265 0.410027
1.6972 3.73063 0.426017
1.7958 4.15918 0.441331
1.89439 4.57073 0.456042
1.99299 4.96552 0.470169
2.09159 5.34339 0.483722
2.19019 5.70617 0.496755
2.28879 6.05512 0.509309
2.38739 6.3905 0.521399
2.48599 6.71267 0.533045
2.58458 7.0227 0.544278
2.68318 7.32194 0.555139
2.78178 7.61079 0.565643
2.88038 7.88962 0.575805
2.97898 8.1588 0.585641
3.07758 8.41877 0.595165
3.17618 8.67056 0.604407
3.27477 8.91468 0.613384
3.37337 9.15143 0.622106
3.47197 9.3811 0.630585
3.57057 9.60397 0.638831
3.66917 9.82032 0.646854
3.76777 10.0304 0.654661
3.86637 10.2355 0.662269
3.96496 10.4364 0.66969
4.06356 10.6326 0.676932
4.16216 10.824 0.684003
4.26076 11.0101 0.690909
4.35936 11.1908 0.697657
4.45796 11.3658 0.704253
4.55656 11.5352 0.710701
4.65516 11.6987 0.717009
4.75375 11.8563 0.72318
4.85235 12.0082 0.729223
4.95095 12.1551 0.735146
5.04955 12.2974 0.740952
5.14815 12.4355 0.746646
5.24675 12.5698 0.75223
5.34535 12.7007 0.757709
5.44394 12.8284 0.763085
5.54254 12.9533 0.768363
5.64114 13.0757 0.773544
5.73974 13.1957 0.778632
5.83834 13.3136 0.78363
5.93694 13.4296 0.78854
6.03554 13.5439 0.793365
6.13413 13.6566 0.798107
6.23273 13.7677 0.80277
6.33133 13.877 0.807359
6.42993 13.9844 0.811875
6.52853 14.09 0.81632
6.62713 14.1939 0.820697
6.72573 14.2961 0.825008
6.82432 14.3968 0.829253
6.92292 14.4958 0.833436
7.02152 14.5932 0.837556
7.12012 14.6892 0.841617
7.21872 14.7837 0.845619
7.31732 14.8768 0.849564
7.41592 14.9685 0.853454
7.51451 15.0588 0.85729
7.61311 15.1478 0.861073
7.71171 15.2354 0.864804
7.81031 15.3219 0.868484
7.90891 15.407 0.872116
8.00751 15.491 0.875699
8.10611 15.5738 0.879236
8.2047 15.6555 0.882728
8.3033 15.7361 0.886176
8.4019 15.8157 0.889582
8.5005 15.8942 0.892947
8.5991 15.9718 0.896271
8.6977 16.0483 0.899556
8.7963 16.1239 0.902802
8.89489 16.1986 0.90601
8.99349 16.2723 0.909181
9.09209 16.3452 0.912316
9.19069 16.4172 0.915415
9.28929 16.4883 0.918479
9.38789 16.5585 0.921509
9.48649 16.628 0.924506
9.58509 16.6966 0.92747
9.68368 16.7644 0.930401
9.78228 16.8315 0.933302
9.88088 16.8978 0.936171
9.97948 16.9633 0.93901
10.0781 17.0281 0.941819
10.1767 17.0922 0.944599
10.2753 17.1556 0.94735
10.3739 17.2183 0.950073
10.4725 17.2803 0.952769
10.5711 17.3416 0.955437
10.6697 17.4023 0.958079
10.7683 17.4624 0.960695
10.8669 17.5218 0.963285
10.9655 17.5806 0.96585
11.0641 17.6388 0.96839
11.1627 17.6964 0.970907
11.2613 17.7534 0.973401
11.3599 17.8099 0.975872
11.4585 17.8659 0.978321
11.5571 17.9213 0.980747
11.6557 17.9762 0.983152
11.7543 18.0306 0.985535
11.8529 18.0844 0.987897
11.9515 18.1378 0.990239
12.0501 18.1907 0.99256
12.1486 18.243 0.994861
12.2472 18.2949 0.997143
12.3458 18.3464 0.999405
12.4444 18.3973 1.00165
12.543 18.4478 1.00387
12.6416 18.4979 1.00608
12.7402 18.5475 1.00826
12.8388 18.5967 1.01043
12.9374 18.6454 1.01259
13.036 18.6938 1.01472
13.1346 18.7417 1.01684
13.2332 18.7892 1.01894
13.3318 18.8363 1.02102
13.4304 18.883 1.02309
13.529 18.9293 1.02514
13.6276 18.9753 1.02717
13.7262 19.0208 1.02919
13.8248 19.066 1.0312
13.9234 19.1108 1.03318
14.022 19.1552 1.03516
14.1206 19.1993 1.03711
14.2192 19.243 1.03906
14.3178 19.2864 1.04099
14.4164 19.3294 1.0429
14.515 19.3721 1.0448
14.6136 19.4145 1.04669
14.7122 19.4565 1.04856
14.8108 19.4982 1.05042
14.9094 19.5396 1.05227
15.008 19.5806 1.0541
15.1066 19.6214 1.05592
15.2052 19.6618 1.05773
15.3038 19.7019 1.05952
15.4024 19.7418 1.0613
15.501 19.7814 1.06307
15.5996 19.8206 1.06483
15.6982 19.8596 1.06658
15.7968 19.8984 1.06831
15.8954 19.9368 1.07004
15.994 19.975 1.07175
16.0926 20.0129 1.07345
16.1912 20.0506 1.07514
16.2898 20.088 1.07682
16.3884 20.1251 1.07849
16.487 20.162 1.08014
16.5856 20.1986 1.08179
16.6842 20.235 1.08343
16.7828 20.2711 1.08505
16.8814 20.307 1.08667
16.98 20.3427 1.08828
17.0786 20.3781 1.08987
17.1772 20.4133 1.09146
17.2758 20.4483 1.09304
17.3744 20.483 1.0946
17.473 20.5175 1.09616
17.5716 20.5518 1.09771
17.6702 20.5859 1.09925
17.7688 20.6197 1.10078
17.8674 20.6533 1.1023
17.966 20.6868 1.10381
18.0646 20.72 1.10531
18.1632 20.753 1.10681
18.2618 20.7858 1.10829
18.3604 20.8184 1.10977
18.459 20.8508 1.11123
18.5576 20.883 1.11269
18.6562 20.915 1.11415
18.7548 20.9468 1.11559
18.8534 20.9784 1.11702
18.952 21.0098 1.11845
19.0506 21.0411 1.11987
19.1491 21.0721 1.12128
19.2477 21.103 1.12268
19.3463 21.1336 1.12408
19.4449 21.1641 1.12547
19.5435 21.1945 1.12685
19.6421 21.2246 1.12822
19.7407 21.2546 1.12958
19.8393 21.2844 1.13094
19.9379 21.314 1.13229
20.0365 21.3435 1.13363
20.1351 21.3728 1.13497
20.2337 21.4019 1.1363
20.3323 21.4308 1.13762
20.4309 21.4596 1.13894
20.5295 21.4883 1.14024
20.6281 21.5167 1.14154
20.7267 21.5451 1.14284
20.8253 21.5732 1.14413
20.9239 21.6012 1.14541
21.0225 21.6291 1.14668
21.1211 21.6568 1.14795
21.2197 21.6843 1.14921
21.3183 21.7117 1.15047
21.4169 21.739 1.15172
21.5155 21.7661 1.15296
21.6141 21.793 1.15419
21.7127 21.8199 1.15543
21.8113 21.8465 1.15665
21.9099 21.8731 1.15787
22.0085 21.8995 1.15908
22.1071 21.9258 1.16029
22.2057 21.9519 1.16149
22.3043 21.9779 1.16268
22.4029 22.0038 1.16387
22.5015 22.0295 1.16506
22.6001 22.0552 1.16624
22.6987 22.0807 1.16741
22.7973 22.106 1.16858
22.8959 22.1313 1.16974
22.9945 22.1564 1.1709
23.0931 22.1814 1.17205
23.1917 22.2062 1.1732
23.2903 22.231 1.17434
23.3889 22.2556 1.17547
23.4875 22.2801 1.1766
23.5861 22.3045 1.17773
23.6847 22.3288 1.17885
23.7833 22.353 1.17997
23.8819 22.377 1.18108
23.9805 22.401 1.18218
24.0791 22.4248 1.18328
24.1777 22.4485 1.18438
24.2763 22.4721 1.18547
24.3749 22.4956 1.18656
24.4735 22.519 1.18764
24.5721 22.5422 1.18872
24.6707 22.5654 1.18979
24.7693 22.5885 1.19086
24.8679 22.6114 1.19192
24.9665 22.6343 1.19298
25.0651 22.657 1.19403
25.1637 22.6797 1.19508
25.2623 22.7022 1.19613
25.3609 22.7246 1.19717
25.4595 22.747 1.19821
25.5581 22.7692 1.19924
25.6567 22.7913 1.20027
25.7553 22.8134 1.20129
25.8539 22.8353 1.20231
25.9525 22.8572 1.20333
26.0511 22.8789 1.20434
26.1496 22.9006 1.20535
26.2482 22.9222 1.20635
26.3468 22.9436 1.20735
26.4454 22.965 1.20834
26.544 22.9863 1.20933
26.6426 23.0075 1.21032
26.7412 23.0286 1.2113
26.8398 23.0496 1.21228
26.9384 23.0705 1.21326
27.037 23.0914 1.21423
27.1356 23.1121 1.2152
27.2342 23.1328 1.21616
27.3328 23.1534 1.21712
27.4314 23.1739 1.21808
27.53 23.1943 1.21903
27.6286 23.2146 1.21998
27.7272 23.2348 1.22092
27.8258 23.255 1.22186
27.9244 23.275 1.2228
28.023 23.295 1.22374
28.1216 23.3149 1.22467
28.2202 23.3348 1.22559
28.3188 23.3545 1.22652
28.4174 23.3742 1.22744
28.516 23.3938 1.22835
28.6146 23.4133 1.22927
28.7132 23.4327 1.23018
28.8118 23.452 1.23108
28.9104 23.4713 1.23199
29.009 23.4905 1.23289
29.1076 23.5096 1.23378
29.2062 23.5287 1.23468
29.3048 23.5477 1.23557
29.4034 23.5666 1.23645
29.502 23.5854 1.23734
29.6006 23.6041 1.23822
29.6992 23.6228 1.23909
29.7978 23.6414 1.23997
29.8964 23.66 1.24084
29.995 23.6784 1.2417
30.0936 23.6968 1.24257
30.1922 23.7151 1.24343
30.2908 23.7334 1.24429
30.3894 23.7516 1.24514
30.488 23.7697 1.24599
30.5866 23.7877 1.24684
30.6852 23.8057 1.24769
30.7838 23.8236 1.24853
30.8824 23.8415 1.24937
30.981 23.8593 1.25021
31.0796 23.877 1.25105
31.1782 23.8946 1.25188
31.2768 23.9122 1.25271
31.3754 23.9297 1.25353
31.474 23.9472 1.25435
31.5726 23.9646 1.25517
31.6712 23.9819 1.25599
31.7698 23.9991 1.25681
31.8684 24.0163 1.25762
31.967 24.0335 1.25843
32.0656 24.0506 1.25923
32.1642 24.0676 1.26004
32.2628 24.0845 1.26084
32.3614 24.1014 1.26164
32.46 24.1183 1.26243
32.5586 24.1351 1.26323
32.6572 24.1518 1.26402
32.7558 24.1685 1.26481
32.8544 24.1851 1.26559
32.953 24.2016 1.26637
33.0516 24.2181 1.26715
33.1502 24.2346 1.26793
33.2487 24.2509 1.26871
33.3473 24.2673 1.26948
33.4459 24.2835 1.27025
33.5445 24.2998 1.27102
33.6431 24.3159 1.27179
33.7417 24.332 1.27255
33.8403 24.3481 1.27331
33.9389 24.3641 1.27407
34.0375 24.38 1.27483
34.1361 24.3959 1.27558
34.2347 24.4118 1.27633
34.3333 24.4276 1.27708
34.4319 24.4433 1.27783
34.5305 24.459 1.27857
34.6291 24.4746 1.27931
34.7277 24.4902 1.28005
34.8263 24.5057 1.28079
34.9249 24.5212 1.28153
35.0235 24.5366 1.28226
35.1221 24.552 1.28299
35.2207 24.5673 1.28372
35.3193 24.5826 1.28445
35.4179 24.5979 1.28517
35.5165 24.613 1.2859
35.6151 24.6282 1.28662
35.7137 24.6433 1.28733
35.8123 24.6583 1.28805
35.9109 24.6733 1.28876
36.0095 24.6882 1.28947
36.1081 24.7031 1.29018
36.2067 24.718 1.29089
36.3053 24.7328 1.2916
36.4039 24.7475 1.2923
36.5025 24.7622 1.293
36.6011 24.7769 1.2937
36.6997 24.7915 1.2944
36.7983 24.8061 1.29509
36.8969 24.8206 1.29579
36.9955 24.8351 1.29648
37.0941 24.8496 1.29717
37.1927 24.864 1.29785
37.2913 24.8783 1.29854
37.3899 24.8926 1.29922
37.4885 24.9069 1.2999
37.5871 24.9211 1.30058
37.6857 24.9353 1.30126
37.7843 24.9494 1.30194
37.8829 24.9635 1.30261
37.9815 24.9775 1.30328
38.0801 24.9916 1.30395
38.1787 25.0055 1.30462
38.2773 25.0194 1.30528
38.3759 25.0333 1.30595
38.4745 25.0472 1.30661
38.5731 25.061 1.30727
38.6717 25.0747 1.30793
38.7703 25.0884 1.30859
38.8689 25.1021 1.30924
38.9675 25.1158 1.3099
39.0661 25.1294 1.31055
39.1647 25.1429 1.3112
39.2633 25.1564 1.31184
39.3619 25.1699 1.31249
39.4605 25.1834 1.31314
39.5591 25.1968 1.31378
39.6577 25.2101 1.31442
39.7563 25.2234 1.31506
39.8549 25.2367 1.3157
39.9535 25.25 1.31633
40.0521 25.2632 1.31696
40.1507 25.2764 1.3176
40.2492 25.2895 1.31823
40.3478 25.3026 1.31886
40.4464 25.3157 1.31948
40.545 25.3287 1.32011
40.6436 25.3417 1.32073
40.7422 25.3546 1.32136
40.8408 25.3675 1.32198
40.9394 25.3804 1.3226
41.038 25.3932 1.32321
41.1366 25.4061 1.32383
41.2352 25.4188 1.32444
41.3338 25.4316 1.32506
41.4324 25.4443 1.32567
41.531 25.4569 1.32628
41.6296 25.4696 1.32688
41.7282 25.4821 1.32749
41.8268 25.4947 1.3281
41.9254 25.5072 1.3287
42.024 25.5197 1.3293
42.1226 25.5322 1.3299
42.2212 25.5446 1.3305
42.3198 25.557 1.3311
42.4184 25.5694 1.33169
42.517 25.5817 1.33229
42.6156 25.594 1.33288
42.7142 25.6062 1.33347
42.8128 25.6184 1.33406
42.9114 25.6306 1.33465
43.01 25.6428 1.33523
43.1086 25.6549 1.33582
43.2072 25.667 1.3364
43.3058 25.6791 1.33699
43.4044 25.6911 1.33757
43.503 25.7031 1.33815
43.6016 25.7151 1.33872
43.7002 25.727 1.3393
43.7988 25.7389 1.33988
43.8974 25.7508 1.34045
43.996 25.7626 1.34102
44.0946 25.7744 1.34159
44.1932 25.7862 1.34216
44.2918 25.798 1.34273
44.3904 25.8097 1.3433
44.489 25.8214 1.34386
44.5876 25.833 1.34443
44.6862 25.8447 1.34499
44.7848 25.8563 1.34555
44.8834 25.8678 1.34611
44.982 25.8794 1.34667
45.0806 25.8909 1.34723
45.1792 25.9024 1.34778
45.2778 25.9138 1.34834
45.3764 25.9252 1.34889
45.475 25.9366 1.34944
45.5736 25.948 1.34999
45.6722 25.9593 1.35054
45.7708 25.9706 1.35109
45.8694 25.9819 1.35164
45.968 25.9932 1.35218
46.0666 26.0044 1.35273
46.1652 26.0156 1.35327
46.2638 26.0267 1.35381
46.3624 26.0379 1.35435
46.461 26.049 1.35489
46.5596 26.0601 1.35543
46.6582 26.0711 1.35596
46.7568 26.0821 1.3565
46.8554 26.0931 1.35703
46.954 26.1041 1.35757
47.0526 26.1151 1.3581
47.1512 26.126 1.35863
47.2497 26.1369 1.35916
47.3483 26.1477 1.35969
47.4469 26.1586 1.36021
47.5455 26.1694 1.36074
47.6441 26.1802 1.36126
47.7427 26.191 1.36179
47.8413 26.2017 1.36231
47.9399 26.2124 1.36283
48.0385 26.2231 1.36335
48.1371 26.2337 1.36387
48.2357 26.2444 1.36439
48.3343 26.255 1.3649
48.4329 26.2656 1.36542
48.5315 26.2761 1.36593
48.6301 26.2867 1.36644
48.7287 26.2972 1.36696
48.8273 26.3077 1.36747
48.9259 26.3181 1.36798
49.0245 26.3286 1.36848
49.1231 26.339 1.36899
49.2217 26.3494 1.3695
49.3203 26.3597 1.37
49.4189 26.3701 1.37051
49.5175 26.3804 1.37101
49.6161 26.3907 1.37151
49.7147 26.401 1.37201
49.8133 26.4112 1.37251
49.9119 26.4214 1.37301
50.0105 26.4316 1.37351
50.1091 26.4418 1.37401
50.2077 26.452 1.3745
50.3063 26.4621 1.375
50.4049 26.4722 1.37549
50.5035 26.4823 1.37598
50.6021 26.4923 1.37647
50.7007 26.5024 1.37696
50.7993 26.5124 1.37745
50.8979 26.5224 1.37794
50.9965 26.5324 1.37843
51.0951 26.5423 1.37892
51.1937 26.5522 1.3794
51.2923 26.5622 1.37988
51.3909 26.572 1.38037
51.4895 26.5819 1.38085
51.5881 26.5917 1.38133
51.6867 26.6016 1.38181
51.7853 26.6114 1.38229
51.8839 26.6211 1.38277
51.9825 26.6309 1.38325
52.0811 26.6406 1.38372
52.1797 26.6503 1.3842
52.2783 26.66 1.38467
52.3769 26.6697 1.38515
52.4755 26.6793 1.38562
52.5741 26.689 1.38609
52.6727 26.6986 1.38656
52.7713 26.7082 1.38703
52.8699 26.7177 1.3875
52.9685 26.7273 1.38797
53.0671 26.7368 1.38843
53.1657 26.7463 1.3889
53.2643 26.7558 1.38936
53.3629 26.7653 1.38983
53.4615 26.7747 1.39029
53.5601 26.7841 1.39075
53.6587 26.7935 1.39121
53.7573 26.8029 1.39167
53.8559 26.8123 1.39213
53.9545 26.8216 1.39259
54.0531 26.8309 1.39305
54.1517 26.8402 1.39351
54.2503 26.8495 1.39396
54.3488 26.8588 1.39442
54.4474 26.868 1.39487
54.546 26.8773 1.39532
54.6446 26.8865 1.39578
54.7432 26.8957 1.39623
54.8418 26.9048 1.39668
54.9404 26.914 1.39713
55.039 26.9231 1.39758
55.1376 26.9322 1.39802
55.2362 26.9413 1.39847
55.3348 26.9504 1.39892
55.4334 26.9594 1.39936
55.532 26.9685 1.39981
55.6306 26.9775 1.40025
55.7292 26.9865 1.40069
55.8278 26.9955 1.40113
55.9264 27.0044 1.40157
56.025 27.0134 1.40201
56.1236 27.0223 1.40245
56.2222 27.0312 1.40289
56.3208 27.0401 1.40333
56.4194 27.049 1.40377
56.518 27.0578 1.4042
56.6166 27.0667 1.40464
56.7152 27.0755 1.40507
56.8138 27.0843 1.4055
56.9124 27.0931 1.40594
57.011 27.1018 1.40637
57.1096 27.1106 1.4068
57.2082 27.1193 1.40723
57.3068 27.128 1.40766
57.4054 27.1367 1.40809
57.504 27.1454 1.40852
57.6026 27.1541 1.40894
57.7012 27.1627 1.40937
57.7998 27.1713 1.40979
57.8984 27.18 1.41022
57.997 27.1885 1.41064
58.0956 27.1971 1.41107
58.1942 27.2057 1.41149
58.2928 27.2142 1.41191
58.3914 27.2228 1.41233
58.49 27.2313 1.41275
58.5886 27.2398 1.41317
58.6872 27.2482 1.41359
58.7858 27.2567 1.41401
58.8844 27.2651 1.41442
58.983 27.2736 1.41484
59.0816 27.282 1.41525
59.1802 27.2904 1.41567
59.2788 27.2987 1.41608
59.3774 27.3071 1.4165
59.476 27.3155 1.41691
59.5746 27.3238 1.41732
59.6732 27.3321 1.41773
59.7718 27.3404 1.41814
59.8704 27.3487 1.41855
59.969 27.3569 1.41896
60.0676 27.3652 1.41937
60.1662 27.3734 1.41977
60.2648 27.3816 1.42018
60.3634 27.3898 1.42059
60.462 27.398 1.42099
60.5606 27.4062 1.4214
60.6592 27.4144 1.4218
60.7578 27.4225 1.4222
60.8564 27.4306 1.42261
60.955 27.4387 1.42301
61.0536 27.4468 1.42341
61.1522 27.4549 1.42381
61.2508 27.463 1.42421
61.3493 27.471 1.42461
61.4479 27.4791 1.425
61.5465 27.4871 1.4254
61.6451 27.4951 1.4258
61.7437 27.5031 1.42619
61.8423 27.5111 1.42659
61.9409 27.519 1.42698
62.0395 27.527 1.42738
62.1381 27.5349 1.42777
62.2367 27.5428 1.42816
62.3353 27.5507 1.42855
62.4339 27.5586 1.42895
62.5325 27.5665 1.42934
62.6311 27.5743 1.42973
62.7297 27.5822 1.43012
62.8283 27.59 1.4305
62.9269 27.5978 1.43089
63.0255 27.6056 1.43128
63.1241 27.6134 1.43166
63.2227 27.6212 1.43205
63.3213 27.629 1.43244
63.4199 27.6367 1.43282
63.5185 27.6444 1.4332
63.6171 27.6522 1.43359
63.7157 27.6599 1.43397
63.8143 27.6676 1.43435
63.9129 27.6752 1.43473
64.0115 27.6829 1.43511
64.1101 27.6905 1.43549
64.2087 27.6982 1.43587
64.3073 27.7058 1.43625
64.4059 27.7134 1.43663
64.5045 27.721 1.43701
64.6031 27.7286 1.43738
64.7017 27.7361 1.43776
64.8003 27.7437 1.43814
64.8989 27.7512 1.43851
64.9975 27.7588 1.43889
65.0961 27.7663 1.43926
65.1947 27.7738 1.43963
65.2933 27.7813 1.44
65.3919 27.7887 1.44038
65.4905 27.7962 1.44075
65.5891 27.8037 1.44112
65.6877 27.8111 1.44149
65.7863 27.8185 1.44186
65.8849 27.8259 1.44223
65.9835 27.8333 1.44259
66.0821 27.8407 1.44296
66.1807 27.8481 1.44333
66.2793 27.8554 1.4437
66.3779 27.8628 1.44406
66.4765 27.8701 1.44443
66.5751 27.8774 1.44479
66.6737 27.8847 1.44516
66.7723 27.892 1.44552
66.8709 27.8993 1.44588
66.9695 27.9066 1.44624
67.0681 27.9138 1.44661
67.1667 27.9211 1.44697
67.2653 27.9283 1.44733
67.3639 27.9355 1.44769
67.4625 27.9427 1.44805
67.5611 27.9499 1.44841
67.6597 27.9571 1.44876
67.7583 27.9643 1.44912
67.8569 27.9715 1.44948
67.9555 27.9786 1.44984
68.0541 27.9857 1.45019
68.1527 27.9929 1.45055
68.2513 28 1.4509
68.3498 28.0071 1.45126
68.4484 28.0142 1.45161
68.547 28.0212 1.45196
68.6456 28.0283 1.45232
68.7442 28.0353 1.45267
68.8428 28.0424 1.45302
68.9414 28.0494 1.45337
69.04 28.0564 1.45372
69.1386 28.0634 1.45407
69.2372 28.0704 1.45442
69.3358 28.0774 1.45477
69.4344 28.0844 1.45512
69.533 28.0913 1.45546
69.6316 28.0983 1.45581
69.7302 28.1052 1.45616
69.8288 28.1121 1.4565
69.9274 28.1191 1.45685
70.026 28.126 1.45719
70.1246 28.1328 1.45754
70.2232 28.1397 1.45788
70.3218 28.1466 1.45823
70.4204 28.1534 1.45857
70.519 28.1603 1.45891
70.6176 28.1671 1.45925
70.7162 28.1739 1.45959
70.8148 28.1808 1.45994
70.9134 28.1876 1.46028
71.012 28.1943 1.46062
71.1106 28.2011 1.46095
71.2092 28.2079 1.46129
71.3078 28.2147 1.46163
71.4064 28.2214 1.46197
71.505 28.2281 1.46231
71.6036 28.2349 1.46264
71.7022 28.2416 1.46298
71.8008 28.2483 1.46332
71.8994 28.255 1.46365
71.998 28.2616 1.46399
72.0966 28.2683 1.46432
72.1952 28.275 1.46465
72.2938 28.2816 1.46499
72.3924 28.2883 1.46532
72.491 28.2949 1.46565
72.5896 28.3015 1.46598
72.6882 28.3081 1.46631
72.7868 28.3147 1.46664
72.8854 28.3213 1.46697
72.984 28.3279 1.4673
73.0826 28.3344 1.46763
73.1812 28.341 1.46796
73.2798 28.3475 1.46829
73.3784 28.3541 1.46862
73.477 28.3606 1.46895
73.5756 28.3671 1.46927
73.6742 28.3736 1.4696
73.7728 28.3801 1.46992
73.8714 28.3866 1.47025
73.97 28.3931 1.47057
74.0686 28.3995 1.4709
74.1672 28.406 1.47122
74.2658 28.4124 1.47155
74.3644 28.4188 1.47187
74.463 28.4253 1.47219
74.5616 28.4317 1.47251
74.6602 28.4381 1.47284
74.7588 28.4445 1.47316
74.8574 28.4509 1.47348
74.956 28.4572 1.4738
75.0546 28.4636 1.47412
75.1532 28.47 1.47444
75.2518 28.4763 1.47475
75.3504 28.4826 1.47507
75.4489 28.489 1.47539
75.5475 28.4953 1.47571
75.6461 28.5016 1.47603
75.7447 28.5079 1.47634
75.8433 28.5142 1.47666
75.9419 28.5204 1.47697
76.0405 28.5267 1.47729
76.1391 28.533 1.4776
76.2377 28.5392 1.47792
76.3363 28.5455 1.47823
76.4349 28.5517 1.47855
76.5335 28.5579 1.47886
76.6321 28.5641 1.47917
76.7307 28.5703 1.47948
76.8293 28.5765 1.4798
76.9279 28.5827 1.48011
77.0265 28.5889 1.48042
77.1251 28.595 1.48073
77.2237 28.6012 1.48104
77.3223 28.6074 1.48135
77.4209 28.6135 1.48166
77.5195 28.6196 1.48197
77.6181 28.6257 1.48227
77.7167 28.6319 1.48258
77.8153 28.638 1.48289
77.9139 28.6441 1.4832
78.0125 28.6501 1.4835
78.1111 28.6562 1.48381
78.2097 28.6623 1.48411
78.3083 28.6683 1.48442
78.4069 28.6744 1.48472
78.5055 28.6804 1.48503
78.6041 28.6865 1.48533
78.7027 28.6925 1.48564
78.8013 28.6985 1.48594
78.8999 28.7045 1.48624
78.9985 28.7105 1.48655
79.0971 28.7165 1.48685
79.1957 28.7225 1.48715
79.2943 28.7285 1.48745
79.3929 28.7344 1.48775
79.4915 28.7404 1.48805
79.5901 28.7463 1.48835
79.6887 28.7523 1.48865
79.7873 28.7582 1.48895
79.8859 28.7641 1.48925
79.9845 28.77 1.48955
80.0831 28.7759 1.48985
80.1817 28.7818 1.49014
80.2803 28.7877 1.49044
80.3789 28.7936 1.49074
80.4775 28.7995 1.49103
80.5761 28.8053 1.49133
80.6747 28.8112 1.49163
80.7733 28.817 1.49192
80.8719 28.8228 1.49222
80.9705 28.8287 1.49251
81.0691 28.8345 1.4928
81.1677 28.8403 1.4931
81.2663 28.8461 1.49339
81.3649 28.8519 1.49368
81.4635 28.8577 1.49398
81.5621 28.8635 1.49427
81.6607 28.8693 1.49456
81.7593 28.875 1.49485
81.8579 28.8808 1.49514
81.9565 28.8865 1.49543
82.0551 28.8923 1.49572
82.1537 28.898 1.49601
82.2523 28.9037 1.4963
82.3509 28.9094 1.49659
82.4494 28.9151 1.49688
82.548 28.9208 1.49717
82.6466 28.9265 1.49746
82.7452 28.9322 1.49774
82.8438 28.9379 1.49803
82.9424 28.9436 1.49832
83.041 28.9492 1.49861
83.1396 28.9549 1.49889
83.2382 28.9605 1.49918
83.3368 28.9662 1.49946
83.4354 28.9718 1.49975
83.534 28.9774 1.50003
83.6326 28.983 1.50032
83.7312 28.9886 1.5006
83.8298 28.9942 1.50088
83.9284 28.9998 1.50117
84.027 29.0054 1.50145
84.1256 29.011 1.50173
84.2242 29.0166 1.50201
84.3228 29.0221 1.5023
84.4214 29.0277 1.50258
84.52 29.0332 1.50286
84.6186 29.0388 1.50314
84.7172 29.0443 1.50342
84.8158 29.0498 1.5037
84.9144 29.0553 1.50398
85.013 29.0608 1.50426
85.1116 29.0663 1.50454
85.2102 29.0718 1.50482
85.3088 29.0773 1.50509
85.4074 29.0828 1.50537
85.506 29.0883 1.50565
85.6046 29.0937 1.50593
85.7032 29.0992 1.5062
85.8018 29.1047 1.50648
85.9004 29.1101 1.50676
85.999 29.1155 1.50703
86.0976 29.121 1.50731
86.1962 29.1264 1.50758
86.2948 29.1318 1.50786
86.3934 29.1372 1.50813
86.492 29.1426 1.50841
86.5906 29.148 1.50868
86.6892 29.1534 1.50895
86.7878 29.1588 1.50923
86.8864 29.1641 1.5095
86.985 29.1695 1.50977
87.0836 29.1749 1.51004
87.1822 29.1802 1.51032
87.2808 29.1856 1.51059
87.3794 29.1909 1.51086
87.478 29.1962 1.51113
87.5766 29.2015 1.5114
87.6752 29.2069 1.51167
87.7738 29.2122 1.51194
87.8724 29.2175 1.51221
87.971 29.2228 1.51248
88.0696 29.2281 1.51275
88.1682 29.2333 1.51302
88.2668 29.2386 1.51328
88.3654 29.2439 1.51355
88.464 29.2491 1.51382
88.5626 29.2544 1.51409
88.6612 29.2596 1.51435
88.7598 29.2649 1.51462
88.8584 29.2701 1.51489
88.957 29.2753 1.51515
89.0556 29.2806 1.51542
89.1542 29.2858 1.51568
89.2528 29.291 1.51595
89.3514 29.2962 1.51621
89.4499 29.3014 1.51648
89.5485 29.3066 1.51674
89.6471 29.3117 1.517
89.7457 29.3169 1.51727
89.8443 29.3221 1.51753
89.9429 29.3273 1.51779
90.0415 29.3324 1.51805
90.1401 29.3376 1.51832
90.2387 29.3427 1.51858
90.3373 29.3478 1.51884
90.4359 29.353 1.5191
90.5345 29.3581 1.51936
90.6331 29.3632 1.51962
90.7317 29.3683 1.51988
90.8303 29.3734 1.52014
90.9289 29.3785 1.5204
91.0275 29.3836 1.52066
91.1261 29.3887 1.52092
91.2247 29.3938 1.52118
91.3233 29.3988 1.52144
91.4219 29.4039 1.5217
91.5205 29.4089 1.52195
91.6191 29.414 1.52221
91.7177 29.419 1.52247
91.8163 29.4241 1.52272
91.9149 29.4291 1.52298
92.0135 29.4341 1.52324
92.1121 29.4392 1.52349
92.2107 29.4442 1.52375
92.3093 29.4492 1.524
92.4079 29.4542 1.52426
92.5065 29.4592 1.52451
92.6051 29.4642 1.52477
92.7037 29.4692 1.52502
92.8023 29.4741 1.52528
92.9009 29.4791 1.52553
92.9995 29.4841 1.52578
93.0981 29.489 1.52604
93.1967 29.494 1.52629
93.2953 29.4989 1.52654
93.3939 29.5039 1.52679
93.4925 29.5088 1.52705
93.5911 29.5137 1.5273
93.6897 29.5186 1.52755
93.7883 29.5236 1.5278
93.8869 29.5285 1.52805
93.9855 29.5334 1.5283
94.0841 29.5383 1.52855
94.1827 29.5432 1.5288
94.2813 29.5481 1.52905
94.3799 29.5529 1.5293
94.4785 29.5578 1.52955
94.5771 29.5627 1.5298
94.6757 29.5675 1.53005
94.7743 29.5724 1.53029
94.8729 29.5773 1.53054
94.9715 29.5821 1.53079
95.0701 29.5869 1.53104
95.1687 29.5918 1.53128
95.2673 29.5966 1.53153
95.3659 29.6014 1.53178
95.4645 29.6062 1.53202
95.5631 29.611 1.53227
95.6617 29.6159 1.53251
95.7603 29.6207 1.53276
95.8589 29.6254 1.53301
95.9575 29.6302 1.53325
96.0561 29.635 1.53349
96.1547 29.6398 1.53374
96.2533 29.6446 1.53398
96.3519 29.6493 1.53423
96.4505 29.6541 1.53447
96.549 29.6588 1.53471
96.6476 29.6636 1.53496
96.7462 29.6683 1.5352
96.8448 29.6731 1.53544
96.9434 29.6778 1.53568
97.042 29.6825 1.53593
97.1406 29.6872 1.53617
97.2392 29.692 1.53641
97.3378 29.6967 1.53665
97.4364 29.7014 1.53689
97.535 29.7061 1.53713
97.6336 29.7108 1.53737
97.7322 29.7154 1.53761
97.8308 29.7201 1.53785
97.9294 29.7248 1.53809
98.028 29.7295 1.53833
98.1266 29.7341 1.53857
98.2252 29.7388 1.53881
98.3238 29.7435 1.53904
98.4224 29.7481 1.53928
98.521 29.7527 1.53952
98.6196 29.7574 1.53976
98.7182 29.762 1.54
98.8168 29.7666 1.54023
98.9154 29.7713 1.54047
99.014 29.7759 1.54071
99.1126 29.7805 1.54094
99.2112 29.7851 1.54118
99.3098 29.7897 1.54141
99.4084 29.7943 1.54165
99.507 29.7989 1.54189
99.6056 29.8035 1.54212
99.7042 29.808 1.54236
99.8028 29.8126 1.54259
99.9014 29.8172 1.54282
100 29.8218 1.54306
