1e-05 70.1975 3.14629
0.00101099 16.8988 0.932144
0.00201198 13.1382 0.793841
0.00301297 11.2295 0.730001
0.00401396 9.99106 0.69224
0.00501495 9.09136 0.667254
0.00601595 8.39438 0.649633
0.00701694 7.82907 0.636667
0.00801793 7.35724 0.626896
0.00901892 6.95443 0.619396
0.0100199 6.60355 0.613536
0.0110209 6.29423 0.60895
0.0120219 6.01875 0.605367
0.0130229 5.77043 0.602549
0.0140239 5.54484 0.600347
0.0150249 5.33866 0.598654
0.0160259 5.14928 0.597392
0.0170268 4.97437 0.596483
0.0180278 4.81183 0.595846
0.0190288 4.66018 0.595445
0.0200298 4.5183 0.595248
0.0210308 4.38517 0.59522
0.0220318 4.25999 0.595345
0.0230328 4.14194 0.595603
0.0240338 4.03026 0.595962
0.0250348 3.92431 0.5964
0.0260358 3.82364 0.596917
0.0270368 3.72784 0.597501
0.0280377 3.63652 0.598139
0.0290387 3.54935 0.59882
0.0300397 3.46605 0.599551
0.0310407 3.38632 0.60032
0.0320417 3.3099 0.601117
0.0330427 3.23654 0.60193
0.0340437 3.16602 0.602755
0.0350447 3.09819 0.603599
0.0360457 3.03289 0.604456
0.0370467 2.96997 0.605321
0.0380477 2.90929 0.606189
0.0390486 2.85073 0.607057
0.0400496 2.79418 0.607934
0.0410506 2.73952 0.608815
0.0420516 2.68666 0.609694
0.0430526 2.63549 0.610567
0.0440536 2.58591 0.611428
0.0450546 2.53784 0.612278
0.0460556 2.49124 0.613123
0.0470566 2.44601 0.613962
0.0480576 2.40211 0.614791
0.0490586 2.35947 0.61561
0.0500595 2.31804 0.616415
0.0510605 2.27777 0.617207
0.0520615 2.23861 0.617992
0.0530625 2.20052 0.618769
0.0540635 2.16344 0.619535
0.0550645 2.12735 0.620287
0.0560655 2.09218 0.621024
0.0570665 2.0579 0.621742
0.0580675 2.02448 0.622441
0.0590685 1.99189 0.623129
0.0600695 1.96011 0.623804
0.0610705 1.9291 0.624465
0.0620714 1.89883 0.625111
0.0630724 1.86928 0.625741
0.0640734 1.84041 0.626354
0.0650744 1.81222 0.626948
0.0660754 1.78466 0.627527
0.0670764 1.75774 0.628094
0.0680774 1.73143 0.628649
0.0690784 1.7057 0.629188
0.0700794 1.68053 0.629712
0.0710804 1.65591 0.630218
0.0720814 1.63182 0.630705
0.0730823 1.60823 0.631173
0.0740833 1.58514 0.631624
0.0750843 1.56253 0.632062
0.0760853 1.5404 0.632485
0.0770863 1.51872 0.632893
0.0780873 1.49748 0.633285
0.0790883 1.47666 0.633661
0.0800893 1.45626 0.63402
0.0810903 1.43626 0.634362
0.0820913 1.41665 0.634686
0.0830923 1.39742 0.634996
0.0840932 1.37857 0.635294
0.0850942 1.36008 0.635578
0.0860952 1.34194 0.635848
0.0870962 1.32415 0.636102
0.0880972 1.30669 0.63634
0.0890982 1.28955 0.636561
0.0900992 1.27272 0.636764
0.0911002 1.25619 0.63695
0.0921012 1.23997 0.637121
0.0931022 1.22404 0.637278
0.0941032 1.2084 0.637422
0.0951041 1.19305 0.637551
0.0961051 1.17796 0.637666
0.0971061 1.16314 0.637766
0.0981071 1.14857 0.63785
0.0991081 1.13426 0.637918
0.100109 1.12018 0.63797
0.10111 1.10634 0.638006
0.102111 1.09274 0.638029
0.103112 1.07937 0.63804
0.104113 1.06622 0.638037
0.105114 1.0533 0.638021
0.106115 1.04059 0.637991
0.107116 1.02809 0.637947
0.108117 1.01579 0.637888
0.109118 1.00369 0.637813
0.110119 0.991787 0.637724
0.11112 0.980067 0.637618
0.112121 0.968538 0.6375
0.113122 0.957198 0.637369
0.114123 0.94604 0.637226
0.115124 0.935061 0.63707
0.116125 0.924254 0.636901
0.117126 0.913615 0.636719
0.118127 0.903139 0.636522
0.119128 0.892821 0.636312
0.120129 0.882657 0.636088
0.12113 0.872643 0.63585
0.122131 0.862776 0.635597
0.123132 0.85306 0.635333
0.124133 0.843492 0.635057
0.125134 0.834069 0.634769
0.126135 0.824786 0.634469
0.127136 0.815641 0.634157
0.128137 0.80663 0.633832
0.129138 0.79775 0.633495
0.130139 0.788997 0.633144
0.13114 0.780369 0.63278
0.132141 0.771862 0.632403
0.133142 0.763475 0.632013
0.134143 0.75521 0.631611
0.135144 0.747067 0.631198
0.136145 0.739042 0.630774
0.137146 0.731132 0.630339
0.138147 0.723334 0.629892
0.139148 0.715645 0.629433
0.140149 0.708062 0.628963
0.14115 0.700583 0.628481
0.142151 0.693204 0.627986
0.143152 0.685924 0.627479
0.144153 0.678739 0.62696
0.145154 0.67165 0.626428
0.146155 0.664661 0.625887
0.147156 0.657768 0.625335
0.148157 0.65097 0.624773
0.149158 0.644263 0.6242
0.150159 0.637647 0.623616
0.15116 0.631118 0.623021
0.152161 0.624675 0.622415
0.153162 0.618315 0.621798
0.154163 0.612037 0.621169
0.155164 0.605839 0.62053
0.156165 0.599719 0.619879
0.157166 0.593677 0.619217
0.158167 0.587717 0.618546
0.159168 0.581836 0.617865
0.160169 0.576033 0.617174
0.16117 0.570304 0.616473
0.162171 0.56465 0.615762
0.163172 0.559066 0.615041
0.164173 0.553553 0.61431
0.165174 0.548108 0.613568
0.166175 0.542729 0.612816
0.167175 0.537416 0.612054
0.168176 0.532165 0.611282
0.169177 0.526977 0.610499
0.170178 0.521855 0.609706
0.171179 0.516798 0.608905
0.17218 0.511804 0.608094
0.173181 0.506872 0.607274
0.174182 0.502001 0.606445
0.175183 0.497189 0.605607
0.176184 0.492436 0.604759
0.177185 0.487739 0.603902
0.178186 0.483098 0.603036
0.179187 0.47851 0.60216
0.180188 0.473976 0.601276
0.181189 0.469494 0.600382
0.18219 0.465065 0.599479
0.183191 0.46069 0.598568
0.184192 0.456369 0.597648
0.185193 0.452101 0.596721
0.186194 0.447883 0.595785
0.187195 0.443716 0.59484
0.188196 0.439597 0.593887
0.189197 0.435525 0.592926
0.190198 0.4315 0.591956
0.191199 0.42752 0.590978
0.1922 0.423583 0.589991
0.193201 0.41969 0.588995
0.194202 0.415839 0.587992
0.195203 0.41203 0.586979
0.196204 0.408265 0.585959
0.197205 0.404544 0.584931
0.198206 0.400866 0.583895
0.199207 0.39723 0.582852
0.200208 0.393635 0.5818
0.201209 0.39008 0.580741
0.20221 0.386564 0.579675
0.203211 0.383088 0.578601
0.204212 0.379649 0.577519
0.205213 0.376247 0.576431
0.206214 0.372881 0.575334
0.207215 0.369551 0.574231
0.208216 0.366256 0.573121
0.209217 0.362999 0.572004
0.210218 0.359779 0.57088
0.211219 0.356596 0.569749
0.21222 0.353448 0.568611
0.213221 0.350334 0.567466
0.214222 0.347255 0.566315
0.215223 0.344208 0.565157
0.216224 0.341194 0.563992
0.217225 0.338212 0.56282
0.218226 0.33526 0.561642
0.219227 0.332338 0.560458
0.220228 0.329446 0.559266
0.221229 0.326582 0.558069
0.22223 0.323748 0.556864
0.223231 0.320944 0.555653
0.224232 0.318171 0.554436
0.225233 0.315427 0.553212
0.226234 0.312712 0.551982
0.227235 0.310026 0.550746
0.228236 0.307368 0.549504
0.229237 0.304738 0.548257
0.230238 0.302134 0.547003
0.231239 0.299556 0.545744
0.23224 0.297005 0.544479
0.233241 0.294478 0.543209
0.234242 0.291977 0.541933
0.235243 0.2895 0.540653
0.236244 0.287047 0.539367
0.237245 0.284622 0.538075
0.238246 0.282221 0.536778
0.239247 0.279846 0.535476
0.240248 0.277495 0.534169
0.241249 0.275169 0.532856
0.24225 0.272866 0.531539
0.243251 0.270586 0.530216
0.244252 0.268328 0.528889
0.245253 0.266092 0.527556
0.246254 0.263878 0.526219
0.247255 0.261684 0.524877
0.248256 0.259512 0.52353
0.249257 0.257359 0.522179
0.250258 0.255226 0.520823
0.251259 0.253115 0.519462
0.25226 0.251025 0.518096
0.253261 0.248956 0.516725
0.254262 0.246908 0.515349
0.255263 0.24488 0.513969
0.256264 0.242871 0.512585
0.257265 0.240882 0.511196
0.258266 0.238912 0.509804
0.259267 0.236961 0.508407
0.260268 0.235028 0.507007
0.261269 0.233113 0.505603
0.26227 0.231216 0.504195
0.263271 0.229336 0.502785
0.264272 0.227474 0.501371
0.265273 0.225629 0.499953
0.266274 0.223803 0.498531
0.267275 0.221996 0.497106
0.268276 0.220206 0.495676
0.269277 0.218433 0.494244
0.270278 0.216677 0.492808
0.271279 0.214938 0.491368
0.27228 0.213215 0.489925
0.273281 0.211508 0.488479
0.274282 0.209816 0.48703
0.275283 0.20814 0.485577
0.276284 0.206478 0.484122
0.277285 0.204831 0.482664
0.278285 0.203198 0.481203
0.279286 0.201579 0.47974
0.280287 0.199975 0.478272
0.281288 0.198387 0.476801
0.282289 0.196814 0.475327
0.28329 0.195255 0.47385
0.284291 0.193711 0.47237
0.285292 0.192181 0.470888
0.286293 0.190665 0.469402
0.287294 0.189162 0.467914
0.288295 0.187673 0.466424
0.289296 0.186197 0.464932
0.290297 0.184733 0.463438
0.291298 0.183283 0.461942
0.292299 0.181845 0.460444
0.2933 0.180419 0.458945
0.294301 0.179005 0.457443
0.295302 0.177605 0.45594
0.296303 0.176218 0.454434
0.297304 0.174843 0.452926
0.298305 0.173481 0.451416
0.299306 0.172132 0.449903
0.300307 0.170794 0.448389
0.301308 0.169468 0.446873
0.302309 0.168154 0.445355
0.30331 0.166851 0.443836
0.304311 0.165559 0.442316
0.305312 0.164278 0.440794
0.306313 0.163008 0.43927
0.307314 0.161748 0.437746
0.308315 0.160498 0.436221
0.309316 0.159259 0.434694
0.310317 0.158031 0.433165
0.311318 0.156813 0.431634
0.312319 0.155607 0.430102
0.31332 0.154411 0.428567
0.314321 0.153225 0.427032
0.315322 0.15205 0.425495
0.316323 0.150884 0.423957
0.317324 0.149729 0.422418
0.318325 0.148584 0.420879
0.319326 0.147448 0.419339
0.320327 0.146321 0.417799
0.321328 0.145204 0.416258
0.322329 0.144096 0.414718
0.32333 0.142996 0.413177
0.324331 0.141906 0.411637
0.325332 0.140826 0.410096
0.326333 0.139755 0.408554
0.327334 0.138693 0.407012
0.328335 0.137641 0.405469
0.329336 0.136598 0.403925
0.330337 0.135564 0.402381
0.331338 0.134539 0.400836
0.332339 0.133522 0.399292
0.33334 0.132513 0.397747
0.334341 0.131513 0.396202
0.335342 0.13052 0.394658
0.336343 0.129536 0.393113
0.337344 0.128559 0.391569
0.338345 0.12759 0.390025
0.339346 0.126627 0.388482
0.340347 0.125673 0.386938
0.341348 0.124727 0.385394
0.342349 0.123788 0.383849
0.34335 0.122858 0.382304
0.344351 0.121935 0.380759
0.345352 0.12102 0.379213
0.346353 0.120112 0.377668
0.347354 0.119212 0.376124
0.348355 0.118319 0.374579
0.349356 0.117433 0.373036
0.350357 0.116554 0.371493
0.351358 0.115682 0.369952
0.352359 0.114816 0.368412
0.35336 0.113958 0.366873
0.354361 0.113105 0.365335
0.355362 0.11226 0.3638
0.356363 0.111421 0.362264
0.357364 0.11059 0.360729
0.358365 0.109765 0.359195
0.359366 0.108948 0.357661
0.360367 0.108137 0.356129
0.361368 0.107333 0.354597
0.362369 0.106535 0.353066
0.36337 0.105743 0.351536
0.364371 0.104957 0.350007
0.365372 0.104178 0.34848
0.366373 0.103404 0.346954
0.367374 0.102637 0.345429
0.368375 0.101875 0.343906
0.369376 0.101118 0.342385
0.370377 0.100367 0.340865
0.371378 0.0996216 0.339347
0.372379 0.0988821 0.33783
0.37338 0.0981485 0.336313
0.374381 0.0974207 0.334797
0.375382 0.0966987 0.333283
0.376383 0.0959823 0.331769
0.377384 0.0952715 0.330257
0.378385 0.0945662 0.328746
0.379386 0.0938663 0.327237
0.380387 0.0931718 0.32573
0.381388 0.0924825 0.324225
0.382389 0.0917983 0.322722
0.38339 0.0911192 0.321222
0.384391 0.0904452 0.319724
0.385392 0.089776 0.318228
0.386393 0.0891118 0.316735
0.387394 0.0884525 0.315245
0.388395 0.0877986 0.313756
0.389395 0.0871499 0.312269
0.390396 0.0865064 0.310784
0.391397 0.085868 0.309301
0.392398 0.0852345 0.30782
0.393399 0.0846059 0.30634
0.3944 0.0839821 0.304863
0.395401 0.0833629 0.303388
0.396402 0.0827483 0.301916
0.397403 0.0821382 0.300446
0.398404 0.0815325 0.298978
0.399405 0.0809312 0.297513
0.400406 0.080334 0.296051
0.401407 0.079741 0.294591
0.402408 0.079152 0.293134
0.403409 0.0785672 0.29168
0.40441 0.0779868 0.290227
0.405411 0.0774109 0.288777
0.406412 0.0768393 0.287328
0.407413 0.076272 0.285881
0.408414 0.075709 0.284437
0.409415 0.0751501 0.282994
0.410416 0.0745953 0.281555
0.411417 0.0740446 0.280118
0.412418 0.0734979 0.278684
0.413419 0.0729552 0.277253
0.41442 0.0724163 0.275826
0.415421 0.0718813 0.274401
0.416422 0.07135 0.27298
0.417423 0.0708225 0.271562
0.418424 0.0702986 0.270149
0.419425 0.0697785 0.268738
0.420426 0.0692624 0.267331
0.421427 0.0687502 0.265926
0.422428 0.068242 0.264523
0.423429 0.0677376 0.263124
0.42443 0.067237 0.261728
0.425431 0.06674 0.260334
0.426432 0.0662467 0.258944
0.427433 0.0657569 0.257556
0.428434 0.0652706 0.256172
0.429435 0.0647877 0.254792
0.430436 0.0643082 0.253414
0.431437 0.0638319 0.25204
0.432438 0.0633588 0.250669
0.433439 0.0628889 0.249302
0.43444 0.062422 0.247939
0.435441 0.0619581 0.246579
0.436442 0.0614975 0.245221
0.437443 0.0610403 0.243867
0.438444 0.0605864 0.242515
0.439445 0.0601357 0.241166
0.440446 0.0596883 0.239821
0.441447 0.059244 0.238478
0.442448 0.0588029 0.237139
0.443449 0.0583648 0.235803
0.44445 0.0579298 0.234471
0.445451 0.0574979 0.233142
0.446452 0.0570689 0.231817
0.447453 0.0566428 0.230496
0.448454 0.0562196 0.229179
0.449455 0.0557993 0.227866
0.450456 0.0553818 0.226557
0.451457 0.0549671 0.225252
0.452458 0.0545552 0.223952
0.453459 0.0541465 0.222655
0.45446 0.0537407 0.221361
0.455461 0.0533379 0.220071
0.456462 0.052938 0.218784
0.457463 0.052541 0.217501
0.458464 0.0521467 0.216222
0.459465 0.0517552 0.214946
0.460466 0.0513664 0.213674
0.461467 0.0509802 0.212406
0.462468 0.0505966 0.211142
0.463469 0.0502156 0.209882
0.46447 0.049837 0.208626
0.465471 0.0494609 0.207374
0.466472 0.0490872 0.206126
0.467473 0.0487158 0.204882
0.468474 0.0483468 0.203643
0.469475 0.0479803 0.202406
0.470476 0.0476163 0.201174
0.471477 0.0472548 0.199944
0.472478 0.0468959 0.198718
0.473479 0.0465394 0.197496
0.47448 0.0461853 0.196278
0.475481 0.0458337 0.195064
0.476482 0.0454844 0.193853
0.477483 0.0451374 0.192647
0.478484 0.0447928 0.191444
0.479485 0.0444505 0.190246
0.480486 0.0441105 0.189053
0.481487 0.0437727 0.187863
0.482488 0.0434371 0.186679
0.483489 0.0431037 0.185498
0.48449 0.0427725 0.184323
0.485491 0.0424435 0.183152
0.486492 0.0421168 0.181985
0.487493 0.0417925 0.180822
0.488494 0.0414705 0.179663
0.489495 0.0411508 0.178508
0.490496 0.0408332 0.177357
0.491497 0.0405179 0.17621
0.492498 0.0402047 0.175068
0.493499 0.0398935 0.173929
0.4945 0.0395845 0.172795
0.495501 0.0392774 0.171665
0.496502 0.0389723 0.17054
0.497503 0.0386692 0.169418
0.498504 0.0383679 0.168301
0.499505 0.0380685 0.167189
0.500505 0.037771 0.166081
0.501506 0.0374752 0.164977
0.502507 0.0371813 0.163877
0.503508 0.0368894 0.162781
0.504509 0.0365994 0.161689
0.50551 0.0363114 0.160601
0.506511 0.0360253 0.159517
0.507512 0.0357411 0.158437
0.508513 0.0354587 0.157361
0.509514 0.0351782 0.15629
0.510515 0.0348996 0.155222
0.511516 0.0346227 0.154159
0.512517 0.0343477 0.153101
0.513518 0.0340744 0.152047
0.514519 0.0338029 0.150997
0.51552 0.0335331 0.149953
0.516521 0.0332651 0.148913
0.517522 0.0329988 0.147877
0.518523 0.0327341 0.146847
0.519524 0.0324713 0.145821
0.520525 0.0322102 0.144799
0.521526 0.031951 0.143782
0.522527 0.0316936 0.142769
0.523528 0.0314379 0.14176
0.524529 0.0311839 0.140755
0.52553 0.0309316 0.139755
0.526531 0.030681 0.13876
0.527532 0.030432 0.137768
0.528533 0.0301846 0.136781
0.529534 0.0299388 0.135799
0.530535 0.0296945 0.13482
0.531536 0.0294518 0.133847
0.532537 0.0292105 0.132877
0.533538 0.0289707 0.131912
0.534539 0.0287324 0.130952
0.53554 0.0284954 0.129996
0.536541 0.02826 0.129044
0.537542 0.0280261 0.128096
0.538543 0.0277938 0.127153
0.539544 0.027563 0.126213
0.540545 0.0273336 0.125278
0.541546 0.0271058 0.124346
0.542547 0.0268795 0.12342
0.543548 0.0266546 0.122497
0.544549 0.0264312 0.121579
0.54555 0.0262092 0.120665
0.546551 0.0259886 0.119755
0.547552 0.0257695 0.118851
0.548553 0.0255518 0.11795
0.549554 0.0253354 0.117054
0.550555 0.0251205 0.116163
0.551556 0.0249069 0.115277
0.552557 0.0246947 0.114395
0.553558 0.0244839 0.113518
0.554559 0.0242746 0.112645
0.55556 0.0240668 0.111776
0.556561 0.0238603 0.110912
0.557562 0.0236553 0.110052
0.558563 0.0234516 0.109196
0.559564 0.0232493 0.108345
0.560565 0.0230483 0.107498
0.561566 0.0228487 0.106656
0.562567 0.0226503 0.105817
0.563568 0.0224532 0.104983
0.564569 0.0222573 0.104154
0.56557 0.0220627 0.103328
0.566571 0.0218692 0.102507
0.567572 0.021677 0.101691
0.568573 0.0214859 0.100878
0.569574 0.0212959 0.10007
0.570575 0.0211072 0.099266
0.571576 0.0209197 0.0984659
0.572577 0.0207334 0.09767
0.573578 0.0205483 0.0968781
0.574579 0.0203645 0.0960903
0.57558 0.0201818 0.0953067
0.576581 0.0200004 0.0945272
0.577582 0.0198201 0.0937519
0.578583 0.019641 0.0929809
0.579584 0.0194631 0.0922141
0.580585 0.0192864 0.0914515
0.581586 0.0191108 0.0906933
0.582587 0.0189364 0.0899393
0.583588 0.0187631 0.0891898
0.584589 0.0185909 0.0884445
0.58559 0.0184199 0.0877037
0.586591 0.01825 0.0869673
0.587592 0.0180812 0.0862352
0.588593 0.0179137 0.0855074
0.589594 0.0177473 0.0847838
0.590595 0.0175821 0.0840644
0.591596 0.017418 0.0833492
0.592597 0.017255 0.0826381
0.593598 0.0170932 0.0819312
0.594599 0.0169324 0.0812284
0.5956 0.0167728 0.0805298
0.596601 0.0166142 0.0798352
0.597602 0.0164566 0.0791447
0.598603 0.0163001 0.0784582
0.599604 0.0161446 0.0777758
0.600605 0.0159901 0.0770974
0.601606 0.0158366 0.076423
0.602607 0.0156841 0.0757526
0.603608 0.0155326 0.0750862
0.604609 0.015382 0.0744237
0.60561 0.0152324 0.0737651
0.606611 0.0150839 0.0731103
0.607612 0.0149363 0.0724595
0.608613 0.0147898 0.0718125
0.609614 0.0146443 0.0711694
0.610615 0.0144997 0.0705303
0.611615 0.0143562 0.069895
0.612616 0.0142136 0.0692637
0.613617 0.014072 0.0686364
0.614618 0.0139314 0.0680129
0.615619 0.0137917 0.0673934
0.61662 0.0136531 0.0667779
0.617621 0.0135153 0.0661663
0.618622 0.0133786 0.0655587
0.619623 0.0132427 0.0649551
0.620624 0.0131079 0.0643554
0.621625 0.0129739 0.0637598
0.622626 0.012841 0.0631681
0.623627 0.012709 0.0625804
0.624628 0.0125781 0.0619965
0.625629 0.012448 0.0614166
0.62663 0.0123189 0.0608406
0.627631 0.0121908 0.0602683
0.628632 0.0120636 0.0596999
0.629633 0.0119373 0.0591353
0.630634 0.0118119 0.0585744
0.631635 0.0116874 0.0580173
0.632636 0.0115638 0.0574639
0.633637 0.0114411 0.0569141
0.634638 0.0113192 0.056368
0.635639 0.0111982 0.0558255
0.63664 0.011078 0.0552866
0.637641 0.0109587 0.0547513
0.638642 0.0108402 0.0542196
0.639643 0.0107225 0.0536914
0.640644 0.0106057 0.0531668
0.641645 0.0104897 0.0526458
0.642646 0.0103746 0.0521283
0.643647 0.0102603 0.0516145
0.644648 0.0101469 0.0511041
0.645649 0.0100343 0.0505974
0.64665 0.00992261 0.0500942
0.647651 0.00981171 0.0495945
0.648652 0.00970165 0.0490984
0.649653 0.00959242 0.0486057
0.650654 0.00948401 0.0481166
0.651655 0.00937642 0.0476311
0.652656 0.00926965 0.047149
0.653657 0.00916369 0.0466704
0.654658 0.00905855 0.0461953
0.655659 0.00895421 0.0457237
0.65666 0.00885069 0.0452556
0.657661 0.008748 0.0447911
0.658662 0.00864615 0.0443301
0.659663 0.00854513 0.0438726
0.660664 0.00844492 0.0434186
0.661665 0.00834552 0.0429681
0.662666 0.00824692 0.042521
0.663667 0.00814911 0.0420772
0.664668 0.00805209 0.0416368
0.665669 0.00795584 0.0411998
0.66667 0.00786036 0.040766
0.667671 0.00776563 0.0403354
0.668672 0.00767166 0.0399081
0.669673 0.00757842 0.039484
0.670674 0.00748592 0.039063
0.671675 0.00739414 0.0386451
0.672676 0.00730308 0.0382303
0.673677 0.00721273 0.0378186
0.674678 0.0071231 0.03741
0.675679 0.00703421 0.0370046
0.67668 0.00694605 0.0366024
0.677681 0.00685863 0.0362033
0.678682 0.00677194 0.0358074
0.679683 0.00668598 0.0354146
0.680684 0.00660074 0.0350249
0.681685 0.00651623 0.0346384
0.682686 0.00643243 0.0342549
0.683687 0.00634935 0.0338745
0.684688 0.00626699 0.0334971
0.685689 0.00618534 0.0331227
0.68669 0.0061044 0.0327514
0.687691 0.00602416 0.0323831
0.688692 0.00594463 0.0320178
0.689693 0.0058658 0.0316554
0.690694 0.00578767 0.031296
0.691695 0.00571024 0.0309396
0.692696 0.00563353 0.0305862
0.693697 0.00555755 0.030236
0.694698 0.00548229 0.0298888
0.695699 0.00540773 0.0295447
0.6967 0.00533387 0.0292035
0.697701 0.00526071 0.0288653
0.698702 0.00518823 0.02853
0.699703 0.00511643 0.0281976
0.700704 0.0050453 0.0278681
0.701705 0.00497483 0.0275413
0.702706 0.00490501 0.0272173
0.703707 0.00483584 0.026896
0.704708 0.00476731 0.0265774
0.705709 0.0046994 0.0262615
0.70671 0.00463213 0.0259482
0.707711 0.00456546 0.0256375
0.708712 0.00449941 0.0253293
0.709713 0.00443397 0.0250238
0.710714 0.00436918 0.0247209
0.711715 0.00430502 0.0244209
0.712716 0.00424151 0.0241235
0.713717 0.00417862 0.0238288
0.714718 0.00411637 0.0235368
0.715719 0.00405474 0.0232474
0.71672 0.00399374 0.0229606
0.717721 0.00393335 0.0226765
0.718722 0.00387358 0.0223949
0.719723 0.00381441 0.0221159
0.720724 0.00375586 0.0218394
0.721725 0.00369791 0.0215654
0.722725 0.00364056 0.0212939
0.723726 0.00358381 0.0210248
0.724727 0.00352765 0.0207583
0.725728 0.00347208 0.0204941
0.726729 0.00341709 0.0202323
0.72773 0.00336272 0.0199731
0.728731 0.00330898 0.0197165
0.729732 0.00325585 0.0194625
0.730733 0.00320333 0.019211
0.731734 0.00315142 0.0189621
0.732735 0.0031001 0.0187156
0.733736 0.00304937 0.0184715
0.734737 0.00299921 0.0182299
0.735738 0.00294962 0.0179906
0.736739 0.0029006 0.0177536
0.73774 0.00285212 0.0175189
0.738741 0.0028042 0.0172864
0.739742 0.00275681 0.0170562
0.740743 0.00270995 0.0168281
0.741744 0.00266361 0.0166022
0.742745 0.00261779 0.0163783
0.743746 0.00257247 0.0161565
0.744747 0.00252765 0.0159368
0.745748 0.00248338 0.0157193
0.746749 0.00243966 0.015504
0.74775 0.00239649 0.015291
0.748751 0.00235386 0.0150803
0.749752 0.00231176 0.0148717
0.750753 0.00227019 0.0146654
0.751754 0.00222915 0.0144611
0.752755 0.00218862 0.014259
0.753756 0.0021486 0.014059
0.754757 0.00210909 0.013861
0.755758 0.00207007 0.0136651
0.756759 0.00203155 0.0134712
0.75776 0.00199352 0.0132793
0.758761 0.00195597 0.0130893
0.759762 0.00191889 0.0129013
0.760763 0.00188229 0.0127152
0.761764 0.00184615 0.012531
0.762765 0.00181047 0.0123487
0.763766 0.00177532 0.0121685
0.764767 0.00174068 0.0119904
0.765768 0.00170655 0.0118144
0.766769 0.00167292 0.0116404
0.76777 0.00163978 0.0114684
0.768771 0.00160712 0.0112984
0.769772 0.00157493 0.0111303
0.770773 0.00154321 0.0109641
0.771774 0.00151194 0.0107997
0.772775 0.00148112 0.0106372
0.773776 0.00145073 0.0104764
0.774777 0.00142077 0.0103174
0.775778 0.00139123 0.0101601
0.776779 0.0013621 0.0100045
0.77778 0.00133338 0.00985056
0.778781 0.00130504 0.0096982
0.779782 0.0012771 0.00954741
0.780783 0.00124955 0.00939824
0.781784 0.00122246 0.00925088
0.782785 0.00119581 0.00910534
0.783786 0.00116961 0.00896157
0.784787 0.00114383 0.00881956
0.785788 0.00111849 0.00867927
0.786789 0.00109356 0.00854068
0.78779 0.00106903 0.00840376
0.788791 0.00104491 0.00826849
0.789792 0.00102118 0.00813483
0.790793 0.000997839 0.00800276
0.791794 0.000974873 0.00787226
0.792795 0.000952275 0.00774329
0.793796 0.000930039 0.00761583
0.794797 0.000908158 0.00748986
0.795798 0.000886623 0.00736534
0.796799 0.000865426 0.00724226
0.7978 0.000844562 0.00712059
0.798801 0.00082405 0.00700039
0.799802 0.000803947 0.00688185
0.800803 0.000784244 0.00676494
0.801804 0.000764932 0.00664963
0.802805 0.000746001 0.00653589
0.803806 0.000727439 0.00642368
0.804807 0.000709238 0.00631296
0.805808 0.000691387 0.00620371
0.806809 0.000673876 0.0060959
0.80781 0.000656695 0.00598948
0.808811 0.000639835 0.00588443
0.809812 0.000623286 0.00578071
0.810813 0.000607038 0.0056783
0.811814 0.000591081 0.00557715
0.812815 0.000575407 0.00547725
0.813816 0.000560005 0.00537855
0.814817 0.000544867 0.00528104
0.815818 0.000529983 0.00518466
0.816819 0.000515382 0.00508952
0.81782 0.000501121 0.00499578
0.818821 0.000487191 0.00490341
0.819822 0.000473583 0.0048124
0.820823 0.000460287 0.0047227
0.821824 0.000447295 0.0046343
0.822825 0.000434596 0.00454718
0.823826 0.000422182 0.00446129
0.824827 0.000410042 0.00437663
0.825828 0.000398169 0.00429315
0.826829 0.000386552 0.00421084
0.82783 0.000375183 0.00412967
0.828831 0.000364053 0.00404962
0.829832 0.000353153 0.00397065
0.830833 0.000342473 0.00389275
0.831834 0.000332006 0.00381589
0.832835 0.000321742 0.00374004
0.833835 0.000311673 0.00366519
0.834836 0.000301832 0.00359142
0.835837 0.000292273 0.00351888
0.836838 0.000282987 0.00344754
0.837839 0.000273964 0.00337739
0.83884 0.000265194 0.00330837
0.839841 0.000256666 0.00324048
0.840842 0.000248372 0.00317368
0.841843 0.000240301 0.00310793
0.842844 0.000232444 0.00304322
0.843845 0.000224791 0.00297951
0.844846 0.000217332 0.00291677
0.845847 0.000210058 0.00285498
0.846848 0.00020296 0.00279411
0.847849 0.000196027 0.00273413
0.84885 0.000189252 0.00267502
0.849851 0.000182623 0.00261674
0.850852 0.000176133 0.00255927
0.851853 0.000169772 0.00250259
0.852854 0.000163573 0.00244678
0.853855 0.000157588 0.00239198
0.854856 0.000151809 0.00233818
0.855857 0.000146227 0.00228534
0.856858 0.000140833 0.00223345
0.857859 0.00013562 0.00218249
0.85886 0.000130578 0.00213242
0.859861 0.000125699 0.00208323
0.860862 0.000120975 0.00203489
0.861863 0.000116396 0.00198737
0.862864 0.000111956 0.00194066
0.863865 0.000107646 0.00189474
0.864866 0.000103457 0.00184957
0.865867 9.93812e-05 0.00180514
0.866868 9.54108e-05 0.00176143
0.867869 9.15378e-05 0.00171841
0.86887 8.7754e-05 0.00167606
0.869871 8.40517e-05 0.00163436
0.870872 8.04581e-05 0.00159338
0.871873 7.70207e-05 0.00155327
0.872874 7.37324e-05 0.001514
0.873875 7.05857e-05 0.00147555
0.874876 6.75729e-05 0.00143789
0.875877 6.46865e-05 0.00140099
0.876878 6.19191e-05 0.00136484
0.877879 5.92633e-05 0.00132941
0.87888 5.67116e-05 0.00129468
0.879881 5.42568e-05 0.00126062
0.880882 5.18915e-05 0.0012272
0.881883 4.96086e-05 0.00119442
0.882884 4.74009e-05 0.00116223
0.883885 4.52612e-05 0.00113063
0.884886 4.31826e-05 0.00109958
0.885887 4.11578e-05 0.00106906
0.886888 3.91801e-05 0.00103906
0.887889 3.72423e-05 0.00100954
0.88889 3.53643e-05 0.000980579
0.889891 3.35868e-05 0.000952307
0.890892 3.1905e-05 0.000924705
0.891893 3.03133e-05 0.000897755
0.892894 2.88063e-05 0.000871435
0.893895 2.73784e-05 0.000845725
0.894896 2.60242e-05 0.000820606
0.895897 2.47382e-05 0.000796057
0.896898 2.35151e-05 0.000772059
0.897899 2.23496e-05 0.000748593
0.8989 2.12362e-05 0.000725639
0.899901 2.01698e-05 0.000703178
0.900902 1.91451e-05 0.00068119
0.901903 1.81568e-05 0.000659657
0.902904 1.71998e-05 0.000638559
0.903905 1.6269e-05 0.000617879
0.904906 1.53593e-05 0.000597596
0.905907 1.44655e-05 0.000577693
0.906908 1.36005e-05 0.000558225
0.907909 1.27941e-05 0.000539317
0.90891 1.20433e-05 0.000520952
0.909911 1.13444e-05 0.000503111
0.910912 1.06937e-05 0.000485774
0.911913 1.00874e-05 0.000468921
0.912914 9.522e-06 0.000452533
0.913915 8.9937e-06 0.000436591
0.914916 8.49891e-06 0.000421076
0.915917 8.03402e-06 0.000405969
0.916918 7.59544e-06 0.00039125
0.917919 7.17962e-06 0.000376901
0.91892 6.78302e-06 0.000362904
0.919921 6.40212e-06 0.00034924
0.920922 6.03343e-06 0.00033589
0.921923 5.67349e-06 0.000322837
0.922924 5.31884e-06 0.000310061
0.923925 4.96605e-06 0.000297546
0.924926 4.62293e-06 0.000285342
0.925927 4.30787e-06 0.000273564
0.926928 4.01939e-06 0.000262199
0.927929 3.75548e-06 0.000251229
0.92893 3.51418e-06 0.000240638
0.929931 3.29352e-06 0.000230409
0.930932 3.09157e-06 0.000220525
0.931933 2.90638e-06 0.00021097
0.932934 2.73604e-06 0.000201729
0.933935 2.57863e-06 0.000192784
0.934936 2.43226e-06 0.00018412
0.935937 2.29503e-06 0.000175721
0.936938 2.16509e-06 0.00016757
0.937939 2.04055e-06 0.000159653
0.93894 1.91958e-06 0.000151953
0.939941 1.80034e-06 0.000144455
0.940942 1.68099e-06 0.000137143
0.941943 1.55973e-06 0.000130002
0.942944 1.44182e-06 0.000123095
0.943945 1.33525e-06 0.000116508
0.944945 1.23919e-06 0.000110227
0.945946 1.15277e-06 0.000104236
0.946947 1.07513e-06 9.85198e-05
0.947948 1.0054e-06 9.30641e-05
0.948949 9.42738e-07 8.78538e-05
0.94995 8.86293e-07 8.28741e-05
0.950951 8.35224e-07 7.81101e-05
0.951952 7.88694e-07 7.35474e-05
0.952953 7.45871e-07 6.91714e-05
0.953954 7.05929e-07 6.49677e-05
0.954955 6.68048e-07 6.09219e-05
0.955956 6.3141e-07 5.70198e-05
0.956957 5.95205e-07 5.32472e-05
0.957958 5.58627e-07 4.959e-05
0.958959 5.20875e-07 4.60342e-05
0.95996 4.81441e-07 4.25734e-05
0.960961 4.44279e-07 3.93128e-05
0.961962 4.10662e-07 3.62794e-05
0.962963 3.80296e-07 3.34587e-05
0.963964 3.52893e-07 3.08361e-05
0.964965 3.28163e-07 2.83974e-05
0.965966 3.05819e-07 2.61281e-05
0.966967 2.85578e-07 2.40142e-05
0.967968 2.67154e-07 2.20415e-05
0.968969 2.50268e-07 2.0196e-05
0.96997 2.34639e-07 1.84636e-05
0.970971 2.19989e-07 1.68307e-05
0.971972 2.06042e-07 1.52834e-05
0.972973 1.92523e-07 1.3808e-05
0.973974 1.7916e-07 1.23908e-05
0.974975 1.65681e-07 1.10185e-05
0.975976 1.51816e-07 9.67753e-06
0.976977 1.37558e-07 8.37335e-06
0.977978 1.24391e-07 7.21533e-06
0.978979 1.12493e-07 6.21032e-06
0.97998 1.01741e-07 5.34264e-06
0.980981 9.20098e-08 4.59673e-06
0.981982 8.31763e-08 3.9571e-06
0.982983 7.51182e-08 3.40838e-06
0.983984 6.77139e-08 2.93528e-06
0.984985 6.08422e-08 2.52259e-06
0.985986 5.43831e-08 2.15522e-06
0.986987 4.8217e-08 1.81814e-06
0.987988 4.22251e-08 1.49644e-06
0.988989 3.62893e-08 1.17528e-06
0.98999 3.02923e-08 8.39919e-07
0.990991 2.45338e-08 5.29085e-07
0.991992 1.97143e-08 3.3006e-07
0.992993 1.567e-08 2.16778e-07
0.993994 1.22113e-08 1.5993e-07
0.994995 9.15006e-09 1.3038e-07
0.995996 6.29917e-09 9.91699e-08
0.996997 3.62275e-09 4.97643e-08
0.997998 1.86515e-09 3.85357e-08
0.998999 5.62066e-10 3.39464e-08
1 0 0
