1e-05 70.4514 3.15944
0.00101099 16.9463 0.932068
0.00201198 13.1791 0.793916
0.00301297 11.2657 0.729906
0.00401396 10.0235 0.691897
0.00501495 9.12055 0.66665
0.00601595 8.42071 0.648783
0.00701694 7.853 0.635588
0.00801793 7.37899 0.625611
0.00901892 6.97419 0.617928
0.0100199 6.62156 0.611905
0.0110209 6.31066 0.607176
0.0120219 6.03374 0.603467
0.0130229 5.78411 0.60054
0.0140239 5.55732 0.598244
0.0150249 5.35005 0.596471
0.0160259 5.15967 0.595139
0.0170268 4.98384 0.594171
0.0180278 4.82045 0.593487
0.0190288 4.66802 0.593047
0.0200298 4.52541 0.592819
0.0210308 4.39162 0.592768
0.0220318 4.26581 0.592878
0.0230328 4.14719 0.593125
0.0240338 4.03497 0.59348
0.0250348 3.92853 0.593918
0.0260358 3.82739 0.594439
0.0270368 3.73115 0.595032
0.0280377 3.63943 0.595682
0.0290387 3.55188 0.596379
0.0300397 3.46823 0.597128
0.0310407 3.38817 0.59792
0.0320417 3.31145 0.598741
0.0330427 3.23779 0.59958
0.0340437 3.16701 0.600434
0.0350447 3.09893 0.601308
0.0360457 3.0334 0.602197
0.0370467 2.97026 0.603096
0.0380477 2.90937 0.603999
0.0390486 2.85062 0.604903
0.0400496 2.79389 0.605817
0.0410506 2.73907 0.606737
0.0420516 2.68605 0.607656
0.0430526 2.63473 0.608568
0.0440536 2.58501 0.609469
0.0450546 2.53682 0.610359
0.0460556 2.49009 0.611246
0.0470566 2.44476 0.612126
0.0480576 2.40075 0.612997
0.0490586 2.35802 0.613857
0.0500595 2.3165 0.614704
0.0510605 2.27614 0.615537
0.0520615 2.2369 0.616363
0.0530625 2.19874 0.617182
0.0540635 2.1616 0.61799
0.0550645 2.12544 0.618784
0.0560655 2.09022 0.619561
0.0570665 2.05589 0.620321
0.0580675 2.02242 0.621061
0.0590685 1.98979 0.62179
0.0600695 1.95796 0.622506
0.0610705 1.92691 0.623208
0.0620714 1.89661 0.623895
0.0630724 1.86703 0.624565
0.0640734 1.83813 0.625217
0.0650744 1.80991 0.625849
0.0660754 1.78234 0.626467
0.0670764 1.75539 0.627072
0.0680774 1.72906 0.627664
0.0690784 1.70332 0.62824
0.0700794 1.67814 0.6288
0.0710804 1.65351 0.629342
0.0720814 1.6294 0.629865
0.0730823 1.6058 0.630368
0.0740833 1.5827 0.630852
0.0750843 1.56009 0.631323
0.0760853 1.53796 0.63178
0.0770863 1.51628 0.63222
0.0780873 1.49504 0.632645
0.0790883 1.47422 0.633052
0.0800893 1.45383 0.633442
0.0810903 1.43383 0.633814
0.0820913 1.41422 0.634167
0.0830923 1.395 0.634507
0.0840932 1.37615 0.634833
0.0850942 1.35767 0.635145
0.0860952 1.33954 0.635442
0.0870962 1.32176 0.635723
0.0880972 1.3043 0.635987
0.0890982 1.28717 0.636234
0.0900992 1.27035 0.636463
0.0911002 1.25384 0.636673
0.0921012 1.23763 0.636867
0.0931022 1.22171 0.637047
0.0941032 1.20609 0.637214
0.0951041 1.19075 0.637365
0.0961051 1.17567 0.637502
0.0971061 1.16087 0.637622
0.0981071 1.14631 0.637727
0.0991081 1.13201 0.637815
0.100109 1.11795 0.637886
0.10111 1.10413 0.63794
0.102111 1.09054 0.637981
0.103112 1.07718 0.63801
0.104113 1.06406 0.638024
0.105114 1.05115 0.638025
0.106115 1.03846 0.638011
0.107116 1.02597 0.637982
0.108117 1.01369 0.637938
0.109118 1.00161 0.637878
0.110119 0.989722 0.637803
0.11112 0.97802 0.637711
0.112121 0.966508 0.637605
0.113122 0.955185 0.637487
0.114123 0.944045 0.637356
0.115124 0.933083 0.637212
0.116125 0.922294 0.637054
0.117126 0.911673 0.636882
0.118127 0.901214 0.636696
0.119128 0.890914 0.636495
0.120129 0.880768 0.63628
0.12113 0.870772 0.636051
0.122131 0.860922 0.635806
0.123132 0.851224 0.63555
0.124133 0.841673 0.635282
0.125134 0.832267 0.635001
0.126135 0.823002 0.634708
0.127136 0.813874 0.634402
0.128137 0.80488 0.634083
0.129138 0.796017 0.633751
0.130139 0.787281 0.633406
0.13114 0.778669 0.633047
0.132141 0.77018 0.632674
0.133142 0.761809 0.632288
0.134143 0.753561 0.63189
0.135144 0.745435 0.631481
0.136145 0.737426 0.63106
0.137146 0.729533 0.630627
0.138147 0.721751 0.630183
0.139148 0.714078 0.629726
0.140149 0.706511 0.629258
0.14115 0.699048 0.628777
0.142151 0.691685 0.628283
0.143152 0.684421 0.627777
0.144153 0.677252 0.627259
0.145154 0.670179 0.626728
0.146155 0.663204 0.626187
0.147156 0.656327 0.625634
0.148157 0.649543 0.625072
0.149158 0.642852 0.624498
0.150159 0.63625 0.623913
0.15116 0.629736 0.623317
0.152161 0.623307 0.622709
0.153162 0.616962 0.62209
0.154163 0.610698 0.62146
0.155164 0.604514 0.620819
0.156165 0.598408 0.620166
0.157166 0.59238 0.619502
0.158167 0.586434 0.618828
0.159168 0.580567 0.618144
0.160169 0.574776 0.61745
0.16117 0.569061 0.616746
0.162171 0.56342 0.616032
0.163172 0.55785 0.615307
0.164173 0.552349 0.614573
0.165174 0.546917 0.613827
0.166175 0.541551 0.613072
0.167175 0.53625 0.612306
0.168176 0.531012 0.61153
0.169177 0.525836 0.610743
0.170178 0.520725 0.609947
0.171179 0.51568 0.609141
0.17218 0.510698 0.608326
0.173181 0.505778 0.607502
0.174182 0.500919 0.606668
0.175183 0.496118 0.605825
0.176184 0.491376 0.604973
0.177185 0.48669 0.604112
0.178186 0.48206 0.603241
0.179187 0.477483 0.602361
0.180188 0.47296 0.601471
0.181189 0.468488 0.600573
0.18219 0.464069 0.599665
0.183191 0.459704 0.59875
0.184192 0.455394 0.597825
0.185193 0.451135 0.596893
0.186194 0.446927 0.595952
0.187195 0.44277 0.595002
0.188196 0.43866 0.594044
0.189197 0.434598 0.593078
0.190198 0.430582 0.592103
0.191199 0.426611 0.59112
0.1922 0.422684 0.590128
0.193201 0.418799 0.589128
0.194202 0.414957 0.58812
0.195203 0.411156 0.587103
0.196204 0.4074 0.586078
0.197205 0.403688 0.585046
0.198206 0.400018 0.584005
0.199207 0.39639 0.582957
0.200208 0.392803 0.581901
0.201209 0.389256 0.580838
0.20221 0.385749 0.579767
0.203211 0.38228 0.578688
0.204212 0.378848 0.577603
0.205213 0.375454 0.57651
0.206214 0.372096 0.57541
0.207215 0.368773 0.574302
0.208216 0.365486 0.573188
0.209217 0.362236 0.572067
0.210218 0.359023 0.570939
0.211219 0.355846 0.569805
0.21222 0.352705 0.568663
0.213221 0.349599 0.567515
0.214222 0.346526 0.566361
0.215223 0.343486 0.565199
0.216224 0.340478 0.564031
0.217225 0.337502 0.562857
0.218226 0.334557 0.561676
0.219227 0.331641 0.560488
0.220228 0.328755 0.559294
0.221229 0.325898 0.558094
0.22223 0.323069 0.556887
0.223231 0.320271 0.555673
0.224232 0.317503 0.554454
0.225233 0.314765 0.553228
0.226234 0.312056 0.551996
0.227235 0.309376 0.550758
0.228236 0.306723 0.549514
0.229237 0.304097 0.548264
0.230238 0.301499 0.547009
0.231239 0.298926 0.545748
0.23224 0.296379 0.544482
0.233241 0.293858 0.54321
0.234242 0.291361 0.541934
0.235243 0.288889 0.540652
0.236244 0.286441 0.539365
0.237245 0.28402 0.538073
0.238246 0.281624 0.536776
0.239247 0.279253 0.535473
0.240248 0.276907 0.534166
0.241249 0.274585 0.532853
0.24225 0.272286 0.531536
0.243251 0.27001 0.530213
0.244252 0.267756 0.528886
0.245253 0.265525 0.527554
0.246254 0.263314 0.526217
0.247255 0.261125 0.524876
0.248256 0.258956 0.52353
0.249257 0.256806 0.52218
0.250258 0.254677 0.520825
0.251259 0.25257 0.519465
0.25226 0.250483 0.518101
0.253261 0.248418 0.516731
0.254262 0.246373 0.515357
0.255263 0.244348 0.513979
0.256264 0.242342 0.512596
0.257265 0.240356 0.51121
0.258266 0.238389 0.509819
0.259267 0.236441 0.508425
0.260268 0.234511 0.507027
0.261269 0.232599 0.505626
0.26227 0.230704 0.504221
0.263271 0.228827 0.502813
0.264272 0.226967 0.501402
0.265273 0.225126 0.499988
0.266274 0.223302 0.49857
0.267275 0.221497 0.497148
0.268276 0.21971 0.495723
0.269277 0.217939 0.494294
0.270278 0.216186 0.492862
0.271279 0.214449 0.491427
0.27228 0.212728 0.489988
0.273281 0.211024 0.488547
0.274282 0.209334 0.487102
0.275283 0.20766 0.485655
0.276284 0.206 0.484205
0.277285 0.204355 0.482752
0.278285 0.202724 0.481296
0.279286 0.201107 0.479838
0.280287 0.199506 0.478376
0.281288 0.197919 0.47691
0.282289 0.196348 0.475442
0.28329 0.194791 0.473971
0.284291 0.193249 0.472497
0.285292 0.19172 0.47102
0.286293 0.190206 0.46954
0.287294 0.188705 0.468059
0.288295 0.187217 0.466575
0.289296 0.185743 0.465089
0.290297 0.184281 0.463602
0.291298 0.182832 0.462113
0.292299 0.181395 0.460622
0.2933 0.17997 0.45913
0.294301 0.178558 0.457636
0.295302 0.177159 0.45614
0.296303 0.175773 0.454642
0.297304 0.1744 0.453141
0.298305 0.17304 0.451639
0.299306 0.171691 0.450135
0.300307 0.170355 0.448629
0.301308 0.16903 0.447121
0.302309 0.167717 0.445612
0.30331 0.166415 0.444101
0.304311 0.165124 0.442589
0.305312 0.163844 0.441076
0.306313 0.162575 0.439562
0.307314 0.161316 0.438047
0.308315 0.160067 0.436531
0.309316 0.158829 0.435013
0.310317 0.157601 0.433494
0.311318 0.156385 0.431972
0.312319 0.155179 0.43045
0.31332 0.153984 0.428925
0.314321 0.152799 0.427399
0.315322 0.151624 0.425872
0.316323 0.15046 0.424345
0.317324 0.149305 0.422816
0.318325 0.14816 0.421287
0.319326 0.147025 0.419758
0.320327 0.145899 0.418228
0.321328 0.144783 0.416698
0.322329 0.143675 0.415168
0.32333 0.142576 0.413639
0.324331 0.141487 0.41211
0.325332 0.140407 0.41058
0.326333 0.139336 0.409049
0.327334 0.138275 0.407518
0.328335 0.137224 0.405986
0.329336 0.136181 0.404454
0.330337 0.135148 0.402921
0.331338 0.134122 0.401388
0.332339 0.133106 0.399856
0.33334 0.132098 0.398323
0.334341 0.131098 0.39679
0.335342 0.130106 0.395258
0.336343 0.129121 0.393726
0.337344 0.128145 0.392194
0.338345 0.127176 0.390663
0.339346 0.126214 0.389133
0.340347 0.12526 0.387602
0.341348 0.124314 0.386071
0.342349 0.123376 0.38454
0.34335 0.122445 0.383008
0.344351 0.121523 0.381476
0.345352 0.120608 0.379945
0.346353 0.1197 0.378414
0.347354 0.1188 0.376883
0.348355 0.117907 0.375353
0.349356 0.117021 0.373824
0.350357 0.116142 0.372296
0.351358 0.11527 0.370769
0.352359 0.114405 0.369244
0.35336 0.113546 0.36772
0.354361 0.112694 0.366197
0.355362 0.111849 0.364677
0.356363 0.11101 0.363157
0.357364 0.110179 0.361637
0.358365 0.109355 0.360118
0.359366 0.108537 0.3586
0.360367 0.107726 0.357083
0.361368 0.106922 0.355567
0.362369 0.106124 0.354052
0.36337 0.105332 0.352539
0.364371 0.104547 0.351026
0.365372 0.103767 0.349515
0.366373 0.102994 0.348006
0.367374 0.102226 0.346498
0.368375 0.101464 0.344992
0.369376 0.100707 0.343488
0.370377 0.0999563 0.341986
0.371378 0.0992108 0.340485
0.372379 0.0984712 0.338985
0.37338 0.0977375 0.337486
0.374381 0.0970097 0.335988
0.375382 0.0962876 0.334492
0.376383 0.0955712 0.332996
0.377384 0.0948603 0.331502
0.378385 0.0941549 0.33001
0.379386 0.093455 0.32852
0.380387 0.0927603 0.327031
0.381388 0.0920709 0.325545
0.382389 0.0913866 0.324061
0.38339 0.0907075 0.32258
0.384391 0.0900333 0.321101
0.385392 0.0893641 0.319625
0.386393 0.0886997 0.318151
0.387394 0.0880404 0.316681
0.388395 0.0873864 0.315212
0.389395 0.0867376 0.313745
0.390396 0.086094 0.31228
0.391397 0.0854555 0.310817
0.392398 0.0848219 0.309356
0.393399 0.0841932 0.307897
0.3944 0.0835692 0.30644
0.395401 0.0829499 0.304986
0.396402 0.0823352 0.303535
0.397403 0.081725 0.302085
0.398404 0.0811192 0.300639
0.399405 0.0805177 0.299195
0.400406 0.0799205 0.297754
0.401407 0.0793273 0.296316
0.402408 0.0787382 0.294881
0.403409 0.0781533 0.293448
0.40441 0.0775728 0.292017
0.405411 0.0769967 0.290588
0.406412 0.076425 0.289161
0.407413 0.0758576 0.287737
0.408414 0.0752944 0.286315
0.409415 0.0747354 0.284895
0.410416 0.0741805 0.283478
0.411417 0.0736296 0.282064
0.412418 0.0730828 0.280653
0.413419 0.0725399 0.279245
0.41442 0.0720009 0.27784
0.415421 0.0714657 0.276438
0.416422 0.0709344 0.27504
0.417423 0.0704067 0.273645
0.418424 0.0698827 0.272254
0.419425 0.0693625 0.270867
0.420426 0.0688463 0.269483
0.421427 0.068334 0.268101
0.422428 0.0678257 0.266722
0.423429 0.0673213 0.265346
0.42443 0.0668206 0.263973
0.425431 0.0663235 0.262604
0.426432 0.0658302 0.261237
0.427433 0.0653403 0.259873
0.428434 0.064854 0.258513
0.429435 0.064371 0.257156
0.430436 0.0638914 0.255802
0.431437 0.063415 0.254452
0.432438 0.0629419 0.253105
0.433439 0.0624719 0.251762
0.43444 0.062005 0.250422
0.435441 0.061541 0.249085
0.436442 0.0610804 0.247752
0.437443 0.0606231 0.246421
0.438444 0.0601692 0.245093
0.439445 0.0597185 0.243768
0.440446 0.059271 0.242447
0.441447 0.0588266 0.241128
0.442448 0.0583855 0.239812
0.443449 0.0579474 0.2385
0.44445 0.0575124 0.237192
0.445451 0.0570804 0.235887
0.446452 0.0566513 0.234586
0.447453 0.0562253 0.233288
0.448454 0.0558021 0.231995
0.449455 0.0553818 0.230705
0.450456 0.0549643 0.22942
0.451457 0.0545496 0.228139
0.452458 0.0541378 0.226862
0.453459 0.0537291 0.225588
0.45446 0.0533234 0.224317
0.455461 0.0529206 0.22305
0.456462 0.0525208 0.221787
0.457463 0.0521238 0.220527
0.458464 0.0517296 0.21927
0.459465 0.0513382 0.218018
0.460466 0.0509494 0.216769
0.461467 0.0505634 0.215524
0.462468 0.0501799 0.214282
0.463469 0.0497989 0.213044
0.46447 0.0494205 0.211811
0.465471 0.0490445 0.210581
0.466472 0.0486709 0.209355
0.467473 0.0482997 0.208133
0.468474 0.0479308 0.206915
0.469475 0.0475644 0.2057
0.470476 0.0472006 0.204489
0.471477 0.0468393 0.203281
0.472478 0.0464805 0.202076
0.473479 0.0461242 0.200875
0.47448 0.0457703 0.199678
0.475481 0.0454188 0.198484
0.476482 0.0450697 0.197294
0.477483 0.044723 0.196108
0.478484 0.0443786 0.194926
0.479485 0.0440365 0.193748
0.480486 0.0436967 0.192574
0.481487 0.0433591 0.191405
0.482488 0.0430238 0.19024
0.483489 0.0426906 0.189079
0.48449 0.0423597 0.187922
0.485491 0.0420309 0.18677
0.486492 0.0417045 0.185621
0.487493 0.0413805 0.184477
0.488494 0.0410588 0.183336
0.489495 0.0407393 0.182199
0.490496 0.0404221 0.181066
0.491497 0.040107 0.179937
0.492498 0.0397941 0.178812
0.493499 0.0394833 0.177691
0.4945 0.0391745 0.176574
0.495501 0.0388678 0.175461
0.496502 0.038563 0.174352
0.497503 0.0382602 0.173247
0.498504 0.0379593 0.172146
0.499505 0.0376603 0.171049
0.500505 0.0373631 0.169957
0.501506 0.0370677 0.168868
0.502507 0.0367742 0.167783
0.503508 0.0364827 0.166702
0.504509 0.0361931 0.165625
0.50551 0.0359055 0.164551
0.506511 0.0356198 0.163481
0.507512 0.035336 0.162415
0.508513 0.0350541 0.161353
0.509514 0.0347741 0.160294
0.510515 0.0344959 0.15924
0.511516 0.0342195 0.15819
0.512517 0.0339449 0.157144
0.513518 0.0336722 0.156102
0.514519 0.0334011 0.155065
0.51552 0.0331319 0.154032
0.516521 0.0328643 0.153003
0.517522 0.0325985 0.151979
0.518523 0.0323344 0.150959
0.519524 0.0320721 0.149944
0.520525 0.0318116 0.148932
0.521526 0.0315529 0.147925
0.522527 0.031296 0.146921
0.523528 0.0310409 0.145922
0.524529 0.0307875 0.144927
0.52553 0.0305358 0.143935
0.526531 0.0302857 0.142948
0.527532 0.0300373 0.141965
0.528533 0.0297906 0.140986
0.529534 0.0295454 0.140011
0.530535 0.0293017 0.139041
0.531536 0.0290596 0.138074
0.532537 0.028819 0.137111
0.533538 0.0285799 0.136153
0.534539 0.0283422 0.135199
0.53554 0.0281059 0.134249
0.536541 0.0278712 0.133302
0.537542 0.027638 0.13236
0.538543 0.0274064 0.131421
0.539544 0.0271762 0.130486
0.540545 0.0269476 0.129555
0.541546 0.0267205 0.128628
0.542547 0.0264949 0.127705
0.543548 0.0262708 0.126786
0.544549 0.0260481 0.125871
0.54555 0.0258269 0.12496
0.546551 0.0256071 0.124054
0.547552 0.0253888 0.123151
0.548553 0.0251718 0.122253
0.549554 0.0249563 0.121359
0.550555 0.0247421 0.12047
0.551556 0.0245294 0.119584
0.552557 0.024318 0.118704
0.553558 0.0241081 0.117827
0.554559 0.0238996 0.116954
0.55556 0.0236926 0.116086
0.556561 0.023487 0.115221
0.557562 0.0232828 0.114361
0.558563 0.02308 0.113505
0.559564 0.0228786 0.112652
0.560565 0.0226785 0.111804
0.561566 0.0224797 0.11096
0.562567 0.0222823 0.11012
0.563568 0.0220861 0.109284
0.564569 0.0218911 0.108452
0.56557 0.0216974 0.107623
0.566571 0.0215049 0.106799
0.567572 0.0213136 0.105979
0.568573 0.0211235 0.105163
0.569574 0.0209345 0.104351
0.570575 0.0207467 0.103543
0.571576 0.0205602 0.102739
0.572577 0.0203749 0.101938
0.573578 0.0201909 0.101142
0.574579 0.020008 0.100349
0.57558 0.0198264 0.0995596
0.576581 0.019646 0.0987744
0.577582 0.0194667 0.0979931
0.578583 0.0192887 0.0972159
0.579584 0.0191118 0.0964426
0.580585 0.0189362 0.0956733
0.581586 0.0187616 0.0949081
0.582587 0.0185883 0.094147
0.583588 0.0184161 0.0933899
0.584589 0.018245 0.092637
0.58559 0.0180751 0.0918883
0.586591 0.0179063 0.0911437
0.587592 0.0177386 0.0904033
0.588593 0.0175722 0.0896668
0.589594 0.0174069 0.0889343
0.590595 0.0172429 0.0882058
0.591596 0.0170799 0.0874811
0.592597 0.0169181 0.0867605
0.593598 0.0167574 0.0860437
0.594599 0.0165979 0.0853308
0.5956 0.0164394 0.0846218
0.596601 0.016282 0.0839167
0.597602 0.0161256 0.0832154
0.598603 0.0159703 0.082518
0.599604 0.015816 0.0818244
0.600605 0.0156627 0.0811346
0.601606 0.0155105 0.0804486
0.602607 0.0153592 0.0797664
0.603608 0.0152089 0.079088
0.604609 0.0150595 0.0784133
0.60561 0.0149112 0.0777423
0.606611 0.0147639 0.0770749
0.607612 0.0146177 0.0764111
0.608613 0.0144724 0.075751
0.609614 0.0143281 0.0750947
0.610615 0.0141849 0.074442
0.611615 0.0140426 0.073793
0.612616 0.0139013 0.0731478
0.613617 0.0137611 0.0725063
0.614618 0.0136218 0.0718686
0.615619 0.0134834 0.0712346
0.61662 0.0133461 0.0706045
0.617621 0.0132097 0.0699781
0.618622 0.0130742 0.0693556
0.619623 0.0129398 0.0687369
0.620624 0.0128062 0.0681221
0.621625 0.0126737 0.0675111
0.622626 0.0125421 0.066904
0.623627 0.0124115 0.0663005
0.624628 0.0122819 0.0657009
0.625629 0.0121532 0.0651049
0.62663 0.0120255 0.0645126
0.627631 0.0118988 0.063924
0.628632 0.011773 0.0633391
0.629633 0.0116481 0.0627578
0.630634 0.0115241 0.0621801
0.631635 0.0114011 0.0616061
0.632636 0.0112789 0.0610355
0.633637 0.0111576 0.0604686
0.634638 0.0110371 0.0599052
0.635639 0.0109175 0.0593453
0.63664 0.0107988 0.0587888
0.637641 0.0106809 0.0582359
0.638642 0.0105638 0.0576864
0.639643 0.0104476 0.0571404
0.640644 0.0103322 0.0565978
0.641645 0.0102177 0.0560586
0.642646 0.0101041 0.0555228
0.643647 0.00999132 0.0549905
0.644648 0.00987938 0.0544616
0.645649 0.0097683 0.0539362
0.64665 0.00965806 0.0534142
0.647651 0.00954866 0.0528956
0.648652 0.00944009 0.0523805
0.649653 0.00933236 0.0518688
0.650654 0.00922546 0.0513605
0.651655 0.00911938 0.0508557
0.652656 0.00901412 0.0503543
0.653657 0.00890968 0.0498564
0.654658 0.00880606 0.0493619
0.655659 0.00870324 0.0488708
0.65666 0.00860124 0.0483832
0.657661 0.00850007 0.0478991
0.658662 0.00839975 0.0474184
0.659663 0.00830026 0.0469412
0.660664 0.00820159 0.0464673
0.661665 0.00810373 0.0459968
0.662666 0.00800668 0.0455297
0.663667 0.00791041 0.0450658
0.664668 0.00781494 0.0446053
0.665669 0.00772024 0.044148
0.66667 0.00762631 0.0436939
0.667671 0.00753314 0.0432431
0.668672 0.00744072 0.0427954
0.669673 0.00734905 0.0423509
0.670674 0.0072581 0.0419095
0.671675 0.00716789 0.0414712
0.672676 0.00707839 0.041036
0.673677 0.0069896 0.0406039
0.674678 0.00690153 0.0401748
0.675679 0.00681421 0.0397488
0.67668 0.00672762 0.039326
0.677681 0.00664178 0.0389063
0.678682 0.00655666 0.0384896
0.679683 0.00647228 0.0380761
0.680684 0.00638862 0.0376656
0.681685 0.00630569 0.0372582
0.682686 0.00622348 0.0368539
0.683687 0.00614198 0.0364526
0.684688 0.0060612 0.0360544
0.685689 0.00598113 0.0356592
0.68669 0.00590177 0.0352671
0.687691 0.00582312 0.0348779
0.688692 0.00574517 0.0344918
0.689693 0.00566792 0.0341087
0.690694 0.00559136 0.0337285
0.691695 0.0055155 0.0333514
0.692696 0.00544037 0.0329773
0.693697 0.00536596 0.0326064
0.694698 0.00529227 0.0322385
0.695699 0.00521929 0.0318736
0.6967 0.00514701 0.0315117
0.697701 0.00507542 0.0311528
0.698702 0.00500451 0.0307967
0.699703 0.00493428 0.0304436
0.700704 0.00486472 0.0300934
0.701705 0.00479582 0.0297459
0.702706 0.00472757 0.0294013
0.703707 0.00465997 0.0290594
0.704708 0.004593 0.0287203
0.705709 0.00452666 0.0283838
0.70671 0.00446094 0.0280501
0.707711 0.00439583 0.027719
0.708712 0.00433133 0.0273905
0.709713 0.00426744 0.0270646
0.710714 0.00420419 0.0267415
0.711715 0.00414158 0.0264212
0.712716 0.00407961 0.0261036
0.713717 0.00401827 0.0257887
0.714718 0.00395756 0.0254765
0.715719 0.00389747 0.0251669
0.71672 0.00383801 0.0248601
0.717721 0.00377915 0.0245559
0.718722 0.00372091 0.0242543
0.719723 0.00366328 0.0239553
0.720724 0.00360625 0.0236589
0.721725 0.00354982 0.0233652
0.722725 0.00349398 0.0230739
0.723726 0.00343874 0.0227853
0.724727 0.00338408 0.0224991
0.725728 0.00333001 0.0222155
0.726729 0.00327651 0.0219344
0.72773 0.00322362 0.0216559
0.728731 0.00317136 0.0213801
0.729732 0.00311971 0.0211069
0.730733 0.00306867 0.0208363
0.731734 0.00301823 0.0205683
0.732735 0.00296838 0.0203029
0.733736 0.0029191 0.0200399
0.734737 0.0028704 0.0197794
0.735738 0.00282227 0.0195214
0.736739 0.00277469 0.0192658
0.73774 0.00272766 0.0190125
0.738741 0.00268117 0.0187615
0.739742 0.0026352 0.0185129
0.740743 0.00258977 0.0182665
0.741744 0.00254484 0.0180224
0.742745 0.00250043 0.0177804
0.743746 0.00245651 0.0175407
0.744747 0.00241309 0.0173031
0.745748 0.0023702 0.0170678
0.746749 0.00232786 0.0168348
0.74775 0.00228607 0.0166042
0.748751 0.00224481 0.0163759
0.749752 0.00220408 0.0161499
0.750753 0.00216387 0.0159261
0.751754 0.00212418 0.0157046
0.752755 0.002085 0.0154853
0.753756 0.00204633 0.0152682
0.754757 0.00200815 0.0150532
0.755758 0.00197046 0.0148404
0.756759 0.00193326 0.0146298
0.75776 0.00189654 0.0144212
0.758761 0.00186029 0.0142147
0.759762 0.0018245 0.0140103
0.760763 0.00178918 0.0138079
0.761764 0.00175431 0.0136075
0.762765 0.00171991 0.0134092
0.763766 0.00168601 0.0132131
0.764767 0.00165262 0.0130192
0.765768 0.00161973 0.0128274
0.766769 0.00158734 0.0126378
0.76777 0.00155543 0.0124504
0.768771 0.00152399 0.012265
0.769772 0.00149301 0.0120816
0.770773 0.00146249 0.0119002
0.771774 0.00143242 0.0117208
0.772775 0.00140278 0.0115434
0.773776 0.00137357 0.0113678
0.774777 0.00134478 0.0111941
0.775778 0.0013164 0.0110223
0.776779 0.00128842 0.0108522
0.77778 0.00126083 0.0106839
0.778781 0.00123363 0.0105174
0.779782 0.0012068 0.0103526
0.780783 0.00118036 0.0101895
0.781784 0.00115437 0.0100283
0.782785 0.00112882 0.00986912
0.783786 0.0011037 0.00971179
0.784787 0.001079 0.00955632
0.785788 0.00105472 0.00940271
0.786789 0.00103085 0.00925091
0.78779 0.00100737 0.0091009
0.788791 0.000984293 0.00895266
0.789792 0.000961594 0.00880616
0.790793 0.00093927 0.00866137
0.791794 0.000917314 0.00851828
0.792795 0.000895717 0.00837686
0.793796 0.000874471 0.00823707
0.794797 0.000853569 0.00809891
0.795798 0.000833003 0.00796233
0.796799 0.000812765 0.00782733
0.7978 0.000792847 0.00769387
0.798801 0.000773271 0.00756202
0.799802 0.000754094 0.00743195
0.800803 0.000735308 0.00730365
0.801804 0.000716903 0.00717707
0.802805 0.000698869 0.00705218
0.803806 0.000681194 0.00692894
0.804807 0.00066387 0.00680734
0.805808 0.000646886 0.00668732
0.806809 0.000630232 0.00656886
0.80781 0.000613899 0.00645193
0.808811 0.000597876 0.0063365
0.809812 0.000582154 0.00622252
0.810813 0.000566723 0.00610998
0.811814 0.000551573 0.00599883
0.812815 0.000536695 0.00588906
0.813816 0.00052208 0.00578061
0.814817 0.000507718 0.00567348
0.815818 0.000493599 0.00556762
0.816819 0.000479753 0.00546311
0.81782 0.000466237 0.00536013
0.818821 0.000453043 0.00525866
0.819822 0.00044016 0.00515866
0.820823 0.00042758 0.00506011
0.821824 0.000415293 0.00496298
0.822825 0.00040329 0.00486724
0.823826 0.000391561 0.00477287
0.824827 0.000380098 0.00467985
0.825828 0.00036889 0.00458813
0.826829 0.00035793 0.00449771
0.82783 0.000347207 0.00440855
0.828831 0.000336714 0.00432062
0.829832 0.00032644 0.00423391
0.830833 0.000316378 0.00414838
0.831834 0.000306518 0.00406401
0.832835 0.000296853 0.00398077
0.833835 0.000287372 0.00389865
0.834836 0.000278109 0.00381773
0.835837 0.000269118 0.00373817
0.836838 0.00026039 0.00365994
0.837839 0.000251915 0.00358302
0.83884 0.000243683 0.00350736
0.839841 0.000235684 0.00343294
0.840842 0.000227909 0.00335972
0.841843 0.000220347 0.00328769
0.842844 0.00021299 0.0032168
0.843845 0.000205828 0.00314703
0.844846 0.000198852 0.00307834
0.845847 0.000192052 0.00301071
0.846848 0.000185419 0.00294411
0.847849 0.000178943 0.00287851
0.84885 0.000172616 0.00281388
0.849851 0.000166429 0.00275019
0.850852 0.000160372 0.00268742
0.851853 0.000154436 0.00262552
0.852854 0.000148654 0.00256461
0.853855 0.000143077 0.00250483
0.854856 0.000137696 0.00244616
0.855857 0.000132503 0.00238857
0.856858 0.00012749 0.00233204
0.857859 0.000122649 0.00227654
0.85886 0.000117971 0.00222205
0.859861 0.000113448 0.00216853
0.860862 0.000109072 0.00211597
0.861863 0.000104834 0.00206433
0.862864 0.000100727 0.0020136
0.863865 9.67419e-05 0.00196375
0.864866 9.28717e-05 0.00191475
0.865867 8.91082e-05 0.00186658
0.866868 8.54435e-05 0.00181921
0.867869 8.18697e-05 0.00177263
0.86887 7.83792e-05 0.0017268
0.869871 7.49642e-05 0.0016817
0.870872 7.16512e-05 0.00163742
0.871873 6.8486e-05 0.00159411
0.872874 6.54621e-05 0.00155174
0.873875 6.25719e-05 0.00151029
0.874876 5.98082e-05 0.00146973
0.875877 5.71639e-05 0.00143004
0.876878 5.46318e-05 0.00139118
0.877879 5.22047e-05 0.00135312
0.87888 4.98755e-05 0.00131585
0.879881 4.76373e-05 0.00127934
0.880882 4.5483e-05 0.00124355
0.881883 4.34057e-05 0.00120846
0.882884 4.13985e-05 0.00117406
0.883885 3.94546e-05 0.0011403
0.884886 3.75672e-05 0.00110717
0.885887 3.57295e-05 0.00107463
0.886888 3.39349e-05 0.00104267
0.887889 3.21766e-05 0.00101126
0.88889 3.04735e-05 0.000980478
0.889891 2.88645e-05 0.00095047
0.890892 2.73452e-05 0.00092122
0.891893 2.59103e-05 0.000892702
0.892894 2.45544e-05 0.000864895
0.893895 2.32725e-05 0.000837774
0.894896 2.20593e-05 0.000811317
0.895897 2.09096e-05 0.0007855
0.896898 1.98184e-05 0.0007603
0.897899 1.87806e-05 0.000735694
0.8989 1.7791e-05 0.00071166
0.899901 1.68448e-05 0.000688176
0.900902 1.59369e-05 0.000665218
0.901903 1.50623e-05 0.000642766
0.902904 1.42162e-05 0.000620795
0.903905 1.33936e-05 0.000599286
0.904906 1.25897e-05 0.000578216
0.905907 1.17997e-05 0.000557563
0.906908 1.10357e-05 0.000537393
0.907909 1.03258e-05 0.000517852
0.90891 9.66723e-06 0.000498922
0.909911 9.0566e-06 0.000480578
0.910912 8.49036e-06 0.000462797
0.911913 7.96505e-06 0.000445557
0.912914 7.47722e-06 0.000428834
0.913915 7.02345e-06 0.000412606
0.914916 6.60034e-06 0.000396851
0.915917 6.20451e-06 0.000381545
0.916918 5.8326e-06 0.000366667
0.917919 5.48127e-06 0.000352194
0.91892 5.14722e-06 0.000338105
0.919921 4.82715e-06 0.000324377
0.920922 4.5178e-06 0.000310989
0.921923 4.2159e-06 0.000297919
0.922924 3.91824e-06 0.000285146
0.923925 3.6216e-06 0.000272649
0.924926 3.33323e-06 0.000260489
0.925927 3.07032e-06 0.000248803
0.926928 2.83147e-06 0.000237574
0.927929 2.61486e-06 0.000226782
0.92893 2.41865e-06 0.000216407
0.929931 2.24104e-06 0.000206429
0.930932 2.08022e-06 0.000196827
0.931933 1.93442e-06 0.000187584
0.932934 1.80185e-06 0.000178677
0.933935 1.68074e-06 0.000170089
0.934936 1.56935e-06 0.0001618
0.935937 1.46593e-06 0.000153791
0.936938 1.36876e-06 0.000146042
0.937939 1.2761e-06 0.000138535
0.93894 1.18625e-06 0.000131251
0.939941 1.09751e-06 0.00012417
0.940942 1.00819e-06 0.000117276
0.941943 9.16618e-07 0.000110548
0.942944 8.27616e-07 0.000104062
0.943945 7.48523e-07 9.79223e-05
0.944945 6.78587e-07 9.2111e-05
0.945946 6.17024e-07 8.661e-05
0.946947 5.63053e-07 8.14012e-05
0.947948 5.15902e-07 7.64669e-05
0.948949 4.74799e-07 7.17891e-05
0.94995 4.38981e-07 6.73504e-05
0.950951 4.07687e-07 6.3133e-05
0.951952 3.80163e-07 5.91195e-05
0.952953 3.55657e-07 5.52927e-05
0.953954 3.33424e-07 5.16352e-05
0.954955 3.12723e-07 4.813e-05
0.955956 2.92817e-07 4.47601e-05
0.956957 2.72975e-07 4.15085e-05
0.957958 2.52469e-07 3.83584e-05
0.958959 2.30577e-07 3.52932e-05
0.95996 2.06835e-07 3.23046e-05
0.960961 1.84756e-07 2.95128e-05
0.961962 1.65478e-07 2.69491e-05
0.962963 1.48754e-07 2.45976e-05
0.963964 1.34335e-07 2.24422e-05
0.964965 1.21975e-07 2.04674e-05
0.965966 1.11429e-07 1.86572e-05
0.966967 1.02453e-07 1.69962e-05
0.967968 9.48067e-08 1.54688e-05
0.968969 8.8249e-08 1.40595e-05
0.96997 8.25414e-08 1.27532e-05
0.970971 7.74464e-08 1.15345e-05
0.971972 7.27283e-08 1.03884e-05
0.972973 6.81526e-08 9.29967e-06
0.973974 6.34864e-08 8.2535e-06
0.974975 5.84981e-08 7.23499e-06
0.975976 5.29577e-08 6.22939e-06
0.976977 4.68403e-08 5.24091e-06
0.977978 4.13097e-08 4.37896e-06
0.978979 3.65204e-08 3.65139e-06
0.97998 3.23902e-08 3.04355e-06
0.980981 2.88377e-08 2.54088e-06
0.981982 2.57816e-08 2.1289e-06
0.982983 2.31413e-08 1.79322e-06
0.983984 2.08368e-08 1.51954e-06
0.984985 1.87883e-08 1.29365e-06
0.985986 1.69167e-08 1.10143e-06
0.986987 1.51434e-08 9.28817e-07
0.987988 1.339e-08 7.6187e-07
0.988989 1.15789e-08 5.86711e-07
0.98999 9.6329e-09 3.89553e-07
0.990991 7.68922e-09 2.00133e-07
0.991992 6.11013e-09 8.98188e-08
0.992993 4.82816e-09 3.94931e-08
0.993994 3.763e-09 2.74083e-08
0.994995 2.83478e-09 3.19478e-08
0.995996 1.96415e-09 3.16251e-08
0.996997 1.12517e-09 1.27542e-08
0.997998 5.78658e-10 1.06835e-08
0.998999 1.74288e-10 1.03895e-08
1 1.09226e-28 0
