1e-05 70.1297 3.13479
0.00101099 16.8934 0.940546
0.00201198 13.1304 0.802052
0.00301297 11.2215 0.738194
0.00401396 9.98352 0.700445
0.00501495 9.08442 0.675464
0.00601595 8.3881 0.657829
0.00701694 7.82346 0.644826
0.00801793 7.35223 0.634996
0.00901892 6.94995 0.627419
0.0100199 6.59959 0.621465
0.0110209 6.29073 0.616768
0.0120219 6.01566 0.613064
0.0130229 5.76771 0.610112
0.0140239 5.54246 0.607769
0.0150249 5.33659 0.605926
0.0160259 5.14747 0.604506
0.0170268 4.97281 0.603434
0.0180278 4.81048 0.602631
0.0190288 4.65903 0.60206
0.0200298 4.51732 0.601691
0.0210308 4.38436 0.601488
0.0220318 4.25932 0.601438
0.0230328 4.14141 0.60152
0.0240338 4.02984 0.601702
0.0250348 3.92399 0.601964
0.0260358 3.82341 0.602305
0.0270368 3.72768 0.602713
0.0280377 3.63642 0.603176
0.0290387 3.5493 0.603686
0.0300397 3.46604 0.604245
0.0310407 3.38636 0.604845
0.0320417 3.30997 0.605474
0.0330427 3.23663 0.606122
0.0340437 3.16614 0.606785
0.0350447 3.09833 0.607468
0.0360457 3.03304 0.608167
0.0370467 2.97013 0.608876
0.0380477 2.90945 0.609591
0.0390486 2.85089 0.610309
0.0400496 2.79434 0.611039
0.0410506 2.73968 0.611775
0.0420516 2.68681 0.612512
0.0430526 2.63562 0.613245
0.0440536 2.58603 0.613971
0.0450546 2.53795 0.614688
0.0460556 2.49133 0.615404
0.0470566 2.44609 0.616116
0.0480576 2.40217 0.616822
0.0490586 2.35951 0.61752
0.0500595 2.31806 0.618209
0.0510605 2.27776 0.618887
0.0520615 2.23858 0.61956
0.0530625 2.20047 0.620229
0.0540635 2.16337 0.62089
0.0550645 2.12725 0.62154
0.0560655 2.09205 0.622177
0.0570665 2.05775 0.622799
0.0580675 2.02431 0.623405
0.0590685 1.9917 0.624002
0.0600695 1.95989 0.62459
0.0610705 1.92885 0.625166
0.0620714 1.89856 0.625729
0.0630724 1.86898 0.626279
0.0640734 1.84009 0.626815
0.0650744 1.81187 0.627336
0.0660754 1.78429 0.627844
0.0670764 1.75735 0.628343
0.0680774 1.73101 0.628831
0.0690784 1.70525 0.629307
0.0700794 1.68006 0.62977
0.0710804 1.65541 0.630217
0.0720814 1.63129 0.630649
0.0730823 1.60768 0.631064
0.0740833 1.58457 0.631465
0.0750843 1.56194 0.631854
0.0760853 1.53978 0.632231
0.0770863 1.51808 0.632595
0.0780873 1.49682 0.632946
0.0790883 1.47599 0.633283
0.0800893 1.45556 0.633605
0.0810903 1.43554 0.633912
0.0820913 1.41591 0.634203
0.0830923 1.39667 0.634484
0.0840932 1.37779 0.634753
0.0850942 1.35929 0.635011
0.0860952 1.34114 0.635256
0.0870962 1.32333 0.635488
0.0880972 1.30585 0.635705
0.0890982 1.28869 0.635908
0.0900992 1.27185 0.636095
0.0911002 1.25531 0.636266
0.0921012 1.23907 0.636424
0.0931022 1.22313 0.636571
0.0941032 1.20747 0.636705
0.0951041 1.1921 0.636827
0.0961051 1.177 0.636936
0.0971061 1.16217 0.637032
0.0981071 1.14759 0.637114
0.0991081 1.13326 0.637181
0.100109 1.11917 0.637234
0.10111 1.10532 0.637273
0.102111 1.09171 0.6373
0.103112 1.07833 0.637316
0.104113 1.06517 0.637321
0.105114 1.05224 0.637313
0.106115 1.03953 0.637293
0.107116 1.02702 0.63726
0.108117 1.01471 0.637214
0.109118 1.00261 0.637154
0.110119 0.990692 0.63708
0.11112 0.978966 0.636991
0.112121 0.967431 0.636891
0.113122 0.956085 0.636779
0.114123 0.944922 0.636657
0.115124 0.933937 0.636522
0.116125 0.923125 0.636376
0.117126 0.912482 0.636217
0.118127 0.902001 0.636046
0.119128 0.89168 0.635862
0.120129 0.881512 0.635665
0.12113 0.871495 0.635455
0.122131 0.861626 0.635231
0.123132 0.851907 0.634997
0.124133 0.842337 0.634752
0.125134 0.832911 0.634496
0.126135 0.823627 0.634229
0.127136 0.814481 0.633951
0.128137 0.805469 0.633661
0.129138 0.796587 0.633359
0.130139 0.787834 0.633044
0.13114 0.779206 0.632718
0.132141 0.770699 0.632378
0.133142 0.762312 0.632026
0.134143 0.754048 0.631663
0.135144 0.745905 0.631291
0.136145 0.737881 0.630908
0.137146 0.729972 0.630514
0.138147 0.722176 0.630109
0.139148 0.714488 0.629693
0.140149 0.706907 0.629266
0.14115 0.69943 0.628827
0.142151 0.692054 0.628377
0.143152 0.684776 0.627915
0.144153 0.677594 0.627441
0.145154 0.670508 0.626956
0.146155 0.663521 0.626461
0.147156 0.656632 0.625956
0.148157 0.649837 0.625441
0.149158 0.643134 0.624916
0.150159 0.636521 0.62438
0.15116 0.629996 0.623834
0.152161 0.623557 0.623278
0.153162 0.617202 0.62271
0.154163 0.610928 0.622132
0.155164 0.604734 0.621542
0.156165 0.598619 0.620941
0.157166 0.592582 0.62033
0.158167 0.586627 0.61971
0.159168 0.580751 0.61908
0.160169 0.574953 0.618441
0.16117 0.56923 0.617792
0.162171 0.563581 0.617133
0.163172 0.558004 0.616464
0.164173 0.552496 0.615785
0.165174 0.547057 0.615096
0.166175 0.541685 0.614397
0.167175 0.536377 0.613688
0.168176 0.531133 0.612968
0.169177 0.525951 0.612238
0.170178 0.520835 0.611499
0.171179 0.515784 0.610751
0.17218 0.510797 0.609994
0.173181 0.505872 0.609227
0.174182 0.501008 0.608452
0.175183 0.496203 0.607667
0.176184 0.491456 0.606873
0.177185 0.486766 0.60607
0.178186 0.482132 0.605258
0.179187 0.477552 0.604436
0.180188 0.473025 0.603605
0.181189 0.46855 0.602764
0.18219 0.464127 0.601914
0.183191 0.45976 0.601057
0.184192 0.455446 0.60019
0.185193 0.451185 0.599316
0.186194 0.446975 0.598433
0.187195 0.442815 0.597541
0.188196 0.438704 0.596642
0.189197 0.43464 0.595733
0.190198 0.430622 0.594816
0.191199 0.426649 0.59389
0.1922 0.422721 0.592956
0.193201 0.418835 0.592012
0.194202 0.414991 0.59106
0.195203 0.41119 0.5901
0.196204 0.407433 0.589131
0.197205 0.40372 0.588155
0.198206 0.40005 0.58717
0.199207 0.396422 0.586178
0.200208 0.392834 0.585177
0.201209 0.389288 0.584169
0.20221 0.38578 0.583153
0.203211 0.382311 0.58213
0.204212 0.37888 0.581098
0.205213 0.375486 0.580059
0.206214 0.372129 0.579012
0.207215 0.368807 0.577958
0.208216 0.36552 0.576896
0.209217 0.362271 0.575826
0.210218 0.359059 0.57475
0.211219 0.355884 0.573666
0.21222 0.352744 0.572576
0.213221 0.349639 0.571478
0.214222 0.346567 0.570374
0.215223 0.343529 0.569262
0.216224 0.340523 0.568143
0.217225 0.337549 0.567017
0.218226 0.334605 0.565884
0.219227 0.331692 0.564744
0.220228 0.328808 0.563597
0.221229 0.325952 0.562443
0.22223 0.323126 0.561281
0.223231 0.32033 0.560114
0.224232 0.317565 0.558939
0.225233 0.314829 0.557758
0.226234 0.312123 0.55657
0.227235 0.309445 0.555375
0.228236 0.306795 0.554175
0.229237 0.304172 0.552968
0.230238 0.301576 0.551754
0.231239 0.299007 0.550535
0.23224 0.296463 0.54931
0.233241 0.293944 0.548078
0.234242 0.291451 0.546841
0.235243 0.288981 0.545598
0.236244 0.286537 0.544349
0.237245 0.284119 0.543095
0.238246 0.281726 0.541834
0.239247 0.279359 0.540568
0.240248 0.277016 0.539296
0.241249 0.274697 0.538019
0.24225 0.272402 0.536736
0.243251 0.270129 0.535447
0.244252 0.267879 0.534153
0.245253 0.265651 0.532854
0.246254 0.263444 0.531549
0.247255 0.261258 0.530239
0.248256 0.259093 0.528924
0.249257 0.256947 0.527604
0.250258 0.254822 0.526278
0.251259 0.252718 0.524946
0.25226 0.250636 0.52361
0.253261 0.248575 0.522267
0.254262 0.246533 0.52092
0.255263 0.244513 0.519568
0.256264 0.242511 0.518211
0.257265 0.240529 0.516849
0.258266 0.238567 0.515482
0.259267 0.236622 0.514111
0.260268 0.234697 0.512736
0.261269 0.232789 0.511357
0.26227 0.230899 0.509974
0.263271 0.229026 0.508586
0.264272 0.22717 0.507195
0.265273 0.225332 0.5058
0.266274 0.223513 0.504401
0.267275 0.221713 0.502997
0.268276 0.219929 0.501589
0.269277 0.218163 0.500177
0.270278 0.216415 0.498761
0.271279 0.214682 0.497341
0.27228 0.212966 0.495917
0.273281 0.211265 0.494489
0.274282 0.20958 0.493058
0.275283 0.20791 0.491623
0.276284 0.206255 0.490185
0.277285 0.204615 0.488743
0.278285 0.202988 0.487298
0.279286 0.201375 0.485849
0.280287 0.199778 0.484396
0.281288 0.198196 0.482939
0.282289 0.196629 0.481478
0.28329 0.195077 0.480014
0.284291 0.193539 0.478546
0.285292 0.192015 0.477075
0.286293 0.190505 0.475601
0.287294 0.189009 0.474124
0.288295 0.187526 0.472644
0.289296 0.186055 0.471161
0.290297 0.184598 0.469676
0.291298 0.183154 0.468189
0.292299 0.181721 0.466699
0.2933 0.180301 0.465207
0.294301 0.178893 0.463713
0.295302 0.177499 0.462216
0.296303 0.176118 0.460716
0.297304 0.174749 0.459214
0.298305 0.173393 0.457709
0.299306 0.172049 0.456201
0.300307 0.170717 0.454691
0.301308 0.169397 0.453179
0.302309 0.168088 0.451664
0.30331 0.16679 0.450147
0.304311 0.165504 0.448629
0.305312 0.164228 0.447109
0.306313 0.162964 0.445586
0.307314 0.161709 0.444063
0.308315 0.160464 0.442537
0.309316 0.15923 0.44101
0.310317 0.158007 0.43948
0.311318 0.156795 0.437948
0.312319 0.155594 0.436413
0.31332 0.154403 0.434876
0.314321 0.153222 0.433338
0.315322 0.152052 0.431797
0.316323 0.150891 0.430256
0.317324 0.149741 0.428712
0.318325 0.1486 0.427168
0.319326 0.147469 0.425623
0.320327 0.146347 0.424077
0.321328 0.145235 0.42253
0.322329 0.144131 0.420983
0.32333 0.143037 0.419435
0.324331 0.141951 0.417887
0.325332 0.140876 0.416338
0.326333 0.139809 0.414787
0.327334 0.138752 0.413236
0.328335 0.137705 0.411683
0.329336 0.136666 0.410129
0.330337 0.135637 0.408575
0.331338 0.134616 0.407019
0.332339 0.133603 0.405463
0.33334 0.132599 0.403907
0.334341 0.131603 0.40235
0.335342 0.130614 0.400793
0.336343 0.129634 0.399235
0.337344 0.128661 0.397678
0.338345 0.127696 0.396121
0.339346 0.126738 0.394563
0.340347 0.125788 0.393005
0.341348 0.124845 0.391446
0.342349 0.123911 0.389886
0.34335 0.122985 0.388325
0.344351 0.122066 0.386764
0.345352 0.121155 0.385203
0.346353 0.120251 0.383641
0.347354 0.119354 0.382079
0.348355 0.118465 0.380518
0.349356 0.117583 0.378957
0.350357 0.116707 0.377396
0.351358 0.115839 0.375836
0.352359 0.114977 0.374277
0.35336 0.114122 0.372719
0.354361 0.113274 0.371162
0.355362 0.112431 0.369607
0.356363 0.111596 0.368051
0.357364 0.110769 0.366496
0.358365 0.109948 0.364941
0.359366 0.109133 0.363386
0.360367 0.108326 0.361831
0.361368 0.107525 0.360278
0.362369 0.10673 0.358725
0.36337 0.105942 0.357172
0.364371 0.105159 0.355621
0.365372 0.104383 0.35407
0.366373 0.103613 0.352521
0.367374 0.102848 0.350973
0.368375 0.102089 0.349426
0.369376 0.101336 0.347881
0.370377 0.100588 0.346337
0.371378 0.0998453 0.344795
0.372379 0.0991088 0.343252
0.37338 0.0983781 0.341711
0.374381 0.0976532 0.340169
0.375382 0.0969341 0.338629
0.376383 0.0962206 0.337089
0.377384 0.0955126 0.335551
0.378385 0.0948101 0.334014
0.379386 0.094113 0.332478
0.380387 0.0934211 0.330945
0.381388 0.0927345 0.329412
0.382389 0.092053 0.327882
0.38339 0.0913766 0.326354
0.384391 0.0907052 0.324829
0.385392 0.0900386 0.323305
0.386393 0.0893769 0.321785
0.387394 0.0887201 0.320266
0.388395 0.0880687 0.318749
0.389395 0.0874225 0.317234
0.390396 0.0867815 0.31572
0.391397 0.0861455 0.314207
0.392398 0.0855144 0.312697
0.393399 0.0848881 0.311188
0.3944 0.0842666 0.309681
0.395401 0.0836497 0.308177
0.396402 0.0830374 0.306674
0.397403 0.0824296 0.305174
0.398404 0.0818261 0.303676
0.399405 0.0812269 0.302181
0.400406 0.0806319 0.300688
0.401407 0.080041 0.299198
0.402408 0.0794541 0.297711
0.403409 0.0788714 0.296226
0.40441 0.0782931 0.294742
0.405411 0.0777191 0.293261
0.406412 0.0771495 0.291781
0.407413 0.0765842 0.290303
0.408414 0.0760231 0.288827
0.409415 0.0754661 0.287353
0.410416 0.0749132 0.285882
0.411417 0.0743643 0.284413
0.412418 0.0738195 0.282948
0.413419 0.0732785 0.281485
0.41442 0.0727414 0.280025
0.415421 0.0722081 0.278568
0.416422 0.0716786 0.277115
0.417423 0.0711528 0.275666
0.418424 0.0706306 0.27422
0.419425 0.0701121 0.272777
0.420426 0.0695976 0.271337
0.421427 0.0690871 0.2699
0.422428 0.0685805 0.268466
0.423429 0.0680777 0.267034
0.42443 0.0675786 0.265605
0.425431 0.0670832 0.264179
0.426432 0.0665914 0.262756
0.427433 0.0661031 0.261336
0.428434 0.0656183 0.259919
0.429435 0.0651368 0.258506
0.430436 0.0646587 0.257095
0.431437 0.0641838 0.255689
0.432438 0.0637121 0.254285
0.433439 0.0632435 0.252885
0.43444 0.0627779 0.251489
0.435441 0.0623153 0.250097
0.436442 0.061856 0.248707
0.437443 0.0614 0.24732
0.438444 0.0609473 0.245935
0.439445 0.0604978 0.244554
0.440446 0.0600516 0.243175
0.441447 0.0596084 0.2418
0.442448 0.0591684 0.240428
0.443449 0.0587315 0.239059
0.44445 0.0582976 0.237694
0.445451 0.0578667 0.236333
0.446452 0.0574387 0.234976
0.447453 0.0570137 0.233622
0.448454 0.0565915 0.232272
0.449455 0.0561722 0.230927
0.450456 0.0557556 0.229586
0.451457 0.0553418 0.228249
0.452458 0.0549309 0.226917
0.453459 0.0545231 0.225588
0.45446 0.0541182 0.224262
0.455461 0.0537163 0.22294
0.456462 0.0533172 0.221621
0.457463 0.052921 0.220306
0.458464 0.0525275 0.218995
0.459465 0.0521368 0.217688
0.460466 0.0517487 0.216384
0.461467 0.0513633 0.215084
0.462468 0.0509804 0.213789
0.463469 0.0506001 0.212497
0.46447 0.0502223 0.21121
0.465471 0.0498468 0.209927
0.466472 0.0494738 0.208648
0.467473 0.0491031 0.207373
0.468474 0.0487346 0.206102
0.469475 0.0483687 0.204835
0.470476 0.0480054 0.203572
0.471477 0.0476445 0.202312
0.472478 0.0472861 0.201056
0.473479 0.0469301 0.199803
0.47448 0.0465766 0.198555
0.475481 0.0462254 0.19731
0.476482 0.0458767 0.196069
0.477483 0.0455302 0.194833
0.478484 0.0451861 0.193601
0.479485 0.0448442 0.192373
0.480486 0.0445046 0.19115
0.481487 0.0441672 0.189931
0.482488 0.043832 0.188717
0.483489 0.043499 0.187508
0.48449 0.0431681 0.186303
0.485491 0.0428394 0.185104
0.486492 0.0425131 0.183908
0.487493 0.0421891 0.182717
0.488494 0.0418673 0.181529
0.489495 0.0415478 0.180346
0.490496 0.0412305 0.179167
0.491497 0.0409154 0.177993
0.492498 0.0406024 0.176822
0.493499 0.0402915 0.175656
0.4945 0.0399826 0.174495
0.495501 0.0396757 0.173337
0.496502 0.0393707 0.172185
0.497503 0.0390677 0.171036
0.498504 0.0387666 0.169893
0.499505 0.0384673 0.168754
0.500505 0.0381698 0.167619
0.501506 0.0378741 0.166489
0.502507 0.0375802 0.165363
0.503508 0.0372883 0.164242
0.504509 0.0369984 0.163124
0.50551 0.0367103 0.16201
0.506511 0.0364242 0.160901
0.507512 0.03614 0.159796
0.508513 0.0358576 0.158695
0.509514 0.035577 0.157598
0.510515 0.0352983 0.156506
0.511516 0.0350214 0.155419
0.512517 0.0347462 0.154336
0.513518 0.0344728 0.153258
0.514519 0.0342012 0.152185
0.51552 0.0339313 0.151116
0.516521 0.0336631 0.150053
0.517522 0.0333966 0.148994
0.518523 0.0331317 0.14794
0.519524 0.0328686 0.146892
0.520525 0.0326074 0.145847
0.521526 0.032348 0.144807
0.522527 0.0320903 0.143772
0.523528 0.0318343 0.142741
0.524529 0.0315801 0.141715
0.52553 0.0313275 0.140693
0.526531 0.0310766 0.139676
0.527532 0.0308273 0.138663
0.528533 0.0305795 0.137655
0.529534 0.0303334 0.136651
0.530535 0.0300888 0.135652
0.531536 0.0298456 0.134658
0.532537 0.029604 0.133668
0.533538 0.0293638 0.132683
0.534539 0.0291251 0.131703
0.53554 0.0288877 0.130727
0.536541 0.0286519 0.129756
0.537542 0.0284175 0.128789
0.538543 0.0281847 0.127826
0.539544 0.0279534 0.126868
0.540545 0.0277236 0.125914
0.541546 0.0274953 0.124964
0.542547 0.0272684 0.124019
0.543548 0.027043 0.123078
0.544549 0.0268191 0.122142
0.54555 0.0265965 0.12121
0.546551 0.0263754 0.120284
0.547552 0.0261557 0.119361
0.548553 0.0259374 0.118444
0.549554 0.0257205 0.117532
0.550555 0.0255049 0.116624
0.551556 0.0252907 0.115721
0.552557 0.0250779 0.114823
0.553558 0.0248665 0.11393
0.554559 0.0246565 0.113041
0.55556 0.024448 0.112157
0.556561 0.0242409 0.111277
0.557562 0.0240352 0.110402
0.558563 0.0238308 0.109532
0.559564 0.0236278 0.108666
0.560565 0.0234261 0.107805
0.561566 0.0232257 0.106948
0.562567 0.0230266 0.106095
0.563568 0.0228287 0.105247
0.564569 0.0226321 0.104404
0.56557 0.0224366 0.103565
0.566571 0.0222424 0.102731
0.567572 0.0220494 0.101901
0.568573 0.0218575 0.101076
0.569574 0.0216667 0.100255
0.570575 0.0214771 0.0994384
0.571576 0.0212888 0.0986262
0.572577 0.0211016 0.0978182
0.573578 0.0209157 0.0970144
0.574579 0.020731 0.096215
0.57558 0.0205474 0.09542
0.576581 0.0203651 0.0946293
0.577582 0.0201839 0.093843
0.578583 0.0200039 0.0930611
0.579584 0.019825 0.0922836
0.580585 0.0196474 0.0915106
0.581586 0.0194708 0.0907421
0.582587 0.0192954 0.0899781
0.583588 0.0191212 0.0892187
0.584589 0.018948 0.0884638
0.58559 0.018776 0.0877134
0.586591 0.0186051 0.0869677
0.587592 0.0184353 0.0862266
0.588593 0.0182668 0.0854898
0.589594 0.0180994 0.0847575
0.590595 0.0179331 0.0840296
0.591596 0.017768 0.0833061
0.592597 0.017604 0.0825869
0.593598 0.017441 0.081872
0.594599 0.0172792 0.0811615
0.5956 0.0171185 0.0804552
0.596601 0.0169588 0.0797533
0.597602 0.0168001 0.0790555
0.598603 0.0166425 0.078362
0.599604 0.0164859 0.0776728
0.600605 0.0163303 0.0769877
0.601606 0.0161757 0.0763067
0.602607 0.016022 0.0756299
0.603608 0.0158693 0.0749573
0.604609 0.0157176 0.0742887
0.60561 0.0155668 0.0736242
0.606611 0.0154171 0.0729638
0.607612 0.0152684 0.0723074
0.608613 0.0151206 0.0716551
0.609614 0.0149739 0.0710068
0.610615 0.0148281 0.0703627
0.611615 0.0146833 0.0697226
0.612616 0.0145395 0.0690866
0.613617 0.0143967 0.0684547
0.614618 0.0142548 0.0678268
0.615619 0.0141139 0.0672031
0.61662 0.013974 0.0665835
0.617621 0.013835 0.065968
0.618622 0.013697 0.0653566
0.619623 0.0135599 0.0647494
0.620624 0.0134237 0.0641462
0.621625 0.0132885 0.0635472
0.622626 0.0131543 0.0629523
0.623627 0.013021 0.0623616
0.624628 0.0128887 0.0617749
0.625629 0.0127573 0.0611922
0.62663 0.0126269 0.0606136
0.627631 0.0124975 0.060039
0.628632 0.0123689 0.0594683
0.629633 0.0122413 0.0589015
0.630634 0.0121145 0.0583386
0.631635 0.0119887 0.0577796
0.632636 0.0118637 0.0572245
0.633637 0.0117396 0.0566731
0.634638 0.0116164 0.0561255
0.635639 0.011494 0.0555816
0.63664 0.0113724 0.0550415
0.637641 0.0112517 0.054505
0.638642 0.0111317 0.0539722
0.639643 0.0110127 0.0534431
0.640644 0.0108944 0.0529177
0.641645 0.010777 0.052396
0.642646 0.0106605 0.051878
0.643647 0.0105448 0.0513638
0.644648 0.01043 0.0508532
0.645649 0.0103159 0.0503462
0.64665 0.0102028 0.049843
0.647651 0.0100904 0.0493434
0.648652 0.00997889 0.0488474
0.649653 0.00986819 0.048355
0.650654 0.00975831 0.0478663
0.651655 0.00964925 0.0473812
0.652656 0.00954101 0.0468997
0.653657 0.00943358 0.0464217
0.654658 0.00932695 0.0459473
0.655659 0.00922113 0.0454765
0.65666 0.00911612 0.0450093
0.657661 0.00901194 0.0445457
0.658662 0.00890859 0.0440858
0.659663 0.00880607 0.0436296
0.660664 0.00870435 0.0431769
0.661665 0.00860345 0.0427278
0.662666 0.00850334 0.0422821
0.663667 0.00840401 0.04184
0.664668 0.00830547 0.0414012
0.665669 0.00820769 0.0409659
0.66667 0.00811068 0.040534
0.667671 0.00801443 0.0401053
0.668672 0.00791892 0.0396799
0.669673 0.00782415 0.0392578
0.670674 0.00773011 0.0388389
0.671675 0.00763679 0.0384232
0.672676 0.00754419 0.0380106
0.673677 0.0074523 0.0376012
0.674678 0.00736112 0.0371949
0.675679 0.00727068 0.0367919
0.67668 0.00718097 0.0363921
0.677681 0.00709199 0.0359956
0.678682 0.00700373 0.0356023
0.679683 0.00691621 0.0352123
0.680684 0.0068294 0.0348253
0.681685 0.00674332 0.0344416
0.682686 0.00665795 0.034061
0.683687 0.0065733 0.0336835
0.684688 0.00648937 0.0333091
0.685689 0.00640614 0.0329378
0.68669 0.00632363 0.0325695
0.687691 0.00624182 0.0322043
0.688692 0.00616072 0.0318421
0.689693 0.00608032 0.0314829
0.690694 0.00600062 0.0311267
0.691695 0.00592162 0.0307735
0.692696 0.00584334 0.0304234
0.693697 0.00576579 0.0300765
0.694698 0.00568895 0.0297327
0.695699 0.00561282 0.0293919
0.6967 0.00553739 0.0290542
0.697701 0.00546266 0.0287195
0.698702 0.00538861 0.0283878
0.699703 0.00531523 0.0280589
0.700704 0.00524253 0.027733
0.701705 0.00517048 0.0274098
0.702706 0.0050991 0.0270895
0.703707 0.00502836 0.0267719
0.704708 0.00495826 0.026457
0.705709 0.00488879 0.0261448
0.70671 0.00481995 0.0258352
0.707711 0.00475172 0.0255281
0.708712 0.00468411 0.0252237
0.709713 0.00461712 0.0249218
0.710714 0.00455076 0.0246227
0.711715 0.00448505 0.0243264
0.712716 0.00441997 0.0240329
0.713717 0.00435553 0.023742
0.714718 0.00429172 0.0234538
0.715719 0.00422853 0.0231683
0.71672 0.00416597 0.0228855
0.717721 0.00410403 0.0226052
0.718722 0.00404271 0.0223275
0.719723 0.003982 0.0220524
0.720724 0.0039219 0.0217798
0.721725 0.00386241 0.0215097
0.722725 0.00380353 0.0212421
0.723726 0.00374524 0.0209769
0.724727 0.00368755 0.0207142
0.725728 0.00363046 0.0204539
0.726729 0.00357396 0.0201959
0.72773 0.00351808 0.0199405
0.728731 0.00346282 0.0196878
0.729732 0.00340819 0.0194376
0.730733 0.00335417 0.01919
0.731734 0.00330075 0.0189449
0.732735 0.00324794 0.0187022
0.733736 0.00319571 0.018462
0.734737 0.00314406 0.0182242
0.735738 0.00309299 0.0179887
0.736739 0.00304248 0.0177556
0.73774 0.00299253 0.0175247
0.738741 0.00294313 0.017296
0.739742 0.00289427 0.0170695
0.740743 0.00284595 0.0168451
0.741744 0.00279816 0.0166229
0.742745 0.00275089 0.0164027
0.743746 0.00270413 0.0161846
0.744747 0.00265788 0.0159684
0.745748 0.00261217 0.0157545
0.746749 0.00256702 0.0155429
0.74775 0.00252243 0.0153335
0.748751 0.00247837 0.0151263
0.749752 0.00243486 0.0149213
0.750753 0.00239188 0.0147184
0.751754 0.00234943 0.0145177
0.752755 0.0023075 0.014319
0.753756 0.00226609 0.0141225
0.754757 0.00222519 0.0139279
0.755758 0.0021848 0.0137354
0.756759 0.0021449 0.0135449
0.75776 0.0021055 0.0133563
0.758761 0.00206659 0.0131696
0.759762 0.00202817 0.0129849
0.760763 0.00199022 0.012802
0.761764 0.00195275 0.0126209
0.762765 0.00191575 0.0124418
0.763766 0.00187928 0.0122647
0.764767 0.00184333 0.0120896
0.765768 0.0018079 0.0119167
0.766769 0.00177297 0.0117457
0.76777 0.00173854 0.0115767
0.768771 0.00170459 0.0114097
0.769772 0.00167113 0.0112445
0.770773 0.00163813 0.0110812
0.771774 0.0016056 0.0109197
0.772775 0.00157352 0.01076
0.773776 0.00154189 0.010602
0.774777 0.00151069 0.0104457
0.775778 0.00147992 0.0102912
0.776779 0.00144957 0.0101382
0.77778 0.00141964 0.00998682
0.778781 0.0013901 0.00983702
0.779782 0.00136096 0.00968874
0.780783 0.00133223 0.00954202
0.781784 0.00130396 0.00939709
0.782785 0.00127614 0.00925393
0.783786 0.00124878 0.00911251
0.784787 0.00122185 0.0089728
0.785788 0.00119535 0.00883479
0.786789 0.00116928 0.00869843
0.78779 0.00114363 0.00856369
0.788791 0.00111839 0.00843056
0.789792 0.00109355 0.00829901
0.790793 0.0010691 0.008169
0.791794 0.00104504 0.0080405
0.792795 0.00102135 0.0079135
0.793796 0.000998043 0.00778796
0.794797 0.000975096 0.00766386
0.795798 0.000952506 0.00754116
0.796799 0.000930265 0.00741985
0.7978 0.000908367 0.0072999
0.798801 0.000886831 0.00718138
0.799802 0.000865714 0.00706447
0.800803 0.000845006 0.00694914
0.801804 0.000824698 0.00683538
0.802805 0.000804779 0.00672313
0.803806 0.00078524 0.00661237
0.804807 0.000766071 0.00650307
0.805808 0.000747261 0.00639518
0.806809 0.0007288 0.00628868
0.80781 0.00071068 0.00618353
0.808811 0.00069289 0.0060797
0.809812 0.000675421 0.00597716
0.810813 0.000658262 0.00587588
0.811814 0.000641405 0.00577582
0.812815 0.000624841 0.00567695
0.813816 0.000608559 0.00557925
0.814817 0.00059255 0.00548267
0.815818 0.000576806 0.00538719
0.816819 0.000561354 0.00529289
0.81782 0.000546252 0.00519994
0.818821 0.000531491 0.00510832
0.819822 0.000517062 0.00501801
0.820823 0.000502954 0.00492897
0.821824 0.000489159 0.00484118
0.822825 0.000475667 0.00475462
0.823826 0.000462469 0.00466925
0.824827 0.000449556 0.00458505
0.825828 0.000436918 0.004502
0.826829 0.000424547 0.00442008
0.82783 0.000412434 0.00433925
0.828831 0.000400569 0.00425949
0.829832 0.000388943 0.00418077
0.830833 0.000377549 0.00410308
0.831834 0.000366376 0.00402639
0.832835 0.000355416 0.00395067
0.833835 0.000344662 0.0038759
0.834836 0.000334145 0.00380217
0.835837 0.000323921 0.00372962
0.836838 0.00031398 0.00365823
0.837839 0.000304311 0.00358798
0.83884 0.000294906 0.00351883
0.839841 0.000285753 0.00345075
0.840842 0.000276842 0.00338371
0.841843 0.000268165 0.0033177
0.842844 0.00025971 0.00325268
0.843845 0.000251468 0.00318861
0.844846 0.00024343 0.00312549
0.845847 0.000235586 0.00306327
0.846848 0.000227926 0.00300193
0.847849 0.00022044 0.00294145
0.84885 0.00021312 0.0028818
0.849851 0.000205956 0.00282294
0.850852 0.000198938 0.00276487
0.851853 0.000192057 0.00270754
0.852854 0.000185347 0.00265104
0.853855 0.00017886 0.00259551
0.854856 0.000172589 0.00254094
0.855857 0.000166524 0.0024873
0.856858 0.000160656 0.00243456
0.857859 0.000154978 0.0023827
0.85886 0.000149479 0.0023317
0.859861 0.000144152 0.00228155
0.860862 0.000138987 0.00223221
0.861863 0.000133977 0.00218366
0.862864 0.000129112 0.00213589
0.863865 0.000124385 0.00208887
0.864866 0.000119787 0.00204259
0.865867 0.00011531 0.00199701
0.866868 0.000110945 0.00195212
0.867869 0.000106685 0.0019079
0.86887 0.000102521 0.00186432
0.869871 9.84445e-05 0.00182138
0.870872 9.44845e-05 0.00177913
0.871873 9.06895e-05 0.00173771
0.872874 8.70521e-05 0.0016971
0.873875 8.35644e-05 0.00165727
0.874876 8.02185e-05 0.0016182
0.875877 7.70068e-05 0.00157987
0.876878 7.39214e-05 0.00154225
0.877879 7.09546e-05 0.00150533
0.87888 6.80988e-05 0.00146908
0.879881 6.53465e-05 0.00143347
0.880882 6.26901e-05 0.00139849
0.881883 6.01221e-05 0.00136412
0.882884 5.7635e-05 0.00133033
0.883885 5.52215e-05 0.00129711
0.884886 5.28743e-05 0.00126442
0.885887 5.0586e-05 0.00123225
0.886888 4.83495e-05 0.00120058
0.887889 4.61574e-05 0.00116939
0.88889 4.40305e-05 0.00113873
0.889891 4.20109e-05 0.00110874
0.890892 4.00938e-05 0.00107938
0.891893 3.82732e-05 0.00105066
0.892894 3.65435e-05 0.00102254
0.893895 3.48988e-05 0.000995007
0.894896 3.33335e-05 0.000968049
0.895897 3.18418e-05 0.000941645
0.896898 3.04182e-05 0.000915776
0.897899 2.90571e-05 0.000890426
0.8989 2.77528e-05 0.000865578
0.899901 2.65e-05 0.000841213
0.900902 2.52929e-05 0.000817315
0.901903 2.41264e-05 0.000793866
0.902904 2.29948e-05 0.00077085
0.903905 2.18928e-05 0.00074825
0.904906 2.08152e-05 0.000726048
0.905907 1.97565e-05 0.000704229
0.906908 1.87303e-05 0.000682842
0.907909 1.77679e-05 0.000661998
0.90891 1.68663e-05 0.000641683
0.909911 1.60214e-05 0.000621879
0.910912 1.52293e-05 0.000602569
0.911913 1.4486e-05 0.000583734
0.912914 1.37877e-05 0.000565357
0.913915 1.31303e-05 0.000547421
0.914916 1.25101e-05 0.000529909
0.915917 1.19232e-05 0.000512803
0.916918 1.13658e-05 0.000496087
0.917919 1.08341e-05 0.000479743
0.91892 1.03243e-05 0.000463755
0.919921 9.83274e-06 0.000448106
0.920922 9.35561e-06 0.00043278
0.921923 8.88924e-06 0.000417759
0.922924 8.42996e-06 0.000403028
0.923925 7.97413e-06 0.00038857
0.924926 7.5301e-06 0.000374431
0.925927 7.11756e-06 0.000360712
0.926928 6.73488e-06 0.000347401
0.927929 6.37992e-06 0.000334484
0.92893 6.05054e-06 0.000321946
0.929931 5.74462e-06 0.000309772
0.930932 5.46006e-06 0.000297948
0.931933 5.19477e-06 0.000286459
0.932934 4.94665e-06 0.000275292
0.933935 4.71366e-06 0.000264431
0.934936 4.49374e-06 0.000253864
0.935937 4.28484e-06 0.000243575
0.936938 4.08495e-06 0.000233552
0.937939 3.89204e-06 0.00022378
0.93894 3.70413e-06 0.000214245
0.939941 3.51921e-06 0.000204934
0.940942 3.33531e-06 0.000195833
0.941943 3.15048e-06 0.000186929
0.942944 2.97048e-06 0.000178277
0.943945 2.80403e-06 0.000169951
0.944945 2.65021e-06 0.00016194
0.945946 2.50803e-06 0.000154229
0.946947 2.37653e-06 0.000146805
0.947948 2.25476e-06 0.000139657
0.948949 2.14174e-06 0.00013277
0.94995 2.03654e-06 0.000126132
0.950951 1.93822e-06 0.00011973
0.951952 1.84583e-06 0.000113551
0.952953 1.75844e-06 0.000107584
0.953954 1.67513e-06 0.000101814
0.954955 1.59498e-06 9.62311e-05
0.955956 1.51708e-06 9.08213e-05
0.956957 1.44051e-06 8.55727e-05
0.957958 1.36437e-06 8.04732e-05
0.958959 1.28778e-06 7.55105e-05
0.95996 1.21015e-06 7.06794e-05
0.960961 1.13606e-06 6.60764e-05
0.961962 1.06693e-06 6.17256e-05
0.962963 1.00242e-06 5.76133e-05
0.963964 9.42158e-07 5.37258e-05
0.964965 8.85806e-07 5.00494e-05
0.965966 8.3301e-07 4.65706e-05
0.966967 7.83422e-07 4.3276e-05
0.967968 7.36696e-07 4.01521e-05
0.968969 6.92488e-07 3.71857e-05
0.96997 6.50457e-07 3.43635e-05
0.970971 6.10263e-07 3.16725e-05
0.971972 5.7157e-07 2.90996e-05
0.972973 5.34041e-07 2.66317e-05
0.973974 4.97345e-07 2.4256e-05
0.974975 4.61148e-07 2.19597e-05
0.975976 4.25124e-07 1.973e-05
0.976977 3.89306e-07 1.75747e-05
0.977978 3.55796e-07 1.56133e-05
0.978979 3.24805e-07 1.38518e-05
0.97998 2.96115e-07 1.22722e-05
0.980981 2.69511e-07 1.0856e-05
0.981982 2.44779e-07 9.58519e-06
0.982983 2.21707e-07 8.4418e-06
0.983984 2.00082e-07 7.40793e-06
0.984985 1.79695e-07 6.46579e-06
0.985986 1.60336e-07 5.59772e-06
0.986987 1.41797e-07 4.78613e-06
0.987988 1.23873e-07 4.01358e-06
0.988989 1.06357e-07 3.2627e-06
0.98999 8.90458e-08 2.51626e-06
0.990991 7.26514e-08 1.83351e-06
0.991992 5.87114e-08 1.33942e-06
0.992993 4.68162e-08 9.93455e-07
0.993994 3.64998e-08 7.50427e-07
0.994995 2.72995e-08 5.65414e-07
0.995996 1.8755e-08 3.93764e-07
0.996997 1.08245e-08 2.15753e-07
0.997998 5.57828e-09 1.4631e-07
0.998999 1.68228e-09 1.08104e-07
1 0 1.78224e-23
