1e-05 69.7526 3.14764
0.00101099 16.8674 0.943212
0.00201198 13.1256 0.803319
0.00301297 11.2246 0.738674
0.00401396 9.9903 0.700442
0.00501495 9.09295 0.675164
0.00601595 8.39739 0.657358
0.00701694 7.83304 0.644271
0.00801793 7.36177 0.634423
0.00901892 6.95923 0.626875
0.0100199 6.60851 0.620986
0.0110209 6.29925 0.616382
0.0120219 6.02373 0.61279
0.0130229 5.77534 0.609967
0.0140239 5.54963 0.607766
0.0150249 5.34331 0.606072
0.0160259 5.15377 0.604809
0.0170268 4.97868 0.603898
0.0180278 4.81596 0.603258
0.0190288 4.66413 0.602852
0.0200298 4.52207 0.602648
0.0210308 4.38877 0.60261
0.0220318 4.26341 0.602722
0.0230328 4.14519 0.602964
0.0240338 4.03335 0.603304
0.0250348 3.92724 0.603719
0.0260358 3.82641 0.604211
0.0270368 3.73045 0.604767
0.0280377 3.63898 0.605374
0.0290387 3.55166 0.606021
0.0300397 3.46822 0.606715
0.0310407 3.38836 0.607446
0.0320417 3.31181 0.608202
0.0330427 3.23832 0.608971
0.0340437 3.16769 0.609749
0.0350447 3.09975 0.610545
0.0360457 3.03435 0.611351
0.0370467 2.97133 0.612164
0.0380477 2.91055 0.612977
0.0390486 2.8519 0.613788
0.0400496 2.79526 0.614606
0.0410506 2.74053 0.615427
0.0420516 2.68758 0.616244
0.0430526 2.63634 0.617054
0.0440536 2.58669 0.617851
0.0450546 2.53856 0.618635
0.0460556 2.49188 0.619415
0.0470566 2.4466 0.620187
0.0480576 2.40265 0.62095
0.0490586 2.35996 0.6217
0.0500595 2.31848 0.622436
0.0510605 2.27816 0.623158
0.0520615 2.23895 0.623872
0.0530625 2.20082 0.624577
0.0540635 2.16371 0.625271
0.0550645 2.12758 0.62595
0.0560655 2.09238 0.626614
0.0570665 2.05807 0.627259
0.0580675 2.02462 0.627886
0.0590685 1.99201 0.6285
0.0600695 1.9602 0.629102
0.0610705 1.92916 0.62969
0.0620714 1.89888 0.630263
0.0630724 1.8693 0.630819
0.0640734 1.84042 0.631359
0.0650744 1.81221 0.63188
0.0660754 1.78464 0.632387
0.0670764 1.75771 0.632882
0.0680774 1.73138 0.633364
0.0690784 1.70564 0.633832
0.0700794 1.68047 0.634283
0.0710804 1.65584 0.634718
0.0720814 1.63174 0.635136
0.0730823 1.60814 0.635534
0.0740833 1.58505 0.635916
0.0750843 1.56244 0.636284
0.0760853 1.5403 0.636639
0.0770863 1.51862 0.636979
0.0780873 1.49738 0.637304
0.0790883 1.47657 0.637614
0.0800893 1.45617 0.637907
0.0810903 1.43617 0.638184
0.0820913 1.41657 0.638444
0.0830923 1.39734 0.638691
0.0840932 1.37849 0.638926
0.0850942 1.36001 0.639148
0.0860952 1.34188 0.639356
0.0870962 1.32409 0.63955
0.0880972 1.30664 0.639728
0.0890982 1.28951 0.639891
0.0900992 1.27269 0.640037
0.0911002 1.25617 0.640166
0.0921012 1.23996 0.640282
0.0931022 1.22404 0.640384
0.0941032 1.20841 0.640474
0.0951041 1.19307 0.64055
0.0961051 1.17799 0.640613
0.0971061 1.16318 0.640661
0.0981071 1.14863 0.640695
0.0991081 1.13432 0.640715
0.100109 1.12026 0.640719
0.10111 1.10643 0.640708
0.102111 1.09284 0.640685
0.103112 1.07949 0.64065
0.104113 1.06636 0.640603
0.105114 1.05345 0.640544
0.106115 1.04075 0.640472
0.107116 1.02827 0.640386
0.108117 1.01598 0.640287
0.109118 1.0039 0.640173
0.110119 0.992008 0.640045
0.11112 0.980303 0.639903
0.112121 0.968789 0.639749
0.113122 0.957464 0.639583
0.114123 0.946322 0.639406
0.115124 0.935358 0.639217
0.116125 0.924567 0.639015
0.117126 0.913944 0.638802
0.118127 0.903484 0.638575
0.119128 0.893182 0.638336
0.120129 0.883034 0.638083
0.12113 0.873036 0.637818
0.122131 0.863185 0.637539
0.123132 0.853485 0.637249
0.124133 0.843933 0.636949
0.125134 0.834526 0.636638
0.126135 0.82526 0.636315
0.127136 0.816131 0.635981
0.128137 0.807136 0.635636
0.129138 0.798272 0.635278
0.130139 0.789535 0.634909
0.13114 0.780923 0.634527
0.132141 0.772433 0.634133
0.133142 0.764061 0.633726
0.134143 0.755813 0.633309
0.135144 0.747686 0.632882
0.136145 0.739677 0.632444
0.137146 0.731783 0.631996
0.138147 0.724001 0.631537
0.139148 0.716328 0.631068
0.140149 0.708762 0.630587
0.14115 0.701298 0.630095
0.142151 0.693935 0.629592
0.143152 0.686671 0.629077
0.144153 0.679502 0.62855
0.145154 0.672429 0.628013
0.146155 0.665455 0.627466
0.147156 0.658578 0.626909
0.148157 0.651794 0.626343
0.149158 0.645103 0.625766
0.150159 0.638502 0.62518
0.15116 0.631989 0.624583
0.152161 0.625561 0.623976
0.153162 0.619216 0.623358
0.154163 0.612953 0.62273
0.155164 0.60677 0.622091
0.156165 0.600664 0.621442
0.157166 0.594638 0.620782
0.158167 0.588692 0.620114
0.159168 0.582826 0.619436
0.160169 0.577037 0.618749
0.16117 0.571323 0.618053
0.162171 0.565682 0.617348
0.163172 0.560114 0.616632
0.164173 0.554614 0.615908
0.165174 0.549183 0.615173
0.166175 0.543819 0.614429
0.167175 0.538519 0.613675
0.168176 0.533282 0.612911
0.169177 0.528107 0.612138
0.170178 0.522998 0.611355
0.171179 0.517954 0.610564
0.17218 0.512974 0.609765
0.173181 0.508055 0.608956
0.174182 0.503197 0.608139
0.175183 0.498398 0.607313
0.176184 0.493658 0.606478
0.177185 0.488973 0.605634
0.178186 0.484344 0.604782
0.179187 0.47977 0.60392
0.180188 0.475248 0.60305
0.181189 0.470778 0.602171
0.18219 0.466361 0.601283
0.183191 0.461998 0.600388
0.184192 0.457689 0.599484
0.185193 0.453433 0.598573
0.186194 0.449227 0.597653
0.187195 0.445071 0.596726
0.188196 0.440964 0.595791
0.189197 0.436904 0.594847
0.190198 0.43289 0.593895
0.191199 0.428921 0.592935
0.1922 0.424996 0.591967
0.193201 0.421113 0.590991
0.194202 0.417273 0.590006
0.195203 0.413474 0.589013
0.196204 0.40972 0.588013
0.197205 0.40601 0.587005
0.198206 0.402342 0.585989
0.199207 0.398716 0.584966
0.200208 0.395131 0.583936
0.201209 0.391586 0.582898
0.20221 0.38808 0.581852
0.203211 0.384613 0.5808
0.204212 0.381184 0.57974
0.205213 0.377791 0.578673
0.206214 0.374435 0.577599
0.207215 0.371115 0.576518
0.208216 0.367829 0.575429
0.209217 0.364581 0.574334
0.210218 0.36137 0.573232
0.211219 0.358195 0.572124
0.21222 0.355056 0.571008
0.213221 0.351952 0.569887
0.214222 0.348881 0.568758
0.215223 0.345843 0.567623
0.216224 0.342837 0.566481
0.217225 0.339863 0.565333
0.218226 0.336919 0.564178
0.219227 0.334006 0.563016
0.220228 0.331122 0.561848
0.221229 0.328266 0.560673
0.22223 0.325439 0.559492
0.223231 0.322643 0.558304
0.224232 0.319877 0.55711
0.225233 0.317141 0.55591
0.226234 0.314434 0.554703
0.227235 0.311755 0.55349
0.228236 0.309104 0.552272
0.229237 0.30648 0.551047
0.230238 0.303884 0.549817
0.231239 0.301313 0.548581
0.23224 0.298768 0.547339
0.233241 0.296248 0.546092
0.234242 0.293753 0.54484
0.235243 0.291283 0.543581
0.236244 0.288837 0.542318
0.237245 0.286417 0.541049
0.238246 0.284023 0.539775
0.239247 0.281654 0.538495
0.240248 0.279309 0.537211
0.241249 0.276988 0.53592
0.24225 0.274691 0.534625
0.243251 0.272416 0.533325
0.244252 0.270164 0.532019
0.245253 0.267934 0.530708
0.246254 0.265725 0.529393
0.247255 0.263537 0.528072
0.248256 0.261369 0.526746
0.249257 0.259221 0.525416
0.250258 0.257094 0.52408
0.251259 0.254987 0.522739
0.25226 0.252902 0.521393
0.253261 0.250838 0.520042
0.254262 0.248794 0.518687
0.255263 0.246771 0.517326
0.256264 0.244767 0.515961
0.257265 0.242782 0.514592
0.258266 0.240816 0.513218
0.259267 0.238869 0.51184
0.260268 0.23694 0.510458
0.261269 0.235029 0.509072
0.26227 0.233136 0.507682
0.263271 0.23126 0.506289
0.264272 0.229401 0.504892
0.265273 0.22756 0.503492
0.266274 0.225738 0.502087
0.267275 0.223934 0.500678
0.268276 0.222147 0.499265
0.269277 0.220378 0.497849
0.270278 0.218625 0.496428
0.271279 0.216889 0.495005
0.27228 0.215169 0.493577
0.273281 0.213465 0.492146
0.274282 0.211776 0.490711
0.275283 0.210103 0.489273
0.276284 0.208444 0.487832
0.277285 0.206799 0.486387
0.278285 0.205168 0.484939
0.279286 0.203552 0.483488
0.280287 0.201951 0.482032
0.281288 0.200365 0.480573
0.282289 0.198794 0.479111
0.28329 0.197238 0.477645
0.284291 0.195696 0.476175
0.285292 0.194168 0.474703
0.286293 0.192653 0.473227
0.287294 0.191153 0.471749
0.288295 0.189665 0.470268
0.289296 0.188191 0.468785
0.290297 0.186729 0.467299
0.291298 0.18528 0.465811
0.292299 0.183844 0.464321
0.2933 0.182419 0.462829
0.294301 0.181007 0.461334
0.295302 0.179608 0.459837
0.296303 0.178222 0.458337
0.297304 0.176849 0.456835
0.298305 0.175488 0.45533
0.299306 0.174139 0.453823
0.300307 0.172803 0.452314
0.301308 0.171478 0.450802
0.302309 0.170165 0.449288
0.30331 0.168863 0.447773
0.304311 0.167571 0.446255
0.305312 0.166291 0.444736
0.306313 0.165021 0.443215
0.307314 0.163762 0.441692
0.308315 0.162513 0.440168
0.309316 0.161274 0.438642
0.310317 0.160046 0.437114
0.311318 0.158829 0.435583
0.312319 0.157622 0.43405
0.31332 0.156426 0.432514
0.314321 0.155241 0.430978
0.315322 0.154066 0.429439
0.316323 0.1529 0.427899
0.317324 0.151745 0.426358
0.318325 0.150599 0.424816
0.319326 0.149463 0.423272
0.320327 0.148336 0.421728
0.321328 0.147218 0.420184
0.322329 0.14611 0.418639
0.32333 0.14501 0.417094
0.324331 0.14392 0.415548
0.325332 0.142838 0.414002
0.326333 0.141767 0.412454
0.327334 0.140705 0.410905
0.328335 0.139652 0.409355
0.329336 0.138608 0.407804
0.330337 0.137573 0.406252
0.331338 0.136547 0.4047
0.332339 0.135529 0.403147
0.33334 0.13452 0.401594
0.334341 0.133518 0.40004
0.335342 0.132525 0.398487
0.336343 0.131539 0.396933
0.337344 0.130561 0.395379
0.338345 0.12959 0.393825
0.339346 0.128627 0.392272
0.340347 0.127671 0.390718
0.341348 0.126724 0.389163
0.342349 0.125784 0.387607
0.34335 0.124852 0.386051
0.344351 0.123928 0.384494
0.345352 0.123011 0.382937
0.346353 0.122102 0.381379
0.347354 0.121199 0.379822
0.348355 0.120305 0.378266
0.349356 0.119417 0.37671
0.350357 0.118536 0.375154
0.351358 0.117662 0.3736
0.352359 0.116795 0.372046
0.35336 0.115934 0.370494
0.354361 0.11508 0.368944
0.355362 0.114232 0.367394
0.356363 0.113392 0.365845
0.357364 0.112558 0.364297
0.358365 0.111732 0.362749
0.359366 0.110912 0.361201
0.360367 0.110099 0.359654
0.361368 0.109292 0.358107
0.362369 0.108492 0.356562
0.36337 0.107698 0.355017
0.364371 0.10691 0.353474
0.365372 0.106128 0.351931
0.366373 0.105352 0.350391
0.367374 0.104582 0.348851
0.368375 0.103817 0.347314
0.369376 0.103058 0.345778
0.370377 0.102304 0.344244
0.371378 0.101556 0.342711
0.372379 0.100814 0.341179
0.37338 0.100078 0.339647
0.374381 0.099347 0.338117
0.375382 0.0986222 0.336587
0.376383 0.0979029 0.335058
0.377384 0.0971893 0.333531
0.378385 0.0964811 0.332006
0.379386 0.0957782 0.330482
0.380387 0.0950807 0.32896
0.381388 0.0943883 0.32744
0.382389 0.0937011 0.325923
0.38339 0.093019 0.324408
0.384391 0.0923418 0.322895
0.385392 0.0916695 0.321386
0.386393 0.091002 0.319879
0.387394 0.0903395 0.318375
0.388395 0.0896823 0.316872
0.389395 0.0890303 0.315372
0.390396 0.0883834 0.313873
0.391397 0.0877416 0.312376
0.392398 0.0871047 0.310881
0.393399 0.0864726 0.309389
0.3944 0.0858453 0.307898
0.395401 0.0852226 0.30641
0.396402 0.0846045 0.304925
0.397403 0.0839908 0.303442
0.398404 0.0833815 0.301962
0.399405 0.0827765 0.300485
0.400406 0.0821757 0.29901
0.401407 0.081579 0.297539
0.402408 0.0809863 0.29607
0.403409 0.0803978 0.294605
0.40441 0.0798136 0.293141
0.405411 0.0792339 0.291679
0.406412 0.0786586 0.290219
0.407413 0.0780875 0.288762
0.408414 0.0775206 0.287307
0.409415 0.0769578 0.285855
0.410416 0.0763992 0.284405
0.411417 0.0758445 0.282958
0.412418 0.0752939 0.281515
0.413419 0.0747472 0.280074
0.41442 0.0742043 0.278637
0.415421 0.0736652 0.277204
0.416422 0.0731299 0.275774
0.417423 0.0725983 0.274347
0.418424 0.0720704 0.272925
0.419425 0.0715461 0.271507
0.420426 0.0710258 0.270091
0.421427 0.0705095 0.268679
0.422428 0.069997 0.267269
0.423429 0.0694884 0.265862
0.42443 0.0689835 0.264459
0.425431 0.0684823 0.263059
0.426432 0.0679847 0.261662
0.427433 0.0674906 0.260268
0.428434 0.0669999 0.258878
0.429435 0.0665126 0.257491
0.430436 0.0660287 0.256107
0.431437 0.065548 0.254728
0.432438 0.0650705 0.253352
0.433439 0.064596 0.251979
0.43444 0.0641247 0.250611
0.435441 0.0636563 0.249246
0.436442 0.0631912 0.247884
0.437443 0.0627295 0.246525
0.438444 0.062271 0.245169
0.439445 0.0618158 0.243816
0.440446 0.0613637 0.242467
0.441447 0.0609148 0.24112
0.442448 0.0604691 0.239778
0.443449 0.0600264 0.238438
0.44445 0.0595867 0.237103
0.445451 0.05915 0.235771
0.446452 0.0587163 0.234444
0.447453 0.0582856 0.23312
0.448454 0.0578576 0.2318
0.449455 0.0574326 0.230485
0.450456 0.0570103 0.229174
0.451457 0.0565908 0.227867
0.452458 0.0561742 0.226564
0.453459 0.0557607 0.225265
0.45446 0.0553501 0.22397
0.455461 0.0549425 0.222678
0.456462 0.0545378 0.22139
0.457463 0.0541359 0.220106
0.458464 0.0537368 0.218826
0.459465 0.0533404 0.217549
0.460466 0.0529467 0.216276
0.461467 0.0525556 0.215008
0.462468 0.0521671 0.213743
0.463469 0.0517811 0.212482
0.46447 0.0513976 0.211225
0.465471 0.0510165 0.209973
0.466472 0.0506378 0.208725
0.467473 0.0502615 0.20748
0.468474 0.0498874 0.20624
0.469475 0.0495159 0.205004
0.470476 0.0491468 0.203771
0.471477 0.0487803 0.202542
0.472478 0.0484163 0.201316
0.473479 0.0480547 0.200094
0.47448 0.0476955 0.198876
0.475481 0.0473387 0.197662
0.476482 0.0469843 0.196452
0.477483 0.0466322 0.195246
0.478484 0.0462825 0.194044
0.479485 0.045935 0.192846
0.480486 0.0455898 0.191653
0.481487 0.0452468 0.190464
0.482488 0.044906 0.18928
0.483489 0.0445674 0.1881
0.48449 0.0442309 0.186925
0.485491 0.0438967 0.185755
0.486492 0.0435648 0.184588
0.487493 0.0432353 0.183426
0.488494 0.042908 0.182268
0.489495 0.042583 0.181113
0.490496 0.0422602 0.179963
0.491497 0.0419395 0.178817
0.492498 0.041621 0.177675
0.493499 0.0413046 0.176538
0.4945 0.0409902 0.175404
0.495501 0.0406778 0.174275
0.496502 0.0403674 0.17315
0.497503 0.0400589 0.17203
0.498504 0.0397523 0.170913
0.499505 0.0394476 0.169801
0.500505 0.0391447 0.168694
0.501506 0.0388436 0.16759
0.502507 0.0385443 0.166491
0.503508 0.038247 0.165396
0.504509 0.0379516 0.164304
0.50551 0.0376582 0.163216
0.506511 0.0373667 0.162132
0.507512 0.037077 0.161053
0.508513 0.0367892 0.159977
0.509514 0.0365033 0.158906
0.510515 0.0362192 0.157839
0.511516 0.0359369 0.156776
0.512517 0.0356564 0.155718
0.513518 0.0353777 0.154664
0.514519 0.0351008 0.153614
0.51552 0.0348255 0.152569
0.516521 0.034552 0.151529
0.517522 0.0342802 0.150493
0.518523 0.0340101 0.149462
0.519524 0.0337417 0.148436
0.520525 0.0334752 0.147414
0.521526 0.0332105 0.146396
0.522527 0.0329476 0.145382
0.523528 0.0326864 0.144373
0.524529 0.0324269 0.143368
0.52553 0.0321691 0.142367
0.526531 0.031913 0.14137
0.527532 0.0316585 0.140378
0.528533 0.0314056 0.13939
0.529534 0.0311542 0.138406
0.530535 0.0309044 0.137427
0.531536 0.0306562 0.136452
0.532537 0.0304094 0.135481
0.533538 0.0301641 0.134515
0.534539 0.0299202 0.133553
0.53554 0.0296777 0.132596
0.536541 0.0294367 0.131642
0.537542 0.0291973 0.130692
0.538543 0.0289594 0.129747
0.539544 0.028723 0.128805
0.540545 0.0284881 0.127868
0.541546 0.0282548 0.126934
0.542547 0.0280228 0.126005
0.543548 0.0277924 0.12508
0.544549 0.0275634 0.12416
0.54555 0.0273358 0.123243
0.546551 0.0271097 0.122331
0.547552 0.026885 0.121424
0.548553 0.0266617 0.120521
0.549554 0.0264398 0.119622
0.550555 0.0262193 0.118728
0.551556 0.0260002 0.117838
0.552557 0.0257824 0.116954
0.553558 0.0255661 0.116073
0.554559 0.0253512 0.115197
0.55556 0.0251378 0.114325
0.556561 0.0249258 0.113457
0.557562 0.0247152 0.112593
0.558563 0.024506 0.111734
0.559564 0.0242981 0.110879
0.560565 0.0240916 0.110028
0.561566 0.0238863 0.109182
0.562567 0.0236824 0.108339
0.563568 0.0234797 0.107501
0.564569 0.0232783 0.106667
0.56557 0.0230781 0.105838
0.566571 0.0228791 0.105012
0.567572 0.0226813 0.104191
0.568573 0.0224847 0.103374
0.569574 0.0222892 0.102561
0.570575 0.0220949 0.101752
0.571576 0.0219019 0.100947
0.572577 0.0217101 0.100146
0.573578 0.0215194 0.099349
0.574579 0.0213301 0.0985561
0.57558 0.0211419 0.0977671
0.576581 0.0209549 0.0969823
0.577582 0.0207691 0.0962016
0.578583 0.0205845 0.095425
0.579584 0.020401 0.0946526
0.580585 0.0202188 0.0938843
0.581586 0.0200377 0.0931203
0.582587 0.0198577 0.0923605
0.583588 0.0196789 0.091605
0.584589 0.0195013 0.0908537
0.58559 0.0193248 0.0901068
0.586591 0.0191494 0.0893642
0.587592 0.0189751 0.0886258
0.588593 0.0188021 0.0878916
0.589594 0.0186303 0.0871616
0.590595 0.0184596 0.0864357
0.591596 0.01829 0.0857138
0.592597 0.0181216 0.0849961
0.593598 0.0179543 0.0842824
0.594599 0.0177881 0.0835728
0.5956 0.017623 0.0828672
0.596601 0.017459 0.0821656
0.597602 0.017296 0.081468
0.598603 0.0171341 0.0807744
0.599604 0.0169732 0.0800847
0.600605 0.0168133 0.0793991
0.601606 0.0166544 0.0787173
0.602607 0.0164965 0.0780395
0.603608 0.0163396 0.0773655
0.604609 0.0161836 0.0766955
0.60561 0.0160287 0.0760292
0.606611 0.0158748 0.0753667
0.607612 0.0157219 0.074708
0.608613 0.01557 0.0740531
0.609614 0.0154191 0.0734021
0.610615 0.0152692 0.0727549
0.611615 0.0151203 0.0721115
0.612616 0.0149724 0.071472
0.613617 0.0148255 0.0708364
0.614618 0.0146796 0.0702046
0.615619 0.0145346 0.0695768
0.61662 0.0143906 0.0689528
0.617621 0.0142476 0.0683328
0.618622 0.0141056 0.0677167
0.619623 0.0139645 0.0671046
0.620624 0.0138244 0.0664963
0.621625 0.0136853 0.0658921
0.622626 0.0135471 0.0652917
0.623627 0.01341 0.0646952
0.624628 0.0132738 0.0641026
0.625629 0.0131386 0.0635139
0.62663 0.0130043 0.0629289
0.627631 0.012871 0.0623478
0.628632 0.0127386 0.0617704
0.629633 0.0126072 0.0611967
0.630634 0.0124767 0.0606267
0.631635 0.0123471 0.0600605
0.632636 0.0122184 0.0594979
0.633637 0.0120905 0.0589389
0.634638 0.0119636 0.0583836
0.635639 0.0118375 0.0578318
0.63664 0.0117123 0.0572836
0.637641 0.0115879 0.056739
0.638642 0.0114643 0.0561979
0.639643 0.0113416 0.0556603
0.640644 0.0112198 0.0551262
0.641645 0.0110988 0.0545956
0.642646 0.0109787 0.0540686
0.643647 0.0108595 0.0535452
0.644648 0.0107411 0.0530252
0.645649 0.0106236 0.0525088
0.64665 0.0105069 0.0519958
0.647651 0.0103911 0.0514864
0.648652 0.0102761 0.0509805
0.649653 0.0101619 0.0504781
0.650654 0.0100486 0.0499791
0.651655 0.00993617 0.0494837
0.652656 0.00982454 0.0489918
0.653657 0.00971375 0.0485033
0.654658 0.00960378 0.0480184
0.655659 0.00949465 0.0475369
0.65666 0.00938634 0.0470589
0.657661 0.00927888 0.0465844
0.658662 0.00917227 0.0461134
0.659663 0.00906651 0.045646
0.660664 0.00896157 0.045182
0.661665 0.00885746 0.0447214
0.662666 0.00875416 0.0442643
0.663667 0.00865167 0.0438104
0.664668 0.00854998 0.04336
0.665669 0.00844908 0.0429128
0.66667 0.00834897 0.0424689
0.667671 0.00824963 0.0420282
0.668672 0.00815105 0.0415908
0.669673 0.00805324 0.0411565
0.670674 0.00795618 0.0407254
0.671675 0.00785986 0.0402974
0.672676 0.00776427 0.0398725
0.673677 0.00766942 0.0394506
0.674678 0.0075753 0.0390319
0.675679 0.00748194 0.0386163
0.67668 0.00738933 0.0382039
0.677681 0.00729746 0.0377946
0.678682 0.00720635 0.0373885
0.679683 0.00711598 0.0369855
0.680684 0.00702635 0.0365856
0.681685 0.00693746 0.0361888
0.682686 0.00684932 0.0357951
0.683687 0.00676191 0.0354045
0.684688 0.00667523 0.0350169
0.685689 0.00658928 0.0346323
0.68669 0.00650407 0.0342508
0.687691 0.00641958 0.0338723
0.688692 0.00633582 0.0334968
0.689693 0.00625279 0.0331242
0.690694 0.00617047 0.0327547
0.691695 0.00608888 0.0323881
0.692696 0.00600804 0.0320246
0.693697 0.00592793 0.0316643
0.694698 0.00584857 0.031307
0.695699 0.00576993 0.0309527
0.6967 0.00569201 0.0306014
0.697701 0.0056148 0.0302531
0.698702 0.0055383 0.0299077
0.699703 0.0054625 0.0295652
0.700704 0.00538739 0.0292255
0.701705 0.00531296 0.0288887
0.702706 0.00523921 0.0285546
0.703707 0.00516612 0.0282233
0.704708 0.0050937 0.0278947
0.705709 0.00502193 0.0275688
0.70671 0.0049508 0.0272455
0.707711 0.00488032 0.0269249
0.708712 0.00481047 0.0266068
0.709713 0.00474126 0.0262913
0.710714 0.00467271 0.0259786
0.711715 0.00460482 0.0256686
0.712716 0.00453758 0.0253614
0.713717 0.004471 0.0250568
0.714718 0.00440508 0.024755
0.715719 0.00433979 0.0244558
0.71672 0.00427516 0.0241592
0.717721 0.00421116 0.0238653
0.718722 0.00414781 0.0235739
0.719723 0.00408508 0.0232851
0.720724 0.00402299 0.0229989
0.721725 0.00396153 0.0227153
0.722725 0.00390069 0.0224341
0.723726 0.00384048 0.0221555
0.724727 0.00378089 0.0218793
0.725728 0.00372191 0.0216056
0.726729 0.00366355 0.0213343
0.72773 0.00360582 0.0210656
0.728731 0.00354874 0.0207996
0.729732 0.0034923 0.0205361
0.730733 0.0034365 0.0202752
0.731734 0.00338133 0.0200169
0.732735 0.00332677 0.0197611
0.733736 0.00327282 0.0195077
0.734737 0.00321948 0.0192568
0.735738 0.00316673 0.0190082
0.736739 0.00311456 0.018762
0.73774 0.00306297 0.0185181
0.738741 0.00301195 0.0182765
0.739742 0.0029615 0.0180371
0.740743 0.0029116 0.0177999
0.741744 0.00286225 0.0175649
0.742745 0.00281344 0.0173321
0.743746 0.00276516 0.0171013
0.744747 0.00271741 0.0168726
0.745748 0.00267022 0.0166462
0.746749 0.00262361 0.0164221
0.74775 0.00257757 0.0162003
0.748751 0.0025321 0.0159807
0.749752 0.00248719 0.0157633
0.750753 0.00244283 0.0155482
0.751754 0.00239901 0.0153353
0.752755 0.00235574 0.0151245
0.753756 0.002313 0.0149158
0.754757 0.0022708 0.0147093
0.755758 0.00222911 0.0145048
0.756759 0.00218795 0.0143023
0.75776 0.0021473 0.014102
0.758761 0.00210716 0.0139036
0.759762 0.00206752 0.0137072
0.760763 0.00202838 0.0135127
0.761764 0.00198974 0.0133202
0.762765 0.00195158 0.0131297
0.763766 0.00191397 0.0129413
0.764767 0.00187691 0.012755
0.765768 0.00184037 0.0125709
0.766769 0.00180436 0.0123888
0.76777 0.00176887 0.0122088
0.768771 0.00173388 0.0120307
0.769772 0.00169939 0.0118547
0.770773 0.00166539 0.0116805
0.771774 0.00163187 0.0115083
0.772775 0.00159882 0.0113379
0.773776 0.00156623 0.0111694
0.774777 0.0015341 0.0110026
0.775778 0.00150241 0.0108377
0.776779 0.00147115 0.0106744
0.77778 0.00144032 0.0105128
0.778781 0.00140992 0.0103529
0.779782 0.00137992 0.0101946
0.780783 0.00135035 0.0100379
0.781784 0.00132125 0.00988315
0.782785 0.00129263 0.00973021
0.783786 0.00126447 0.0095791
0.784787 0.00123677 0.00942978
0.785788 0.00120952 0.00928223
0.786789 0.00118271 0.00913643
0.78779 0.00115633 0.00899233
0.788791 0.00113038 0.00884993
0.789792 0.00110485 0.00870919
0.790793 0.00107972 0.00857008
0.791794 0.001055 0.00843259
0.792795 0.00103067 0.00829668
0.793796 0.00100672 0.00816233
0.794797 0.000983157 0.00802951
0.795798 0.000959961 0.0078982
0.796799 0.000937127 0.00776838
0.7978 0.000914648 0.00764002
0.798801 0.000892547 0.00751318
0.799802 0.000870879 0.00738805
0.800803 0.000849637 0.0072646
0.801804 0.00082881 0.00714279
0.802805 0.000808388 0.0070226
0.803806 0.000788359 0.00690398
0.804807 0.000768714 0.00678691
0.805808 0.000749443 0.00667135
0.806809 0.000730534 0.00655727
0.80781 0.000711979 0.00644463
0.808811 0.000693766 0.00633342
0.809812 0.000675885 0.00622358
0.810813 0.000658328 0.00611509
0.811814 0.000641083 0.00600793
0.812815 0.000624141 0.00590205
0.813816 0.000607492 0.00579743
0.814817 0.000591126 0.00569403
0.815818 0.000575035 0.00559183
0.816819 0.000559247 0.0054909
0.81782 0.000543822 0.00539142
0.818821 0.000528751 0.00529336
0.819822 0.000514024 0.0051967
0.820823 0.000499632 0.0051014
0.821824 0.000485564 0.00500745
0.822825 0.000471811 0.00491482
0.823826 0.000458362 0.00482347
0.824827 0.000445208 0.00473339
0.825828 0.000432341 0.00464455
0.826829 0.000419749 0.00455693
0.82783 0.000407423 0.00447049
0.828831 0.000395355 0.00438521
0.829832 0.000383535 0.00430107
0.830833 0.000371953 0.00421805
0.831834 0.0003606 0.00413611
0.832835 0.000349468 0.00405524
0.833835 0.000338547 0.00397541
0.834836 0.000327872 0.0038967
0.835837 0.0003175 0.00381929
0.836838 0.000307422 0.00374312
0.837839 0.000297626 0.00366818
0.83884 0.000288102 0.00359443
0.839841 0.00027884 0.00352185
0.840842 0.000269829 0.0034504
0.841843 0.000261059 0.00338006
0.842844 0.000252519 0.00331079
0.843845 0.000244199 0.00324258
0.844846 0.000236089 0.00317539
0.845847 0.00022818 0.00310919
0.846848 0.00022046 0.00304395
0.847849 0.00021292 0.00297965
0.84885 0.000205551 0.00291626
0.849851 0.000198341 0.00285375
0.850852 0.000191282 0.0027921
0.851853 0.000184365 0.00273127
0.852854 0.000177622 0.00267136
0.853855 0.000171111 0.00261251
0.854856 0.000164822 0.0025547
0.855857 0.000158747 0.0024979
0.856858 0.000152876 0.0024421
0.857859 0.000147199 0.00238726
0.85886 0.000141709 0.00233336
0.859861 0.000136395 0.00228038
0.860862 0.000131248 0.0022283
0.861863 0.00012626 0.00217709
0.862864 0.000121422 0.00212673
0.863865 0.000116725 0.00207719
0.864866 0.00011216 0.00202846
0.865867 0.000107718 0.00198051
0.866868 0.000103391 0.00193331
0.867869 9.91709e-05 0.00188685
0.86887 9.50481e-05 0.00184111
0.869871 9.10146e-05 0.00179605
0.870872 8.70998e-05 0.00175177
0.871873 8.33546e-05 0.00170839
0.872874 7.97714e-05 0.0016659
0.873875 7.6342e-05 0.00162427
0.874876 7.30582e-05 0.00158348
0.875877 6.99119e-05 0.00154349
0.876878 6.68951e-05 0.0015043
0.877879 6.39996e-05 0.00146586
0.87888 6.12176e-05 0.00142816
0.879881 5.85411e-05 0.00139117
0.880882 5.59623e-05 0.00135488
0.881883 5.34733e-05 0.00131924
0.882884 5.10665e-05 0.00128425
0.883885 4.87341e-05 0.00124988
0.884886 4.64685e-05 0.0012161
0.885887 4.42621e-05 0.00118289
0.886888 4.21073e-05 0.00115023
0.887889 3.99966e-05 0.0011181
0.88889 3.79515e-05 0.00108656
0.889891 3.6016e-05 0.00105574
0.890892 3.4185e-05 0.00102564
0.891893 3.24525e-05 0.000996231
0.892894 3.08123e-05 0.00096749
0.893895 2.92586e-05 0.000939398
0.894896 2.77854e-05 0.000911934
0.895897 2.63867e-05 0.000885079
0.896898 2.50568e-05 0.000858813
0.897899 2.37897e-05 0.000833114
0.8989 2.25798e-05 0.000807964
0.899901 2.14212e-05 0.000783342
0.900902 2.03082e-05 0.000759229
0.901903 1.92352e-05 0.000735605
0.902904 1.81966e-05 0.00071245
0.903905 1.71867e-05 0.000689746
0.904906 1.61999e-05 0.000667474
0.905907 1.52308e-05 0.000645614
0.906908 1.42932e-05 0.000624224
0.907909 1.34199e-05 0.000603432
0.90891 1.26074e-05 0.000583221
0.909911 1.18519e-05 0.00056357
0.910912 1.1149e-05 0.00054446
0.911913 1.04949e-05 0.000525869
0.912914 9.88544e-06 0.000507778
0.913915 9.31664e-06 0.000490167
0.914916 8.78453e-06 0.000473015
0.915917 8.28514e-06 0.000456303
0.916918 7.81456e-06 0.000440012
0.917919 7.36887e-06 0.000424121
0.91892 6.94421e-06 0.000408611
0.919921 6.53672e-06 0.000393464
0.920922 6.14257e-06 0.00037866
0.921923 5.75796e-06 0.000364179
0.922924 5.37911e-06 0.000350003
0.923925 5.00228e-06 0.000336114
0.924926 4.63601e-06 0.000322565
0.925927 4.30053e-06 0.000309475
0.926928 3.99417e-06 0.000296831
0.927929 3.71475e-06 0.000284613
0.92893 3.46008e-06 0.000272806
0.929931 3.22802e-06 0.000261391
0.930932 3.01642e-06 0.000250351
0.931933 2.82314e-06 0.000239668
0.932934 2.64606e-06 0.000229327
0.933935 2.48309e-06 0.000219309
0.934936 2.33213e-06 0.000209598
0.935937 2.19111e-06 0.000200178
0.936938 2.05795e-06 0.000191031
0.937939 1.93061e-06 0.000182141
0.93894 1.80705e-06 0.000173491
0.939941 1.68524e-06 0.000165066
0.940942 1.56317e-06 0.000156849
0.941943 1.43884e-06 0.000148823
0.942944 1.31805e-06 0.000141056
0.943945 1.20962e-06 0.000133638
0.944945 1.11263e-06 0.000126553
0.945946 1.02611e-06 0.000119786
0.946947 9.49106e-07 0.000113321
0.947948 8.80684e-07 0.000107142
0.948949 8.19899e-07 0.000101232
0.94995 7.65816e-07 9.55759e-05
0.950951 7.17507e-07 9.01584e-05
0.951952 6.74049e-07 8.49638e-05
0.952953 6.34526e-07 7.99766e-05
0.953954 5.98027e-07 7.51815e-05
0.954955 5.63645e-07 7.05632e-05
0.955956 5.30482e-07 6.61066e-05
0.956957 4.97643e-07 6.17965e-05
0.957958 4.6424e-07 5.76181e-05
0.958959 4.2939e-07 5.35564e-05
0.95996 3.9253e-07 4.96046e-05
0.960961 3.58007e-07 4.58763e-05
0.961962 3.27221e-07 4.24004e-05
0.962963 2.99852e-07 3.91609e-05
0.963964 2.75585e-07 3.61422e-05
0.964965 2.54104e-07 3.33286e-05
0.965966 2.35096e-07 3.07045e-05
0.966967 2.1825e-07 2.82543e-05
0.967968 2.03258e-07 2.59628e-05
0.968969 1.89812e-07 2.38146e-05
0.96997 1.77607e-07 2.17945e-05
0.970971 1.66339e-07 1.98875e-05
0.971972 1.55707e-07 1.80785e-05
0.972973 1.45411e-07 1.63525e-05
0.973974 1.35154e-07 1.46948e-05
0.974975 1.24639e-07 1.30906e-05
0.975976 1.13573e-07 1.15252e-05
0.976977 1.01935e-07 1.00051e-05
0.977978 9.12938e-08 8.65167e-06
0.978979 8.18427e-08 7.4724e-06
0.97998 7.34584e-08 6.44963e-06
0.980981 6.60176e-08 5.56582e-06
0.981982 5.93982e-08 4.80357e-06
0.982983 5.34786e-08 4.14554e-06
0.983984 4.81379e-08 3.57453e-06
0.984985 4.32559e-08 3.07344e-06
0.985986 3.87134e-08 2.62525e-06
0.986987 3.43916e-08 2.21306e-06
0.987988 3.01726e-08 1.82009e-06
0.988989 2.59392e-08 1.42962e-06
0.98999 2.15749e-08 1.02506e-06
0.990991 1.73348e-08 6.51367e-07
0.991992 1.38437e-08 4.08946e-07
0.992993 1.09653e-08 2.67413e-07
0.993994 8.5412e-09 1.92643e-07
0.994995 6.41368e-09 1.50713e-07
0.995996 4.4261e-09 1.07908e-07
0.996997 2.53635e-09 4.53772e-08
0.997998 1.30505e-09 3.0631e-08
0.998999 3.933e-10 2.43387e-08
1 9.33388e-28 3.03057e-24
