1.5 1.94316 0.36398
1.5986 2.46041 0.380484
1.6972 2.9546 0.396421
1.7958 3.425 0.411734
1.89439 3.87465 0.426492
1.99299 4.30432 0.440699
2.09159 4.71426 0.454352
2.19019 5.10665 0.467503
2.28879 5.48303 0.480191
2.38739 5.84392 0.492425
2.48599 6.1899 0.504218
2.58458 6.52221 0.515603
2.68318 6.84235 0.526621
2.78178 7.15083 0.537284
2.88038 7.44818 0.547607
2.97898 7.73486 0.557602
3.07758 8.01141 0.567283
3.17618 8.27892 0.576683
3.27477 8.53796 0.585817
3.37337 8.78891 0.594695
3.47197 9.03211 0.603329
3.57057 9.2679 0.611727
3.66917 9.49659 0.619898
3.76777 9.71849 0.627852
3.86637 9.93491 0.635604
3.96496 10.1467 0.643168
4.06356 10.3534 0.650551
4.16216 10.5547 0.657761
4.26076 10.7505 0.664803
4.35936 10.9404 0.671685
4.45796 11.1244 0.678413
4.55656 11.3024 0.684991
4.65516 11.4742 0.691425
4.75375 11.6398 0.69772
4.85235 11.7995 0.703886
4.95095 11.9538 0.709929
5.04955 12.1034 0.715854
5.14815 12.2485 0.721664
5.24675 12.3895 0.727363
5.34535 12.527 0.732955
5.44394 12.6611 0.738442
5.54254 12.7921 0.743829
5.64114 12.9205 0.749118
5.73974 13.0463 0.754312
5.83834 13.1699 0.759414
5.93694 13.2914 0.764426
6.03554 13.4111 0.769352
6.13413 13.5292 0.774192
6.23273 13.6454 0.778953
6.33133 13.7596 0.783638
6.42993 13.8719 0.788249
6.52853 13.9823 0.792788
6.62713 14.0909 0.797257
6.72573 14.1977 0.801658
6.82432 14.3027 0.805993
6.92292 14.406 0.810264
7.02152 14.5078 0.814472
7.12012 14.6079 0.818618
7.21872 14.7064 0.822705
7.31732 14.8035 0.826734
7.41592 14.899 0.830707
7.51451 14.9931 0.834624
7.61311 15.0858 0.838486
7.71171 15.1772 0.842297
7.81031 15.2672 0.846055
7.90891 15.3559 0.849764
8.00751 15.4433 0.853423
8.10611 15.5295 0.857035
8.2047 15.6145 0.860601
8.3033 15.6983 0.864122
8.4019 15.7811 0.8676
8.5005 15.8628 0.871037
8.5991 15.9434 0.874431
8.6977 16.023 0.877786
8.7963 16.1015 0.881101
8.89489 16.1791 0.884377
8.99349 16.2557 0.887615
9.09209 16.3314 0.890817
9.19069 16.4061 0.893982
9.28929 16.4799 0.897111
9.38789 16.5529 0.900206
9.48649 16.6249 0.903266
9.58509 16.6961 0.906293
9.68368 16.7665 0.909287
9.78228 16.8361 0.912248
9.88088 16.9048 0.915178
9.97948 16.9728 0.918078
10.0781 17.04 0.920946
10.1767 17.1064 0.923785
10.2753 17.1721 0.926595
10.3739 17.2371 0.929376
10.4725 17.3014 0.932129
10.5711 17.3649 0.934854
10.6697 17.4278 0.937551
10.7683 17.49 0.940222
10.8669 17.5515 0.942867
10.9655 17.6124 0.945486
11.0641 17.6727 0.948081
11.1627 17.7324 0.950651
11.2613 17.7914 0.953197
11.3599 17.8499 0.95572
11.4585 17.9078 0.958221
11.5571 17.9652 0.960698
11.6557 18.022 0.963154
11.7543 18.0782 0.965587
11.8529 18.1339 0.968
11.9515 18.1891 0.970391
12.0501 18.2438 0.972761
12.1486 18.2979 0.975111
12.2472 18.3516 0.97744
12.3458 18.4048 0.97975
12.4444 18.4574 0.982041
12.543 18.5096 0.984312
12.6416 18.5614 0.986564
12.7402 18.6127 0.988797
12.8388 18.6635 0.991012
12.9374 18.7138 0.993209
13.036 18.7638 0.995388
13.1346 18.8133 0.99755
13.2332 18.8623 0.999694
13.3318 18.911 1.00182
13.4304 18.9592 1.00393
13.529 19.007 1.00603
13.6276 19.0544 1.0081
13.7262 19.1015 1.01016
13.8248 19.1481 1.01221
13.9234 19.1943 1.01424
14.022 19.2402 1.01625
14.1206 19.2857 1.01825
14.2192 19.3308 1.02024
14.3178 19.3756 1.02221
14.4164 19.42 1.02416
14.515 19.464 1.0261
14.6136 19.5077 1.02803
14.7122 19.551 1.02994
14.8108 19.594 1.03184
14.9094 19.6367 1.03372
15.008 19.6791 1.03559
15.1066 19.7211 1.03745
15.2052 19.7628 1.03929
15.3038 19.8042 1.04113
15.4024 19.8453 1.04295
15.501 19.8861 1.04475
15.5996 19.9266 1.04655
15.6982 19.9668 1.04833
15.7968 20.0067 1.0501
15.8954 20.0463 1.05186
15.994 20.0856 1.05361
16.0926 20.1247 1.05534
16.1912 20.1635 1.05707
16.2898 20.202 1.05878
16.3884 20.2403 1.06049
16.487 20.2783 1.06218
16.5856 20.316 1.06386
16.6842 20.3535 1.06553
16.7828 20.3907 1.06719
16.8814 20.4277 1.06884
16.98 20.4644 1.07048
17.0786 20.5009 1.07211
17.1772 20.5371 1.07373
17.2758 20.5731 1.07534
17.3744 20.6089 1.07694
17.473 20.6444 1.07853
17.5716 20.6797 1.08011
17.6702 20.7147 1.08168
17.7688 20.7496 1.08324
17.8674 20.7842 1.08479
17.966 20.8186 1.08633
18.0646 20.8528 1.08786
18.1632 20.8867 1.08939
18.2618 20.9205 1.09091
18.3604 20.954 1.09241
18.459 20.9873 1.09391
18.5576 21.0205 1.0954
18.6562 21.0534 1.09688
18.7548 21.0861 1.09835
18.8534 21.1186 1.09982
18.952 21.1509 1.10127
19.0506 21.1831 1.10272
19.1491 21.215 1.10416
19.2477 21.2467 1.10559
19.3463 21.2783 1.10702
19.4449 21.3096 1.10843
19.5435 21.3408 1.10984
19.6421 21.3718 1.11124
19.7407 21.4026 1.11263
19.8393 21.4333 1.11402
19.9379 21.4637 1.1154
20.0365 21.494 1.11677
20.1351 21.5241 1.11813
20.2337 21.554 1.11949
20.3323 21.5838 1.12084
20.4309 21.6134 1.12218
20.5295 21.6428 1.12351
20.6281 21.6721 1.12484
20.7267 21.7012 1.12616
20.8253 21.7301 1.12748
20.9239 21.7589 1.12878
21.0225 21.7875 1.13008
21.1211 21.816 1.13138
21.2197 21.8443 1.13266
21.3183 21.8724 1.13394
21.4169 21.9004 1.13522
21.5155 21.9283 1.13649
21.6141 21.956 1.13775
21.7127 21.9835 1.139
21.8113 22.0109 1.14025
21.9099 22.0382 1.1415
22.0085 22.0653 1.14273
22.1071 22.0923 1.14396
22.2057 22.1191 1.14519
22.3043 22.1458 1.14641
22.4029 22.1724 1.14762
22.5015 22.1988 1.14883
22.6001 22.2252 1.15003
22.6987 22.2513 1.15123
22.7973 22.2774 1.15242
22.8959 22.3033 1.15361
22.9945 22.3291 1.15479
23.0931 22.3547 1.15596
23.1917 22.3802 1.15713
23.2903 22.4057 1.1583
23.3889 22.4309 1.15946
23.4875 22.4561 1.16061
23.5861 22.4811 1.16176
23.6847 22.506 1.1629
23.7833 22.5308 1.16404
23.8819 22.5555 1.16517
23.9805 22.5801 1.1663
24.0791 22.6045 1.16743
24.1777 22.6288 1.16854
24.2763 22.6531 1.16966
24.3749 22.6772 1.17077
24.4735 22.7011 1.17187
24.5721 22.725 1.17297
24.6707 22.7488 1.17406
24.7693 22.7724 1.17515
24.8679 22.796 1.17624
24.9665 22.8194 1.17732
25.0651 22.8427 1.17839
25.1637 22.866 1.17946
25.2623 22.8891 1.18053
25.3609 22.9121 1.18159
25.4595 22.935 1.18265
25.5581 22.9578 1.1837
25.6567 22.9805 1.18475
25.7553 23.0031 1.18579
25.8539 23.0256 1.18683
25.9525 23.048 1.18787
26.0511 23.0703 1.1889
26.1496 23.0925 1.18993
26.2482 23.1146 1.19095
26.3468 23.1366 1.19197
26.4454 23.1586 1.19299
26.544 23.1804 1.194
26.6426 23.2021 1.195
26.7412 23.2237 1.19601
26.8398 23.2453 1.197
26.9384 23.2667 1.198
27.037 23.2881 1.19899
27.1356 23.3093 1.19998
27.2342 23.3305 1.20096
27.3328 23.3516 1.20194
27.4314 23.3726 1.20291
27.53 23.3935 1.20389
27.6286 23.4143 1.20485
27.7272 23.4351 1.20582
27.8258 23.4557 1.20678
27.9244 23.4763 1.20773
28.023 23.4968 1.20869
28.1216 23.5172 1.20964
28.2202 23.5375 1.21058
28.3188 23.5577 1.21152
28.4174 23.5779 1.21246
28.516 23.5979 1.2134
28.6146 23.6179 1.21433
28.7132 23.6378 1.21526
28.8118 23.6576 1.21618
28.9104 23.6774 1.2171
29.009 23.697 1.21802
29.1076 23.7166 1.21893
29.2062 23.7361 1.21984
29.3048 23.7556 1.22075
29.4034 23.7749 1.22166
29.502 23.7942 1.22256
29.6006 23.8134 1.22345
29.6992 23.8325 1.22435
29.7978 23.8516 1.22524
29.8964 23.8706 1.22613
29.995 23.8895 1.22701
30.0936 23.9083 1.22789
30.1922 23.9271 1.22877
30.2908 23.9458 1.22965
30.3894 23.9644 1.23052
30.488 23.9829 1.23139
30.5866 24.0014 1.23225
30.6852 24.0198 1.23312
30.7838 24.0382 1.23397
30.8824 24.0564 1.23483
30.981 24.0746 1.23569
31.0796 24.0928 1.23654
31.1782 24.1108 1.23738
31.2768 24.1288 1.23823
31.3754 24.1468 1.23907
31.474 24.1646 1.23991
31.5726 24.1824 1.24075
31.6712 24.2002 1.24158
31.7698 24.2178 1.24241
31.8684 24.2355 1.24324
31.967 24.253 1.24406
32.0656 24.2705 1.24488
32.1642 24.2879 1.2457
32.2628 24.3053 1.24652
32.3614 24.3226 1.24734
32.46 24.3398 1.24815
32.5586 24.357 1.24896
32.6572 24.3741 1.24976
32.7558 24.3911 1.25057
32.8544 24.4081 1.25137
32.953 24.4251 1.25217
33.0516 24.442 1.25296
33.1502 24.4588 1.25375
33.2487 24.4755 1.25455
33.3473 24.4922 1.25533
33.4459 24.5089 1.25612
33.5445 24.5255 1.2569
33.6431 24.542 1.25768
33.7417 24.5585 1.25846
33.8403 24.5749 1.25924
33.9389 24.5913 1.26001
34.0375 24.6076 1.26078
34.1361 24.6239 1.26155
34.2347 24.6401 1.26232
34.3333 24.6562 1.26308
34.4319 24.6723 1.26384
34.5305 24.6884 1.2646
34.6291 24.7043 1.26536
34.7277 24.7203 1.26611
34.8263 24.7362 1.26686
34.9249 24.752 1.26761
35.0235 24.7678 1.26836
35.1221 24.7835 1.26911
35.2207 24.7992 1.26985
35.3193 24.8148 1.27059
35.4179 24.8304 1.27133
35.5165 24.8459 1.27207
35.6151 24.8614 1.2728
35.7137 24.8768 1.27353
35.8123 24.8922 1.27426
35.9109 24.9075 1.27499
36.0095 24.9228 1.27572
36.1081 24.938 1.27644
36.2067 24.9532 1.27716
36.3053 24.9683 1.27788
36.4039 24.9834 1.2786
36.5025 24.9985 1.27931
36.6011 25.0135 1.28002
36.6997 25.0284 1.28073
36.7983 25.0433 1.28144
36.8969 25.0582 1.28215
36.9955 25.073 1.28285
37.0941 25.0877 1.28356
37.1927 25.1024 1.28426
37.2913 25.1171 1.28495
37.3899 25.1317 1.28565
37.4885 25.1463 1.28635
37.5871 25.1608 1.28704
37.6857 25.1753 1.28773
37.7843 25.1898 1.28842
37.8829 25.2042 1.2891
37.9815 25.2185 1.28979
38.0801 25.2328 1.29047
38.1787 25.2471 1.29115
38.2773 25.2613 1.29183
38.3759 25.2755 1.29251
38.4745 25.2897 1.29318
38.5731 25.3038 1.29386
38.6717 25.3178 1.29453
38.7703 25.3319 1.2952
38.8689 25.3458 1.29586
38.9675 25.3598 1.29653
39.0661 25.3737 1.29719
39.1647 25.3875 1.29786
39.2633 25.4013 1.29852
39.3619 25.4151 1.29918
39.4605 25.4288 1.29983
39.5591 25.4425 1.30049
39.6577 25.4562 1.30114
39.7563 25.4698 1.30179
39.8549 25.4834 1.30244
39.9535 25.4969 1.30309
40.0521 25.5104 1.30374
40.1507 25.5239 1.30438
40.2492 25.5373 1.30502
40.3478 25.5506 1.30566
40.4464 25.564 1.3063
40.545 25.5773 1.30694
40.6436 25.5906 1.30758
40.7422 25.6038 1.30821
40.8408 25.617 1.30884
40.9394 25.6301 1.30947
41.038 25.6432 1.3101
41.1366 25.6563 1.31073
41.2352 25.6694 1.31136
41.3338 25.6824 1.31198
41.4324 25.6954 1.3126
41.531 25.7083 1.31323
41.6296 25.7212 1.31384
41.7282 25.734 1.31446
41.8268 25.7469 1.31508
41.9254 25.7597 1.31569
42.024 25.7724 1.31631
42.1226 25.7851 1.31692
42.2212 25.7978 1.31753
42.3198 25.8105 1.31814
42.4184 25.8231 1.31874
42.517 25.8357 1.31935
42.6156 25.8482 1.31995
42.7142 25.8608 1.32056
42.8128 25.8732 1.32116
42.9114 25.8857 1.32176
43.01 25.8981 1.32235
43.1086 25.9105 1.32295
43.2072 25.9228 1.32354
43.3058 25.9351 1.32414
43.4044 25.9474 1.32473
43.503 25.9597 1.32532
43.6016 25.9719 1.32591
43.7002 25.9841 1.3265
43.7988 25.9962 1.32708
43.8974 26.0084 1.32767
43.996 26.0204 1.32825
44.0946 26.0325 1.32883
44.1932 26.0445 1.32941
44.2918 26.0565 1.32999
44.3904 26.0685 1.33057
44.489 26.0804 1.33115
44.5876 26.0923 1.33172
44.6862 26.1042 1.33229
44.7848 26.116 1.33287
44.8834 26.1278 1.33344
44.982 26.1396 1.334
45.0806 26.1514 1.33457
45.1792 26.1631 1.33514
45.2778 26.1748 1.3357
45.3764 26.1864 1.33627
45.475 26.1981 1.33683
45.5736 26.2097 1.33739
45.6722 26.2212 1.33795
45.7708 26.2328 1.33851
45.8694 26.2443 1.33907
45.968 26.2558 1.33962
46.0666 26.2672 1.34018
46.1652 26.2787 1.34073
46.2638 26.29 1.34128
46.3624 26.3014 1.34183
46.461 26.3128 1.34238
46.5596 26.3241 1.34293
46.6582 26.3353 1.34348
46.7568 26.3466 1.34402
46.8554 26.3578 1.34457
46.954 26.369 1.34511
47.0526 26.3802 1.34565
47.1512 26.3913 1.34619
47.2497 26.4025 1.34673
47.3483 26.4136 1.34727
47.4469 26.4246 1.34781
47.5455 26.4357 1.34834
47.6441 26.4467 1.34887
47.7427 26.4576 1.34941
47.8413 26.4686 1.34994
47.9399 26.4795 1.35047
48.0385 26.4904 1.351
48.1371 26.5013 1.35153
48.2357 26.5122 1.35206
48.3343 26.523 1.35258
48.4329 26.5338 1.35311
48.5315 26.5446 1.35363
48.6301 26.5553 1.35415
48.7287 26.566 1.35467
48.8273 26.5767 1.35519
48.9259 26.5874 1.35571
49.0245 26.5981 1.35623
49.1231 26.6087 1.35675
49.2217 26.6193 1.35726
49.3203 26.6299 1.35778
49.4189 26.6404 1.35829
49.5175 26.6509 1.3588
49.6161 26.6614 1.35932
49.7147 26.6719 1.35983
49.8133 26.6824 1.36034
49.9119 26.6928 1.36084
50.0105 26.7032 1.36135
50.1091 26.7136 1.36186
50.2077 26.7239 1.36236
50.3063 26.7343 1.36287
50.4049 26.7446 1.36337
50.5035 26.7549 1.36387
50.6021 26.7651 1.36437
50.7007 26.7754 1.36487
50.7993 26.7856 1.36537
50.8979 26.7958 1.36587
50.9965 26.806 1.36636
51.0951 26.8161 1.36686
51.1937 26.8262 1.36735
51.2923 26.8363 1.36784
51.3909 26.8464 1.36834
51.4895 26.8565 1.36883
51.5881 26.8665 1.36932
51.6867 26.8765 1.36981
51.7853 26.8865 1.3703
51.8839 26.8965 1.37078
51.9825 26.9064 1.37127
52.0811 26.9164 1.37175
52.1797 26.9263 1.37224
52.2783 26.9362 1.37272
52.3769 26.946 1.3732
52.4755 26.9559 1.37369
52.5741 26.9657 1.37417
52.6727 26.9755 1.37464
52.7713 26.9853 1.37512
52.8699 26.995 1.3756
52.9685 27.0047 1.37608
53.0671 27.0145 1.37655
53.1657 27.0241 1.37703
53.2643 27.0338 1.3775
53.3629 27.0435 1.37797
53.4615 27.0531 1.37844
53.5601 27.0627 1.37891
53.6587 27.0723 1.37938
53.7573 27.0819 1.37985
53.8559 27.0914 1.38032
53.9545 27.1009 1.38079
54.0531 27.1104 1.38125
54.1517 27.1199 1.38172
54.2503 27.1294 1.38218
54.3488 27.1388 1.38265
54.4474 27.1483 1.38311
54.546 27.1577 1.38357
54.6446 27.167 1.38403
54.7432 27.1764 1.38449
54.8418 27.1858 1.38495
54.9404 27.1951 1.38541
55.039 27.2044 1.38586
55.1376 27.2137 1.38632
55.2362 27.223 1.38678
55.3348 27.2322 1.38723
55.4334 27.2414 1.38768
55.532 27.2506 1.38814
55.6306 27.2598 1.38859
55.7292 27.269 1.38904
55.8278 27.2782 1.38949
55.9264 27.2873 1.38994
56.025 27.2964 1.39038
56.1236 27.3055 1.39083
56.2222 27.3146 1.39128
56.3208 27.3237 1.39172
56.4194 27.3327 1.39217
56.518 27.3417 1.39261
56.6166 27.3507 1.39306
56.7152 27.3597 1.3935
56.8138 27.3687 1.39394
56.9124 27.3777 1.39438
57.011 27.3866 1.39482
57.1096 27.3955 1.39526
57.2082 27.4044 1.3957
57.3068 27.4133 1.39613
57.4054 27.4221 1.39657
57.504 27.431 1.39701
57.6026 27.4398 1.39744
57.7012 27.4486 1.39788
57.7998 27.4574 1.39831
57.8984 27.4662 1.39874
57.997 27.4749 1.39917
58.0956 27.4837 1.3996
58.1942 27.4924 1.40003
58.2928 27.5011 1.40046
58.3914 27.5098 1.40089
58.49 27.5185 1.40132
58.5886 27.5271 1.40175
58.6872 27.5358 1.40217
58.7858 27.5444 1.4026
58.8844 27.553 1.40302
58.983 27.5616 1.40345
59.0816 27.5701 1.40387
59.1802 27.5787 1.40429
59.2788 27.5872 1.40471
59.3774 27.5958 1.40513
59.476 27.6043 1.40555
59.5746 27.6127 1.40597
59.6732 27.6212 1.40639
59.7718 27.6297 1.40681
59.8704 27.6381 1.40723
59.969 27.6465 1.40764
60.0676 27.6549 1.40806
60.1662 27.6633 1.40847
60.2648 27.6717 1.40889
60.3634 27.6801 1.4093
60.462 27.6884 1.40971
60.5606 27.6967 1.41012
60.6592 27.705 1.41053
60.7578 27.7133 1.41094
60.8564 27.7216 1.41135
60.955 27.7299 1.41176
61.0536 27.7381 1.41217
61.1522 27.7464 1.41258
61.2508 27.7546 1.41299
61.3493 27.7628 1.41339
61.4479 27.771 1.4138
61.5465 27.7791 1.4142
61.6451 27.7873 1.4146
61.7437 27.7954 1.41501
61.8423 27.8035 1.41541
61.9409 27.8117 1.41581
62.0395 27.8198 1.41621
62.1381 27.8278 1.41661
62.2367 27.8359 1.41701
62.3353 27.8439 1.41741
62.4339 27.852 1.41781
62.5325 27.86 1.41821
62.6311 27.868 1.41861
62.7297 27.876 1.419
62.8283 27.884 1.4194
62.9269 27.8919 1.41979
63.0255 27.8999 1.42019
63.1241 27.9078 1.42058
63.2227 27.9157 1.42097
63.3213 27.9236 1.42136
63.4199 27.9315 1.42176
63.5185 27.9394 1.42215
63.6171 27.9473 1.42254
63.7157 27.9551 1.42293
63.8143 27.9629 1.42332
63.9129 27.9708 1.4237
64.0115 27.9786 1.42409
64.1101 27.9863 1.42448
64.2087 27.9941 1.42486
64.3073 28.0019 1.42525
64.4059 28.0096 1.42564
64.5045 28.0174 1.42602
64.6031 28.0251 1.4264
64.7017 28.0328 1.42679
64.8003 28.0405 1.42717
64.8989 28.0482 1.42755
64.9975 28.0558 1.42793
65.0961 28.0635 1.42831
65.1947 28.0711 1.42869
65.2933 28.0787 1.42907
65.3919 28.0864 1.42945
65.4905 28.094 1.42983
65.5891 28.1015 1.43021
65.6877 28.1091 1.43058
65.7863 28.1167 1.43096
65.8849 28.1242 1.43133
65.9835 28.1317 1.43171
66.0821 28.1393 1.43208
66.1807 28.1468 1.43246
66.2793 28.1543 1.43283
66.3779 28.1617 1.4332
66.4765 28.1692 1.43357
66.5751 28.1767 1.43394
66.6737 28.1841 1.43432
66.7723 28.1915 1.43469
66.8709 28.1989 1.43506
66.9695 28.2063 1.43542
67.0681 28.2137 1.43579
67.1667 28.2211 1.43616
67.2653 28.2285 1.43653
67.3639 28.2358 1.43689
67.4625 28.2432 1.43726
67.5611 28.2505 1.43762
67.6597 28.2578 1.43799
67.7583 28.2651 1.43835
67.8569 28.2724 1.43872
67.9555 28.2797 1.43908
68.0541 28.2869 1.43944
68.1527 28.2942 1.4398
68.2513 28.3014 1.44017
68.3498 28.3086 1.44053
68.4484 28.3159 1.44089
68.547 28.3231 1.44125
68.6456 28.3303 1.44161
68.7442 28.3374 1.44196
68.8428 28.3446 1.44232
68.9414 28.3518 1.44268
69.04 28.3589 1.44304
69.1386 28.366 1.44339
69.2372 28.3731 1.44375
69.3358 28.3803 1.4441
69.4344 28.3873 1.44446
69.533 28.3944 1.44481
69.6316 28.4015 1.44516
69.7302 28.4086 1.44552
69.8288 28.4156 1.44587
69.9274 28.4226 1.44622
70.026 28.4297 1.44657
70.1246 28.4367 1.44692
70.2232 28.4437 1.44727
70.3218 28.4507 1.44762
70.4204 28.4577 1.44797
70.519 28.4646 1.44832
70.6176 28.4716 1.44867
70.7162 28.4785 1.44902
70.8148 28.4855 1.44936
70.9134 28.4924 1.44971
71.012 28.4993 1.45006
71.1106 28.5062 1.4504
71.2092 28.5131 1.45075
71.3078 28.5199 1.45109
71.4064 28.5268 1.45143
71.505 28.5337 1.45178
71.6036 28.5405 1.45212
71.7022 28.5473 1.45246
71.8008 28.5542 1.4528
71.8994 28.561 1.45314
71.998 28.5678 1.45349
72.0966 28.5746 1.45383
72.1952 28.5813 1.45417
72.2938 28.5881 1.4545
72.3924 28.5949 1.45484
72.491 28.6016 1.45518
72.5896 28.6083 1.45552
72.6882 28.6151 1.45586
72.7868 28.6218 1.45619
72.8854 28.6285 1.45653
72.984 28.6352 1.45686
73.0826 28.6419 1.4572
73.1812 28.6485 1.45753
73.2798 28.6552 1.45787
73.3784 28.6618 1.4582
73.477 28.6685 1.45853
73.5756 28.6751 1.45887
73.6742 28.6817 1.4592
73.7728 28.6883 1.45953
73.8714 28.6949 1.45986
73.97 28.7015 1.46019
74.0686 28.7081 1.46052
74.1672 28.7147 1.46085
74.2658 28.7212 1.46118
74.3644 28.7278 1.46151
74.463 28.7343 1.46184
74.5616 28.7408 1.46217
74.6602 28.7473 1.46249
74.7588 28.7538 1.46282
74.8574 28.7603 1.46315
74.956 28.7668 1.46347
75.0546 28.7733 1.4638
75.1532 28.7798 1.46412
75.2518 28.7862 1.46445
75.3504 28.7927 1.46477
75.4489 28.7991 1.4651
75.5475 28.8055 1.46542
75.6461 28.8119 1.46574
75.7447 28.8183 1.46606
75.8433 28.8247 1.46639
75.9419 28.8311 1.46671
76.0405 28.8375 1.46703
76.1391 28.8439 1.46735
76.2377 28.8502 1.46767
76.3363 28.8566 1.46799
76.4349 28.8629 1.46831
76.5335 28.8693 1.46863
76.6321 28.8756 1.46894
76.7307 28.8819 1.46926
76.8293 28.8882 1.46958
76.9279 28.8945 1.4699
77.0265 28.9008 1.47021
77.1251 28.907 1.47053
77.2237 28.9133 1.47084
77.3223 28.9196 1.47116
77.4209 28.9258 1.47147
77.5195 28.932 1.47179
77.6181 28.9383 1.4721
77.7167 28.9445 1.47242
77.8153 28.9507 1.47273
77.9139 28.9569 1.47304
78.0125 28.9631 1.47335
78.1111 28.9693 1.47366
78.2097 28.9754 1.47398
78.3083 28.9816 1.47429
78.4069 28.9878 1.4746
78.5055 28.9939 1.47491
78.6041 29 1.47522
78.7027 29.0062 1.47553
78.8013 29.0123 1.47583
78.8999 29.0184 1.47614
78.9985 29.0245 1.47645
79.0971 29.0306 1.47676
79.1957 29.0367 1.47707
79.2943 29.0427 1.47737
79.3929 29.0488 1.47768
79.4915 29.0549 1.47798
79.5901 29.0609 1.47829
79.6887 29.067 1.47859
79.7873 29.073 1.4789
79.8859 29.079 1.4792
79.9845 29.085 1.47951
80.0831 29.091 1.47981
80.1817 29.097 1.48011
80.2803 29.103 1.48042
80.3789 29.109 1.48072
80.4775 29.115 1.48102
80.5761 29.1209 1.48132
80.6747 29.1269 1.48162
80.7733 29.1328 1.48192
80.8719 29.1388 1.48222
80.9705 29.1447 1.48252
81.0691 29.1506 1.48282
81.1677 29.1565 1.48312
81.2663 29.1624 1.48342
81.3649 29.1683 1.48372
81.4635 29.1742 1.48401
81.5621 29.1801 1.48431
81.6607 29.1859 1.48461
81.7593 29.1918 1.48491
81.8579 29.1977 1.4852
81.9565 29.2035 1.4855
82.0551 29.2093 1.48579
82.1537 29.2152 1.48609
82.2523 29.221 1.48638
82.3509 29.2268 1.48668
82.4494 29.2326 1.48697
82.548 29.2384 1.48726
82.6466 29.2442 1.48756
82.7452 29.25 1.48785
82.8438 29.2557 1.48814
82.9424 29.2615 1.48843
83.041 29.2673 1.48873
83.1396 29.273 1.48902
83.2382 29.2788 1.48931
83.3368 29.2845 1.4896
83.4354 29.2902 1.48989
83.534 29.2959 1.49018
83.6326 29.3016 1.49047
83.7312 29.3073 1.49076
83.8298 29.313 1.49105
83.9284 29.3187 1.49133
84.027 29.3244 1.49162
84.1256 29.3301 1.49191
84.2242 29.3357 1.4922
84.3228 29.3414 1.49248
84.4214 29.347 1.49277
84.52 29.3527 1.49306
84.6186 29.3583 1.49334
84.7172 29.3639 1.49363
84.8158 29.3695 1.49391
84.9144 29.3752 1.4942
85.013 29.3808 1.49448
85.1116 29.3863 1.49476
85.2102 29.3919 1.49505
85.3088 29.3975 1.49533
85.4074 29.4031 1.49561
85.506 29.4086 1.4959
85.6046 29.4142 1.49618
85.7032 29.4198 1.49646
85.8018 29.4253 1.49674
85.9004 29.4308 1.49702
85.999 29.4364 1.4973
86.0976 29.4419 1.49758
86.1962 29.4474 1.49786
86.2948 29.4529 1.49814
86.3934 29.4584 1.49842
86.492 29.4639 1.4987
86.5906 29.4694 1.49898
86.6892 29.4748 1.49926
86.7878 29.4803 1.49954
86.8864 29.4858 1.49981
86.985 29.4912 1.50009
87.0836 29.4967 1.50037
87.1822 29.5021 1.50064
87.2808 29.5075 1.50092
87.3794 29.513 1.5012
87.478 29.5184 1.50147
87.5766 29.5238 1.50175
87.6752 29.5292 1.50202
87.7738 29.5346 1.5023
87.8724 29.54 1.50257
87.971 29.5454 1.50284
88.0696 29.5507 1.50312
88.1682 29.5561 1.50339
88.2668 29.5615 1.50366
88.3654 29.5668 1.50394
88.464 29.5722 1.50421
88.5626 29.5775 1.50448
88.6612 29.5828 1.50475
88.7598 29.5882 1.50502
88.8584 29.5935 1.50529
88.957 29.5988 1.50557
89.0556 29.6041 1.50584
89.1542 29.6094 1.50611
89.2528 29.6147 1.50638
89.3514 29.62 1.50664
89.4499 29.6253 1.50691
89.5485 29.6305 1.50718
89.6471 29.6358 1.50745
89.7457 29.6411 1.50772
89.8443 29.6463 1.50799
89.9429 29.6516 1.50825
90.0415 29.6568 1.50852
90.1401 29.662 1.50879
90.2387 29.6673 1.50905
90.3373 29.6725 1.50932
90.4359 29.6777 1.50958
90.5345 29.6829 1.50985
90.6331 29.6881 1.51012
90.7317 29.6933 1.51038
90.8303 29.6985 1.51064
90.9289 29.7036 1.51091
91.0275 29.7088 1.51117
91.1261 29.714 1.51144
91.2247 29.7191 1.5117
91.3233 29.7243 1.51196
91.4219 29.7294 1.51223
91.5205 29.7346 1.51249
91.6191 29.7397 1.51275
91.7177 29.7448 1.51301
91.8163 29.75 1.51327
91.9149 29.7551 1.51353
92.0135 29.7602 1.51379
92.1121 29.7653 1.51405
92.2107 29.7704 1.51432
92.3093 29.7755 1.51457
92.4079 29.7806 1.51483
92.5065 29.7856 1.51509
92.6051 29.7907 1.51535
92.7037 29.7958 1.51561
92.8023 29.8008 1.51587
92.9009 29.8059 1.51613
92.9995 29.8109 1.51639
93.0981 29.816 1.51664
93.1967 29.821 1.5169
93.2953 29.826 1.51716
93.3939 29.831 1.51741
93.4925 29.8361 1.51767
93.5911 29.8411 1.51793
93.6897 29.8461 1.51818
93.7883 29.8511 1.51844
93.8869 29.856 1.51869
93.9855 29.861 1.51895
94.0841 29.866 1.5192
94.1827 29.871 1.51946
94.2813 29.8759 1.51971
94.3799 29.8809 1.51996
94.4785 29.8859 1.52022
94.5771 29.8908 1.52047
94.6757 29.8957 1.52072
94.7743 29.9007 1.52098
94.8729 29.9056 1.52123
94.9715 29.9105 1.52148
95.0701 29.9154 1.52173
95.1687 29.9204 1.52198
95.2673 29.9253 1.52223
95.3659 29.9302 1.52248
95.4645 29.9351 1.52273
95.5631 29.9399 1.52298
95.6617 29.9448 1.52323
95.7603 29.9497 1.52348
95.8589 29.9546 1.52373
95.9575 29.9594 1.52398
96.0561 29.9643 1.52423
96.1547 29.9691 1.52448
96.2533 29.974 1.52473
96.3519 29.9788 1.52498
96.4505 29.9837 1.52522
96.549 29.9885 1.52547
96.6476 29.9933 1.52572
96.7462 29.9981 1.52597
96.8448 30.0029 1.52621
96.9434 30.0078 1.52646
97.042 30.0126 1.5267
97.1406 30.0174 1.52695
97.2392 30.0221 1.5272
97.3378 30.0269 1.52744
97.4364 30.0317 1.52769
97.535 30.0365 1.52793
97.6336 30.0412 1.52818
97.7322 30.046 1.52842
97.8308 30.0508 1.52866
97.9294 30.0555 1.52891
98.028 30.0603 1.52915
98.1266 30.065 1.52939
98.2252 30.0697 1.52964
98.3238 30.0745 1.52988
98.4224 30.0792 1.53012
98.521 30.0839 1.53036
98.6196 30.0886 1.53061
98.7182 30.0933 1.53085
98.8168 30.098 1.53109
98.9154 30.1027 1.53133
99.014 30.1074 1.53157
99.1126 30.1121 1.53181
99.2112 30.1168 1.53205
99.3098 30.1214 1.53229
99.4084 30.1261 1.53253
99.507 30.1308 1.53277
99.6056 30.1354 1.53301
99.7042 30.1401 1.53325
99.8028 30.1447 1.53349
99.9014 30.1494 1.53372
100 30.154 1.53396
