1.5 1.93537 0.384957
1.5986 2.45231 0.401366
1.6972 2.94635 0.417218
1.7958 3.4167 0.432455
1.89439 3.86637 0.447142
1.99299 4.29612 0.461286
2.09159 4.70618 0.474881
2.19019 5.09872 0.487979
2.28879 5.47527 0.500617
2.38739 5.83635 0.512806
2.48599 6.18253 0.524556
2.58458 6.51505 0.535901
2.68318 6.83539 0.546881
2.78178 7.14409 0.557509
2.88038 7.44166 0.567798
2.97898 7.72856 0.577761
3.07758 8.00532 0.587412
3.17618 8.27304 0.596783
3.27477 8.5323 0.60589
3.37337 8.78345 0.614742
3.47197 9.02686 0.623351
3.57057 9.26286 0.631725
3.66917 9.49176 0.639874
3.76777 9.71385 0.647807
3.86637 9.93046 0.655538
3.96496 10.1424 0.663081
4.06356 10.3493 0.670445
4.16216 10.5508 0.677636
4.26076 10.7468 0.684661
4.35936 10.9369 0.691526
4.45796 11.1211 0.698237
4.55656 11.2992 0.704799
4.65516 11.4712 0.711218
4.75375 11.637 0.717498
4.85235 11.7968 0.723649
4.95095 11.9513 0.729678
5.04955 12.101 0.735589
5.14815 12.2462 0.741386
5.24675 12.3874 0.747072
5.34535 12.525 0.752651
5.44394 12.6592 0.758127
5.54254 12.7904 0.763502
5.64114 12.9189 0.768779
5.73974 13.0449 0.773962
5.83834 13.1686 0.779053
5.93694 13.2903 0.784054
6.03554 13.4101 0.788969
6.13413 13.5282 0.793799
6.23273 13.6446 0.79855
6.33133 13.7589 0.803225
6.42993 13.8713 0.807826
6.52853 13.9818 0.812356
6.62713 14.0905 0.816816
6.72573 14.1973 0.821208
6.82432 14.3025 0.825534
6.92292 14.4059 0.829796
7.02152 14.5077 0.833995
7.12012 14.6079 0.838133
7.21872 14.7066 0.842212
7.31732 14.8037 0.846233
7.41592 14.8994 0.850197
7.51451 14.9936 0.854106
7.61311 15.0864 0.857961
7.71171 15.1778 0.861764
7.81031 15.2679 0.865515
7.90891 15.3566 0.869217
8.00751 15.4442 0.872869
8.10611 15.5304 0.876473
8.2047 15.6155 0.880032
8.3033 15.6994 0.883547
8.4019 15.7823 0.887019
8.5005 15.864 0.890448
8.5991 15.9447 0.893837
8.6977 16.0243 0.897185
8.7963 16.103 0.900494
8.89489 16.1806 0.903764
8.99349 16.2573 0.906997
9.09209 16.333 0.910192
9.19069 16.4078 0.913351
9.28929 16.4817 0.916475
9.38789 16.5547 0.919564
9.48649 16.6269 0.922619
9.58509 16.6981 0.92564
9.68368 16.7686 0.928629
9.78228 16.8382 0.931585
9.88088 16.907 0.93451
9.97948 16.9751 0.937404
10.0781 17.0423 0.940268
10.1767 17.1088 0.943102
10.2753 17.1746 0.945906
10.3739 17.2396 0.948682
10.4725 17.3039 0.95143
10.5711 17.3676 0.95415
10.6697 17.4305 0.956843
10.7683 17.4928 0.95951
10.8669 17.5543 0.96215
10.9655 17.6153 0.964764
11.0641 17.6756 0.967354
11.1627 17.7353 0.969919
11.2613 17.7945 0.972461
11.3599 17.853 0.97498
11.4585 17.911 0.977476
11.5571 17.9684 0.979949
11.6557 18.0252 0.9824
11.7543 18.0815 0.98483
11.8529 18.1373 0.987238
11.9515 18.1925 0.989625
12.0501 18.2472 0.991991
12.1486 18.3014 0.994336
12.2472 18.3552 0.996662
12.3458 18.4084 0.998968
12.4444 18.4611 1.00125
12.543 18.5134 1.00352
12.6416 18.5651 1.00577
12.7402 18.6165 1.008
12.8388 18.6673 1.01021
12.9374 18.7177 1.0124
13.036 18.7677 1.01458
13.1346 18.8173 1.01674
13.2332 18.8664 1.01888
13.3318 18.9151 1.021
13.4304 18.9633 1.02311
13.529 19.0112 1.0252
13.6276 19.0587 1.02727
13.7262 19.1057 1.02933
13.8248 19.1524 1.03137
13.9234 19.1987 1.0334
14.022 19.2446 1.03541
14.1206 19.2901 1.0374
14.2192 19.3353 1.03939
14.3178 19.3801 1.04135
14.4164 19.4245 1.0433
14.515 19.4686 1.04524
14.6136 19.5123 1.04716
14.7122 19.5557 1.04907
14.8108 19.5988 1.05097
14.9094 19.6415 1.05285
15.008 19.6839 1.05471
15.1066 19.7259 1.05657
15.2052 19.7677 1.05841
15.3038 19.8091 1.06024
15.4024 19.8502 1.06205
15.501 19.891 1.06386
15.5996 19.9316 1.06565
15.6982 19.9718 1.06743
15.7968 20.0117 1.0692
15.8954 20.0514 1.07095
15.994 20.0908 1.0727
16.0926 20.1299 1.07443
16.1912 20.1687 1.07615
16.2898 20.2073 1.07786
16.3884 20.2456 1.07956
16.487 20.2836 1.08125
16.5856 20.3214 1.08293
16.6842 20.3589 1.0846
16.7828 20.3961 1.08626
16.8814 20.4331 1.0879
16.98 20.4699 1.08954
17.0786 20.5064 1.09117
17.1772 20.5426 1.09278
17.2758 20.5787 1.09439
17.3744 20.6145 1.09598
17.473 20.65 1.09757
17.5716 20.6853 1.09915
17.6702 20.7204 1.10072
17.7688 20.7553 1.10227
17.8674 20.7899 1.10382
17.966 20.8244 1.10536
18.0646 20.8586 1.10689
18.1632 20.8926 1.10842
18.2618 20.9263 1.10993
18.3604 20.9599 1.11143
18.459 20.9932 1.11293
18.5576 21.0264 1.11442
18.6562 21.0593 1.1159
18.7548 21.0921 1.11737
18.8534 21.1246 1.11883
18.952 21.157 1.12028
19.0506 21.1891 1.12173
19.1491 21.2211 1.12316
19.2477 21.2528 1.12459
19.3463 21.2844 1.12601
19.4449 21.3158 1.12743
19.5435 21.347 1.12883
19.6421 21.378 1.13023
19.7407 21.4089 1.13162
19.8393 21.4395 1.133
19.9379 21.47 1.13438
20.0365 21.5003 1.13575
20.1351 21.5304 1.13711
20.2337 21.5604 1.13846
20.3323 21.5902 1.13981
20.4309 21.6198 1.14115
20.5295 21.6493 1.14248
20.6281 21.6785 1.14381
20.7267 21.7077 1.14513
20.8253 21.7366 1.14644
20.9239 21.7654 1.14774
21.0225 21.7941 1.14904
21.1211 21.8226 1.15033
21.2197 21.8509 1.15162
21.3183 21.879 1.1529
21.4169 21.9071 1.15417
21.5155 21.9349 1.15543
21.6141 21.9627 1.15669
21.7127 21.9902 1.15795
21.8113 22.0177 1.15919
21.9099 22.0449 1.16043
22.0085 22.0721 1.16167
22.1071 22.0991 1.1629
22.2057 22.126 1.16412
22.3043 22.1527 1.16534
22.4029 22.1793 1.16655
22.5015 22.2057 1.16776
22.6001 22.2321 1.16896
22.6987 22.2583 1.17015
22.7973 22.2843 1.17134
22.8959 22.3103 1.17253
22.9945 22.3361 1.17371
23.0931 22.3617 1.17488
23.1917 22.3873 1.17605
23.2903 22.4127 1.17721
23.3889 22.438 1.17837
23.4875 22.4632 1.17952
23.5861 22.4883 1.18066
23.6847 22.5132 1.18181
23.7833 22.538 1.18294
23.8819 22.5627 1.18407
23.9805 22.5873 1.1852
24.0791 22.6118 1.18632
24.1777 22.6361 1.18744
24.2763 22.6603 1.18855
24.3749 22.6844 1.18966
24.4735 22.7085 1.19076
24.5721 22.7323 1.19186
24.6707 22.7561 1.19295
24.7693 22.7798 1.19404
24.8679 22.8034 1.19512
24.9665 22.8268 1.1962
25.0651 22.8502 1.19727
25.1637 22.8734 1.19834
25.2623 22.8965 1.19941
25.3609 22.9196 1.20047
25.4595 22.9425 1.20152
25.5581 22.9653 1.20257
25.6567 22.988 1.20362
25.7553 23.0107 1.20466
25.8539 23.0332 1.2057
25.9525 23.0556 1.20673
26.0511 23.0779 1.20776
26.1496 23.1002 1.20879
26.2482 23.1223 1.20981
26.3468 23.1443 1.21083
26.4454 23.1662 1.21184
26.544 23.1881 1.21285
26.6426 23.2098 1.21386
26.7412 23.2315 1.21486
26.8398 23.253 1.21585
26.9384 23.2745 1.21685
27.037 23.2959 1.21784
27.1356 23.3172 1.21882
27.2342 23.3383 1.2198
27.3328 23.3594 1.22078
27.4314 23.3805 1.22176
27.53 23.4014 1.22273
27.6286 23.4222 1.22369
27.7272 23.443 1.22465
27.8258 23.4636 1.22561
27.9244 23.4842 1.22657
28.023 23.5047 1.22752
28.1216 23.5251 1.22847
28.2202 23.5455 1.22941
28.3188 23.5657 1.23035
28.4174 23.5859 1.23129
28.516 23.606 1.23222
28.6146 23.626 1.23315
28.7132 23.6459 1.23408
28.8118 23.6657 1.235
28.9104 23.6855 1.23592
29.009 23.7052 1.23684
29.1076 23.7248 1.23775
29.2062 23.7443 1.23866
29.3048 23.7637 1.23956
29.4034 23.7831 1.24047
29.502 23.8024 1.24137
29.6006 23.8216 1.24226
29.6992 23.8408 1.24316
29.7978 23.8598 1.24404
29.8964 23.8788 1.24493
29.995 23.8978 1.24581
30.0936 23.9166 1.24669
30.1922 23.9354 1.24757
30.2908 23.9541 1.24844
30.3894 23.9727 1.24932
30.488 23.9913 1.25018
30.5866 24.0098 1.25105
30.6852 24.0282 1.25191
30.7838 24.0466 1.25277
30.8824 24.0648 1.25362
30.981 24.0831 1.25448
31.0796 24.1012 1.25532
31.1782 24.1193 1.25617
31.2768 24.1373 1.25701
31.3754 24.1552 1.25786
31.474 24.1731 1.25869
31.5726 24.1909 1.25953
31.6712 24.2087 1.26036
31.7698 24.2264 1.26119
31.8684 24.244 1.26202
31.967 24.2616 1.26284
32.0656 24.279 1.26366
32.1642 24.2965 1.26448
32.2628 24.3139 1.26529
32.3614 24.3312 1.26611
32.46 24.3484 1.26692
32.5586 24.3656 1.26773
32.6572 24.3827 1.26853
32.7558 24.3998 1.26933
32.8544 24.4168 1.27013
32.953 24.4338 1.27093
33.0516 24.4507 1.27172
33.1502 24.4675 1.27252
33.2487 24.4843 1.27331
33.3473 24.501 1.27409
33.4459 24.5176 1.27488
33.5445 24.5343 1.27566
33.6431 24.5508 1.27644
33.7417 24.5673 1.27722
33.8403 24.5837 1.27799
33.9389 24.6001 1.27876
34.0375 24.6164 1.27953
34.1361 24.6327 1.2803
34.2347 24.6489 1.28107
34.3333 24.6651 1.28183
34.4319 24.6812 1.28259
34.5305 24.6972 1.28335
34.6291 24.7132 1.2841
34.7277 24.7292 1.28486
34.8263 24.7451 1.28561
34.9249 24.7609 1.28636
35.0235 24.7767 1.2871
35.1221 24.7925 1.28785
35.2207 24.8082 1.28859
35.3193 24.8238 1.28933
35.4179 24.8394 1.29007
35.5165 24.8549 1.2908
35.6151 24.8704 1.29153
35.7137 24.8858 1.29226
35.8123 24.9012 1.29299
35.9109 24.9166 1.29372
36.0095 24.9319 1.29444
36.1081 24.9471 1.29517
36.2067 24.9623 1.29589
36.3053 24.9774 1.2966
36.4039 24.9925 1.29732
36.5025 25.0076 1.29803
36.6011 25.0226 1.29874
36.6997 25.0375 1.29945
36.7983 25.0525 1.30016
36.8969 25.0673 1.30087
36.9955 25.0821 1.30157
37.0941 25.0969 1.30227
37.1927 25.1116 1.30297
37.2913 25.1263 1.30367
37.3899 25.1409 1.30436
37.4885 25.1555 1.30506
37.5871 25.1701 1.30575
37.6857 25.1846 1.30644
37.7843 25.199 1.30713
37.8829 25.2135 1.30781
37.9815 25.2278 1.30849
38.0801 25.2421 1.30918
38.1787 25.2564 1.30986
38.2773 25.2707 1.31053
38.3759 25.2849 1.31121
38.4745 25.299 1.31188
38.5731 25.3131 1.31256
38.6717 25.3272 1.31323
38.7703 25.3412 1.3139
38.8689 25.3552 1.31456
38.9675 25.3692 1.31523
39.0661 25.3831 1.31589
39.1647 25.3969 1.31655
39.2633 25.4108 1.31721
39.3619 25.4245 1.31787
39.4605 25.4383 1.31852
39.5591 25.452 1.31918
39.6577 25.4656 1.31983
39.7563 25.4793 1.32048
39.8549 25.4928 1.32113
39.9535 25.5064 1.32178
40.0521 25.5199 1.32242
40.1507 25.5334 1.32306
40.2492 25.5468 1.32371
40.3478 25.5602 1.32435
40.4464 25.5735 1.32498
40.545 25.5868 1.32562
40.6436 25.6001 1.32626
40.7422 25.6134 1.32689
40.8408 25.6266 1.32752
40.9394 25.6397 1.32815
41.038 25.6529 1.32878
41.1366 25.6659 1.32941
41.2352 25.679 1.33003
41.3338 25.692 1.33065
41.4324 25.705 1.33128
41.531 25.7179 1.3319
41.6296 25.7308 1.33252
41.7282 25.7437 1.33313
41.8268 25.7566 1.33375
41.9254 25.7694 1.33436
42.024 25.7821 1.33497
42.1226 25.7949 1.33558
42.2212 25.8075 1.33619
42.3198 25.8202 1.3368
42.4184 25.8328 1.33741
42.517 25.8454 1.33801
42.6156 25.858 1.33861
42.7142 25.8705 1.33922
42.8128 25.883 1.33982
42.9114 25.8955 1.34041
43.01 25.9079 1.34101
43.1086 25.9203 1.34161
43.2072 25.9326 1.3422
43.3058 25.945 1.34279
43.4044 25.9573 1.34338
43.503 25.9695 1.34397
43.6016 25.9817 1.34456
43.7002 25.9939 1.34515
43.7988 26.0061 1.34573
43.8974 26.0182 1.34632
43.996 26.0303 1.3469
44.0946 26.0424 1.34748
44.1932 26.0544 1.34806
44.2918 26.0664 1.34864
44.3904 26.0784 1.34921
44.489 26.0903 1.34979
44.5876 26.1023 1.35036
44.6862 26.1141 1.35094
44.7848 26.126 1.35151
44.8834 26.1378 1.35208
44.982 26.1496 1.35264
45.0806 26.1613 1.35321
45.1792 26.1731 1.35378
45.2778 26.1848 1.35434
45.3764 26.1964 1.3549
45.475 26.2081 1.35547
45.5736 26.2197 1.35603
45.6722 26.2313 1.35659
45.7708 26.2428 1.35714
45.8694 26.2543 1.3577
45.968 26.2658 1.35825
46.0666 26.2773 1.35881
46.1652 26.2887 1.35936
46.2638 26.3001 1.35991
46.3624 26.3115 1.36046
46.461 26.3228 1.36101
46.5596 26.3342 1.36156
46.6582 26.3454 1.3621
46.7568 26.3567 1.36265
46.8554 26.3679 1.36319
46.954 26.3792 1.36373
47.0526 26.3903 1.36427
47.1512 26.4015 1.36481
47.2497 26.4126 1.36535
47.3483 26.4237 1.36589
47.4469 26.4348 1.36642
47.5455 26.4458 1.36696
47.6441 26.4568 1.36749
47.7427 26.4678 1.36803
47.8413 26.4788 1.36856
47.9399 26.4897 1.36909
48.0385 26.5006 1.36962
48.1371 26.5115 1.37014
48.2357 26.5224 1.37067
48.3343 26.5332 1.37119
48.4329 26.544 1.37172
48.5315 26.5548 1.37224
48.6301 26.5656 1.37276
48.7287 26.5763 1.37328
48.8273 26.587 1.3738
48.9259 26.5977 1.37432
49.0245 26.6083 1.37484
49.1231 26.619 1.37536
49.2217 26.6296 1.37587
49.3203 26.6402 1.37638
49.4189 26.6507 1.3769
49.5175 26.6612 1.37741
49.6161 26.6718 1.37792
49.7147 26.6822 1.37843
49.8133 26.6927 1.37894
49.9119 26.7031 1.37944
50.0105 26.7135 1.37995
50.1091 26.7239 1.38046
50.2077 26.7343 1.38096
50.3063 26.7446 1.38146
50.4049 26.755 1.38197
50.5035 26.7653 1.38247
50.6021 26.7755 1.38297
50.7007 26.7858 1.38347
50.7993 26.796 1.38396
50.8979 26.8062 1.38446
50.9965 26.8164 1.38496
51.0951 26.8265 1.38545
51.1937 26.8367 1.38594
51.2923 26.8468 1.38644
51.3909 26.8569 1.38693
51.4895 26.8669 1.38742
51.5881 26.877 1.38791
51.6867 26.887 1.3884
51.7853 26.897 1.38888
51.8839 26.907 1.38937
51.9825 26.9169 1.38986
52.0811 26.9269 1.39034
52.1797 26.9368 1.39082
52.2783 26.9467 1.39131
52.3769 26.9565 1.39179
52.4755 26.9664 1.39227
52.5741 26.9762 1.39275
52.6727 26.986 1.39323
52.7713 26.9958 1.3937
52.8699 27.0055 1.39418
52.9685 27.0153 1.39466
53.0671 27.025 1.39513
53.1657 27.0347 1.3956
53.2643 27.0444 1.39608
53.3629 27.054 1.39655
53.4615 27.0637 1.39702
53.5601 27.0733 1.39749
53.6587 27.0829 1.39796
53.7573 27.0925 1.39843
53.8559 27.102 1.3989
53.9545 27.1115 1.39936
54.0531 27.121 1.39983
54.1517 27.1305 1.40029
54.2503 27.14 1.40075
54.3488 27.1495 1.40122
54.4474 27.1589 1.40168
54.546 27.1683 1.40214
54.6446 27.1777 1.4026
54.7432 27.1871 1.40306
54.8418 27.1964 1.40352
54.9404 27.2058 1.40397
55.039 27.2151 1.40443
55.1376 27.2244 1.40489
55.2362 27.2336 1.40534
55.3348 27.2429 1.40579
55.4334 27.2521 1.40625
55.532 27.2614 1.4067
55.6306 27.2706 1.40715
55.7292 27.2797 1.4076
55.8278 27.2889 1.40805
55.9264 27.298 1.4085
56.025 27.3072 1.40895
56.1236 27.3163 1.40939
56.2222 27.3254 1.40984
56.3208 27.3344 1.41028
56.4194 27.3435 1.41073
56.518 27.3525 1.41117
56.6166 27.3615 1.41161
56.7152 27.3705 1.41205
56.8138 27.3795 1.4125
56.9124 27.3884 1.41294
57.011 27.3974 1.41337
57.1096 27.4063 1.41381
57.2082 27.4152 1.41425
57.3068 27.4241 1.41469
57.4054 27.433 1.41512
57.504 27.4418 1.41556
57.6026 27.4506 1.41599
57.7012 27.4595 1.41643
57.7998 27.4683 1.41686
57.8984 27.477 1.41729
57.997 27.4858 1.41772
58.0956 27.4945 1.41815
58.1942 27.5033 1.41858
58.2928 27.512 1.41901
58.3914 27.5207 1.41944
58.49 27.5294 1.41986
58.5886 27.538 1.42029
58.6872 27.5467 1.42072
58.7858 27.5553 1.42114
58.8844 27.5639 1.42157
58.983 27.5725 1.42199
59.0816 27.5811 1.42241
59.1802 27.5896 1.42283
59.2788 27.5982 1.42325
59.3774 27.6067 1.42367
59.476 27.6152 1.42409
59.5746 27.6237 1.42451
59.6732 27.6322 1.42493
59.7718 27.6406 1.42535
59.8704 27.6491 1.42576
59.969 27.6575 1.42618
60.0676 27.6659 1.42659
60.1662 27.6743 1.42701
60.2648 27.6827 1.42742
60.3634 27.691 1.42783
60.462 27.6994 1.42825
60.5606 27.7077 1.42866
60.6592 27.716 1.42907
60.7578 27.7243 1.42948
60.8564 27.7326 1.42989
60.955 27.7409 1.43029
61.0536 27.7491 1.4307
61.1522 27.7574 1.43111
61.2508 27.7656 1.43151
61.3493 27.7738 1.43192
61.4479 27.782 1.43233
61.5465 27.7902 1.43273
61.6451 27.7983 1.43313
61.7437 27.8065 1.43353
61.8423 27.8146 1.43394
61.9409 27.8227 1.43434
62.0395 27.8308 1.43474
62.1381 27.8389 1.43514
62.2367 27.847 1.43554
62.3353 27.855 1.43594
62.4339 27.8631 1.43633
62.5325 27.8711 1.43673
62.6311 27.8791 1.43713
62.7297 27.8871 1.43752
62.8283 27.8951 1.43792
62.9269 27.903 1.43831
63.0255 27.911 1.43871
63.1241 27.9189 1.4391
63.2227 27.9269 1.43949
63.3213 27.9348 1.43988
63.4199 27.9427 1.44027
63.5185 27.9505 1.44066
63.6171 27.9584 1.44105
63.7157 27.9663 1.44144
63.8143 27.9741 1.44183
63.9129 27.9819 1.44222
64.0115 27.9897 1.44261
64.1101 27.9975 1.44299
64.2087 28.0053 1.44338
64.3073 28.0131 1.44376
64.4059 28.0208 1.44415
64.5045 28.0286 1.44453
64.6031 28.0363 1.44491
64.7017 28.044 1.4453
64.8003 28.0517 1.44568
64.8989 28.0594 1.44606
64.9975 28.067 1.44644
65.0961 28.0747 1.44682
65.1947 28.0823 1.4472
65.2933 28.09 1.44758
65.3919 28.0976 1.44796
65.4905 28.1052 1.44833
65.5891 28.1128 1.44871
65.6877 28.1204 1.44909
65.7863 28.1279 1.44946
65.8849 28.1355 1.44984
65.9835 28.143 1.45021
66.0821 28.1505 1.45059
66.1807 28.158 1.45096
66.2793 28.1655 1.45133
66.3779 28.173 1.4517
66.4765 28.1805 1.45208
66.5751 28.1879 1.45245
66.6737 28.1954 1.45282
66.7723 28.2028 1.45319
66.8709 28.2102 1.45355
66.9695 28.2176 1.45392
67.0681 28.225 1.45429
67.1667 28.2324 1.45466
67.2653 28.2398 1.45502
67.3639 28.2471 1.45539
67.4625 28.2545 1.45576
67.5611 28.2618 1.45612
67.6597 28.2691 1.45649
67.7583 28.2764 1.45685
67.8569 28.2837 1.45721
67.9555 28.291 1.45757
68.0541 28.2983 1.45794
68.1527 28.3055 1.4583
68.2513 28.3128 1.45866
68.3498 28.32 1.45902
68.4484 28.3272 1.45938
68.547 28.3344 1.45974
68.6456 28.3416 1.4601
68.7442 28.3488 1.46045
68.8428 28.356 1.46081
68.9414 28.3632 1.46117
69.04 28.3703 1.46152
69.1386 28.3774 1.46188
69.2372 28.3846 1.46224
69.3358 28.3917 1.46259
69.4344 28.3988 1.46294
69.533 28.4059 1.4633
69.6316 28.4129 1.46365
69.7302 28.42 1.464
69.8288 28.427 1.46435
69.9274 28.4341 1.46471
70.026 28.4411 1.46506
70.1246 28.4481 1.46541
70.2232 28.4551 1.46576
70.3218 28.4621 1.46611
70.4204 28.4691 1.46645
70.519 28.4761 1.4668
70.6176 28.483 1.46715
70.7162 28.49 1.4675
70.8148 28.4969 1.46784
70.9134 28.5039 1.46819
71.012 28.5108 1.46853
71.1106 28.5177 1.46888
71.2092 28.5246 1.46922
71.3078 28.5314 1.46957
71.4064 28.5383 1.46991
71.505 28.5452 1.47025
71.6036 28.552 1.4706
71.7022 28.5589 1.47094
71.8008 28.5657 1.47128
71.8994 28.5725 1.47162
71.998 28.5793 1.47196
72.0966 28.5861 1.4723
72.1952 28.5929 1.47264
72.2938 28.5996 1.47298
72.3924 28.6064 1.47332
72.491 28.6132 1.47365
72.5896 28.6199 1.47399
72.6882 28.6266 1.47433
72.7868 28.6333 1.47466
72.8854 28.64 1.475
72.984 28.6467 1.47533
73.0826 28.6534 1.47567
73.1812 28.6601 1.476
73.2798 28.6668 1.47634
73.3784 28.6734 1.47667
73.477 28.6801 1.477
73.5756 28.6867 1.47733
73.6742 28.6933 1.47767
73.7728 28.6999 1.478
73.8714 28.7065 1.47833
73.97 28.7131 1.47866
74.0686 28.7197 1.47899
74.1672 28.7263 1.47932
74.2658 28.7328 1.47965
74.3644 28.7394 1.47997
74.463 28.7459 1.4803
74.5616 28.7525 1.48063
74.6602 28.759 1.48096
74.7588 28.7655 1.48128
74.8574 28.772 1.48161
74.956 28.7785 1.48193
75.0546 28.785 1.48226
75.1532 28.7914 1.48258
75.2518 28.7979 1.48291
75.3504 28.8043 1.48323
75.4489 28.8108 1.48355
75.5475 28.8172 1.48388
75.6461 28.8236 1.4842
75.7447 28.83 1.48452
75.8433 28.8364 1.48484
75.9419 28.8428 1.48516
76.0405 28.8492 1.48548
76.1391 28.8556 1.4858
76.2377 28.8619 1.48612
76.3363 28.8683 1.48644
76.4349 28.8746 1.48676
76.5335 28.881 1.48708
76.6321 28.8873 1.4874
76.7307 28.8936 1.48771
76.8293 28.8999 1.48803
76.9279 28.9062 1.48835
77.0265 28.9125 1.48866
77.1251 28.9188 1.48898
77.2237 28.925 1.48929
77.3223 28.9313 1.48961
77.4209 28.9376 1.48992
77.5195 28.9438 1.49024
77.6181 28.95 1.49055
77.7167 28.9562 1.49086
77.8153 28.9625 1.49118
77.9139 28.9687 1.49149
78.0125 28.9749 1.4918
78.1111 28.981 1.49211
78.2097 28.9872 1.49242
78.3083 28.9934 1.49273
78.4069 28.9995 1.49304
78.5055 29.0057 1.49335
78.6041 29.0118 1.49366
78.7027 29.018 1.49397
78.8013 29.0241 1.49428
78.8999 29.0302 1.49458
78.9985 29.0363 1.49489
79.0971 29.0424 1.4952
79.1957 29.0485 1.49551
79.2943 29.0546 1.49581
79.3929 29.0606 1.49612
79.4915 29.0667 1.49642
79.5901 29.0728 1.49673
79.6887 29.0788 1.49703
79.7873 29.0848 1.49734
79.8859 29.0909 1.49764
79.9845 29.0969 1.49794
80.0831 29.1029 1.49825
80.1817 29.1089 1.49855
80.2803 29.1149 1.49885
80.3789 29.1209 1.49915
80.4775 29.1268 1.49945
80.5761 29.1328 1.49975
80.6747 29.1388 1.50005
80.7733 29.1447 1.50035
80.8719 29.1506 1.50065
80.9705 29.1566 1.50095
81.0691 29.1625 1.50125
81.1677 29.1684 1.50155
81.2663 29.1743 1.50185
81.3649 29.1802 1.50215
81.4635 29.1861 1.50244
81.5621 29.192 1.50274
81.6607 29.1979 1.50304
81.7593 29.2037 1.50333
81.8579 29.2096 1.50363
81.9565 29.2154 1.50393
82.0551 29.2213 1.50422
82.1537 29.2271 1.50451
82.2523 29.2329 1.50481
82.3509 29.2387 1.5051
82.4494 29.2446 1.5054
82.548 29.2504 1.50569
82.6466 29.2561 1.50598
82.7452 29.2619 1.50627
82.8438 29.2677 1.50657
82.9424 29.2735 1.50686
83.041 29.2792 1.50715
83.1396 29.285 1.50744
83.2382 29.2907 1.50773
83.3368 29.2965 1.50802
83.4354 29.3022 1.50831
83.534 29.3079 1.5086
83.6326 29.3136 1.50889
83.7312 29.3193 1.50918
83.8298 29.325 1.50946
83.9284 29.3307 1.50975
84.027 29.3364 1.51004
84.1256 29.3421 1.51033
84.2242 29.3477 1.51061
84.3228 29.3534 1.5109
84.4214 29.3591 1.51119
84.52 29.3647 1.51147
84.6186 29.3703 1.51176
84.7172 29.376 1.51204
84.8158 29.3816 1.51233
84.9144 29.3872 1.51261
85.013 29.3928 1.51289
85.1116 29.3984 1.51318
85.2102 29.404 1.51346
85.3088 29.4096 1.51374
85.4074 29.4151 1.51403
85.506 29.4207 1.51431
85.6046 29.4263 1.51459
85.7032 29.4318 1.51487
85.8018 29.4374 1.51515
85.9004 29.4429 1.51543
85.999 29.4484 1.51571
86.0976 29.454 1.51599
86.1962 29.4595 1.51627
86.2948 29.465 1.51655
86.3934 29.4705 1.51683
86.492 29.476 1.51711
86.5906 29.4815 1.51739
86.6892 29.4869 1.51767
86.7878 29.4924 1.51794
86.8864 29.4979 1.51822
86.985 29.5033 1.5185
87.0836 29.5088 1.51877
87.1822 29.5142 1.51905
87.2808 29.5197 1.51933
87.3794 29.5251 1.5196
87.478 29.5305 1.51988
87.5766 29.5359 1.52015
87.6752 29.5413 1.52043
87.7738 29.5467 1.5207
87.8724 29.5521 1.52097
87.971 29.5575 1.52125
88.0696 29.5629 1.52152
88.1682 29.5683 1.52179
88.2668 29.5736 1.52207
88.3654 29.579 1.52234
88.464 29.5843 1.52261
88.5626 29.5897 1.52288
88.6612 29.595 1.52315
88.7598 29.6003 1.52342
88.8584 29.6057 1.52369
88.957 29.611 1.52396
89.0556 29.6163 1.52423
89.1542 29.6216 1.5245
89.2528 29.6269 1.52477
89.3514 29.6322 1.52504
89.4499 29.6375 1.52531
89.5485 29.6427 1.52558
89.6471 29.648 1.52585
89.7457 29.6533 1.52611
89.8443 29.6585 1.52638
89.9429 29.6638 1.52665
90.0415 29.669 1.52691
90.1401 29.6742 1.52718
90.2387 29.6795 1.52745
90.3373 29.6847 1.52771
90.4359 29.6899 1.52798
90.5345 29.6951 1.52824
90.6331 29.7003 1.52851
90.7317 29.7055 1.52877
90.8303 29.7107 1.52903
90.9289 29.7159 1.5293
91.0275 29.7211 1.52956
91.1261 29.7262 1.52983
91.2247 29.7314 1.53009
91.3233 29.7366 1.53035
91.4219 29.7417 1.53061
91.5205 29.7468 1.53087
91.6191 29.752 1.53114
91.7177 29.7571 1.5314
91.8163 29.7622 1.53166
91.9149 29.7674 1.53192
92.0135 29.7725 1.53218
92.1121 29.7776 1.53244
92.2107 29.7827 1.5327
92.3093 29.7878 1.53296
92.4079 29.7928 1.53322
92.5065 29.7979 1.53348
92.6051 29.803 1.53374
92.7037 29.8081 1.53399
92.8023 29.8131 1.53425
92.9009 29.8182 1.53451
92.9995 29.8232 1.53477
93.0981 29.8283 1.53502
93.1967 29.8333 1.53528
93.2953 29.8383 1.53554
93.3939 29.8434 1.53579
93.4925 29.8484 1.53605
93.5911 29.8534 1.53631
93.6897 29.8584 1.53656
93.7883 29.8634 1.53682
93.8869 29.8684 1.53707
93.9855 29.8734 1.53732
94.0841 29.8783 1.53758
94.1827 29.8833 1.53783
94.2813 29.8883 1.53809
94.3799 29.8933 1.53834
94.4785 29.8982 1.53859
94.5771 29.9032 1.53884
94.6757 29.9081 1.5391
94.7743 29.913 1.53935
94.8729 29.918 1.5396
94.9715 29.9229 1.53985
95.0701 29.9278 1.5401
95.1687 29.9327 1.54036
95.2673 29.9376 1.54061
95.3659 29.9425 1.54086
95.4645 29.9474 1.54111
95.5631 29.9523 1.54136
95.6617 29.9572 1.54161
95.7603 29.9621 1.54186
95.8589 29.967 1.5421
95.9575 29.9718 1.54235
96.0561 29.9767 1.5426
96.1547 29.9815 1.54285
96.2533 29.9864 1.5431
96.3519 29.9912 1.54334
96.4505 29.9961 1.54359
96.549 30.0009 1.54384
96.6476 30.0057 1.54409
96.7462 30.0106 1.54433
96.8448 30.0154 1.54458
96.9434 30.0202 1.54482
97.042 30.025 1.54507
97.1406 30.0298 1.54532
97.2392 30.0346 1.54556
97.3378 30.0394 1.54581
97.4364 30.0441 1.54605
97.535 30.0489 1.54629
97.6336 30.0537 1.54654
97.7322 30.0585 1.54678
97.8308 30.0632 1.54703
97.9294 30.068 1.54727
98.028 30.0727 1.54751
98.1266 30.0775 1.54776
98.2252 30.0822 1.548
98.3238 30.0869 1.54824
98.4224 30.0916 1.54848
98.521 30.0964 1.54872
98.6196 30.1011 1.54897
98.7182 30.1058 1.54921
98.8168 30.1105 1.54945
98.9154 30.1152 1.54969
99.014 30.1199 1.54993
99.1126 30.1246 1.55017
99.2112 30.1293 1.55041
99.3098 30.1339 1.55065
99.4084 30.1386 1.55089
99.507 30.1433 1.55113
99.6056 30.1479 1.55136
99.7042 30.1526 1.5516
99.8028 30.1572 1.55184
99.9014 30.1619 1.55208
100 30.1665 1.55232
