1.5 2.02681 0.400349
1.5986 2.54559 0.416776
1.6972 3.04109 0.432641
1.7958 3.5126 0.447886
1.89439 3.9632 0.462579
1.99299 4.39366 0.476726
2.09159 4.8043 0.490321
2.19019 5.19729 0.503418
2.28879 5.57418 0.516054
2.38739 5.93551 0.528239
2.48599 6.28187 0.539984
2.58458 6.61452 0.551323
2.68318 6.93494 0.562297
2.78178 7.24367 0.572918
2.88038 7.54122 0.5832
2.97898 7.82809 0.593155
3.07758 8.1048 0.602799
3.17618 8.37244 0.612161
3.27477 8.63159 0.621259
3.37337 8.88262 0.630103
3.47197 9.12589 0.638703
3.57057 9.36174 0.647069
3.66917 9.59048 0.655209
3.76777 9.81241 0.663132
3.86637 10.0289 0.670854
3.96496 10.2406 0.678389
4.06356 10.4473 0.685744
4.16216 10.6487 0.692926
4.26076 10.8445 0.699941
4.35936 11.0344 0.706797
4.45796 11.2184 0.713499
4.55656 11.3963 0.720052
4.65516 11.5681 0.726461
4.75375 11.7336 0.732733
4.85235 11.8932 0.738875
4.95095 12.0475 0.744896
5.04955 12.1969 0.750798
5.14815 12.3419 0.756587
5.24675 12.4829 0.762265
5.34535 12.6202 0.767836
5.44394 12.7542 0.773303
5.54254 12.8852 0.77867
5.64114 13.0134 0.783939
5.73974 13.1391 0.789114
5.83834 13.2626 0.794197
5.93694 13.384 0.79919
6.03554 13.5036 0.804097
6.13413 13.6215 0.80892
6.23273 13.7376 0.813663
6.33133 13.8517 0.81833
6.42993 13.9639 0.822924
6.52853 14.0742 0.827446
6.62713 14.1826 0.831898
6.72573 14.2893 0.836283
6.82432 14.3942 0.840601
6.92292 14.4975 0.844856
7.02152 14.5991 0.849048
7.12012 14.6991 0.853179
7.21872 14.7975 0.85725
7.31732 14.8944 0.861264
7.41592 14.9899 0.865221
7.51451 15.0839 0.869123
7.61311 15.1765 0.872972
7.71171 15.2677 0.876767
7.81031 15.3576 0.880512
7.90891 15.4462 0.884206
8.00751 15.5335 0.887852
8.10611 15.6196 0.891449
8.2047 15.7045 0.895002
8.3033 15.7883 0.89851
8.4019 15.8709 0.901975
8.5005 15.9525 0.905398
8.5991 16.033 0.90878
8.6977 16.1125 0.912121
8.7963 16.1909 0.915424
8.89489 16.2684 0.918687
8.99349 16.3449 0.921913
9.09209 16.4205 0.925102
9.19069 16.4951 0.928255
9.28929 16.5689 0.931373
9.38789 16.6417 0.934455
9.48649 16.7137 0.937504
9.58509 16.7848 0.940519
9.68368 16.8551 0.943502
9.78228 16.9246 0.946452
9.88088 16.9932 0.949371
9.97948 17.0611 0.952259
10.0781 17.1282 0.955117
10.1767 17.1946 0.957945
10.2753 17.2602 0.960743
10.3739 17.3251 0.963514
10.4725 17.3892 0.966256
10.5711 17.4527 0.96897
10.6697 17.5155 0.971658
10.7683 17.5776 0.974318
10.8669 17.6391 0.976953
10.9655 17.6999 0.979562
11.0641 17.7601 0.982146
11.1627 17.8196 0.984707
11.2613 17.8786 0.987243
11.3599 17.937 0.989757
11.4585 17.9948 0.992247
11.5571 18.0521 0.994716
11.6557 18.1088 0.997162
11.7543 18.165 0.999586
11.8529 18.2206 1.00199
11.9515 18.2757 1.00437
12.0501 18.3303 1.00673
12.1486 18.3844 1.00907
12.2472 18.438 1.01139
12.3458 18.491 1.01369
12.4444 18.5436 1.01598
12.543 18.5958 1.01824
12.6416 18.6474 1.02048
12.7402 18.6986 1.02271
12.8388 18.7494 1.02491
12.9374 18.7996 1.0271
13.036 18.8495 1.02927
13.1346 18.8989 1.03143
13.2332 18.9479 1.03356
13.3318 18.9965 1.03568
13.4304 19.0446 1.03778
13.529 19.0924 1.03987
13.6276 19.1397 1.04194
13.7262 19.1867 1.04399
13.8248 19.2332 1.04603
13.9234 19.2794 1.04805
14.022 19.3252 1.05006
14.1206 19.3706 1.05205
14.2192 19.4156 1.05402
14.3178 19.4603 1.05599
14.4164 19.5046 1.05793
14.515 19.5486 1.05987
14.6136 19.5922 1.06178
14.7122 19.6355 1.06369
14.8108 19.6785 1.06558
14.9094 19.7211 1.06746
15.008 19.7633 1.06932
15.1066 19.8053 1.07117
15.2052 19.8469 1.07301
15.3038 19.8883 1.07483
15.4024 19.9293 1.07664
15.501 19.97 1.07844
15.5996 20.0104 1.08023
15.6982 20.0506 1.08201
15.7968 20.0904 1.08377
15.8954 20.13 1.08552
15.994 20.1692 1.08726
16.0926 20.2083 1.08899
16.1912 20.247 1.09071
16.2898 20.2854 1.09242
16.3884 20.3236 1.09411
16.487 20.3616 1.0958
16.5856 20.3992 1.09747
16.6842 20.4367 1.09914
16.7828 20.4738 1.10079
16.8814 20.5107 1.10243
16.98 20.5474 1.10407
17.0786 20.5838 1.10569
17.1772 20.62 1.1073
17.2758 20.6559 1.10891
17.3744 20.6916 1.1105
17.473 20.7271 1.11208
17.5716 20.7623 1.11366
17.6702 20.7973 1.11522
17.7688 20.8321 1.11677
17.8674 20.8666 1.11832
17.966 20.901 1.11986
18.0646 20.9351 1.12138
18.1632 20.969 1.1229
18.2618 21.0027 1.12441
18.3604 21.0362 1.12591
18.459 21.0694 1.1274
18.5576 21.1025 1.12889
18.6562 21.1354 1.13036
18.7548 21.168 1.13183
18.8534 21.2005 1.13329
18.952 21.2327 1.13474
19.0506 21.2648 1.13618
19.1491 21.2967 1.13761
19.2477 21.3284 1.13904
19.3463 21.3599 1.14046
19.4449 21.3912 1.14187
19.5435 21.4223 1.14327
19.6421 21.4532 1.14467
19.7407 21.484 1.14605
19.8393 21.5146 1.14743
19.9379 21.545 1.14881
20.0365 21.5752 1.15017
20.1351 21.6053 1.15153
20.2337 21.6351 1.15288
20.3323 21.6648 1.15422
20.4309 21.6944 1.15556
20.5295 21.7238 1.15689
20.6281 21.753 1.15821
20.7267 21.782 1.15953
20.8253 21.8109 1.16083
20.9239 21.8396 1.16214
21.0225 21.8682 1.16343
21.1211 21.8966 1.16472
21.2197 21.9249 1.166
21.3183 21.953 1.16728
21.4169 21.9809 1.16855
21.5155 22.0087 1.16981
21.6141 22.0363 1.17107
21.7127 22.0638 1.17232
21.8113 22.0912 1.17356
21.9099 22.1184 1.1748
22.0085 22.1455 1.17603
22.1071 22.1724 1.17726
22.2057 22.1992 1.17848
22.3043 22.2259 1.17969
22.4029 22.2524 1.1809
22.5015 22.2788 1.18211
22.6001 22.3051 1.1833
22.6987 22.3312 1.18449
22.7973 22.3572 1.18568
22.8959 22.383 1.18686
22.9945 22.4088 1.18804
23.0931 22.4344 1.18921
23.1917 22.4599 1.19037
23.2903 22.4852 1.19153
23.3889 22.5105 1.19269
23.4875 22.5356 1.19384
23.5861 22.5606 1.19498
23.6847 22.5854 1.19612
23.7833 22.6102 1.19725
23.8819 22.6348 1.19838
23.9805 22.6593 1.19951
24.0791 22.6837 1.20062
24.1777 22.708 1.20174
24.2763 22.7322 1.20285
24.3749 22.7562 1.20395
24.4735 22.7802 1.20505
24.5721 22.804 1.20614
24.6707 22.8277 1.20723
24.7693 22.8513 1.20832
24.8679 22.8748 1.2094
24.9665 22.8982 1.21048
25.0651 22.9215 1.21155
25.1637 22.9447 1.21261
25.2623 22.9677 1.21368
25.3609 22.9907 1.21473
25.4595 23.0136 1.21579
25.5581 23.0363 1.21684
25.6567 23.059 1.21788
25.7553 23.0816 1.21892
25.8539 23.104 1.21996
25.9525 23.1264 1.22099
26.0511 23.1486 1.22201
26.1496 23.1708 1.22304
26.2482 23.1929 1.22406
26.3468 23.2148 1.22507
26.4454 23.2367 1.22608
26.544 23.2585 1.22709
26.6426 23.2802 1.22809
26.7412 23.3018 1.22909
26.8398 23.3233 1.23009
26.9384 23.3447 1.23108
27.037 23.366 1.23206
27.1356 23.3872 1.23305
27.2342 23.4084 1.23402
27.3328 23.4294 1.235
27.4314 23.4504 1.23597
27.53 23.4712 1.23694
27.6286 23.492 1.2379
27.7272 23.5127 1.23886
27.8258 23.5333 1.23982
27.9244 23.5538 1.24077
28.023 23.5743 1.24172
28.1216 23.5946 1.24267
28.2202 23.6149 1.24361
28.3188 23.6351 1.24455
28.4174 23.6552 1.24548
28.516 23.6752 1.24641
28.6146 23.6952 1.24734
28.7132 23.715 1.24826
28.8118 23.7348 1.24918
28.9104 23.7545 1.2501
29.009 23.7742 1.25101
29.1076 23.7937 1.25193
29.2062 23.8132 1.25283
29.3048 23.8326 1.25374
29.4034 23.8519 1.25464
29.502 23.8711 1.25553
29.6006 23.8903 1.25643
29.6992 23.9094 1.25732
29.7978 23.9284 1.25821
29.8964 23.9474 1.25909
29.995 23.9662 1.25997
30.0936 23.985 1.26085
30.1922 24.0038 1.26172
30.2908 24.0224 1.26259
30.3894 24.041 1.26346
30.488 24.0595 1.26433
30.5866 24.078 1.26519
30.6852 24.0963 1.26605
30.7838 24.1146 1.26691
30.8824 24.1329 1.26776
30.981 24.151 1.26861
31.0796 24.1691 1.26946
31.1782 24.1872 1.2703
31.2768 24.2051 1.27114
31.3754 24.223 1.27198
31.474 24.2409 1.27282
31.5726 24.2586 1.27365
31.6712 24.2763 1.27448
31.7698 24.294 1.27531
31.8684 24.3115 1.27613
31.967 24.3291 1.27695
32.0656 24.3465 1.27777
32.1642 24.3639 1.27859
32.2628 24.3812 1.2794
32.3614 24.3985 1.28021
32.46 24.4157 1.28102
32.5586 24.4328 1.28183
32.6572 24.4499 1.28263
32.7558 24.4669 1.28343
32.8544 24.4839 1.28423
32.953 24.5008 1.28502
33.0516 24.5176 1.28582
33.1502 24.5344 1.28661
33.2487 24.5512 1.28739
33.3473 24.5678 1.28818
33.4459 24.5844 1.28896
33.5445 24.601 1.28974
33.6431 24.6175 1.29052
33.7417 24.634 1.29129
33.8403 24.6503 1.29207
33.9389 24.6667 1.29284
34.0375 24.683 1.29361
34.1361 24.6992 1.29437
34.2347 24.7154 1.29513
34.3333 24.7315 1.2959
34.4319 24.7475 1.29665
34.5305 24.7636 1.29741
34.6291 24.7795 1.29816
34.7277 24.7954 1.29891
34.8263 24.8113 1.29966
34.9249 24.8271 1.30041
35.0235 24.8428 1.30116
35.1221 24.8585 1.3019
35.2207 24.8742 1.30264
35.3193 24.8898 1.30338
35.4179 24.9053 1.30411
35.5165 24.9208 1.30484
35.6151 24.9362 1.30558
35.7137 24.9516 1.3063
35.8123 24.967 1.30703
35.9109 24.9823 1.30776
36.0095 24.9975 1.30848
36.1081 25.0127 1.3092
36.2067 25.0279 1.30992
36.3053 25.043 1.31063
36.4039 25.058 1.31135
36.5025 25.0731 1.31206
36.6011 25.088 1.31277
36.6997 25.1029 1.31348
36.7983 25.1178 1.31418
36.8969 25.1326 1.31489
36.9955 25.1474 1.31559
37.0941 25.1621 1.31629
37.1927 25.1768 1.31699
37.2913 25.1915 1.31768
37.3899 25.2061 1.31837
37.4885 25.2206 1.31907
37.5871 25.2351 1.31976
37.6857 25.2496 1.32044
37.7843 25.264 1.32113
37.8829 25.2784 1.32181
37.9815 25.2927 1.32249
38.0801 25.307 1.32317
38.1787 25.3212 1.32385
38.2773 25.3354 1.32453
38.3759 25.3496 1.3252
38.4745 25.3637 1.32588
38.5731 25.3778 1.32655
38.6717 25.3918 1.32721
38.7703 25.4058 1.32788
38.8689 25.4197 1.32855
38.9675 25.4336 1.32921
39.0661 25.4475 1.32987
39.1647 25.4613 1.33053
39.2633 25.4751 1.33119
39.3619 25.4889 1.33184
39.4605 25.5026 1.3325
39.5591 25.5162 1.33315
39.6577 25.5299 1.3338
39.7563 25.5434 1.33445
39.8549 25.557 1.3351
39.9535 25.5705 1.33574
40.0521 25.584 1.33639
40.1507 25.5974 1.33703
40.2492 25.6108 1.33767
40.3478 25.6241 1.33831
40.4464 25.6375 1.33894
40.545 25.6507 1.33958
40.6436 25.664 1.34021
40.7422 25.6772 1.34084
40.8408 25.6903 1.34147
40.9394 25.7035 1.3421
41.038 25.7166 1.34273
41.1366 25.7296 1.34335
41.2352 25.7426 1.34398
41.3338 25.7556 1.3446
41.4324 25.7685 1.34522
41.531 25.7815 1.34584
41.6296 25.7943 1.34645
41.7282 25.8072 1.34707
41.8268 25.82 1.34768
41.9254 25.8327 1.3483
42.024 25.8455 1.34891
42.1226 25.8582 1.34952
42.2212 25.8708 1.35012
42.3198 25.8835 1.35073
42.4184 25.896 1.35133
42.517 25.9086 1.35194
42.6156 25.9211 1.35254
42.7142 25.9336 1.35314
42.8128 25.9461 1.35374
42.9114 25.9585 1.35433
43.01 25.9709 1.35493
43.1086 25.9832 1.35552
43.2072 25.9956 1.35611
43.3058 26.0079 1.35671
43.4044 26.0201 1.3573
43.503 26.0323 1.35788
43.6016 26.0445 1.35847
43.7002 26.0567 1.35905
43.7988 26.0688 1.35964
43.8974 26.0809 1.36022
43.996 26.093 1.3608
44.0946 26.105 1.36138
44.1932 26.117 1.36196
44.2918 26.129 1.36254
44.3904 26.1409 1.36311
44.489 26.1528 1.36368
44.5876 26.1647 1.36426
44.6862 26.1766 1.36483
44.7848 26.1884 1.3654
44.8834 26.2002 1.36597
44.982 26.2119 1.36653
45.0806 26.2236 1.3671
45.1792 26.2353 1.36766
45.2778 26.247 1.36822
45.3764 26.2586 1.36879
45.475 26.2702 1.36935
45.5736 26.2818 1.3699
45.6722 26.2934 1.37046
45.7708 26.3049 1.37102
45.8694 26.3164 1.37157
45.968 26.3278 1.37213
46.0666 26.3393 1.37268
46.1652 26.3507 1.37323
46.2638 26.362 1.37378
46.3624 26.3734 1.37433
46.461 26.3847 1.37487
46.5596 26.396 1.37542
46.6582 26.4072 1.37597
46.7568 26.4185 1.37651
46.8554 26.4297 1.37705
46.954 26.4409 1.37759
47.0526 26.452 1.37813
47.1512 26.4631 1.37867
47.2497 26.4742 1.37921
47.3483 26.4853 1.37974
47.4469 26.4963 1.38028
47.5455 26.5073 1.38081
47.6441 26.5183 1.38134
47.7427 26.5293 1.38187
47.8413 26.5402 1.3824
47.9399 26.5511 1.38293
48.0385 26.562 1.38346
48.1371 26.5729 1.38398
48.2357 26.5837 1.38451
48.3343 26.5945 1.38503
48.4329 26.6053 1.38556
48.5315 26.616 1.38608
48.6301 26.6268 1.3866
48.7287 26.6375 1.38712
48.8273 26.6481 1.38764
48.9259 26.6588 1.38815
49.0245 26.6694 1.38867
49.1231 26.68 1.38918
49.2217 26.6906 1.3897
49.3203 26.7011 1.39021
49.4189 26.7117 1.39072
49.5175 26.7222 1.39123
49.6161 26.7327 1.39174
49.7147 26.7431 1.39225
49.8133 26.7535 1.39276
49.9119 26.764 1.39326
50.0105 26.7743 1.39377
50.1091 26.7847 1.39427
50.2077 26.795 1.39477
50.3063 26.8053 1.39527
50.4049 26.8156 1.39578
50.5035 26.8259 1.39627
50.6021 26.8361 1.39677
50.7007 26.8464 1.39727
50.7993 26.8566 1.39777
50.8979 26.8667 1.39826
50.9965 26.8769 1.39876
51.0951 26.887 1.39925
51.1937 26.8971 1.39974
51.2923 26.9072 1.40023
51.3909 26.9173 1.40072
51.4895 26.9273 1.40121
51.5881 26.9373 1.4017
51.6867 26.9473 1.40219
51.7853 26.9573 1.40267
51.8839 26.9672 1.40316
51.9825 26.9772 1.40364
52.0811 26.9871 1.40413
52.1797 26.997 1.40461
52.2783 27.0068 1.40509
52.3769 27.0167 1.40557
52.4755 27.0265 1.40605
52.5741 27.0363 1.40653
52.6727 27.046 1.40701
52.7713 27.0558 1.40748
52.8699 27.0655 1.40796
52.9685 27.0752 1.40843
53.0671 27.0849 1.4089
53.1657 27.0946 1.40938
53.2643 27.1043 1.40985
53.3629 27.1139 1.41032
53.4615 27.1235 1.41079
53.5601 27.1331 1.41126
53.6587 27.1427 1.41173
53.7573 27.1522 1.41219
53.8559 27.1617 1.41266
53.9545 27.1712 1.41312
54.0531 27.1807 1.41359
54.1517 27.1902 1.41405
54.2503 27.1996 1.41451
54.3488 27.2091 1.41497
54.4474 27.2185 1.41543
54.546 27.2279 1.41589
54.6446 27.2372 1.41635
54.7432 27.2466 1.41681
54.8418 27.2559 1.41727
54.9404 27.2652 1.41772
55.039 27.2745 1.41818
55.1376 27.2838 1.41863
55.2362 27.293 1.41909
55.3348 27.3022 1.41954
55.4334 27.3114 1.41999
55.532 27.3206 1.42044
55.6306 27.3298 1.42089
55.7292 27.339 1.42134
55.8278 27.3481 1.42179
55.9264 27.3572 1.42223
56.025 27.3663 1.42268
56.1236 27.3754 1.42313
56.2222 27.3845 1.42357
56.3208 27.3935 1.42401
56.4194 27.4025 1.42446
56.518 27.4115 1.4249
56.6166 27.4205 1.42534
56.7152 27.4295 1.42578
56.8138 27.4384 1.42622
56.9124 27.4474 1.42666
57.011 27.4563 1.4271
57.1096 27.4652 1.42753
57.2082 27.4741 1.42797
57.3068 27.4829 1.42841
57.4054 27.4918 1.42884
57.504 27.5006 1.42927
57.6026 27.5094 1.42971
57.7012 27.5182 1.43014
57.7998 27.527 1.43057
57.8984 27.5357 1.431
57.997 27.5445 1.43143
58.0956 27.5532 1.43186
58.1942 27.5619 1.43229
58.2928 27.5706 1.43272
58.3914 27.5792 1.43314
58.49 27.5879 1.43357
58.5886 27.5965 1.43399
58.6872 27.6052 1.43442
58.7858 27.6138 1.43484
58.8844 27.6223 1.43526
58.983 27.6309 1.43569
59.0816 27.6395 1.43611
59.1802 27.648 1.43653
59.2788 27.6565 1.43695
59.3774 27.665 1.43737
59.476 27.6735 1.43779
59.5746 27.682 1.4382
59.6732 27.6904 1.43862
59.7718 27.6989 1.43904
59.8704 27.7073 1.43945
59.969 27.7157 1.43987
60.0676 27.7241 1.44028
60.1662 27.7324 1.44069
60.2648 27.7408 1.4411
60.3634 27.7491 1.44152
60.462 27.7575 1.44193
60.5606 27.7658 1.44234
60.6592 27.7741 1.44275
60.7578 27.7823 1.44315
60.8564 27.7906 1.44356
60.955 27.7988 1.44397
61.0536 27.8071 1.44438
61.1522 27.8153 1.44478
61.2508 27.8235 1.44519
61.3493 27.8317 1.44559
61.4479 27.8398 1.44599
61.5465 27.848 1.4464
61.6451 27.8561 1.4468
61.7437 27.8643 1.4472
61.8423 27.8724 1.4476
61.9409 27.8805 1.448
62.0395 27.8885 1.4484
62.1381 27.8966 1.4488
62.2367 27.9046 1.4492
62.3353 27.9127 1.4496
62.4339 27.9207 1.44999
62.5325 27.9287 1.45039
62.6311 27.9367 1.45078
62.7297 27.9447 1.45118
62.8283 27.9526 1.45157
62.9269 27.9606 1.45196
63.0255 27.9685 1.45236
63.1241 27.9764 1.45275
63.2227 27.9843 1.45314
63.3213 27.9922 1.45353
63.4199 28.0001 1.45392
63.5185 28.0079 1.45431
63.6171 28.0158 1.4547
63.7157 28.0236 1.45509
63.8143 28.0314 1.45547
63.9129 28.0392 1.45586
64.0115 28.047 1.45625
64.1101 28.0548 1.45663
64.2087 28.0625 1.45702
64.3073 28.0703 1.4574
64.4059 28.078 1.45778
64.5045 28.0857 1.45817
64.6031 28.0934 1.45855
64.7017 28.1011 1.45893
64.8003 28.1088 1.45931
64.8989 28.1165 1.45969
64.9975 28.1241 1.46007
65.0961 28.1317 1.46045
65.1947 28.1394 1.46083
65.2933 28.147 1.46121
65.3919 28.1546 1.46158
65.4905 28.1621 1.46196
65.5891 28.1697 1.46233
65.6877 28.1773 1.46271
65.7863 28.1848 1.46308
65.8849 28.1923 1.46346
65.9835 28.1999 1.46383
66.0821 28.2074 1.4642
66.1807 28.2148 1.46458
66.2793 28.2223 1.46495
66.3779 28.2298 1.46532
66.4765 28.2372 1.46569
66.5751 28.2447 1.46606
66.6737 28.2521 1.46643
66.7723 28.2595 1.4668
66.8709 28.2669 1.46716
66.9695 28.2743 1.46753
67.0681 28.2817 1.4679
67.1667 28.289 1.46826
67.2653 28.2964 1.46863
67.3639 28.3037 1.469
67.4625 28.311 1.46936
67.5611 28.3183 1.46972
67.6597 28.3256 1.47009
67.7583 28.3329 1.47045
67.8569 28.3402 1.47081
67.9555 28.3475 1.47117
68.0541 28.3547 1.47153
68.1527 28.3619 1.47189
68.2513 28.3692 1.47225
68.3498 28.3764 1.47261
68.4484 28.3836 1.47297
68.547 28.3908 1.47333
68.6456 28.3979 1.47369
68.7442 28.4051 1.47404
68.8428 28.4123 1.4744
68.9414 28.4194 1.47476
69.04 28.4265 1.47511
69.1386 28.4336 1.47547
69.2372 28.4407 1.47582
69.3358 28.4478 1.47617
69.4344 28.4549 1.47653
69.533 28.462 1.47688
69.6316 28.469 1.47723
69.7302 28.4761 1.47758
69.8288 28.4831 1.47793
69.9274 28.4901 1.47828
70.026 28.4971 1.47863
70.1246 28.5041 1.47898
70.2232 28.5111 1.47933
70.3218 28.5181 1.47968
70.4204 28.5251 1.48003
70.519 28.532 1.48037
70.6176 28.539 1.48072
70.7162 28.5459 1.48107
70.8148 28.5528 1.48141
70.9134 28.5597 1.48176
71.012 28.5666 1.4821
71.1106 28.5735 1.48245
71.2092 28.5804 1.48279
71.3078 28.5872 1.48313
71.4064 28.5941 1.48347
71.505 28.6009 1.48382
71.6036 28.6077 1.48416
71.7022 28.6146 1.4845
71.8008 28.6214 1.48484
71.8994 28.6282 1.48518
71.998 28.6349 1.48552
72.0966 28.6417 1.48586
72.1952 28.6485 1.48619
72.2938 28.6552 1.48653
72.3924 28.662 1.48687
72.491 28.6687 1.48721
72.5896 28.6754 1.48754
72.6882 28.6821 1.48788
72.7868 28.6888 1.48821
72.8854 28.6955 1.48855
72.984 28.7022 1.48888
73.0826 28.7089 1.48922
73.1812 28.7155 1.48955
73.2798 28.7222 1.48988
73.3784 28.7288 1.49021
73.477 28.7354 1.49055
73.5756 28.742 1.49088
73.6742 28.7486 1.49121
73.7728 28.7552 1.49154
73.8714 28.7618 1.49187
73.97 28.7684 1.4922
74.0686 28.7749 1.49253
74.1672 28.7815 1.49286
74.2658 28.788 1.49318
74.3644 28.7946 1.49351
74.463 28.8011 1.49384
74.5616 28.8076 1.49416
74.6602 28.8141 1.49449
74.7588 28.8206 1.49482
74.8574 28.8271 1.49514
74.956 28.8336 1.49547
75.0546 28.84 1.49579
75.1532 28.8465 1.49611
75.2518 28.8529 1.49644
75.3504 28.8593 1.49676
75.4489 28.8658 1.49708
75.5475 28.8722 1.4974
75.6461 28.8786 1.49772
75.7447 28.885 1.49805
75.8433 28.8914 1.49837
75.9419 28.8977 1.49869
76.0405 28.9041 1.49901
76.1391 28.9104 1.49932
76.2377 28.9168 1.49964
76.3363 28.9231 1.49996
76.4349 28.9294 1.50028
76.5335 28.9358 1.5006
76.6321 28.9421 1.50091
76.7307 28.9484 1.50123
76.8293 28.9547 1.50155
76.9279 28.9609 1.50186
77.0265 28.9672 1.50218
77.1251 28.9735 1.50249
77.2237 28.9797 1.5028
77.3223 28.986 1.50312
77.4209 28.9922 1.50343
77.5195 28.9984 1.50375
77.6181 29.0046 1.50406
77.7167 29.0108 1.50437
77.8153 29.017 1.50468
77.9139 29.0232 1.50499
78.0125 29.0294 1.5053
78.1111 29.0356 1.50561
78.2097 29.0417 1.50592
78.3083 29.0479 1.50623
78.4069 29.054 1.50654
78.5055 29.0601 1.50685
78.6041 29.0663 1.50716
78.7027 29.0724 1.50747
78.8013 29.0785 1.50777
78.8999 29.0846 1.50808
78.9985 29.0907 1.50839
79.0971 29.0967 1.50869
79.1957 29.1028 1.509
79.2943 29.1089 1.50931
79.3929 29.1149 1.50961
79.4915 29.121 1.50991
79.5901 29.127 1.51022
79.6887 29.133 1.51052
79.7873 29.139 1.51083
79.8859 29.1451 1.51113
79.9845 29.1511 1.51143
80.0831 29.157 1.51173
80.1817 29.163 1.51204
80.2803 29.169 1.51234
80.3789 29.175 1.51264
80.4775 29.1809 1.51294
80.5761 29.1869 1.51324
80.6747 29.1928 1.51354
80.7733 29.1987 1.51384
80.8719 29.2047 1.51414
80.9705 29.2106 1.51443
81.0691 29.2165 1.51473
81.1677 29.2224 1.51503
81.2663 29.2283 1.51533
81.3649 29.2342 1.51562
81.4635 29.24 1.51592
81.5621 29.2459 1.51622
81.6607 29.2518 1.51651
81.7593 29.2576 1.51681
81.8579 29.2634 1.5171
81.9565 29.2693 1.5174
82.0551 29.2751 1.51769
82.1537 29.2809 1.51799
82.2523 29.2867 1.51828
82.3509 29.2925 1.51857
82.4494 29.2983 1.51886
82.548 29.3041 1.51916
82.6466 29.3099 1.51945
82.7452 29.3156 1.51974
82.8438 29.3214 1.52003
82.9424 29.3272 1.52032
83.041 29.3329 1.52061
83.1396 29.3386 1.5209
83.2382 29.3444 1.52119
83.3368 29.3501 1.52148
83.4354 29.3558 1.52177
83.534 29.3615 1.52206
83.6326 29.3672 1.52235
83.7312 29.3729 1.52264
83.8298 29.3786 1.52292
83.9284 29.3842 1.52321
84.027 29.3899 1.5235
84.1256 29.3956 1.52378
84.2242 29.4012 1.52407
84.3228 29.4069 1.52435
84.4214 29.4125 1.52464
84.52 29.4181 1.52492
84.6186 29.4237 1.52521
84.7172 29.4293 1.52549
84.8158 29.435 1.52578
84.9144 29.4405 1.52606
85.013 29.4461 1.52634
85.1116 29.4517 1.52663
85.2102 29.4573 1.52691
85.3088 29.4629 1.52719
85.4074 29.4684 1.52747
85.506 29.474 1.52775
85.6046 29.4795 1.52803
85.7032 29.485 1.52832
85.8018 29.4906 1.5286
85.9004 29.4961 1.52888
85.999 29.5016 1.52915
86.0976 29.5071 1.52943
86.1962 29.5126 1.52971
86.2948 29.5181 1.52999
86.3934 29.5236 1.53027
86.492 29.5291 1.53055
86.5906 29.5345 1.53082
86.6892 29.54 1.5311
86.7878 29.5455 1.53138
86.8864 29.5509 1.53166
86.985 29.5564 1.53193
87.0836 29.5618 1.53221
87.1822 29.5672 1.53248
87.2808 29.5726 1.53276
87.3794 29.5781 1.53303
87.478 29.5835 1.53331
87.5766 29.5889 1.53358
87.6752 29.5942 1.53385
87.7738 29.5996 1.53413
87.8724 29.605 1.5344
87.971 29.6104 1.53467
88.0696 29.6157 1.53495
88.1682 29.6211 1.53522
88.2668 29.6264 1.53549
88.3654 29.6318 1.53576
88.464 29.6371 1.53603
88.5626 29.6425 1.5363
88.6612 29.6478 1.53657
88.7598 29.6531 1.53684
88.8584 29.6584 1.53711
88.957 29.6637 1.53738
89.0556 29.669 1.53765
89.1542 29.6743 1.53792
89.2528 29.6796 1.53819
89.3514 29.6848 1.53846
89.4499 29.6901 1.53873
89.5485 29.6954 1.53899
89.6471 29.7006 1.53926
89.7457 29.7059 1.53953
89.8443 29.7111 1.53979
89.9429 29.7163 1.54006
90.0415 29.7216 1.54033
90.1401 29.7268 1.54059
90.2387 29.732 1.54086
90.3373 29.7372 1.54112
90.4359 29.7424 1.54139
90.5345 29.7476 1.54165
90.6331 29.7528 1.54191
90.7317 29.758 1.54218
90.8303 29.7631 1.54244
90.9289 29.7683 1.5427
91.0275 29.7735 1.54297
91.1261 29.7786 1.54323
91.2247 29.7838 1.54349
91.3233 29.7889 1.54375
91.4219 29.7941 1.54402
91.5205 29.7992 1.54428
91.6191 29.8043 1.54454
91.7177 29.8094 1.5448
91.8163 29.8145 1.54506
91.9149 29.8196 1.54532
92.0135 29.8247 1.54558
92.1121 29.8298 1.54584
92.2107 29.8349 1.5461
92.3093 29.84 1.54636
92.4079 29.845 1.54661
92.5065 29.8501 1.54687
92.6051 29.8552 1.54713
92.7037 29.8602 1.54739
92.8023 29.8653 1.54765
92.9009 29.8703 1.5479
92.9995 29.8753 1.54816
93.0981 29.8804 1.54842
93.1967 29.8854 1.54867
93.2953 29.8904 1.54893
93.3939 29.8954 1.54918
93.4925 29.9004 1.54944
93.5911 29.9054 1.54969
93.6897 29.9104 1.54995
93.7883 29.9154 1.5502
93.8869 29.9204 1.55046
93.9855 29.9253 1.55071
94.0841 29.9303 1.55096
94.1827 29.9353 1.55122
94.2813 29.9402 1.55147
94.3799 29.9452 1.55172
94.4785 29.9501 1.55197
94.5771 29.955 1.55223
94.6757 29.96 1.55248
94.7743 29.9649 1.55273
94.8729 29.9698 1.55298
94.9715 29.9747 1.55323
95.0701 29.9796 1.55348
95.1687 29.9845 1.55373
95.2673 29.9894 1.55398
95.3659 29.9943 1.55423
95.4645 29.9992 1.55448
95.5631 30.0041 1.55473
95.6617 30.0089 1.55498
95.7603 30.0138 1.55523
95.8589 30.0187 1.55548
95.9575 30.0235 1.55572
96.0561 30.0284 1.55597
96.1547 30.0332 1.55622
96.2533 30.038 1.55647
96.3519 30.0429 1.55671
96.4505 30.0477 1.55696
96.549 30.0525 1.55721
96.6476 30.0573 1.55745
96.7462 30.0621 1.5577
96.8448 30.0669 1.55795
96.9434 30.0717 1.55819
97.042 30.0765 1.55844
97.1406 30.0813 1.55868
97.2392 30.0861 1.55892
97.3378 30.0909 1.55917
97.4364 30.0956 1.55941
97.535 30.1004 1.55966
97.6336 30.1051 1.5599
97.7322 30.1099 1.56014
97.8308 30.1146 1.56039
97.9294 30.1194 1.56063
98.028 30.1241 1.56087
98.1266 30.1288 1.56111
98.2252 30.1336 1.56136
98.3238 30.1383 1.5616
98.4224 30.143 1.56184
98.521 30.1477 1.56208
98.6196 30.1524 1.56232
98.7182 30.1571 1.56256
98.8168 30.1618 1.5628
98.9154 30.1665 1.56304
99.014 30.1711 1.56328
99.1126 30.1758 1.56352
99.2112 30.1805 1.56376
99.3098 30.1852 1.564
99.4084 30.1898 1.56424
99.507 30.1945 1.56448
99.6056 30.1991 1.56471
99.7042 30.2037 1.56495
99.8028 30.2084 1.56519
99.9014 30.213 1.56543
100 30.2176 1.56566
