1.5 1.8059 0.373978
1.5986 2.32883 0.390366
1.6972 2.82873 0.406218
1.7958 3.3047 0.421467
1.89439 3.75979 0.436179
1.99299 4.19475 0.450355
2.09159 4.60978 0.463987
2.19019 5.00708 0.477127
2.28879 5.3882 0.489811
2.38739 5.75366 0.502048
2.48599 6.10402 0.513848
2.58458 6.44053 0.525244
2.68318 6.76473 0.536275
2.78178 7.07713 0.546956
2.88038 7.37824 0.557298
2.97898 7.66855 0.567313
3.07758 7.94858 0.577016
3.17618 8.21945 0.586439
3.27477 8.48174 0.595597
3.37337 8.73582 0.604501
3.47197 8.98206 0.613161
3.57057 9.22078 0.621585
3.66917 9.45231 0.629784
3.76777 9.67695 0.637765
3.86637 9.89603 0.645544
3.96496 10.1104 0.653135
4.06356 10.3196 0.660545
4.16216 10.5234 0.667783
4.26076 10.7215 0.674853
4.35936 10.9138 0.681763
4.45796 11.1 0.688517
4.55656 11.2801 0.695123
4.65516 11.454 0.701584
4.75375 11.6217 0.707907
4.85235 11.7833 0.714099
4.95095 11.9396 0.720168
5.04955 12.0909 0.726119
5.14815 12.2378 0.731956
5.24675 12.3807 0.737681
5.34535 12.5198 0.743299
5.44394 12.6556 0.748812
5.54254 12.7883 0.754224
5.64114 12.9182 0.759538
5.73974 13.0456 0.764757
5.83834 13.1707 0.769884
5.93694 13.2937 0.77492
6.03554 13.4148 0.779869
6.13413 13.5343 0.784734
6.23273 13.6519 0.789518
6.33133 13.7675 0.794226
6.42993 13.8811 0.79886
6.52853 13.9928 0.803421
6.62713 14.1027 0.807913
6.72573 14.2107 0.812337
6.82432 14.317 0.816694
6.92292 14.4215 0.820986
7.02152 14.5244 0.825216
7.12012 14.6257 0.829384
7.21872 14.7254 0.833492
7.31732 14.8235 0.837542
7.41592 14.9202 0.841535
7.51451 15.0154 0.845472
7.61311 15.1092 0.849355
7.71171 15.2015 0.853185
7.81031 15.2926 0.856964
7.90891 15.3823 0.860692
8.00751 15.4707 0.864371
8.10611 15.5578 0.868002
8.2047 15.6438 0.871586
8.3033 15.7286 0.875127
8.4019 15.8123 0.878624
8.5005 15.8949 0.882078
8.5991 15.9764 0.885492
8.6977 16.0569 0.888864
8.7963 16.1363 0.892197
8.89489 16.2147 0.895491
8.99349 16.2922 0.898747
9.09209 16.3687 0.901966
9.19069 16.4442 0.905149
9.28929 16.5189 0.908295
9.38789 16.5926 0.911407
9.48649 16.6655 0.914484
9.58509 16.7375 0.917528
9.68368 16.8086 0.920538
9.78228 16.8789 0.923516
9.88088 16.9484 0.926463
9.97948 17.0171 0.929378
10.0781 17.0851 0.932263
10.1767 17.1522 0.935118
10.2753 17.2186 0.937943
10.3739 17.2843 0.940739
10.4725 17.3492 0.943507
10.5711 17.4135 0.946248
10.6697 17.477 0.94896
10.7683 17.5399 0.951646
10.8669 17.6021 0.954306
10.9655 17.6636 0.95694
11.0641 17.7245 0.959549
11.1627 17.7848 0.962133
11.2613 17.8445 0.964694
11.3599 17.9036 0.967231
11.4585 17.9621 0.969746
11.5571 18.0201 0.972238
11.6557 18.0775 0.974707
11.7543 18.1343 0.977154
11.8529 18.1906 0.97958
11.9515 18.2464 0.981985
12.0501 18.3016 0.984369
12.1486 18.3564 0.986732
12.2472 18.4106 0.989075
12.3458 18.4643 0.991398
12.4444 18.5175 0.993701
12.543 18.5703 0.995985
12.6416 18.6225 0.99825
12.7402 18.6743 1.0005
12.8388 18.7257 1.00272
12.9374 18.7766 1.00493
13.036 18.827 1.00713
13.1346 18.877 1.0093
13.2332 18.9266 1.01146
13.3318 18.9757 1.0136
13.4304 19.0244 1.01572
13.529 19.0727 1.01782
13.6276 19.1206 1.01991
13.7262 19.1681 1.02199
13.8248 19.2152 1.02404
13.9234 19.262 1.02609
14.022 19.3083 1.02811
14.1206 19.3542 1.03012
14.2192 19.3998 1.03212
14.3178 19.445 1.0341
14.4164 19.4899 1.03606
14.515 19.5343 1.03801
14.6136 19.5785 1.03995
14.7122 19.6223 1.04187
14.8108 19.6657 1.04378
14.9094 19.7088 1.04568
15.008 19.7516 1.04756
15.1066 19.794 1.04943
15.2052 19.8361 1.05128
15.3038 19.8779 1.05313
15.4024 19.9194 1.05495
15.501 19.9606 1.05677
15.5996 20.0015 1.05858
15.6982 20.0421 1.06037
15.7968 20.0824 1.06215
15.8954 20.1224 1.06392
15.994 20.1621 1.06568
16.0926 20.2016 1.06742
16.1912 20.2408 1.06916
16.2898 20.2797 1.07088
16.3884 20.3183 1.07259
16.487 20.3567 1.0743
16.5856 20.3948 1.07599
16.6842 20.4326 1.07767
16.7828 20.4702 1.07934
16.8814 20.5075 1.08099
16.98 20.5446 1.08264
17.0786 20.5814 1.08428
17.1772 20.618 1.08591
17.2758 20.6543 1.08753
17.3744 20.6904 1.08914
17.473 20.7263 1.09073
17.5716 20.7619 1.09232
17.6702 20.7973 1.0939
17.7688 20.8325 1.09547
17.8674 20.8674 1.09703
17.966 20.9022 1.09858
18.0646 20.9367 1.10013
18.1632 20.971 1.10166
18.2618 21.005 1.10318
18.3604 21.0389 1.1047
18.459 21.0725 1.10621
18.5576 21.106 1.1077
18.6562 21.1392 1.10919
18.7548 21.1722 1.11067
18.8534 21.205 1.11215
18.952 21.2376 1.11361
19.0506 21.2701 1.11507
19.1491 21.3023 1.11652
19.2477 21.3343 1.11795
19.3463 21.3662 1.11939
19.4449 21.3978 1.12081
19.5435 21.4293 1.12223
19.6421 21.4606 1.12364
19.7407 21.4917 1.12504
19.8393 21.5226 1.12643
19.9379 21.5534 1.12782
20.0365 21.5839 1.12919
20.1351 21.6143 1.13056
20.2337 21.6445 1.13193
20.3323 21.6745 1.13328
20.4309 21.7044 1.13463
20.5295 21.7341 1.13598
20.6281 21.7636 1.13731
20.7267 21.793 1.13864
20.8253 21.8222 1.13996
20.9239 21.8513 1.14128
21.0225 21.8801 1.14258
21.1211 21.9089 1.14388
21.2197 21.9374 1.14518
21.3183 21.9658 1.14647
21.4169 21.9941 1.14775
21.5155 22.0222 1.14902
21.6141 22.0501 1.15029
21.7127 22.0779 1.15155
21.8113 22.1056 1.15281
21.9099 22.1331 1.15406
22.0085 22.1605 1.15531
22.1071 22.1877 1.15654
22.2057 22.2148 1.15778
22.3043 22.2417 1.159
22.4029 22.2685 1.16022
22.5015 22.2952 1.16144
22.6001 22.3218 1.16265
22.6987 22.3482 1.16385
22.7973 22.3745 1.16505
22.8959 22.4006 1.16624
22.9945 22.4266 1.16743
23.0931 22.4525 1.16861
23.1917 22.4783 1.16979
23.2903 22.5039 1.17096
23.3889 22.5294 1.17213
23.4875 22.5548 1.17329
23.5861 22.58 1.17444
23.6847 22.6052 1.17559
23.7833 22.6302 1.17674
23.8819 22.6551 1.17788
23.9805 22.6799 1.17901
24.0791 22.7045 1.18014
24.1777 22.7291 1.18127
24.2763 22.7535 1.18239
24.3749 22.7778 1.1835
24.4735 22.802 1.18461
24.5721 22.8261 1.18572
24.6707 22.8501 1.18682
24.7693 22.8739 1.18791
24.8679 22.8977 1.189
24.9665 22.9213 1.19009
25.0651 22.9449 1.19117
25.1637 22.9683 1.19225
25.2623 22.9916 1.19332
25.3609 23.0148 1.19439
25.4595 23.0379 1.19545
25.5581 23.0609 1.19651
25.6567 23.0838 1.19757
25.7553 23.1066 1.19862
25.8539 23.1293 1.19966
25.9525 23.1519 1.20071
26.0511 23.1744 1.20174
26.1496 23.1968 1.20278
26.2482 23.2191 1.20381
26.3468 23.2413 1.20483
26.4454 23.2634 1.20585
26.544 23.2854 1.20687
26.6426 23.3074 1.20788
26.7412 23.3292 1.20889
26.8398 23.3509 1.20989
26.9384 23.3725 1.21089
27.037 23.3941 1.21189
27.1356 23.4155 1.21288
27.2342 23.4369 1.21387
27.3328 23.4582 1.21486
27.4314 23.4793 1.21584
27.53 23.5004 1.21681
27.6286 23.5214 1.21779
27.7272 23.5423 1.21876
27.8258 23.5632 1.21972
27.9244 23.5839 1.22068
28.023 23.6046 1.22164
28.1216 23.6251 1.2226
28.2202 23.6456 1.22355
28.3188 23.666 1.2245
28.4174 23.6863 1.22544
28.516 23.7066 1.22638
28.6146 23.7267 1.22732
28.7132 23.7468 1.22825
28.8118 23.7668 1.22918
28.9104 23.7867 1.23011
29.009 23.8065 1.23103
29.1076 23.8263 1.23195
29.2062 23.846 1.23287
29.3048 23.8656 1.23378
29.4034 23.8851 1.23469
29.502 23.9045 1.23559
29.6006 23.9239 1.2365
29.6992 23.9432 1.2374
29.7978 23.9624 1.23829
29.8964 23.9816 1.23918
29.995 24.0006 1.24007
30.0936 24.0196 1.24096
30.1922 24.0385 1.24184
30.2908 24.0574 1.24272
30.3894 24.0762 1.2436
30.488 24.0949 1.24447
30.5866 24.1135 1.24535
30.6852 24.1321 1.24621
30.7838 24.1506 1.24708
30.8824 24.169 1.24794
30.981 24.1873 1.2488
31.0796 24.2056 1.24965
31.1782 24.2238 1.25051
31.2768 24.242 1.25136
31.3754 24.2601 1.2522
31.474 24.2781 1.25305
31.5726 24.296 1.25389
31.6712 24.3139 1.25473
31.7698 24.3317 1.25556
31.8684 24.3495 1.25639
31.967 24.3672 1.25722
32.0656 24.3848 1.25805
32.1642 24.4024 1.25888
32.2628 24.4199 1.2597
32.3614 24.4373 1.26052
32.46 24.4547 1.26133
32.5586 24.472 1.26215
32.6572 24.4893 1.26296
32.7558 24.5065 1.26377
32.8544 24.5236 1.26457
32.953 24.5407 1.26537
33.0516 24.5577 1.26617
33.1502 24.5747 1.26697
33.2487 24.5916 1.26777
33.3473 24.6084 1.26856
33.4459 24.6252 1.26935
33.5445 24.6419 1.27014
33.6431 24.6586 1.27092
33.7417 24.6752 1.27171
33.8403 24.6918 1.27249
33.9389 24.7083 1.27326
34.0375 24.7247 1.27404
34.1361 24.7411 1.27481
34.2347 24.7575 1.27558
34.3333 24.7738 1.27635
34.4319 24.79 1.27712
34.5305 24.8062 1.27788
34.6291 24.8223 1.27864
34.7277 24.8383 1.2794
34.8263 24.8544 1.28016
34.9249 24.8703 1.28091
35.0235 24.8862 1.28166
35.1221 24.9021 1.28241
35.2207 24.9179 1.28316
35.3193 24.9336 1.28391
35.4179 24.9493 1.28465
35.5165 24.965 1.28539
35.6151 24.9806 1.28613
35.7137 24.9962 1.28686
35.8123 25.0117 1.2876
35.9109 25.0271 1.28833
36.0095 25.0425 1.28906
36.1081 25.0579 1.28979
36.2067 25.0732 1.29051
36.3053 25.0884 1.29124
36.4039 25.1036 1.29196
36.5025 25.1188 1.29268
36.6011 25.1339 1.29339
36.6997 25.149 1.29411
36.7983 25.164 1.29482
36.8969 25.179 1.29553
36.9955 25.1939 1.29624
37.0941 25.2088 1.29695
37.1927 25.2236 1.29765
37.2913 25.2384 1.29835
37.3899 25.2531 1.29905
37.4885 25.2678 1.29975
37.5871 25.2825 1.30045
37.6857 25.2971 1.30114
37.7843 25.3116 1.30183
37.8829 25.3262 1.30252
37.9815 25.3406 1.30321
38.0801 25.3551 1.3039
38.1787 25.3694 1.30458
38.2773 25.3838 1.30527
38.3759 25.3981 1.30595
38.4745 25.4123 1.30663
38.5731 25.4266 1.3073
38.6717 25.4407 1.30798
38.7703 25.4549 1.30865
38.8689 25.469 1.30932
38.9675 25.483 1.30999
39.0661 25.497 1.31066
39.1647 25.511 1.31133
39.2633 25.5249 1.31199
39.3619 25.5388 1.31265
39.4605 25.5526 1.31331
39.5591 25.5664 1.31397
39.6577 25.5802 1.31463
39.7563 25.5939 1.31529
39.8549 25.6076 1.31594
39.9535 25.6212 1.31659
40.0521 25.6348 1.31724
40.1507 25.6484 1.31789
40.2492 25.6619 1.31853
40.3478 25.6754 1.31918
40.4464 25.6888 1.31982
40.545 25.7022 1.32046
40.6436 25.7156 1.3211
40.7422 25.729 1.32174
40.8408 25.7422 1.32238
40.9394 25.7555 1.32301
41.038 25.7687 1.32365
41.1366 25.7819 1.32428
41.2352 25.7951 1.32491
41.3338 25.8082 1.32553
41.4324 25.8212 1.32616
41.531 25.8343 1.32678
41.6296 25.8473 1.32741
41.7282 25.8602 1.32803
41.8268 25.8732 1.32865
41.9254 25.8861 1.32927
42.024 25.8989 1.32988
42.1226 25.9117 1.3305
42.2212 25.9245 1.33111
42.3198 25.9373 1.33172
42.4184 25.95 1.33233
42.517 25.9627 1.33294
42.6156 25.9753 1.33355
42.7142 25.9879 1.33416
42.8128 26.0005 1.33476
42.9114 26.0131 1.33536
43.01 26.0256 1.33597
43.1086 26.0381 1.33656
43.2072 26.0505 1.33716
43.3058 26.0629 1.33776
43.4044 26.0753 1.33835
43.503 26.0876 1.33895
43.6016 26.0999 1.33954
43.7002 26.1122 1.34013
43.7988 26.1245 1.34072
43.8974 26.1367 1.34131
43.996 26.1489 1.3419
44.0946 26.161 1.34248
44.1932 26.1731 1.34306
44.2918 26.1852 1.34365
44.3904 26.1973 1.34423
44.489 26.2093 1.34481
44.5876 26.2213 1.34538
44.6862 26.2333 1.34596
44.7848 26.2452 1.34654
44.8834 26.2571 1.34711
44.982 26.269 1.34768
45.0806 26.2808 1.34825
45.1792 26.2926 1.34882
45.2778 26.3044 1.34939
45.3764 26.3161 1.34996
45.475 26.3279 1.35052
45.5736 26.3395 1.35109
45.6722 26.3512 1.35165
45.7708 26.3628 1.35221
45.8694 26.3744 1.35277
45.968 26.386 1.35333
46.0666 26.3975 1.35389
46.1652 26.4091 1.35445
46.2638 26.4205 1.355
46.3624 26.432 1.35555
46.461 26.4434 1.35611
46.5596 26.4548 1.35666
46.6582 26.4662 1.35721
46.7568 26.4775 1.35776
46.8554 26.4888 1.3583
46.954 26.5001 1.35885
47.0526 26.5114 1.35939
47.1512 26.5226 1.35994
47.2497 26.5338 1.36048
47.3483 26.545 1.36102
47.4469 26.5561 1.36156
47.5455 26.5672 1.3621
47.6441 26.5783 1.36264
47.7427 26.5894 1.36317
47.8413 26.6004 1.36371
47.9399 26.6115 1.36424
48.0385 26.6224 1.36477
48.1371 26.6334 1.36531
48.2357 26.6443 1.36584
48.3343 26.6552 1.36636
48.4329 26.6661 1.36689
48.5315 26.677 1.36742
48.6301 26.6878 1.36794
48.7287 26.6986 1.36847
48.8273 26.7094 1.36899
48.9259 26.7201 1.36951
49.0245 26.7309 1.37003
49.1231 26.7416 1.37055
49.2217 26.7523 1.37107
49.3203 26.7629 1.37159
49.4189 26.7735 1.37211
49.5175 26.7841 1.37262
49.6161 26.7947 1.37314
49.7147 26.8053 1.37365
49.8133 26.8158 1.37416
49.9119 26.8263 1.37467
50.0105 26.8368 1.37518
50.1091 26.8473 1.37569
50.2077 26.8577 1.3762
50.3063 26.8681 1.37671
50.4049 26.8785 1.37721
50.5035 26.8889 1.37772
50.6021 26.8992 1.37822
50.7007 26.9095 1.37872
50.7993 26.9198 1.37922
50.8979 26.9301 1.37972
50.9965 26.9403 1.38022
51.0951 26.9506 1.38072
51.1937 26.9608 1.38122
51.2923 26.9709 1.38171
51.3909 26.9811 1.38221
51.4895 26.9912 1.3827
51.5881 27.0013 1.3832
51.6867 27.0114 1.38369
51.7853 27.0215 1.38418
51.8839 27.0315 1.38467
51.9825 27.0416 1.38516
52.0811 27.0516 1.38565
52.1797 27.0615 1.38613
52.2783 27.0715 1.38662
52.3769 27.0814 1.3871
52.4755 27.0913 1.38759
52.5741 27.1012 1.38807
52.6727 27.1111 1.38855
52.7713 27.1209 1.38903
52.8699 27.1308 1.38951
52.9685 27.1406 1.38999
53.0671 27.1504 1.39047
53.1657 27.1601 1.39095
53.2643 27.1699 1.39142
53.3629 27.1796 1.3919
53.4615 27.1893 1.39237
53.5601 27.199 1.39285
53.6587 27.2086 1.39332
53.7573 27.2182 1.39379
53.8559 27.2279 1.39426
53.9545 27.2375 1.39473
54.0531 27.247 1.3952
54.1517 27.2566 1.39567
54.2503 27.2661 1.39613
54.3488 27.2756 1.3966
54.4474 27.2851 1.39706
54.546 27.2946 1.39753
54.6446 27.3041 1.39799
54.7432 27.3135 1.39845
54.8418 27.3229 1.39891
54.9404 27.3323 1.39937
55.039 27.3417 1.39983
55.1376 27.351 1.40029
55.2362 27.3604 1.40075
55.3348 27.3697 1.40121
55.4334 27.379 1.40166
55.532 27.3883 1.40212
55.6306 27.3975 1.40257
55.7292 27.4068 1.40303
55.8278 27.416 1.40348
55.9264 27.4252 1.40393
56.025 27.4344 1.40438
56.1236 27.4435 1.40483
56.2222 27.4527 1.40528
56.3208 27.4618 1.40573
56.4194 27.4709 1.40617
56.518 27.48 1.40662
56.6166 27.4891 1.40707
56.7152 27.4981 1.40751
56.8138 27.5072 1.40795
56.9124 27.5162 1.4084
57.011 27.5252 1.40884
57.1096 27.5342 1.40928
57.2082 27.5431 1.40972
57.3068 27.5521 1.41016
57.4054 27.561 1.4106
57.504 27.5699 1.41104
57.6026 27.5788 1.41148
57.7012 27.5877 1.41191
57.7998 27.5965 1.41235
57.8984 27.6054 1.41278
57.997 27.6142 1.41322
58.0956 27.623 1.41365
58.1942 27.6318 1.41408
58.2928 27.6405 1.41451
58.3914 27.6493 1.41495
58.49 27.658 1.41538
58.5886 27.6667 1.4158
58.6872 27.6754 1.41623
58.7858 27.6841 1.41666
58.8844 27.6928 1.41709
58.983 27.7014 1.41751
59.0816 27.71 1.41794
59.1802 27.7187 1.41836
59.2788 27.7273 1.41879
59.3774 27.7358 1.41921
59.476 27.7444 1.41963
59.5746 27.753 1.42005
59.6732 27.7615 1.42048
59.7718 27.77 1.4209
59.8704 27.7785 1.42131
59.969 27.787 1.42173
60.0676 27.7954 1.42215
60.1662 27.8039 1.42257
60.2648 27.8123 1.42298
60.3634 27.8207 1.4234
60.462 27.8291 1.42381
60.5606 27.8375 1.42423
60.6592 27.8459 1.42464
60.7578 27.8542 1.42505
60.8564 27.8626 1.42547
60.955 27.8709 1.42588
61.0536 27.8792 1.42629
61.1522 27.8875 1.4267
61.2508 27.8958 1.42711
61.3493 27.904 1.42751
61.4479 27.9123 1.42792
61.5465 27.9205 1.42833
61.6451 27.9287 1.42874
61.7437 27.9369 1.42914
61.8423 27.9451 1.42955
61.9409 27.9533 1.42995
62.0395 27.9614 1.43035
62.1381 27.9695 1.43076
62.2367 27.9777 1.43116
62.3353 27.9858 1.43156
62.4339 27.9939 1.43196
62.5325 28.0019 1.43236
62.6311 28.01 1.43276
62.7297 28.0181 1.43316
62.8283 28.0261 1.43355
62.9269 28.0341 1.43395
63.0255 28.0421 1.43435
63.1241 28.0501 1.43474
63.2227 28.0581 1.43514
63.3213 28.066 1.43553
63.4199 28.074 1.43593
63.5185 28.0819 1.43632
63.6171 28.0898 1.43671
63.7157 28.0977 1.4371
63.8143 28.1056 1.43749
63.9129 28.1135 1.43788
64.0115 28.1213 1.43827
64.1101 28.1292 1.43866
64.2087 28.137 1.43905
64.3073 28.1448 1.43944
64.4059 28.1526 1.43983
64.5045 28.1604 1.44021
64.6031 28.1682 1.4406
64.7017 28.1759 1.44098
64.8003 28.1837 1.44137
64.8989 28.1914 1.44175
64.9975 28.1991 1.44214
65.0961 28.2068 1.44252
65.1947 28.2145 1.4429
65.2933 28.2222 1.44328
65.3919 28.2299 1.44366
65.4905 28.2375 1.44404
65.5891 28.2452 1.44442
65.6877 28.2528 1.4448
65.7863 28.2604 1.44518
65.8849 28.268 1.44556
65.9835 28.2756 1.44593
66.0821 28.2831 1.44631
66.1807 28.2907 1.44669
66.2793 28.2982 1.44706
66.3779 28.3058 1.44744
66.4765 28.3133 1.44781
66.5751 28.3208 1.44818
66.6737 28.3283 1.44856
66.7723 28.3358 1.44893
66.8709 28.3432 1.4493
66.9695 28.3507 1.44967
67.0681 28.3581 1.45004
67.1667 28.3656 1.45041
67.2653 28.373 1.45078
67.3639 28.3804 1.45115
67.4625 28.3878 1.45152
67.5611 28.3951 1.45188
67.6597 28.4025 1.45225
67.7583 28.4099 1.45262
67.8569 28.4172 1.45298
67.9555 28.4245 1.45335
68.0541 28.4318 1.45371
68.1527 28.4391 1.45407
68.2513 28.4464 1.45444
68.3498 28.4537 1.4548
68.4484 28.461 1.45516
68.547 28.4682 1.45552
68.6456 28.4755 1.45588
68.7442 28.4827 1.45625
68.8428 28.4899 1.45661
68.9414 28.4971 1.45696
69.04 28.5043 1.45732
69.1386 28.5115 1.45768
69.2372 28.5186 1.45804
69.3358 28.5258 1.4584
69.4344 28.5329 1.45875
69.533 28.5401 1.45911
69.6316 28.5472 1.45946
69.7302 28.5543 1.45982
69.8288 28.5614 1.46017
69.9274 28.5685 1.46053
70.026 28.5755 1.46088
70.1246 28.5826 1.46123
70.2232 28.5897 1.46158
70.3218 28.5967 1.46194
70.4204 28.6037 1.46229
70.519 28.6107 1.46264
70.6176 28.6177 1.46299
70.7162 28.6247 1.46334
70.8148 28.6317 1.46369
70.9134 28.6387 1.46403
71.012 28.6456 1.46438
71.1106 28.6526 1.46473
71.2092 28.6595 1.46508
71.3078 28.6664 1.46542
71.4064 28.6734 1.46577
71.505 28.6803 1.46611
71.6036 28.6871 1.46646
71.7022 28.694 1.4668
71.8008 28.7009 1.46714
71.8994 28.7077 1.46749
71.998 28.7146 1.46783
72.0966 28.7214 1.46817
72.1952 28.7283 1.46851
72.2938 28.7351 1.46885
72.3924 28.7419 1.4692
72.491 28.7487 1.46954
72.5896 28.7554 1.46987
72.6882 28.7622 1.47021
72.7868 28.769 1.47055
72.8854 28.7757 1.47089
72.984 28.7824 1.47123
73.0826 28.7892 1.47156
73.1812 28.7959 1.4719
73.2798 28.8026 1.47224
73.3784 28.8093 1.47257
73.477 28.816 1.47291
73.5756 28.8226 1.47324
73.6742 28.8293 1.47358
73.7728 28.836 1.47391
73.8714 28.8426 1.47424
73.97 28.8492 1.47457
74.0686 28.8559 1.47491
74.1672 28.8625 1.47524
74.2658 28.8691 1.47557
74.3644 28.8757 1.4759
74.463 28.8822 1.47623
74.5616 28.8888 1.47656
74.6602 28.8954 1.47689
74.7588 28.9019 1.47722
74.8574 28.9085 1.47755
74.956 28.915 1.47787
75.0546 28.9215 1.4782
75.1532 28.928 1.47853
75.2518 28.9345 1.47885
75.3504 28.941 1.47918
75.4489 28.9475 1.4795
75.5475 28.954 1.47983
75.6461 28.9604 1.48015
75.7447 28.9669 1.48048
75.8433 28.9733 1.4808
75.9419 28.9797 1.48112
76.0405 28.9862 1.48145
76.1391 28.9926 1.48177
76.2377 28.999 1.48209
76.3363 29.0054 1.48241
76.4349 29.0117 1.48273
76.5335 29.0181 1.48305
76.6321 29.0245 1.48337
76.7307 29.0308 1.48369
76.8293 29.0372 1.48401
76.9279 29.0435 1.48433
77.0265 29.0498 1.48465
77.1251 29.0561 1.48497
77.2237 29.0625 1.48528
77.3223 29.0688 1.4856
77.4209 29.075 1.48592
77.5195 29.0813 1.48623
77.6181 29.0876 1.48655
77.7167 29.0938 1.48686
77.8153 29.1001 1.48718
77.9139 29.1063 1.48749
78.0125 29.1126 1.48781
78.1111 29.1188 1.48812
78.2097 29.125 1.48843
78.3083 29.1312 1.48875
78.4069 29.1374 1.48906
78.5055 29.1436 1.48937
78.6041 29.1498 1.48968
78.7027 29.1559 1.48999
78.8013 29.1621 1.4903
78.8999 29.1682 1.49061
78.9985 29.1744 1.49092
79.0971 29.1805 1.49123
79.1957 29.1866 1.49154
79.2943 29.1928 1.49185
79.3929 29.1989 1.49215
79.4915 29.205 1.49246
79.5901 29.2111 1.49277
79.6887 29.2171 1.49308
79.7873 29.2232 1.49338
79.8859 29.2293 1.49369
79.9845 29.2353 1.49399
80.0831 29.2414 1.4943
80.1817 29.2474 1.4946
80.2803 29.2534 1.49491
80.3789 29.2594 1.49521
80.4775 29.2655 1.49551
80.5761 29.2715 1.49582
80.6747 29.2774 1.49612
80.7733 29.2834 1.49642
80.8719 29.2894 1.49672
80.9705 29.2954 1.49702
81.0691 29.3013 1.49733
81.1677 29.3073 1.49763
81.2663 29.3132 1.49793
81.3649 29.3192 1.49823
81.4635 29.3251 1.49853
81.5621 29.331 1.49882
81.6607 29.3369 1.49912
81.7593 29.3428 1.49942
81.8579 29.3487 1.49972
81.9565 29.3546 1.50002
82.0551 29.3605 1.50031
82.1537 29.3663 1.50061
82.2523 29.3722 1.50091
82.3509 29.378 1.5012
82.4494 29.3839 1.5015
82.548 29.3897 1.50179
82.6466 29.3955 1.50209
82.7452 29.4014 1.50238
82.8438 29.4072 1.50268
82.9424 29.413 1.50297
83.041 29.4188 1.50326
83.1396 29.4246 1.50356
83.2382 29.4303 1.50385
83.3368 29.4361 1.50414
83.4354 29.4419 1.50443
83.534 29.4476 1.50472
83.6326 29.4534 1.50501
83.7312 29.4591 1.5053
83.8298 29.4648 1.50559
83.9284 29.4706 1.50588
84.027 29.4763 1.50617
84.1256 29.482 1.50646
84.2242 29.4877 1.50675
84.3228 29.4934 1.50704
84.4214 29.4991 1.50733
84.52 29.5047 1.50762
84.6186 29.5104 1.5079
84.7172 29.5161 1.50819
84.8158 29.5217 1.50848
84.9144 29.5274 1.50876
85.013 29.533 1.50905
85.1116 29.5386 1.50933
85.2102 29.5443 1.50962
85.3088 29.5499 1.5099
85.4074 29.5555 1.51019
85.506 29.5611 1.51047
85.6046 29.5667 1.51076
85.7032 29.5723 1.51104
85.8018 29.5778 1.51132
85.9004 29.5834 1.5116
85.999 29.589 1.51189
86.0976 29.5945 1.51217
86.1962 29.6001 1.51245
86.2948 29.6056 1.51273
86.3934 29.6112 1.51301
86.492 29.6167 1.51329
86.5906 29.6222 1.51357
86.6892 29.6277 1.51385
86.7878 29.6332 1.51413
86.8864 29.6387 1.51441
86.985 29.6442 1.51469
87.0836 29.6497 1.51497
87.1822 29.6552 1.51525
87.2808 29.6606 1.51552
87.3794 29.6661 1.5158
87.478 29.6715 1.51608
87.5766 29.677 1.51635
87.6752 29.6824 1.51663
87.7738 29.6878 1.51691
87.8724 29.6933 1.51718
87.971 29.6987 1.51746
88.0696 29.7041 1.51773
88.1682 29.7095 1.51801
88.2668 29.7149 1.51828
88.3654 29.7203 1.51856
88.464 29.7257 1.51883
88.5626 29.731 1.5191
88.6612 29.7364 1.51938
88.7598 29.7418 1.51965
88.8584 29.7471 1.51992
88.957 29.7525 1.52019
89.0556 29.7578 1.52046
89.1542 29.7632 1.52074
89.2528 29.7685 1.52101
89.3514 29.7738 1.52128
89.4499 29.7791 1.52155
89.5485 29.7844 1.52182
89.6471 29.7897 1.52209
89.7457 29.795 1.52236
89.8443 29.8003 1.52263
89.9429 29.8056 1.52289
90.0415 29.8109 1.52316
90.1401 29.8161 1.52343
90.2387 29.8214 1.5237
90.3373 29.8266 1.52397
90.4359 29.8319 1.52423
90.5345 29.8371 1.5245
90.6331 29.8423 1.52477
90.7317 29.8476 1.52503
90.8303 29.8528 1.5253
90.9289 29.858 1.52557
91.0275 29.8632 1.52583
91.1261 29.8684 1.5261
91.2247 29.8736 1.52636
91.3233 29.8788 1.52662
91.4219 29.884 1.52689
91.5205 29.8891 1.52715
91.6191 29.8943 1.52742
91.7177 29.8995 1.52768
91.8163 29.9046 1.52794
91.9149 29.9098 1.5282
92.0135 29.9149 1.52847
92.1121 29.92 1.52873
92.2107 29.9252 1.52899
92.3093 29.9303 1.52925
92.4079 29.9354 1.52951
92.5065 29.9405 1.52977
92.6051 29.9456 1.53003
92.7037 29.9507 1.53029
92.8023 29.9558 1.53055
92.9009 29.9609 1.53081
92.9995 29.966 1.53107
93.0981 29.971 1.53133
93.1967 29.9761 1.53159
93.2953 29.9812 1.53185
93.3939 29.9862 1.5321
93.4925 29.9913 1.53236
93.5911 29.9963 1.53262
93.6897 30.0013 1.53288
93.7883 30.0064 1.53313
93.8869 30.0114 1.53339
93.9855 30.0164 1.53365
94.0841 30.0214 1.5339
94.1827 30.0264 1.53416
94.2813 30.0314 1.53441
94.3799 30.0364 1.53467
94.4785 30.0414 1.53492
94.5771 30.0464 1.53518
94.6757 30.0513 1.53543
94.7743 30.0563 1.53568
94.8729 30.0613 1.53594
94.9715 30.0662 1.53619
95.0701 30.0712 1.53644
95.1687 30.0761 1.5367
95.2673 30.081 1.53695
95.3659 30.086 1.5372
95.4645 30.0909 1.53745
95.5631 30.0958 1.53771
95.6617 30.1007 1.53796
95.7603 30.1056 1.53821
95.8589 30.1105 1.53846
95.9575 30.1154 1.53871
96.0561 30.1203 1.53896
96.1547 30.1252 1.53921
96.2533 30.1301 1.53946
96.3519 30.1349 1.53971
96.4505 30.1398 1.53996
96.549 30.1447 1.54021
96.6476 30.1495 1.54045
96.7462 30.1544 1.5407
96.8448 30.1592 1.54095
96.9434 30.1641 1.5412
97.042 30.1689 1.54145
97.1406 30.1737 1.54169
97.2392 30.1785 1.54194
97.3378 30.1833 1.54219
97.4364 30.1882 1.54243
97.535 30.193 1.54268
97.6336 30.1978 1.54292
97.7322 30.2025 1.54317
97.8308 30.2073 1.54341
97.9294 30.2121 1.54366
98.028 30.2169 1.5439
98.1266 30.2217 1.54415
98.2252 30.2264 1.54439
98.3238 30.2312 1.54464
98.4224 30.2359 1.54488
98.521 30.2407 1.54512
98.6196 30.2454 1.54537
98.7182 30.2502 1.54561
98.8168 30.2549 1.54585
98.9154 30.2596 1.54609
99.014 30.2643 1.54634
99.1126 30.269 1.54658
99.2112 30.2737 1.54682
99.3098 30.2784 1.54706
99.4084 30.2831 1.5473
99.507 30.2878 1.54754
99.6056 30.2925 1.54778
99.7042 30.2972 1.54802
99.8028 30.3019 1.54826
99.9014 30.3065 1.5485
100 30.3112 1.54874
