1.5 1.77901 0.383197
1.5986 2.28888 0.399152
1.6972 2.77612 0.414585
1.7958 3.23996 0.429431
1.89439 3.6834 0.443754
1.99299 4.10717 0.457556
2.09159 4.51154 0.470829
2.19019 4.89864 0.483624
2.28879 5.26996 0.495975
2.38739 5.62604 0.507891
2.48599 5.96743 0.519383
2.58458 6.29536 0.530481
2.68318 6.61129 0.541225
2.78178 6.91575 0.551628
2.88038 7.20923 0.561701
2.97898 7.49221 0.571457
3.07758 7.7652 0.58091
3.17618 8.02928 0.59009
3.27477 8.285 0.599013
3.37337 8.53275 0.607688
3.47197 8.77287 0.616125
3.57057 9.00569 0.624334
3.66917 9.2315 0.632323
3.76777 9.45062 0.640101
3.86637 9.66434 0.647682
3.96496 9.87344 0.65508
4.06356 10.0776 0.662303
4.16216 10.2764 0.669357
4.26076 10.4698 0.676249
4.35936 10.6574 0.682984
4.45796 10.8391 0.689569
4.55656 11.0149 0.696008
4.65516 11.1847 0.702307
4.75375 11.3483 0.708471
4.85235 11.5061 0.714508
4.95095 11.6587 0.720426
5.04955 11.8065 0.726229
5.14815 11.9499 0.73192
5.24675 12.0894 0.737503
5.34535 12.2253 0.742981
5.44394 12.3578 0.748357
5.54254 12.4875 0.753635
5.64114 12.6144 0.758818
5.73974 12.7388 0.763908
5.83834 12.861 0.768908
5.93694 12.9812 0.77382
6.03554 13.0996 0.778648
6.13413 13.2163 0.783393
6.23273 13.3312 0.78806
6.33133 13.4442 0.792652
6.42993 13.5552 0.797173
6.52853 13.6644 0.801623
6.62713 13.7717 0.806005
6.72573 13.8773 0.810321
6.82432 13.9812 0.814572
6.92292 14.0834 0.81876
7.02152 14.184 0.822886
7.12012 14.283 0.826953
7.21872 14.3805 0.830962
7.31732 14.4765 0.834914
7.41592 14.571 0.83881
7.51451 14.6641 0.842653
7.61311 14.7558 0.846442
7.71171 14.8461 0.85018
7.81031 14.9352 0.853868
7.90891 15.0229 0.857506
8.00751 15.1094 0.861097
8.10611 15.1946 0.864641
8.2047 15.2787 0.868139
8.3033 15.3617 0.871595
8.4019 15.4436 0.875009
8.5005 15.5244 0.878381
8.5991 15.6041 0.881713
8.6977 15.6828 0.885005
8.7963 15.7606 0.888259
8.89489 15.8373 0.891475
8.99349 15.9131 0.894653
9.09209 15.988 0.897796
9.19069 16.0619 0.900903
9.28929 16.135 0.903975
9.38789 16.2071 0.907013
9.48649 16.2784 0.910017
9.58509 16.3489 0.912989
9.68368 16.4185 0.915929
9.78228 16.4874 0.918837
9.88088 16.5554 0.921714
9.97948 16.6227 0.92456
10.0781 16.6892 0.927377
10.1767 16.7549 0.930165
10.2753 16.8199 0.932924
10.3739 16.8842 0.935655
10.4725 16.9478 0.938358
10.5711 17.0107 0.941034
10.6697 17.073 0.943683
10.7683 17.1345 0.946306
10.8669 17.1954 0.948904
10.9655 17.2557 0.951476
11.0641 17.3154 0.954024
11.1627 17.3744 0.956548
11.2613 17.4329 0.959049
11.3599 17.4908 0.961527
11.4585 17.5481 0.963983
11.5571 17.6048 0.966416
11.6557 17.6611 0.968828
11.7543 17.7167 0.971218
11.8529 17.7719 0.973588
11.9515 17.8265 0.975936
12.0501 17.8806 0.978265
12.1486 17.9343 0.980573
12.2472 17.9874 0.982861
12.3458 18.04 0.98513
12.4444 18.0922 0.98738
12.543 18.1438 0.989611
12.6416 18.1951 0.991824
12.7402 18.2458 0.994018
12.8388 18.2961 0.996194
12.9374 18.346 0.998353
13.036 18.3954 1.00049
13.1346 18.4444 1.00262
13.2332 18.493 1.00472
13.3318 18.5412 1.00681
13.4304 18.5889 1.00889
13.529 18.6363 1.01095
13.6276 18.6832 1.01299
13.7262 18.7298 1.01501
13.8248 18.7759 1.01702
13.9234 18.8217 1.01902
14.022 18.8671 1.021
14.1206 18.9122 1.02296
14.2192 18.9569 1.02491
14.3178 19.0012 1.02685
14.4164 19.0451 1.02877
14.515 19.0888 1.03067
14.6136 19.132 1.03257
14.7122 19.175 1.03444
14.8108 19.2175 1.03631
14.9094 19.2598 1.03816
15.008 19.3017 1.04
15.1066 19.3433 1.04183
15.2052 19.3846 1.04364
15.3038 19.4256 1.04544
15.4024 19.4663 1.04723
15.501 19.5067 1.049
15.5996 19.5468 1.05077
15.6982 19.5866 1.05252
15.7968 19.6262 1.05426
15.8954 19.6654 1.05599
15.994 19.7044 1.05771
16.0926 19.7431 1.05941
16.1912 19.7815 1.06111
16.2898 19.8196 1.06279
16.3884 19.8575 1.06447
16.487 19.8952 1.06613
16.5856 19.9325 1.06778
16.6842 19.9696 1.06943
16.7828 20.0065 1.07106
16.8814 20.0431 1.07268
16.98 20.0795 1.07429
17.0786 20.1156 1.07589
17.1772 20.1515 1.07749
17.2758 20.1872 1.07907
17.3744 20.2226 1.08064
17.473 20.2578 1.0822
17.5716 20.2927 1.08376
17.6702 20.3275 1.0853
17.7688 20.362 1.08683
17.8674 20.3963 1.08836
17.966 20.4303 1.08988
18.0646 20.4642 1.09139
18.1632 20.4978 1.09288
18.2618 20.5312 1.09437
18.3604 20.5645 1.09586
18.459 20.5975 1.09733
18.5576 20.6303 1.09879
18.6562 20.6629 1.10025
18.7548 20.6953 1.1017
18.8534 20.7275 1.10314
18.952 20.7595 1.10457
19.0506 20.7914 1.10599
19.1491 20.823 1.10741
19.2477 20.8544 1.10882
19.3463 20.8857 1.11022
19.4449 20.9168 1.11161
19.5435 20.9476 1.113
19.6421 20.9783 1.11437
19.7407 21.0089 1.11574
19.8393 21.0392 1.1171
19.9379 21.0694 1.11846
20.0365 21.0994 1.11981
20.1351 21.1292 1.12115
20.2337 21.1589 1.12248
20.3323 21.1884 1.12381
20.4309 21.2177 1.12513
20.5295 21.2468 1.12644
20.6281 21.2758 1.12775
20.7267 21.3047 1.12905
20.8253 21.3333 1.13034
20.9239 21.3618 1.13162
21.0225 21.3902 1.1329
21.1211 21.4184 1.13418
21.2197 21.4464 1.13544
21.3183 21.4743 1.1367
21.4169 21.5021 1.13795
21.5155 21.5297 1.1392
21.6141 21.5571 1.14044
21.7127 21.5844 1.14168
21.8113 21.6115 1.14291
21.9099 21.6386 1.14413
22.0085 21.6654 1.14535
22.1071 21.6922 1.14656
22.2057 21.7188 1.14776
22.3043 21.7452 1.14896
22.4029 21.7716 1.15016
22.5015 21.7978 1.15135
22.6001 21.8238 1.15253
22.6987 21.8498 1.15371
22.7973 21.8756 1.15488
22.8959 21.9013 1.15604
22.9945 21.9268 1.15721
23.0931 21.9522 1.15836
23.1917 21.9775 1.15951
23.2903 22.0027 1.16066
23.3889 22.0278 1.1618
23.4875 22.0527 1.16293
23.5861 22.0775 1.16406
23.6847 22.1022 1.16519
23.7833 22.1268 1.16631
23.8819 22.1512 1.16742
23.9805 22.1756 1.16853
24.0791 22.1998 1.16964
24.1777 22.2239 1.17074
24.2763 22.2479 1.17183
24.3749 22.2718 1.17292
24.4735 22.2955 1.17401
24.5721 22.3192 1.17509
24.6707 22.3427 1.17617
24.7693 22.3662 1.17724
24.8679 22.3895 1.17831
24.9665 22.4127 1.17937
25.0651 22.4359 1.18043
25.1637 22.4589 1.18148
25.2623 22.4818 1.18253
25.3609 22.5046 1.18358
25.4595 22.5273 1.18462
25.5581 22.5499 1.18565
25.6567 22.5724 1.18669
25.7553 22.5948 1.18771
25.8539 22.6171 1.18874
25.9525 22.6393 1.18976
26.0511 22.6614 1.19077
26.1496 22.6834 1.19178
26.2482 22.7053 1.19279
26.3468 22.7272 1.19379
26.4454 22.7489 1.19479
26.544 22.7705 1.19578
26.6426 22.792 1.19678
26.7412 22.8135 1.19776
26.8398 22.8348 1.19875
26.9384 22.8561 1.19972
27.037 22.8773 1.2007
27.1356 22.8983 1.20167
27.2342 22.9193 1.20264
27.3328 22.9402 1.2036
27.4314 22.961 1.20456
27.53 22.9818 1.20552
27.6286 23.0024 1.20647
27.7272 23.023 1.20742
27.8258 23.0434 1.20836
27.9244 23.0638 1.2093
28.023 23.0841 1.21024
28.1216 23.1043 1.21118
28.2202 23.1245 1.21211
28.3188 23.1445 1.21303
28.4174 23.1645 1.21396
28.516 23.1844 1.21488
28.6146 23.2042 1.21579
28.7132 23.2239 1.21671
28.8118 23.2436 1.21762
28.9104 23.2632 1.21852
29.009 23.2826 1.21943
29.1076 23.3021 1.22033
29.2062 23.3214 1.22122
29.3048 23.3407 1.22212
29.4034 23.3599 1.22301
29.502 23.379 1.22389
29.6006 23.398 1.22478
29.6992 23.417 1.22566
29.7978 23.4359 1.22653
29.8964 23.4547 1.22741
29.995 23.4734 1.22828
30.0936 23.4921 1.22915
30.1922 23.5107 1.23001
30.2908 23.5292 1.23087
30.3894 23.5477 1.23173
30.488 23.5661 1.23258
30.5866 23.5844 1.23344
30.6852 23.6027 1.23429
30.7838 23.6208 1.23513
30.8824 23.639 1.23598
30.981 23.657 1.23682
31.0796 23.675 1.23765
31.1782 23.6929 1.23849
31.2768 23.7107 1.23932
31.3754 23.7285 1.24015
31.474 23.7462 1.24097
31.5726 23.7639 1.2418
31.6712 23.7815 1.24262
31.7698 23.799 1.24344
31.8684 23.8164 1.24425
31.967 23.8338 1.24506
32.0656 23.8512 1.24587
32.1642 23.8684 1.24668
32.2628 23.8857 1.24748
32.3614 23.9028 1.24828
32.46 23.9199 1.24908
32.5586 23.9369 1.24988
32.6572 23.9539 1.25067
32.7558 23.9708 1.25146
32.8544 23.9877 1.25225
32.953 24.0045 1.25304
33.0516 24.0212 1.25382
33.1502 24.0379 1.2546
33.2487 24.0545 1.25538
33.3473 24.0711 1.25616
33.4459 24.0876 1.25693
33.5445 24.104 1.2577
33.6431 24.1204 1.25847
33.7417 24.1368 1.25924
33.8403 24.153 1.26
33.9389 24.1693 1.26076
34.0375 24.1855 1.26152
34.1361 24.2016 1.26228
34.2347 24.2176 1.26303
34.3333 24.2337 1.26379
34.4319 24.2496 1.26454
34.5305 24.2655 1.26528
34.6291 24.2814 1.26603
34.7277 24.2972 1.26677
34.8263 24.3129 1.26751
34.9249 24.3286 1.26825
35.0235 24.3443 1.26899
35.1221 24.3599 1.26972
35.2207 24.3754 1.27045
35.3193 24.3909 1.27118
35.4179 24.4064 1.27191
35.5165 24.4218 1.27263
35.6151 24.4371 1.27336
35.7137 24.4524 1.27408
35.8123 24.4677 1.27479
35.9109 24.4829 1.27551
36.0095 24.498 1.27623
36.1081 24.5131 1.27694
36.2067 24.5282 1.27765
36.3053 24.5432 1.27836
36.4039 24.5582 1.27906
36.5025 24.5731 1.27977
36.6011 24.5879 1.28047
36.6997 24.6028 1.28117
36.7983 24.6175 1.28186
36.8969 24.6323 1.28256
36.9955 24.647 1.28325
37.0941 24.6616 1.28395
37.1927 24.6762 1.28464
37.2913 24.6907 1.28532
37.3899 24.7052 1.28601
37.4885 24.7197 1.28669
37.5871 24.7341 1.28737
37.6857 24.7485 1.28805
37.7843 24.7628 1.28873
37.8829 24.7771 1.28941
37.9815 24.7913 1.29008
38.0801 24.8055 1.29076
38.1787 24.8197 1.29143
38.2773 24.8338 1.29209
38.3759 24.8479 1.29276
38.4745 24.8619 1.29343
38.5731 24.8759 1.29409
38.6717 24.8898 1.29475
38.7703 24.9037 1.29541
38.8689 24.9176 1.29607
38.9675 24.9314 1.29672
39.0661 24.9452 1.29738
39.1647 24.9589 1.29803
39.2633 24.9727 1.29868
39.3619 24.9863 1.29933
39.4605 24.9999 1.29997
39.5591 25.0135 1.30062
39.6577 25.0271 1.30126
39.7563 25.0406 1.3019
39.8549 25.054 1.30254
39.9535 25.0674 1.30318
40.0521 25.0808 1.30382
40.1507 25.0942 1.30445
40.2492 25.1075 1.30509
40.3478 25.1208 1.30572
40.4464 25.134 1.30635
40.545 25.1472 1.30697
40.6436 25.1604 1.3076
40.7422 25.1735 1.30823
40.8408 25.1866 1.30885
40.9394 25.1996 1.30947
41.038 25.2126 1.31009
41.1366 25.2256 1.31071
41.2352 25.2385 1.31132
41.3338 25.2514 1.31194
41.4324 25.2643 1.31255
41.531 25.2771 1.31316
41.6296 25.2899 1.31377
41.7282 25.3027 1.31438
41.8268 25.3154 1.31499
41.9254 25.3281 1.3156
42.024 25.3408 1.3162
42.1226 25.3534 1.3168
42.2212 25.366 1.3174
42.3198 25.3785 1.318
42.4184 25.391 1.3186
42.517 25.4035 1.3192
42.6156 25.416 1.31979
42.7142 25.4284 1.32038
42.8128 25.4408 1.32098
42.9114 25.4531 1.32157
43.01 25.4654 1.32215
43.1086 25.4777 1.32274
43.2072 25.49 1.32333
43.3058 25.5022 1.32391
43.4044 25.5144 1.32449
43.503 25.5265 1.32508
43.6016 25.5386 1.32566
43.7002 25.5507 1.32623
43.7988 25.5628 1.32681
43.8974 25.5748 1.32739
43.996 25.5868 1.32796
44.0946 25.5988 1.32854
44.1932 25.6107 1.32911
44.2918 25.6226 1.32968
44.3904 25.6345 1.33025
44.489 25.6463 1.33081
44.5876 25.6581 1.33138
44.6862 25.6699 1.33194
44.7848 25.6816 1.33251
44.8834 25.6934 1.33307
44.982 25.705 1.33363
45.0806 25.7167 1.33419
45.1792 25.7283 1.33475
45.2778 25.7399 1.3353
45.3764 25.7515 1.33586
45.475 25.763 1.33641
45.5736 25.7745 1.33697
45.6722 25.786 1.33752
45.7708 25.7975 1.33807
45.8694 25.8089 1.33862
45.968 25.8203 1.33916
46.0666 25.8316 1.33971
46.1652 25.843 1.34025
46.2638 25.8543 1.3408
46.3624 25.8656 1.34134
46.461 25.8768 1.34188
46.5596 25.888 1.34242
46.6582 25.8992 1.34296
46.7568 25.9104 1.3435
46.8554 25.9215 1.34403
46.954 25.9326 1.34457
47.0526 25.9437 1.3451
47.1512 25.9548 1.34563
47.2497 25.9658 1.34616
47.3483 25.9768 1.34669
47.4469 25.9878 1.34722
47.5455 25.9987 1.34775
47.6441 26.0097 1.34828
47.7427 26.0206 1.3488
47.8413 26.0314 1.34933
47.9399 26.0423 1.34985
48.0385 26.0531 1.35037
48.1371 26.0639 1.35089
48.2357 26.0747 1.35141
48.3343 26.0854 1.35193
48.4329 26.0961 1.35245
48.5315 26.1068 1.35296
48.6301 26.1175 1.35348
48.7287 26.1281 1.35399
48.8273 26.1387 1.3545
48.9259 26.1493 1.35501
49.0245 26.1599 1.35552
49.1231 26.1704 1.35603
49.2217 26.1809 1.35654
49.3203 26.1914 1.35705
49.4189 26.2019 1.35755
49.5175 26.2123 1.35806
49.6161 26.2228 1.35856
49.7147 26.2332 1.35907
49.8133 26.2435 1.35957
49.9119 26.2539 1.36007
50.0105 26.2642 1.36057
50.1091 26.2745 1.36107
50.2077 26.2848 1.36156
50.3063 26.295 1.36206
50.4049 26.3053 1.36255
50.5035 26.3155 1.36305
50.6021 26.3257 1.36354
50.7007 26.3358 1.36403
50.7993 26.346 1.36452
50.8979 26.3561 1.36501
50.9965 26.3662 1.3655
51.0951 26.3763 1.36599
51.1937 26.3863 1.36648
51.2923 26.3963 1.36696
51.3909 26.4063 1.36745
51.4895 26.4163 1.36793
51.5881 26.4263 1.36842
51.6867 26.4362 1.3689
51.7853 26.4461 1.36938
51.8839 26.456 1.36986
51.9825 26.4659 1.37034
52.0811 26.4757 1.37082
52.1797 26.4856 1.37129
52.2783 26.4954 1.37177
52.3769 26.5052 1.37224
52.4755 26.5149 1.37272
52.5741 26.5247 1.37319
52.6727 26.5344 1.37366
52.7713 26.5441 1.37413
52.8699 26.5538 1.37461
52.9685 26.5634 1.37507
53.0671 26.5731 1.37554
53.1657 26.5827 1.37601
53.2643 26.5923 1.37648
53.3629 26.6019 1.37694
53.4615 26.6114 1.37741
53.5601 26.6209 1.37787
53.6587 26.6305 1.37833
53.7573 26.64 1.3788
53.8559 26.6494 1.37926
53.9545 26.6589 1.37972
54.0531 26.6683 1.38018
54.1517 26.6777 1.38063
54.2503 26.6871 1.38109
54.3488 26.6965 1.38155
54.4474 26.7058 1.382
54.546 26.7152 1.38246
54.6446 26.7245 1.38291
54.7432 26.7338 1.38336
54.8418 26.7431 1.38382
54.9404 26.7523 1.38427
55.039 26.7616 1.38472
55.1376 26.7708 1.38517
55.2362 26.78 1.38561
55.3348 26.7892 1.38606
55.4334 26.7983 1.38651
55.532 26.8075 1.38695
55.6306 26.8166 1.3874
55.7292 26.8257 1.38784
55.8278 26.8348 1.38829
55.9264 26.8438 1.38873
56.025 26.8529 1.38917
56.1236 26.8619 1.38961
56.2222 26.8709 1.39005
56.3208 26.8799 1.39049
56.4194 26.8889 1.39093
56.518 26.8979 1.39137
56.6166 26.9068 1.3918
56.7152 26.9157 1.39224
56.8138 26.9246 1.39267
56.9124 26.9335 1.39311
57.011 26.9424 1.39354
57.1096 26.9512 1.39397
57.2082 26.9601 1.39441
57.3068 26.9689 1.39484
57.4054 26.9777 1.39527
57.504 26.9864 1.3957
57.6026 26.9952 1.39612
57.7012 27.0039 1.39655
57.7998 27.0127 1.39698
57.8984 27.0214 1.39741
57.997 27.0301 1.39783
58.0956 27.0387 1.39825
58.1942 27.0474 1.39868
58.2928 27.056 1.3991
58.3914 27.0647 1.39952
58.49 27.0733 1.39995
58.5886 27.0819 1.40037
58.6872 27.0904 1.40079
58.7858 27.099 1.4012
58.8844 27.1075 1.40162
58.983 27.116 1.40204
59.0816 27.1246 1.40246
59.1802 27.133 1.40287
59.2788 27.1415 1.40329
59.3774 27.15 1.4037
59.476 27.1584 1.40412
59.5746 27.1668 1.40453
59.6732 27.1752 1.40494
59.7718 27.1836 1.40535
59.8704 27.192 1.40577
59.969 27.2004 1.40618
60.0676 27.2087 1.40658
60.1662 27.217 1.40699
60.2648 27.2253 1.4074
60.3634 27.2336 1.40781
60.462 27.2419 1.40821
60.5606 27.2502 1.40862
60.6592 27.2584 1.40903
60.7578 27.2667 1.40943
60.8564 27.2749 1.40983
60.955 27.2831 1.41024
61.0536 27.2913 1.41064
61.1522 27.2994 1.41104
61.2508 27.3076 1.41144
61.3493 27.3157 1.41184
61.4479 27.3239 1.41224
61.5465 27.332 1.41264
61.6451 27.3401 1.41304
61.7437 27.3481 1.41343
61.8423 27.3562 1.41383
61.9409 27.3643 1.41423
62.0395 27.3723 1.41462
62.1381 27.3803 1.41502
62.2367 27.3883 1.41541
62.3353 27.3963 1.4158
62.4339 27.4043 1.4162
62.5325 27.4122 1.41659
62.6311 27.4202 1.41698
62.7297 27.4281 1.41737
62.8283 27.436 1.41776
62.9269 27.4439 1.41815
63.0255 27.4518 1.41854
63.1241 27.4597 1.41892
63.2227 27.4676 1.41931
63.3213 27.4754 1.4197
63.4199 27.4832 1.42008
63.5185 27.4911 1.42047
63.6171 27.4989 1.42085
63.7157 27.5067 1.42124
63.8143 27.5144 1.42162
63.9129 27.5222 1.422
64.0115 27.5299 1.42238
64.1101 27.5377 1.42277
64.2087 27.5454 1.42315
64.3073 27.5531 1.42353
64.4059 27.5608 1.42391
64.5045 27.5685 1.42429
64.6031 27.5761 1.42466
64.7017 27.5838 1.42504
64.8003 27.5914 1.42542
64.8989 27.599 1.42579
64.9975 27.6066 1.42617
65.0961 27.6142 1.42654
65.1947 27.6218 1.42692
65.2933 27.6294 1.42729
65.3919 27.6369 1.42767
65.4905 27.6445 1.42804
65.5891 27.652 1.42841
65.6877 27.6595 1.42878
65.7863 27.667 1.42915
65.8849 27.6745 1.42952
65.9835 27.682 1.42989
66.0821 27.6895 1.43026
66.1807 27.6969 1.43063
66.2793 27.7044 1.431
66.3779 27.7118 1.43136
66.4765 27.7192 1.43173
66.5751 27.7266 1.4321
66.6737 27.734 1.43246
66.7723 27.7413 1.43283
66.8709 27.7487 1.43319
66.9695 27.7561 1.43355
67.0681 27.7634 1.43392
67.1667 27.7707 1.43428
67.2653 27.778 1.43464
67.3639 27.7853 1.435
67.4625 27.7926 1.43536
67.5611 27.7999 1.43572
67.6597 27.8071 1.43608
67.7583 27.8144 1.43644
67.8569 27.8216 1.4368
67.9555 27.8288 1.43716
68.0541 27.8361 1.43751
68.1527 27.8433 1.43787
68.2513 27.8504 1.43823
68.3498 27.8576 1.43858
68.4484 27.8648 1.43894
68.547 27.8719 1.43929
68.6456 27.8791 1.43965
68.7442 27.8862 1.44
68.8428 27.8933 1.44035
68.9414 27.9004 1.4407
69.04 27.9075 1.44106
69.1386 27.9146 1.44141
69.2372 27.9217 1.44176
69.3358 27.9287 1.44211
69.4344 27.9358 1.44246
69.533 27.9428 1.44281
69.6316 27.9498 1.44315
69.7302 27.9568 1.4435
69.8288 27.9638 1.44385
69.9274 27.9708 1.4442
70.026 27.9778 1.44454
70.1246 27.9847 1.44489
70.2232 27.9917 1.44523
70.3218 27.9986 1.44558
70.4204 28.0056 1.44592
70.519 28.0125 1.44626
70.6176 28.0194 1.44661
70.7162 28.0263 1.44695
70.8148 28.0332 1.44729
70.9134 28.04 1.44763
71.012 28.0469 1.44797
71.1106 28.0537 1.44831
71.2092 28.0606 1.44865
71.3078 28.0674 1.44899
71.4064 28.0742 1.44933
71.505 28.081 1.44967
71.6036 28.0878 1.45001
71.7022 28.0946 1.45035
71.8008 28.1014 1.45068
71.8994 28.1081 1.45102
71.998 28.1149 1.45136
72.0966 28.1216 1.45169
72.1952 28.1284 1.45203
72.2938 28.1351 1.45236
72.3924 28.1418 1.45269
72.491 28.1485 1.45303
72.5896 28.1552 1.45336
72.6882 28.1618 1.45369
72.7868 28.1685 1.45402
72.8854 28.1752 1.45435
72.984 28.1818 1.45469
73.0826 28.1884 1.45502
73.1812 28.1951 1.45535
73.2798 28.2017 1.45568
73.3784 28.2083 1.456
73.477 28.2149 1.45633
73.5756 28.2215 1.45666
73.6742 28.228 1.45699
73.7728 28.2346 1.45731
73.8714 28.2411 1.45764
73.97 28.2477 1.45797
74.0686 28.2542 1.45829
74.1672 28.2607 1.45862
74.2658 28.2672 1.45894
74.3644 28.2737 1.45927
74.463 28.2802 1.45959
74.5616 28.2867 1.45991
74.6602 28.2932 1.46024
74.7588 28.2996 1.46056
74.8574 28.3061 1.46088
74.956 28.3125 1.4612
75.0546 28.319 1.46152
75.1532 28.3254 1.46184
75.2518 28.3318 1.46216
75.3504 28.3382 1.46248
75.4489 28.3446 1.4628
75.5475 28.351 1.46312
75.6461 28.3573 1.46344
75.7447 28.3637 1.46375
75.8433 28.37 1.46407
75.9419 28.3764 1.46439
76.0405 28.3827 1.4647
76.1391 28.389 1.46502
76.2377 28.3954 1.46534
76.3363 28.4017 1.46565
76.4349 28.408 1.46597
76.5335 28.4142 1.46628
76.6321 28.4205 1.46659
76.7307 28.4268 1.46691
76.8293 28.433 1.46722
76.9279 28.4393 1.46753
77.0265 28.4455 1.46784
77.1251 28.4518 1.46816
77.2237 28.458 1.46847
77.3223 28.4642 1.46878
77.4209 28.4704 1.46909
77.5195 28.4766 1.4694
77.6181 28.4828 1.46971
77.7167 28.4889 1.47002
77.8153 28.4951 1.47032
77.9139 28.5013 1.47063
78.0125 28.5074 1.47094
78.1111 28.5136 1.47125
78.2097 28.5197 1.47155
78.3083 28.5258 1.47186
78.4069 28.5319 1.47217
78.5055 28.538 1.47247
78.6041 28.5441 1.47278
78.7027 28.5502 1.47308
78.8013 28.5563 1.47339
78.8999 28.5623 1.47369
78.9985 28.5684 1.47399
79.0971 28.5744 1.4743
79.1957 28.5805 1.4746
79.2943 28.5865 1.4749
79.3929 28.5925 1.4752
79.4915 28.5986 1.4755
79.5901 28.6046 1.47581
79.6887 28.6106 1.47611
79.7873 28.6166 1.47641
79.8859 28.6225 1.47671
79.9845 28.6285 1.47701
80.0831 28.6345 1.4773
80.1817 28.6404 1.4776
80.2803 28.6464 1.4779
80.3789 28.6523 1.4782
80.4775 28.6582 1.4785
80.5761 28.6642 1.47879
80.6747 28.6701 1.47909
80.7733 28.676 1.47939
80.8719 28.6819 1.47968
80.9705 28.6878 1.47998
81.0691 28.6936 1.48027
81.1677 28.6995 1.48057
81.2663 28.7054 1.48086
81.3649 28.7112 1.48116
81.4635 28.7171 1.48145
81.5621 28.7229 1.48174
81.6607 28.7287 1.48204
81.7593 28.7346 1.48233
81.8579 28.7404 1.48262
81.9565 28.7462 1.48291
82.0551 28.752 1.4832
82.1537 28.7578 1.48349
82.2523 28.7635 1.48378
82.3509 28.7693 1.48407
82.4494 28.7751 1.48436
82.548 28.7808 1.48465
82.6466 28.7866 1.48494
82.7452 28.7923 1.48523
82.8438 28.7981 1.48552
82.9424 28.8038 1.48581
83.041 28.8095 1.48609
83.1396 28.8152 1.48638
83.2382 28.8209 1.48667
83.3368 28.8266 1.48695
83.4354 28.8323 1.48724
83.534 28.838 1.48753
83.6326 28.8436 1.48781
83.7312 28.8493 1.4881
83.8298 28.855 1.48838
83.9284 28.8606 1.48867
84.027 28.8662 1.48895
84.1256 28.8719 1.48923
84.2242 28.8775 1.48952
84.3228 28.8831 1.4898
84.4214 28.8887 1.49008
84.52 28.8943 1.49036
84.6186 28.8999 1.49064
84.7172 28.9055 1.49093
84.8158 28.9111 1.49121
84.9144 28.9167 1.49149
85.013 28.9222 1.49177
85.1116 28.9278 1.49205
85.2102 28.9333 1.49233
85.3088 28.9389 1.49261
85.4074 28.9444 1.49289
85.506 28.9499 1.49316
85.6046 28.9554 1.49344
85.7032 28.961 1.49372
85.8018 28.9665 1.494
85.9004 28.972 1.49427
85.999 28.9774 1.49455
86.0976 28.9829 1.49483
86.1962 28.9884 1.4951
86.2948 28.9939 1.49538
86.3934 28.9993 1.49565
86.492 29.0048 1.49593
86.5906 29.0102 1.4962
86.6892 29.0157 1.49648
86.7878 29.0211 1.49675
86.8864 29.0265 1.49703
86.985 29.0319 1.4973
87.0836 29.0373 1.49757
87.1822 29.0428 1.49785
87.2808 29.0481 1.49812
87.3794 29.0535 1.49839
87.478 29.0589 1.49866
87.5766 29.0643 1.49893
87.6752 29.0697 1.4992
87.7738 29.075 1.49947
87.8724 29.0804 1.49974
87.971 29.0857 1.50001
88.0696 29.0911 1.50028
88.1682 29.0964 1.50055
88.2668 29.1017 1.50082
88.3654 29.107 1.50109
88.464 29.1123 1.50136
88.5626 29.1177 1.50163
88.6612 29.1229 1.5019
88.7598 29.1282 1.50216
88.8584 29.1335 1.50243
88.957 29.1388 1.5027
89.0556 29.1441 1.50296
89.1542 29.1493 1.50323
89.2528 29.1546 1.5035
89.3514 29.1598 1.50376
89.4499 29.1651 1.50403
89.5485 29.1703 1.50429
89.6471 29.1756 1.50456
89.7457 29.1808 1.50482
89.8443 29.186 1.50508
89.9429 29.1912 1.50535
90.0415 29.1964 1.50561
90.1401 29.2016 1.50587
90.2387 29.2068 1.50614
90.3373 29.212 1.5064
90.4359 29.2172 1.50666
90.5345 29.2223 1.50692
90.6331 29.2275 1.50718
90.7317 29.2327 1.50744
90.8303 29.2378 1.50771
90.9289 29.2429 1.50797
91.0275 29.2481 1.50823
91.1261 29.2532 1.50849
91.2247 29.2583 1.50875
91.3233 29.2635 1.50901
91.4219 29.2686 1.50926
91.5205 29.2737 1.50952
91.6191 29.2788 1.50978
91.7177 29.2839 1.51004
91.8163 29.289 1.5103
91.9149 29.294 1.51055
92.0135 29.2991 1.51081
92.1121 29.3042 1.51107
92.2107 29.3092 1.51132
92.3093 29.3143 1.51158
92.4079 29.3193 1.51184
92.5065 29.3244 1.51209
92.6051 29.3294 1.51235
92.7037 29.3345 1.5126
92.8023 29.3395 1.51286
92.9009 29.3445 1.51311
92.9995 29.3495 1.51337
93.0981 29.3545 1.51362
93.1967 29.3595 1.51387
93.2953 29.3645 1.51413
93.3939 29.3695 1.51438
93.4925 29.3745 1.51463
93.5911 29.3794 1.51489
93.6897 29.3844 1.51514
93.7883 29.3894 1.51539
93.8869 29.3943 1.51564
93.9855 29.3993 1.51589
94.0841 29.4042 1.51614
94.1827 29.4092 1.51639
94.2813 29.4141 1.51664
94.3799 29.419 1.51689
94.4785 29.4239 1.51714
94.5771 29.4289 1.51739
94.6757 29.4338 1.51764
94.7743 29.4387 1.51789
94.8729 29.4436 1.51814
94.9715 29.4485 1.51839
95.0701 29.4533 1.51864
95.1687 29.4582 1.51889
95.2673 29.4631 1.51913
95.3659 29.468 1.51938
95.4645 29.4728 1.51963
95.5631 29.4777 1.51987
95.6617 29.4825 1.52012
95.7603 29.4874 1.52037
95.8589 29.4922 1.52061
95.9575 29.497 1.52086
96.0561 29.5019 1.5211
96.1547 29.5067 1.52135
96.2533 29.5115 1.52159
96.3519 29.5163 1.52184
96.4505 29.5211 1.52208
96.549 29.5259 1.52233
96.6476 29.5307 1.52257
96.7462 29.5355 1.52281
96.8448 29.5403 1.52306
96.9434 29.5451 1.5233
97.042 29.5498 1.52354
97.1406 29.5546 1.52378
97.2392 29.5593 1.52403
97.3378 29.5641 1.52427
97.4364 29.5688 1.52451
97.535 29.5736 1.52475
97.6336 29.5783 1.52499
97.7322 29.583 1.52523
97.8308 29.5878 1.52547
97.9294 29.5925 1.52571
98.028 29.5972 1.52595
98.1266 29.6019 1.52619
98.2252 29.6066 1.52643
98.3238 29.6113 1.52667
98.4224 29.616 1.52691
98.521 29.6207 1.52715
98.6196 29.6254 1.52739
98.7182 29.63 1.52763
98.8168 29.6347 1.52786
98.9154 29.6394 1.5281
99.014 29.644 1.52834
99.1126 29.6487 1.52858
99.2112 29.6533 1.52881
99.3098 29.658 1.52905
99.4084 29.6626 1.52929
99.507 29.6673 1.52952
99.6056 29.6719 1.52976
99.7042 29.6765 1.52999
99.8028 29.6811 1.53023
99.9014 29.6857 1.53046
100 29.6903 1.5307
