1e-05 69.9648 3.17487
0.00101099 16.9122 0.942667
0.00201198 13.1615 0.803248
0.00301297 11.2565 0.738684
0.00401396 10.0197 0.700334
0.00501495 9.12063 0.674833
0.00601595 8.42377 0.656744
0.00701694 7.85837 0.643344
0.00801793 7.38623 0.633167
0.00901892 6.98297 0.625285
0.0100199 6.63157 0.619063
0.0110209 6.32168 0.614131
0.0120219 6.04559 0.610218
0.0130229 5.79665 0.607083
0.0140239 5.57043 0.604579
0.0150249 5.36361 0.602595
0.0160259 5.17358 0.601051
0.0170268 4.99803 0.59987
0.0180278 4.83486 0.598973
0.0190288 4.68259 0.598321
0.0200298 4.5401 0.597881
0.0210308 4.40638 0.597618
0.0220318 4.2806 0.597516
0.0230328 4.16197 0.597554
0.0240338 4.04972 0.597701
0.0250348 3.94321 0.597933
0.0260358 3.84199 0.598251
0.0270368 3.74565 0.598641
0.0280377 3.6538 0.599092
0.0290387 3.56612 0.599593
0.0300397 3.48232 0.600147
0.0310407 3.4021 0.600746
0.0320417 3.3252 0.601377
0.0330427 3.25138 0.60203
0.0340437 3.1804 0.6027
0.0350447 3.11213 0.603393
0.0360457 3.04639 0.604105
0.0370467 2.98305 0.604829
0.0380477 2.92195 0.60556
0.0390486 2.86298 0.606295
0.0400496 2.80604 0.607043
0.0410506 2.751 0.607799
0.0420516 2.69776 0.608557
0.0430526 2.64621 0.609311
0.0440536 2.59628 0.610059
0.0450546 2.54786 0.610798
0.0460556 2.50091 0.611537
0.0470566 2.45535 0.612272
0.0480576 2.41112 0.613001
0.0490586 2.36816 0.613723
0.0500595 2.32642 0.614435
0.0510605 2.28584 0.615136
0.0520615 2.24638 0.615833
0.0530625 2.208 0.616525
0.0540635 2.17064 0.617209
0.0550645 2.13427 0.617882
0.0560655 2.09883 0.618542
0.0570665 2.06429 0.619187
0.0580675 2.03061 0.619816
0.0590685 1.99777 0.620435
0.0600695 1.96574 0.621044
0.0610705 1.93449 0.621642
0.0620714 1.90399 0.622227
0.0630724 1.87421 0.622798
0.0640734 1.84512 0.623354
0.0650744 1.8167 0.623894
0.0660754 1.78893 0.624421
0.0670764 1.7618 0.624939
0.0680774 1.73528 0.625445
0.0690784 1.70935 0.625938
0.0700794 1.68399 0.626418
0.0710804 1.65918 0.626882
0.0720814 1.63489 0.627329
0.0730823 1.61112 0.627759
0.0740833 1.58785 0.628174
0.0750843 1.56507 0.628577
0.0760853 1.54277 0.628967
0.0770863 1.52092 0.629344
0.0780873 1.49952 0.629707
0.0790883 1.47855 0.630055
0.0800893 1.45799 0.630388
0.0810903 1.43784 0.630705
0.0820913 1.41808 0.631006
0.0830923 1.39871 0.631295
0.0840932 1.37972 0.631573
0.0850942 1.36109 0.631839
0.0860952 1.34282 0.632091
0.0870962 1.32489 0.632329
0.0880972 1.3073 0.632553
0.0890982 1.29004 0.632761
0.0900992 1.27308 0.632953
0.0911002 1.25644 0.633128
0.0921012 1.2401 0.63329
0.0931022 1.22406 0.633439
0.0941032 1.20831 0.633576
0.0951041 1.19284 0.6337
0.0961051 1.17765 0.633811
0.0971061 1.16272 0.633907
0.0981071 1.14805 0.633989
0.0991081 1.13364 0.634057
0.100109 1.11946 0.634109
0.10111 1.10553 0.634146
0.102111 1.09183 0.634171
0.103112 1.07837 0.634185
0.104113 1.06514 0.634187
0.105114 1.05213 0.634177
0.106115 1.03934 0.634153
0.107116 1.02676 0.634116
0.108117 1.01438 0.634065
0.109118 1.0022 0.633999
0.110119 0.990221 0.63392
0.11112 0.978427 0.633825
0.112121 0.966825 0.633718
0.113122 0.955413 0.6336
0.114123 0.944187 0.63347
0.115124 0.933139 0.633328
0.116125 0.922266 0.633174
0.117126 0.911562 0.633007
0.118127 0.901023 0.632827
0.119128 0.890644 0.632634
0.120129 0.88042 0.632427
0.12113 0.870348 0.632207
0.122131 0.860423 0.631973
0.123132 0.850651 0.631729
0.124133 0.841029 0.631473
0.125134 0.831552 0.631206
0.126135 0.822218 0.630928
0.127136 0.813022 0.630638
0.128137 0.803962 0.630336
0.129138 0.795033 0.630021
0.130139 0.786234 0.629695
0.13114 0.77756 0.629355
0.132141 0.769009 0.629003
0.133142 0.760578 0.628638
0.134143 0.752271 0.628262
0.135144 0.744087 0.627876
0.136145 0.736022 0.627479
0.137146 0.728073 0.627071
0.138147 0.720237 0.626652
0.139148 0.712511 0.626222
0.140149 0.704892 0.62578
0.14115 0.697378 0.625327
0.142151 0.689965 0.624862
0.143152 0.682651 0.624385
0.144153 0.675434 0.623896
0.145154 0.668314 0.623395
0.146155 0.661294 0.622885
0.147156 0.654371 0.622365
0.148157 0.647544 0.621834
0.149158 0.640809 0.621293
0.150159 0.634166 0.620742
0.15116 0.62761 0.62018
0.152161 0.621141 0.619608
0.153162 0.614757 0.619024
0.154163 0.608455 0.618429
0.155164 0.602233 0.617824
0.156165 0.59609 0.617207
0.157166 0.590026 0.61658
0.158167 0.584044 0.615944
0.159168 0.578142 0.615298
0.160169 0.572318 0.614642
0.16117 0.56657 0.613977
0.162171 0.560897 0.613302
0.163172 0.555295 0.612617
0.164173 0.549764 0.611922
0.165174 0.544302 0.611217
0.166175 0.538907 0.610502
0.167175 0.533577 0.609776
0.168176 0.52831 0.609041
0.169177 0.523107 0.608295
0.170178 0.51797 0.607541
0.171179 0.512899 0.606777
0.17218 0.507892 0.606004
0.173181 0.502947 0.605222
0.174182 0.498064 0.604432
0.175183 0.49324 0.603632
0.176184 0.488475 0.602823
0.177185 0.483767 0.602004
0.178186 0.479115 0.601177
0.179187 0.474518 0.60034
0.180188 0.469974 0.599495
0.181189 0.465482 0.59864
0.18219 0.461043 0.597776
0.183191 0.45666 0.596904
0.184192 0.452331 0.596023
0.185193 0.448054 0.595135
0.186194 0.443829 0.594238
0.187195 0.439655 0.593333
0.188196 0.435529 0.59242
0.189197 0.431451 0.591498
0.190198 0.427419 0.590567
0.191199 0.423433 0.589629
0.1922 0.419491 0.588681
0.193201 0.415593 0.587726
0.194202 0.411737 0.586762
0.195203 0.407923 0.585789
0.196204 0.404154 0.584809
0.197205 0.400429 0.58382
0.198206 0.396747 0.582824
0.199207 0.393108 0.58182
0.200208 0.38951 0.580809
0.201209 0.385952 0.57979
0.20221 0.382434 0.578763
0.203211 0.378955 0.577729
0.204212 0.375514 0.576688
0.205213 0.37211 0.575639
0.206214 0.368743 0.574582
0.207215 0.365412 0.573519
0.208216 0.362116 0.572448
0.209217 0.358858 0.57137
0.210218 0.355637 0.570285
0.211219 0.352453 0.569194
0.21222 0.349305 0.568095
0.213221 0.346192 0.56699
0.214222 0.343112 0.565878
0.215223 0.340066 0.564759
0.216224 0.337053 0.563633
0.217225 0.334071 0.562501
0.218226 0.331121 0.561361
0.219227 0.3282 0.560216
0.220228 0.325309 0.559063
0.221229 0.322447 0.557904
0.22223 0.319614 0.556738
0.223231 0.316813 0.555566
0.224232 0.314041 0.554387
0.225233 0.3113 0.553202
0.226234 0.308588 0.55201
0.227235 0.305904 0.550812
0.228236 0.303249 0.549608
0.229237 0.300621 0.548399
0.230238 0.298021 0.547183
0.231239 0.295446 0.545962
0.23224 0.292898 0.544735
0.233241 0.290375 0.543502
0.234242 0.287877 0.542264
0.235243 0.285404 0.54102
0.236244 0.282956 0.539771
0.237245 0.280534 0.538516
0.238246 0.278138 0.537256
0.239247 0.275767 0.535991
0.240248 0.273421 0.53472
0.241249 0.271099 0.533444
0.24225 0.2688 0.532162
0.243251 0.266525 0.530875
0.244252 0.264272 0.529584
0.245253 0.262041 0.528287
0.246254 0.259832 0.526985
0.247255 0.257644 0.525678
0.248256 0.255476 0.524367
0.249257 0.253328 0.52305
0.250258 0.251201 0.521729
0.251259 0.249095 0.520402
0.25226 0.247011 0.519071
0.253261 0.244948 0.517734
0.254262 0.242905 0.516392
0.255263 0.240882 0.515046
0.256264 0.23888 0.513695
0.257265 0.236896 0.51234
0.258266 0.234932 0.510981
0.259267 0.232987 0.509617
0.260268 0.23106 0.50825
0.261269 0.229152 0.506879
0.26227 0.22726 0.505504
0.263271 0.225387 0.504125
0.264272 0.22353 0.502743
0.265273 0.221693 0.501357
0.266274 0.219873 0.499967
0.267275 0.218072 0.498573
0.268276 0.216289 0.497176
0.269277 0.214523 0.495774
0.270278 0.212774 0.494369
0.271279 0.211041 0.49296
0.27228 0.209325 0.491548
0.273281 0.207625 0.490132
0.274282 0.205941 0.488713
0.275283 0.204271 0.487291
0.276284 0.202617 0.485865
0.277285 0.200977 0.484436
0.278285 0.199351 0.483005
0.279286 0.197739 0.48157
0.280287 0.196143 0.480131
0.281288 0.194562 0.478689
0.282289 0.192996 0.477243
0.28329 0.191445 0.475794
0.284291 0.189908 0.474341
0.285292 0.188386 0.472886
0.286293 0.186877 0.471428
0.287294 0.185382 0.469967
0.288295 0.1839 0.468504
0.289296 0.182432 0.467038
0.290297 0.180976 0.46557
0.291298 0.179534 0.4641
0.292299 0.178103 0.462628
0.2933 0.176685 0.461154
0.294301 0.175279 0.459679
0.295302 0.173887 0.4582
0.296303 0.172507 0.456719
0.297304 0.171141 0.455236
0.298305 0.169787 0.45375
0.299306 0.168445 0.452262
0.300307 0.167116 0.450772
0.301308 0.165798 0.44928
0.302309 0.164492 0.447786
0.30331 0.163197 0.44629
0.304311 0.161913 0.444793
0.305312 0.16064 0.443293
0.306313 0.159378 0.441793
0.307314 0.158126 0.440291
0.308315 0.156885 0.438787
0.309316 0.155654 0.437282
0.310317 0.154434 0.435775
0.311318 0.153224 0.434265
0.312319 0.152026 0.432753
0.31332 0.150838 0.43124
0.314321 0.149661 0.429725
0.315322 0.148494 0.428208
0.316323 0.147337 0.42669
0.317324 0.14619 0.425171
0.318325 0.145053 0.423651
0.319326 0.143925 0.42213
0.320327 0.142807 0.420609
0.321328 0.141698 0.419087
0.322329 0.140599 0.417565
0.32333 0.139508 0.416043
0.324331 0.138426 0.41452
0.325332 0.137354 0.412997
0.326333 0.136292 0.411472
0.327334 0.135239 0.409947
0.328335 0.134195 0.40842
0.329336 0.133161 0.406893
0.330337 0.132135 0.405366
0.331338 0.131118 0.403837
0.332339 0.13011 0.402308
0.33334 0.12911 0.400779
0.334341 0.128118 0.39925
0.335342 0.127134 0.39772
0.336343 0.126158 0.396191
0.337344 0.12519 0.394661
0.338345 0.124229 0.393131
0.339346 0.123275 0.391602
0.340347 0.122329 0.390072
0.341348 0.121392 0.388542
0.342349 0.120462 0.38701
0.34335 0.11954 0.385478
0.344351 0.118626 0.383946
0.345352 0.117719 0.382413
0.346353 0.11682 0.38088
0.347354 0.115929 0.379348
0.348355 0.115044 0.377816
0.349356 0.114167 0.376284
0.350357 0.113296 0.374753
0.351358 0.112433 0.373223
0.352359 0.111576 0.371694
0.35336 0.110726 0.370165
0.354361 0.109883 0.368639
0.355362 0.109046 0.367113
0.356363 0.108216 0.365588
0.357364 0.107393 0.364063
0.358365 0.106577 0.362538
0.359366 0.105769 0.361014
0.360367 0.104966 0.359491
0.361368 0.104171 0.357968
0.362369 0.103381 0.356445
0.36337 0.102598 0.354924
0.364371 0.101822 0.353404
0.365372 0.101051 0.351885
0.366373 0.100286 0.350367
0.367374 0.0995272 0.34885
0.368375 0.0987738 0.347334
0.369376 0.0980261 0.345821
0.370377 0.0972838 0.344308
0.371378 0.096547 0.342797
0.372379 0.0958162 0.341286
0.37338 0.0950913 0.339776
0.374381 0.0943722 0.338266
0.375382 0.093659 0.336758
0.376383 0.0929513 0.33525
0.377384 0.0922493 0.333743
0.378385 0.0915527 0.332238
0.379386 0.0908615 0.330734
0.380387 0.0901757 0.329232
0.381388 0.0894951 0.327732
0.382389 0.0888197 0.326234
0.38339 0.0881494 0.324738
0.384391 0.087484 0.323244
0.385392 0.0868236 0.321753
0.386393 0.0861681 0.320264
0.387394 0.0855175 0.318778
0.388395 0.0848723 0.317293
0.389395 0.0842324 0.315809
0.390396 0.0835976 0.314327
0.391397 0.0829679 0.312847
0.392398 0.0823431 0.311369
0.393399 0.0817232 0.309892
0.3944 0.0811081 0.308418
0.395401 0.0804976 0.306945
0.396402 0.0798918 0.305475
0.397403 0.0792904 0.304007
0.398404 0.0786934 0.302541
0.399405 0.0781007 0.301078
0.400406 0.0775123 0.299617
0.401407 0.076928 0.298159
0.402408 0.0763477 0.296704
0.403409 0.0757716 0.295251
0.40441 0.0751999 0.293799
0.405411 0.0746327 0.292349
0.406412 0.0740698 0.290901
0.407413 0.0735113 0.289455
0.408414 0.0729569 0.288011
0.409415 0.0724068 0.286569
0.410416 0.0718607 0.28513
0.411417 0.0713187 0.283693
0.412418 0.0707807 0.282259
0.413419 0.0702467 0.280828
0.41442 0.0697165 0.2794
0.415421 0.0691902 0.277975
0.416422 0.0686676 0.276553
0.417423 0.0681488 0.275135
0.418424 0.0676336 0.27372
0.419425 0.0671221 0.272309
0.420426 0.0666147 0.2709
0.421427 0.0661112 0.269494
0.422428 0.0656116 0.268091
0.423429 0.0651159 0.26669
0.42443 0.0646239 0.265292
0.425431 0.0641357 0.263897
0.426432 0.063651 0.262505
0.427433 0.0631699 0.261116
0.428434 0.0626922 0.25973
0.429435 0.062218 0.258347
0.430436 0.0617471 0.256968
0.431437 0.0612794 0.255591
0.432438 0.060815 0.254218
0.433439 0.0603537 0.252849
0.43444 0.0598954 0.251483
0.435441 0.0594402 0.25012
0.436442 0.0589882 0.248761
0.437443 0.0585397 0.247403
0.438444 0.0580944 0.246049
0.439445 0.0576523 0.244697
0.440446 0.0572135 0.243348
0.441447 0.0567779 0.242002
0.442448 0.0563454 0.24066
0.443449 0.055916 0.239321
0.44445 0.0554896 0.237985
0.445451 0.0550663 0.236653
0.446452 0.0546459 0.235324
0.447453 0.0542284 0.233999
0.448454 0.0538139 0.232679
0.449455 0.0534022 0.231362
0.450456 0.0529933 0.230049
0.451457 0.0525871 0.228741
0.452458 0.0521839 0.227436
0.453459 0.0517837 0.226135
0.45446 0.0513866 0.224837
0.455461 0.0509923 0.223543
0.456462 0.050601 0.222252
0.457463 0.0502125 0.220965
0.458464 0.0498269 0.219681
0.459465 0.0494439 0.218401
0.460466 0.0490637 0.217125
0.461467 0.0486861 0.215852
0.462468 0.048311 0.214583
0.463469 0.0479386 0.213318
0.46447 0.0475686 0.212057
0.465471 0.047201 0.2108
0.466472 0.0468359 0.209547
0.467473 0.0464731 0.208299
0.468474 0.0461126 0.207054
0.469475 0.0457546 0.205813
0.470476 0.0453992 0.204575
0.471477 0.0450463 0.20334
0.472478 0.044696 0.202109
0.473479 0.044348 0.200881
0.47448 0.0440025 0.199658
0.475481 0.0436594 0.198438
0.476482 0.0433187 0.197222
0.477483 0.0429803 0.196009
0.478484 0.0426443 0.194801
0.479485 0.0423105 0.193598
0.480486 0.041979 0.192398
0.481487 0.0416498 0.191203
0.482488 0.0413227 0.190012
0.483489 0.0409978 0.188826
0.48449 0.0406751 0.187645
0.485491 0.0403546 0.186467
0.486492 0.0400365 0.185294
0.487493 0.0397207 0.184125
0.488494 0.0394072 0.18296
0.489495 0.0390959 0.181799
0.490496 0.0387869 0.180642
0.491497 0.03848 0.179488
0.492498 0.0381753 0.178339
0.493499 0.0378726 0.177195
0.4945 0.037572 0.176054
0.495501 0.0372734 0.174917
0.496502 0.0369768 0.173785
0.497503 0.0366821 0.172657
0.498504 0.0363893 0.171533
0.499505 0.0360984 0.170414
0.500505 0.0358093 0.169299
0.501506 0.035522 0.168188
0.502507 0.0352365 0.167081
0.503508 0.034953 0.165979
0.504509 0.0346715 0.164879
0.50551 0.0343919 0.163784
0.506511 0.0341143 0.162693
0.507512 0.0338385 0.161605
0.508513 0.0335646 0.160522
0.509514 0.0332925 0.159443
0.510515 0.0330223 0.158368
0.511516 0.0327539 0.157298
0.512517 0.0324873 0.156232
0.513518 0.0322224 0.15517
0.514519 0.0319593 0.154113
0.51552 0.0316979 0.15306
0.516521 0.0314383 0.152012
0.517522 0.0311803 0.150969
0.518523 0.030924 0.149931
0.519524 0.0306696 0.148897
0.520525 0.0304169 0.147867
0.521526 0.030166 0.146842
0.522527 0.029917 0.145821
0.523528 0.0296696 0.144804
0.524529 0.029424 0.143791
0.52553 0.02918 0.142783
0.526531 0.0289377 0.141778
0.527532 0.0286971 0.140779
0.528533 0.028458 0.139783
0.529534 0.0282205 0.138792
0.530535 0.0279845 0.137805
0.531536 0.0277501 0.136823
0.532537 0.0275171 0.135845
0.533538 0.0272856 0.134871
0.534539 0.0270556 0.133902
0.53554 0.0268269 0.132937
0.536541 0.0265998 0.131977
0.537542 0.0263742 0.13102
0.538543 0.0261501 0.130067
0.539544 0.0259276 0.129119
0.540545 0.0257065 0.128174
0.541546 0.0254869 0.127234
0.542547 0.0252688 0.126298
0.543548 0.0250522 0.125366
0.544549 0.024837 0.124438
0.54555 0.0246233 0.123515
0.546551 0.024411 0.122596
0.547552 0.0242 0.121682
0.548553 0.0239905 0.120772
0.549554 0.0237824 0.119867
0.550555 0.0235756 0.118966
0.551556 0.0233702 0.11807
0.552557 0.0231662 0.117178
0.553558 0.0229636 0.116291
0.554559 0.0227624 0.115408
0.55556 0.0225627 0.11453
0.556561 0.0223644 0.113656
0.557562 0.0221675 0.112786
0.558563 0.021972 0.11192
0.559564 0.0217778 0.111059
0.560565 0.0215849 0.110202
0.561566 0.0213933 0.10935
0.562567 0.021203 0.108501
0.563568 0.021014 0.107657
0.564569 0.0208262 0.106817
0.56557 0.0206396 0.105981
0.566571 0.0204542 0.10515
0.567572 0.02027 0.104323
0.568573 0.0200869 0.1035
0.569574 0.019905 0.102682
0.570575 0.0197243 0.101867
0.571576 0.0195448 0.101056
0.572577 0.0193665 0.10025
0.573578 0.0191894 0.0994474
0.574579 0.0190135 0.098649
0.57558 0.0188389 0.0978547
0.576581 0.0186654 0.0970646
0.577582 0.0184931 0.0962785
0.578583 0.018322 0.0954967
0.579584 0.018152 0.0947191
0.580585 0.0179832 0.0939457
0.581586 0.0178155 0.0931766
0.582587 0.017649 0.0924117
0.583588 0.0174836 0.0916512
0.584589 0.0173193 0.0908951
0.58559 0.0171561 0.0901433
0.586591 0.016994 0.0893959
0.587592 0.0168331 0.0886528
0.588593 0.0166734 0.0879139
0.589594 0.0165148 0.0871792
0.590595 0.0163574 0.0864487
0.591596 0.0162011 0.0857223
0.592597 0.0160459 0.0850001
0.593598 0.0158918 0.084282
0.594599 0.0157388 0.083568
0.5956 0.0155869 0.0828581
0.596601 0.015436 0.0821522
0.597602 0.0152861 0.0814504
0.598603 0.0151373 0.0807527
0.599604 0.0149895 0.0800589
0.600605 0.0148427 0.0793692
0.601606 0.0146969 0.0786835
0.602607 0.014552 0.0780017
0.603608 0.014408 0.0773239
0.604609 0.0142651 0.07665
0.60561 0.0141231 0.07598
0.606611 0.0139821 0.0753137
0.607612 0.0138422 0.0746514
0.608613 0.0137032 0.0739929
0.609614 0.0135652 0.0733383
0.610615 0.0134282 0.0726876
0.611615 0.0132922 0.0720409
0.612616 0.0131571 0.071398
0.613617 0.0130231 0.070759
0.614618 0.0128899 0.070124
0.615619 0.0127577 0.0694929
0.61662 0.0126265 0.0688658
0.617621 0.0124962 0.0682426
0.618622 0.0123669 0.0676234
0.619623 0.0122384 0.0670082
0.620624 0.0121109 0.066397
0.621625 0.0119843 0.0657898
0.622626 0.0118587 0.0651865
0.623627 0.0117341 0.0645872
0.624628 0.0116104 0.0639918
0.625629 0.0114876 0.0634003
0.62663 0.0113658 0.0628126
0.627631 0.0112449 0.0622288
0.628632 0.011125 0.0616488
0.629633 0.0110059 0.0610726
0.630634 0.0108877 0.0605001
0.631635 0.0107704 0.0599313
0.632636 0.0106539 0.0593663
0.633637 0.0105383 0.058805
0.634638 0.0104236 0.0582473
0.635639 0.0103096 0.0576932
0.63664 0.0101965 0.0571428
0.637641 0.0100843 0.056596
0.638642 0.00997276 0.0560527
0.639643 0.00986209 0.055513
0.640644 0.00975227 0.0549768
0.641645 0.00964329 0.0544443
0.642646 0.00953515 0.0539153
0.643647 0.00942784 0.0533899
0.644648 0.00932136 0.052868
0.645649 0.0092157 0.0523497
0.64665 0.00911086 0.051835
0.647651 0.00900684 0.0513238
0.648652 0.00890363 0.0508162
0.649653 0.00880122 0.0503121
0.650654 0.00869962 0.0498115
0.651655 0.00859881 0.0493145
0.652656 0.0084988 0.048821
0.653657 0.00839957 0.0483311
0.654658 0.00830113 0.0478446
0.655659 0.00820348 0.0473617
0.65666 0.0081066 0.0468822
0.657661 0.00801054 0.0464064
0.658662 0.0079153 0.0459341
0.659663 0.00782086 0.0454654
0.660664 0.00772721 0.0450001
0.661665 0.00763436 0.0445384
0.662666 0.00754227 0.04408
0.663667 0.00745096 0.0436251
0.664668 0.00736041 0.0431735
0.665669 0.00727061 0.0427253
0.66667 0.00718154 0.0422804
0.667671 0.00709322 0.0418387
0.668672 0.00700561 0.0414003
0.669673 0.00691872 0.0409651
0.670674 0.00683254 0.0405331
0.671675 0.00674705 0.0401043
0.672676 0.00666225 0.0396785
0.673677 0.00657814 0.0392559
0.674678 0.00649472 0.0388364
0.675679 0.00641202 0.0384201
0.67668 0.00633004 0.038007
0.677681 0.00624876 0.0375971
0.678682 0.0061682 0.0371904
0.679683 0.00608834 0.0367868
0.680684 0.00600917 0.0363864
0.681685 0.00593071 0.035989
0.682686 0.00585294 0.0355948
0.683687 0.00577586 0.0352037
0.684688 0.00569946 0.0348157
0.685689 0.00562375 0.0344308
0.68669 0.00554872 0.0340489
0.687691 0.00547436 0.03367
0.688692 0.00540068 0.0332942
0.689693 0.00532766 0.0329214
0.690694 0.00525531 0.0325516
0.691695 0.00518362 0.0321848
0.692696 0.00511264 0.0318211
0.693697 0.00504235 0.0314606
0.694698 0.00497275 0.0311031
0.695699 0.00490383 0.0307487
0.6967 0.00483558 0.0303974
0.697701 0.004768 0.030049
0.698702 0.00470107 0.0297036
0.699703 0.00463479 0.0293611
0.700704 0.00456915 0.0290214
0.701705 0.00450414 0.0286846
0.702706 0.00443975 0.0283507
0.703707 0.00437598 0.0280194
0.704708 0.00431282 0.027691
0.705709 0.00425025 0.0273652
0.70671 0.00418828 0.0270421
0.707711 0.00412689 0.0267216
0.708712 0.00406608 0.0264037
0.709713 0.00400584 0.0260884
0.710714 0.00394623 0.0257759
0.711715 0.00388723 0.0254662
0.712716 0.00382884 0.0251593
0.713717 0.00377105 0.024855
0.714718 0.00371386 0.0245535
0.715719 0.00365727 0.0242547
0.71672 0.00360127 0.0239585
0.717721 0.00354586 0.023665
0.718722 0.00349102 0.023374
0.719723 0.00343677 0.0230857
0.720724 0.00338309 0.0227999
0.721725 0.00332998 0.0225168
0.722725 0.00327744 0.0222361
0.723726 0.00322546 0.021958
0.724727 0.00317403 0.0216823
0.725728 0.00312316 0.0214091
0.726729 0.00307284 0.0211384
0.72773 0.00302309 0.0208703
0.728731 0.00297394 0.0206048
0.729732 0.00292538 0.020342
0.730733 0.00287739 0.0200818
0.731734 0.00282997 0.0198241
0.732735 0.00278312 0.0195689
0.733736 0.00273681 0.0193162
0.734737 0.00269105 0.019066
0.735738 0.00264583 0.0188181
0.736739 0.00260113 0.0185726
0.73774 0.00255695 0.0183295
0.738741 0.00251329 0.0180886
0.739742 0.00247012 0.01785
0.740743 0.00242745 0.0176136
0.741744 0.00238527 0.0173794
0.742745 0.00234357 0.0171474
0.743746 0.00230233 0.0169174
0.744747 0.00226157 0.0166896
0.745748 0.00222131 0.016464
0.746749 0.00218158 0.0162407
0.74775 0.00214236 0.0160198
0.748751 0.00210365 0.0158011
0.749752 0.00206544 0.0155846
0.750753 0.00202772 0.0153704
0.751754 0.0019905 0.0151584
0.752755 0.00195375 0.0149485
0.753756 0.00191749 0.0147408
0.754757 0.00188169 0.0145351
0.755758 0.00184636 0.0143316
0.756759 0.00181148 0.0141302
0.75776 0.00177706 0.0139307
0.758761 0.00174308 0.0137333
0.759762 0.00170954 0.0135379
0.760763 0.00167644 0.0133445
0.761764 0.00164376 0.013153
0.762765 0.00161152 0.0129634
0.763766 0.00157976 0.012776
0.764767 0.00154848 0.0125908
0.765768 0.00151767 0.0124076
0.766769 0.00148733 0.0122266
0.76777 0.00145745 0.0120476
0.768771 0.00142801 0.0118707
0.769772 0.001399 0.0116957
0.770773 0.00137043 0.0115226
0.771774 0.00134228 0.0113515
0.772775 0.00131453 0.0111822
0.773776 0.00128719 0.0110147
0.774777 0.00126025 0.0108491
0.775778 0.00123369 0.0106852
0.776779 0.0012075 0.010523
0.77778 0.00118169 0.0103625
0.778781 0.00115623 0.0102037
0.779782 0.00113113 0.0100465
0.780783 0.00110639 0.00989097
0.781784 0.00108207 0.0097373
0.782785 0.00105817 0.00958549
0.783786 0.00103467 0.00943551
0.784787 0.00101157 0.00928733
0.785788 0.000988864 0.00914092
0.786789 0.00096654 0.00899626
0.78779 0.000944591 0.00885332
0.788791 0.00092301 0.00871207
0.789792 0.000901788 0.00857248
0.790793 0.000880919 0.00843454
0.791794 0.000860394 0.0082982
0.792795 0.000840205 0.00816345
0.793796 0.000820345 0.00803026
0.794797 0.000800807 0.00789861
0.795798 0.000781583 0.00776846
0.796799 0.000762666 0.00763979
0.7978 0.000744048 0.00751258
0.798801 0.00072575 0.0073869
0.799802 0.000707826 0.00726293
0.800803 0.000690269 0.00714063
0.801804 0.00067307 0.00701999
0.802805 0.000656217 0.00690095
0.803806 0.000639703 0.0067835
0.804807 0.000623517 0.00666759
0.805808 0.000607649 0.0065532
0.806809 0.000592091 0.00644028
0.80781 0.000576832 0.00632881
0.808811 0.000561864 0.00621876
0.809812 0.000547177 0.00611008
0.810813 0.000532761 0.00600275
0.811814 0.000518609 0.00589674
0.812815 0.00050471 0.00579202
0.813816 0.000491056 0.00568855
0.814817 0.000477638 0.0055863
0.815818 0.000464447 0.00548524
0.816819 0.00045151 0.00538546
0.81782 0.000438882 0.00528712
0.818821 0.000426554 0.0051902
0.819822 0.000414518 0.00509468
0.820823 0.000402765 0.00500053
0.821824 0.000391285 0.00490772
0.822825 0.000380071 0.00481622
0.823826 0.000369113 0.00472601
0.824827 0.000358403 0.00463707
0.825828 0.000347931 0.00454936
0.826829 0.000337691 0.00446285
0.82783 0.000327671 0.00437754
0.828831 0.000317866 0.00429338
0.829832 0.000308265 0.00421035
0.830833 0.000298862 0.00412844
0.831834 0.000289646 0.0040476
0.832835 0.000280611 0.00396783
0.833835 0.000271748 0.00388909
0.834836 0.000263088 0.00381147
0.835837 0.000254682 0.00373514
0.836838 0.000246521 0.00366005
0.837839 0.000238595 0.00358618
0.83884 0.000230896 0.00351351
0.839841 0.000223415 0.00344199
0.840842 0.000216142 0.00337161
0.841843 0.000209068 0.00330233
0.842844 0.000202185 0.00323412
0.843845 0.000195484 0.00316696
0.844846 0.000188955 0.00310081
0.845847 0.00018259 0.00303565
0.846848 0.000176381 0.00297145
0.847849 0.000170318 0.00290817
0.84885 0.000164394 0.0028458
0.849851 0.000158599 0.00278431
0.850852 0.000152925 0.00272366
0.851853 0.000147364 0.00266383
0.852854 0.000141945 0.00260492
0.853855 0.000136717 0.00254706
0.854856 0.000131671 0.00249023
0.855857 0.000126801 0.00243441
0.856858 0.000122099 0.00237958
0.857859 0.000117556 0.00232571
0.85886 0.000113164 0.00227278
0.859861 0.000108917 0.00222075
0.860862 0.000104806 0.00216962
0.861863 0.000100825 0.00211936
0.862864 9.69645e-05 0.00206993
0.863865 9.32182e-05 0.00202133
0.864866 8.95785e-05 0.00197352
0.865867 8.6038e-05 0.00192648
0.866868 8.25893e-05 0.00188019
0.867869 7.92252e-05 0.00183463
0.86887 7.59385e-05 0.00178978
0.869871 7.2722e-05 0.00174561
0.870872 6.96003e-05 0.0017022
0.871873 6.66161e-05 0.00165969
0.872874 6.37631e-05 0.00161806
0.873875 6.10345e-05 0.00157729
0.874876 5.84235e-05 0.00153735
0.875877 5.59235e-05 0.00149821
0.876878 5.35279e-05 0.00145984
0.877879 5.12299e-05 0.00142223
0.87888 4.90231e-05 0.00138536
0.879881 4.6901e-05 0.00134918
0.880882 4.48569e-05 0.00131369
0.881883 4.28846e-05 0.00127886
0.882884 4.09776e-05 0.00124466
0.883885 3.91296e-05 0.00121106
0.884886 3.73342e-05 0.00117806
0.885887 3.55853e-05 0.00114562
0.886888 3.38765e-05 0.00111371
0.887889 3.22017e-05 0.00108233
0.88889 3.05784e-05 0.00105153
0.889891 2.90426e-05 0.00102145
0.890892 2.75901e-05 0.000992071
0.891893 2.62161e-05 0.000963378
0.892894 2.49157e-05 0.000935348
0.893895 2.36841e-05 0.000907959
0.894896 2.25165e-05 0.000881191
0.895897 2.14081e-05 0.000855023
0.896898 2.03543e-05 0.000829436
0.897899 1.93503e-05 0.000804408
0.8989 1.83915e-05 0.000779921
0.899901 1.74732e-05 0.000755954
0.900902 1.65908e-05 0.000732488
0.901903 1.57399e-05 0.000709502
0.902904 1.49157e-05 0.000686977
0.903905 1.41139e-05 0.000664894
0.904906 1.33299e-05 0.000643234
0.905907 1.25592e-05 0.000621978
0.906908 1.18131e-05 0.000601183
0.907909 1.11175e-05 0.000580977
0.90891 1.047e-05 0.000561345
0.909911 9.8672e-06 0.000542264
0.910912 9.30596e-06 0.000523716
0.911913 8.78306e-06 0.000505679
0.912914 8.29533e-06 0.000488133
0.913915 7.83959e-06 0.000471059
0.914916 7.41271e-06 0.000454437
0.915917 7.01157e-06 0.000438246
0.916918 6.63307e-06 0.000422468
0.917919 6.27412e-06 0.000407082
0.91892 5.93167e-06 0.000392069
0.919921 5.60267e-06 0.00037741
0.920922 5.2841e-06 0.000363086
0.921923 4.97297e-06 0.000349078
0.922924 4.66629e-06 0.000335367
0.923925 4.36109e-06 0.000321934
0.924926 4.06408e-06 0.000308834
0.925927 3.79112e-06 0.000296184
0.926928 3.54095e-06 0.000283971
0.927929 3.31184e-06 0.000272178
0.92893 3.10213e-06 0.000260786
0.929931 2.91013e-06 0.000249778
0.930932 2.73417e-06 0.000239137
0.931933 2.57261e-06 0.000228846
0.932934 2.4238e-06 0.000218889
0.933935 2.28611e-06 0.000209247
0.934936 2.15791e-06 0.000199904
0.935937 2.03759e-06 0.000190845
0.936938 1.92354e-06 0.000182051
0.937939 1.81418e-06 0.000173506
0.93894 1.70792e-06 0.000165195
0.939941 1.6032e-06 0.0001571
0.940942 1.49844e-06 0.000149206
0.941943 1.3921e-06 0.000141497
0.942944 1.28868e-06 0.000134038
0.943945 1.195e-06 0.000126921
0.944945 1.11035e-06 0.000120129
0.945946 1.034e-06 0.000113646
0.946947 9.65206e-07 0.000107457
0.947948 9.03234e-07 0.000101546
0.948949 8.4736e-07 9.58978e-05
0.94995 7.96859e-07 9.04959e-05
0.950951 7.51015e-07 8.53252e-05
0.951952 7.09113e-07 8.03704e-05
0.952953 6.70444e-07 7.56161e-05
0.953954 6.34303e-07 7.10471e-05
0.954955 5.9999e-07 6.66484e-05
0.955956 5.6681e-07 6.24049e-05
0.956957 5.34069e-07 5.83018e-05
0.957958 5.01082e-07 5.43241e-05
0.958959 4.67164e-07 5.04573e-05
0.95996 4.31883e-07 4.66944e-05
0.960961 3.98635e-07 4.31471e-05
0.961962 3.68505e-07 3.98438e-05
0.962963 3.4124e-07 3.67691e-05
0.963964 3.16587e-07 3.39076e-05
0.964965 2.94294e-07 3.12439e-05
0.965966 2.7411e-07 2.87628e-05
0.966967 2.55789e-07 2.64492e-05
0.967968 2.39082e-07 2.4288e-05
0.968969 2.23744e-07 2.22643e-05
0.96997 2.09532e-07 2.03633e-05
0.970971 1.96203e-07 1.85701e-05
0.971972 1.83516e-07 1.68702e-05
0.972973 1.71233e-07 1.52488e-05
0.973974 1.59114e-07 1.36916e-05
0.974975 1.46923e-07 1.21841e-05
0.975976 1.34426e-07 1.0712e-05
0.976977 1.21619e-07 9.28124e-06
0.977978 1.09818e-07 8.00942e-06
0.978979 9.91763e-08 6.90377e-06
0.97998 8.95806e-08 5.94734e-06
0.980981 8.09167e-08 5.12331e-06
0.981982 7.30713e-08 4.41494e-06
0.982983 6.5932e-08 3.80561e-06
0.983984 5.93872e-08 3.27879e-06
0.984985 5.33255e-08 2.81805e-06
0.985986 4.76367e-08 2.40706e-06
0.986987 4.2211e-08 2.02959e-06
0.987988 3.69393e-08 1.66951e-06
0.988989 3.17132e-08 1.31078e-06
0.98999 2.64249e-08 9.37478e-07
0.990991 2.13476e-08 5.92004e-07
0.991992 1.71209e-08 3.69591e-07
0.992993 1.35935e-08 2.41637e-07
0.993994 1.05914e-08 1.75995e-07
0.994995 7.94114e-09 1.40709e-07
0.995996 5.47071e-09 1.04018e-07
0.996997 3.14253e-09 4.79462e-08
0.997998 1.61767e-09 3.50596e-08
0.998999 4.87538e-10 2.97025e-08
1 0 0
