1e-05 68.4967 3.09282
0.00101099 16.5732 0.922725
0.00201198 12.9263 0.788742
0.00301297 11.065 0.726661
0.00401396 9.85155 0.689827
0.00501495 8.96659 0.665404
0.00601595 8.27911 0.648159
0.00701694 7.72037 0.635456
0.00801793 7.25331 0.625883
0.00901892 6.85415 0.618538
0.0100199 6.50624 0.612802
0.0110209 6.19945 0.608315
0.0120219 5.92614 0.604815
0.0130229 5.67983 0.602066
0.0140239 5.45611 0.599923
0.0150249 5.25171 0.59828
0.0160259 5.06405 0.597059
0.0170268 4.8908 0.596184
0.0180278 4.7299 0.595577
0.0190288 4.57988 0.5952
0.0200298 4.4396 0.595023
0.0210308 4.30808 0.59501
0.0220318 4.18449 0.595148
0.0230328 4.06801 0.595414
0.0240338 3.9579 0.595779
0.0250348 3.85351 0.59622
0.0260358 3.75439 0.596736
0.0270368 3.66013 0.597317
0.0280377 3.57033 0.59795
0.0290387 3.48467 0.598626
0.0300397 3.40286 0.599348
0.0310407 3.32461 0.600108
0.0320417 3.24966 0.600893
0.0330427 3.17774 0.601694
0.0340437 3.10864 0.602505
0.0350447 3.04223 0.603334
0.0360457 2.97832 0.604176
0.0370467 2.91677 0.605024
0.0380477 2.85744 0.605874
0.0390486 2.8002 0.606724
0.0400496 2.74496 0.607582
0.0410506 2.69159 0.608443
0.0420516 2.63999 0.609302
0.0430526 2.59006 0.610154
0.0440536 2.5417 0.610994
0.0450546 2.49483 0.611823
0.0460556 2.44939 0.612647
0.0470566 2.40532 0.613465
0.0480576 2.36255 0.614273
0.0490586 2.32102 0.61507
0.0500595 2.28068 0.615854
0.0510605 2.24146 0.616625
0.0520615 2.20334 0.617389
0.0530625 2.16627 0.618145
0.0540635 2.1302 0.61889
0.0550645 2.09508 0.619622
0.0560655 2.06087 0.620338
0.0570665 2.02753 0.621037
0.0580675 1.99502 0.621717
0.0590685 1.96332 0.622385
0.0600695 1.93241 0.623042
0.0610705 1.90226 0.623685
0.0620714 1.87282 0.624313
0.0630724 1.84409 0.624925
0.0640734 1.81602 0.625521
0.0650744 1.78859 0.626098
0.0660754 1.7618 0.626662
0.0670764 1.73562 0.627214
0.0680774 1.71003 0.627753
0.0690784 1.685 0.628278
0.0700794 1.66053 0.628787
0.0710804 1.63658 0.62928
0.0720814 1.61314 0.629754
0.0730823 1.59019 0.630211
0.0740833 1.56771 0.63065
0.0750843 1.54571 0.631077
0.0760853 1.52417 0.63149
0.0770863 1.50307 0.631888
0.0780873 1.48239 0.632271
0.0790883 1.46213 0.632639
0.0800893 1.44226 0.63299
0.0810903 1.42278 0.633325
0.0820913 1.40368 0.633642
0.0830923 1.38494 0.633947
0.0840932 1.36657 0.634239
0.0850942 1.34855 0.634519
0.0860952 1.33087 0.634784
0.0870962 1.31352 0.635035
0.0880972 1.29649 0.63527
0.0890982 1.27977 0.635489
0.0900992 1.26335 0.635691
0.0911002 1.24722 0.635876
0.0921012 1.23138 0.636046
0.0931022 1.21583 0.636204
0.0941032 1.20056 0.636349
0.0951041 1.18555 0.63648
0.0961051 1.17081 0.636597
0.0971061 1.15632 0.636699
0.0981071 1.14208 0.636787
0.0991081 1.12808 0.636859
0.100109 1.11431 0.636915
0.10111 1.10077 0.636957
0.102111 1.08746 0.636986
0.103112 1.07437 0.637003
0.104113 1.0615 0.637007
0.105114 1.04884 0.636999
0.106115 1.03639 0.636977
0.107116 1.02414 0.636941
0.108117 1.01209 0.636891
0.109118 1.00022 0.636827
0.110119 0.988543 0.636747
0.11112 0.977045 0.636653
0.112121 0.96573 0.636546
0.113122 0.954597 0.636427
0.114123 0.94364 0.636297
0.115124 0.932855 0.636154
0.116125 0.922236 0.635998
0.117126 0.911778 0.63583
0.118127 0.901478 0.635648
0.119128 0.891331 0.635453
0.120129 0.881333 0.635244
0.12113 0.871479 0.635021
0.122131 0.861768 0.634784
0.123132 0.852202 0.634537
0.124133 0.842778 0.634278
0.125134 0.833494 0.634008
0.126135 0.824347 0.633725
0.127136 0.815331 0.633431
0.128137 0.806446 0.633125
0.129138 0.797686 0.632806
0.130139 0.789051 0.632475
0.13114 0.780536 0.632131
0.132141 0.772138 0.631774
0.133142 0.763856 0.631404
0.134143 0.755694 0.631023
0.135144 0.747648 0.630631
0.136145 0.739716 0.630229
0.137146 0.731896 0.629815
0.138147 0.724184 0.629391
0.139148 0.716578 0.628955
0.140149 0.709074 0.628507
0.14115 0.701672 0.628048
0.142151 0.694367 0.627576
0.143152 0.687157 0.627093
0.144153 0.680041 0.626597
0.145154 0.673018 0.626091
0.146155 0.666091 0.625574
0.147156 0.659258 0.625046
0.148157 0.652516 0.624509
0.149158 0.645864 0.623961
0.150159 0.639299 0.623403
0.15116 0.632819 0.622833
0.152161 0.626423 0.622253
0.153162 0.620108 0.621662
0.154163 0.613873 0.62106
0.155164 0.607716 0.620447
0.156165 0.601636 0.619823
0.157166 0.595632 0.619188
0.158167 0.589707 0.618543
0.159168 0.583859 0.617889
0.160169 0.578087 0.617225
0.16117 0.572388 0.616552
0.162171 0.56676 0.615869
0.163172 0.561203 0.615175
0.164173 0.555714 0.614472
0.165174 0.550292 0.613758
0.166175 0.544935 0.613035
0.167175 0.539642 0.612301
0.168176 0.534411 0.611556
0.169177 0.529241 0.610802
0.170178 0.524135 0.610038
0.171179 0.519093 0.609265
0.17218 0.514113 0.608483
0.173181 0.509194 0.607692
0.174182 0.504334 0.606892
0.175183 0.499532 0.606083
0.176184 0.494788 0.605264
0.177185 0.490099 0.604436
0.178186 0.485465 0.603599
0.179187 0.480884 0.602753
0.180188 0.476356 0.601897
0.181189 0.471879 0.601032
0.18219 0.467454 0.600159
0.183191 0.463083 0.599277
0.184192 0.458765 0.598386
0.185193 0.454498 0.597488
0.186194 0.450281 0.596581
0.187195 0.446114 0.595666
0.188196 0.441994 0.594742
0.189197 0.437921 0.59381
0.190198 0.433894 0.592869
0.191199 0.429912 0.59192
0.1922 0.425973 0.590963
0.193201 0.422077 0.589997
0.194202 0.418223 0.589022
0.195203 0.41441 0.588039
0.196204 0.410641 0.587048
0.197205 0.406915 0.586049
0.198206 0.403232 0.585043
0.199207 0.39959 0.584028
0.200208 0.395989 0.583006
0.201209 0.392427 0.581977
0.20221 0.388905 0.580939
0.203211 0.385421 0.579894
0.204212 0.381975 0.578842
0.205213 0.378565 0.577782
0.206214 0.375192 0.576715
0.207215 0.371855 0.57564
0.208216 0.368553 0.574558
0.209217 0.365288 0.573469
0.210218 0.36206 0.572373
0.211219 0.358868 0.57127
0.21222 0.355711 0.570161
0.213221 0.352589 0.569044
0.214222 0.349501 0.56792
0.215223 0.346445 0.56679
0.216224 0.343422 0.565653
0.217225 0.340431 0.564509
0.218226 0.33747 0.563358
0.219227 0.33454 0.5622
0.220228 0.331639 0.561036
0.221229 0.328767 0.559865
0.22223 0.325924 0.558688
0.223231 0.323111 0.557504
0.224232 0.320329 0.556313
0.225233 0.317577 0.555116
0.226234 0.314854 0.553912
0.227235 0.312159 0.552703
0.228236 0.309492 0.551487
0.229237 0.306853 0.550265
0.230238 0.304241 0.549037
0.231239 0.301655 0.547804
0.23224 0.299095 0.546565
0.233241 0.296561 0.54532
0.234242 0.294052 0.544069
0.235243 0.291567 0.542814
0.236244 0.289108 0.541552
0.237245 0.286675 0.540285
0.238246 0.284267 0.539013
0.239247 0.281885 0.537735
0.240248 0.279528 0.536452
0.241249 0.277194 0.535163
0.24225 0.274885 0.533869
0.243251 0.272598 0.53257
0.244252 0.270334 0.531266
0.245253 0.268092 0.529957
0.246254 0.265872 0.528643
0.247255 0.263673 0.527323
0.248256 0.261495 0.525999
0.249257 0.259337 0.52467
0.250258 0.2572 0.523336
0.251259 0.255084 0.521997
0.25226 0.25299 0.520653
0.253261 0.250917 0.519303
0.254262 0.248864 0.517949
0.255263 0.246832 0.51659
0.256264 0.24482 0.515227
0.257265 0.242828 0.513859
0.258266 0.240854 0.512486
0.259267 0.2389 0.51111
0.260268 0.236965 0.50973
0.261269 0.235047 0.508346
0.26227 0.233148 0.506958
0.263271 0.231267 0.505567
0.264272 0.229403 0.504172
0.265273 0.227557 0.502774
0.266274 0.225731 0.501371
0.267275 0.223922 0.499964
0.268276 0.222132 0.498554
0.269277 0.220359 0.497139
0.270278 0.218604 0.495722
0.271279 0.216865 0.4943
0.27228 0.215143 0.492875
0.273281 0.213437 0.491446
0.274282 0.211747 0.490015
0.275283 0.210072 0.488579
0.276284 0.208412 0.487141
0.277285 0.206767 0.4857
0.278285 0.205137 0.484255
0.279286 0.203521 0.482808
0.280287 0.201921 0.481356
0.281288 0.200336 0.479901
0.282289 0.198767 0.478442
0.28329 0.197212 0.47698
0.284291 0.195672 0.475515
0.285292 0.194147 0.474047
0.286293 0.192636 0.472576
0.287294 0.191138 0.471103
0.288295 0.189655 0.469627
0.289296 0.188184 0.468148
0.290297 0.186727 0.466668
0.291298 0.185283 0.465185
0.292299 0.183852 0.463701
0.2933 0.182433 0.462214
0.294301 0.181027 0.460726
0.295302 0.179635 0.459235
0.296303 0.178255 0.457741
0.297304 0.176889 0.456245
0.298305 0.175536 0.454747
0.299306 0.174195 0.453246
0.300307 0.172867 0.451744
0.301308 0.171551 0.450239
0.302309 0.170246 0.448732
0.30331 0.168953 0.447224
0.304311 0.167672 0.445714
0.305312 0.166402 0.444202
0.306313 0.165142 0.442689
0.307314 0.163894 0.441174
0.308315 0.162656 0.439659
0.309316 0.161428 0.438141
0.310317 0.160212 0.436621
0.311318 0.159007 0.435099
0.312319 0.157813 0.433575
0.31332 0.15663 0.432049
0.314321 0.155458 0.430522
0.315322 0.154296 0.428993
0.316323 0.153145 0.427462
0.317324 0.152004 0.425931
0.318325 0.150873 0.424399
0.319326 0.149752 0.422866
0.320327 0.14864 0.421332
0.321328 0.147538 0.419798
0.322329 0.146445 0.418264
0.32333 0.145362 0.416729
0.324331 0.144288 0.415195
0.325332 0.143224 0.413659
0.326333 0.14217 0.412123
0.327334 0.141125 0.410586
0.328335 0.140091 0.409047
0.329336 0.139065 0.407508
0.330337 0.138049 0.405969
0.331338 0.137041 0.404428
0.332339 0.136043 0.402888
0.33334 0.135053 0.401347
0.334341 0.134071 0.399806
0.335342 0.133098 0.398265
0.336343 0.132132 0.396724
0.337344 0.131175 0.395183
0.338345 0.130226 0.393642
0.339346 0.129283 0.392101
0.340347 0.128349 0.39056
0.341348 0.127424 0.389018
0.342349 0.126506 0.387476
0.34335 0.125597 0.385933
0.344351 0.124696 0.384389
0.345352 0.123802 0.382846
0.346353 0.122916 0.381302
0.347354 0.122038 0.379759
0.348355 0.121167 0.378216
0.349356 0.120304 0.376674
0.350357 0.119447 0.375132
0.351358 0.118598 0.373591
0.352359 0.117756 0.372051
0.35336 0.116921 0.370512
0.354361 0.116092 0.368975
0.355362 0.115271 0.367439
0.356363 0.114456 0.365903
0.357364 0.113649 0.364368
0.358365 0.11285 0.362833
0.359366 0.112057 0.361298
0.360367 0.111271 0.359764
0.361368 0.110492 0.358231
0.362369 0.109719 0.356698
0.36337 0.108953 0.355167
0.364371 0.108194 0.353636
0.365372 0.10744 0.352107
0.366373 0.106693 0.350579
0.367374 0.105952 0.349052
0.368375 0.105217 0.347526
0.369376 0.104487 0.346003
0.370377 0.103763 0.34448
0.371378 0.103045 0.34296
0.372379 0.102333 0.341439
0.37338 0.101627 0.339919
0.374381 0.100927 0.3384
0.375382 0.100233 0.336882
0.376383 0.0995447 0.335365
0.377384 0.0988624 0.333849
0.378385 0.0981857 0.332335
0.379386 0.0975146 0.330822
0.380387 0.096849 0.32931
0.381388 0.0961888 0.327801
0.382389 0.0955339 0.326294
0.38339 0.0948843 0.324789
0.384391 0.0942399 0.323286
0.385392 0.0936006 0.321786
0.386393 0.0929662 0.320289
0.387394 0.0923371 0.318794
0.388395 0.0917135 0.3173
0.389395 0.0910953 0.315808
0.390396 0.0904824 0.314318
0.391397 0.0898748 0.312829
0.392398 0.0892723 0.311342
0.393399 0.0886748 0.309857
0.3944 0.0880823 0.308374
0.395401 0.0874945 0.306894
0.396402 0.0869115 0.305415
0.397403 0.0863331 0.303939
0.398404 0.0857593 0.302466
0.399405 0.0851899 0.300995
0.400406 0.0846248 0.299526
0.401407 0.084064 0.29806
0.402408 0.0835074 0.296597
0.403409 0.082955 0.295137
0.40441 0.0824073 0.293677
0.405411 0.0818641 0.29222
0.406412 0.0813254 0.290765
0.407413 0.0807912 0.289311
0.408414 0.0802613 0.28786
0.409415 0.0797357 0.286411
0.410416 0.0792144 0.284965
0.411417 0.0786972 0.283521
0.412418 0.0781842 0.28208
0.413419 0.0776752 0.280642
0.41442 0.0771701 0.279207
0.415421 0.0766691 0.277775
0.416422 0.0761718 0.276347
0.417423 0.0756784 0.274922
0.418424 0.0751888 0.273501
0.419425 0.0747029 0.272083
0.420426 0.0742212 0.270668
0.421427 0.0737436 0.269256
0.422428 0.07327 0.267846
0.423429 0.0728004 0.266439
0.42443 0.0723346 0.265035
0.425431 0.0718726 0.263634
0.426432 0.0714144 0.262236
0.427433 0.0709597 0.260841
0.428434 0.0705086 0.259449
0.429435 0.070061 0.258061
0.430436 0.0696168 0.256675
0.431437 0.069176 0.255293
0.432438 0.0687384 0.253915
0.433439 0.0683039 0.25254
0.43444 0.0678727 0.251169
0.435441 0.0674444 0.249801
0.436442 0.0670196 0.248436
0.437443 0.0665982 0.247073
0.438444 0.0661801 0.245714
0.439445 0.0657654 0.244357
0.440446 0.065354 0.243003
0.441447 0.0649459 0.241653
0.442448 0.0645409 0.240305
0.443449 0.0641391 0.238962
0.44445 0.0637404 0.237621
0.445451 0.0633448 0.236284
0.446452 0.0629522 0.234951
0.447453 0.0625625 0.233622
0.448454 0.0621758 0.232297
0.449455 0.061792 0.230976
0.450456 0.061411 0.229659
0.451457 0.0610328 0.228347
0.452458 0.0606576 0.227038
0.453459 0.0602854 0.225733
0.45446 0.0599164 0.224432
0.455461 0.0595504 0.223134
0.456462 0.0591873 0.221839
0.457463 0.0588271 0.220548
0.458464 0.0584698 0.219261
0.459465 0.0581152 0.217977
0.460466 0.0577634 0.216697
0.461467 0.0574142 0.215421
0.462468 0.0570676 0.214149
0.463469 0.0567235 0.212881
0.46447 0.056382 0.211617
0.465471 0.0560428 0.210357
0.466472 0.0557061 0.209101
0.467473 0.0553717 0.20785
0.468474 0.0550396 0.206602
0.469475 0.05471 0.205358
0.470476 0.054383 0.204118
0.471477 0.0540585 0.20288
0.472478 0.0537366 0.201647
0.473479 0.0534171 0.200417
0.47448 0.0531 0.199191
0.475481 0.0527854 0.197968
0.476482 0.0524731 0.19675
0.477483 0.0521632 0.195536
0.478484 0.0518556 0.194326
0.479485 0.0515503 0.19312
0.480486 0.0512472 0.191918
0.481487 0.0509463 0.190721
0.482488 0.0506476 0.189529
0.483489 0.050351 0.188341
0.48449 0.0500566 0.187158
0.485491 0.0497643 0.185979
0.486492 0.0494744 0.184804
0.487493 0.0491869 0.183634
0.488494 0.0489016 0.182467
0.489495 0.0486186 0.181305
0.490496 0.0483378 0.180146
0.491497 0.0480591 0.178992
0.492498 0.0477826 0.177842
0.493499 0.0475081 0.176696
0.4945 0.0472356 0.175554
0.495501 0.0469651 0.174417
0.496502 0.0466965 0.173284
0.497503 0.0464297 0.172155
0.498504 0.0461648 0.17103
0.499505 0.0459017 0.16991
0.500505 0.0456404 0.168795
0.501506 0.0453807 0.167683
0.502507 0.0451229 0.166576
0.503508 0.044867 0.165473
0.504509 0.0446131 0.164374
0.50551 0.044361 0.163278
0.506511 0.0441108 0.162187
0.507512 0.0438624 0.161099
0.508513 0.0436159 0.160016
0.509514 0.0433711 0.158937
0.510515 0.0431282 0.157862
0.511516 0.0428869 0.156792
0.512517 0.0426474 0.155726
0.513518 0.0424096 0.154665
0.514519 0.0421734 0.153608
0.51552 0.0419389 0.152556
0.516521 0.041706 0.151508
0.517522 0.0414747 0.150466
0.518523 0.041245 0.149428
0.519524 0.041017 0.148394
0.520525 0.0407908 0.147365
0.521526 0.0405663 0.146341
0.522527 0.0403435 0.14532
0.523528 0.0401224 0.144304
0.524529 0.039903 0.143292
0.52553 0.0396851 0.142285
0.526531 0.0394689 0.141282
0.527532 0.0392541 0.140283
0.528533 0.0390409 0.139289
0.529534 0.0388291 0.138299
0.530535 0.0386187 0.137314
0.531536 0.0384097 0.136333
0.532537 0.0382021 0.135356
0.533538 0.0379959 0.134384
0.534539 0.0377909 0.133416
0.53554 0.0375872 0.132453
0.536541 0.0373849 0.131494
0.537542 0.037184 0.130539
0.538543 0.0369846 0.129588
0.539544 0.0367866 0.128641
0.540545 0.03659 0.127698
0.541546 0.0363948 0.126759
0.542547 0.0362009 0.125825
0.543548 0.0360084 0.124895
0.544549 0.0358172 0.12397
0.54555 0.0356273 0.123048
0.546551 0.0354387 0.122132
0.547552 0.0352514 0.121219
0.548553 0.0350654 0.120312
0.549554 0.0348805 0.119409
0.550555 0.0346969 0.11851
0.551556 0.0345145 0.117616
0.552557 0.0343333 0.116727
0.553558 0.0341534 0.115842
0.554559 0.0339749 0.114962
0.55556 0.0337977 0.114086
0.556561 0.0336217 0.113214
0.557562 0.0334471 0.112347
0.558563 0.0332737 0.111484
0.559564 0.0331015 0.110625
0.560565 0.0329305 0.109771
0.561566 0.0327606 0.108921
0.562567 0.0325918 0.108075
0.563568 0.0324242 0.107234
0.564569 0.0322576 0.106396
0.56557 0.032092 0.105564
0.566571 0.0319275 0.104735
0.567572 0.0317639 0.103911
0.568573 0.0316013 0.103091
0.569574 0.0314396 0.102275
0.570575 0.031279 0.101464
0.571576 0.0311194 0.100656
0.572577 0.030961 0.0998526
0.573578 0.0308035 0.0990532
0.574579 0.0306471 0.0982579
0.57558 0.0304918 0.0974667
0.576581 0.0303375 0.0966797
0.577582 0.0301841 0.0958969
0.578583 0.0300318 0.0951183
0.579584 0.0298804 0.0943439
0.580585 0.0297301 0.0935738
0.581586 0.0295806 0.092808
0.582587 0.0294322 0.0920465
0.583588 0.0292846 0.0912893
0.584589 0.029138 0.0905365
0.58559 0.0289922 0.0897881
0.586591 0.0288474 0.0890441
0.587592 0.0287035 0.0883044
0.588593 0.0285607 0.087569
0.589594 0.0284189 0.0868378
0.590595 0.028278 0.0861108
0.591596 0.0281381 0.085388
0.592597 0.0279992 0.0846693
0.593598 0.0278611 0.0839548
0.594599 0.027724 0.0832444
0.5956 0.0275877 0.0825381
0.596601 0.0274523 0.0818358
0.597602 0.0273177 0.0811377
0.598603 0.0271839 0.0804436
0.599604 0.0270508 0.0797535
0.600605 0.0269185 0.0790674
0.601606 0.026787 0.0783854
0.602607 0.0266562 0.0777072
0.603608 0.026526 0.0770331
0.604609 0.0263966 0.0763629
0.60561 0.026268 0.0756965
0.606611 0.0261402 0.075034
0.607612 0.0260131 0.0743753
0.608613 0.0258869 0.0737206
0.609614 0.0257614 0.0730697
0.610615 0.0256367 0.0724227
0.611615 0.0255128 0.0717797
0.612616 0.0253895 0.0711405
0.613617 0.0252671 0.0705053
0.614618 0.0251453 0.069874
0.615619 0.0250243 0.0692467
0.61662 0.024904 0.0686234
0.617621 0.0247843 0.068004
0.618622 0.0246654 0.0673885
0.619623 0.0245471 0.0667771
0.620624 0.0244296 0.0661696
0.621625 0.0243126 0.0655662
0.622626 0.0241965 0.0649667
0.623627 0.0240811 0.0643712
0.624628 0.0239665 0.0637796
0.625629 0.0238526 0.0631919
0.62663 0.0237394 0.062608
0.627631 0.0236269 0.062028
0.628632 0.0235151 0.0614518
0.629633 0.0234039 0.0608794
0.630634 0.0232934 0.0603108
0.631635 0.0231835 0.0597459
0.632636 0.0230742 0.0591847
0.633637 0.0229655 0.0586271
0.634638 0.0228573 0.0580733
0.635639 0.0227497 0.057523
0.63664 0.0226427 0.0569763
0.637641 0.0225361 0.0564333
0.638642 0.0224301 0.0558937
0.639643 0.0223246 0.0553577
0.640644 0.0222197 0.0548254
0.641645 0.0221154 0.0542965
0.642646 0.0220116 0.0537713
0.643647 0.0219085 0.0532496
0.644648 0.0218059 0.0527315
0.645649 0.0217038 0.0522169
0.64665 0.0216024 0.0517059
0.647651 0.0215014 0.0511984
0.648652 0.021401 0.0506945
0.649653 0.0213012 0.050194
0.650654 0.0212019 0.0496972
0.651655 0.0211031 0.0492038
0.652656 0.0210048 0.0487139
0.653657 0.020907 0.0482276
0.654658 0.0208098 0.0477447
0.655659 0.020713 0.0472653
0.65666 0.0206168 0.0467895
0.657661 0.0205211 0.0463172
0.658662 0.020426 0.0458485
0.659663 0.0203314 0.0453833
0.660664 0.0202374 0.0449215
0.661665 0.020144 0.0444633
0.662666 0.020051 0.0440084
0.663667 0.0199586 0.043557
0.664668 0.0198666 0.0431089
0.665669 0.0197751 0.0426641
0.66667 0.0196841 0.0422226
0.667671 0.0195934 0.0417843
0.668672 0.0195033 0.0413493
0.669673 0.0194135 0.0409175
0.670674 0.0193241 0.0404888
0.671675 0.0192351 0.0400633
0.672676 0.0191465 0.0396408
0.673677 0.0190582 0.0392215
0.674678 0.0189703 0.0388052
0.675679 0.0188828 0.0383922
0.67668 0.0187958 0.0379823
0.677681 0.0187092 0.0375756
0.678682 0.018623 0.037172
0.679683 0.0185372 0.0367716
0.680684 0.0184518 0.0363743
0.681685 0.0183668 0.0359801
0.682686 0.0182823 0.035589
0.683687 0.0181981 0.035201
0.684688 0.0181143 0.034816
0.685689 0.0180309 0.0344341
0.68669 0.0179479 0.0340552
0.687691 0.0178653 0.0336793
0.688692 0.017783 0.0333065
0.689693 0.0177012 0.0329366
0.690694 0.0176197 0.0325696
0.691695 0.0175385 0.0322057
0.692696 0.0174578 0.0318448
0.693697 0.0173776 0.0314871
0.694698 0.0172977 0.0311325
0.695699 0.0172183 0.0307808
0.6967 0.0171393 0.0304322
0.697701 0.0170606 0.0300866
0.698702 0.0169823 0.0297438
0.699703 0.0169044 0.029404
0.700704 0.0168268 0.029067
0.701705 0.0167495 0.0287328
0.702706 0.0166726 0.0284014
0.703707 0.0165959 0.0280728
0.704708 0.0165196 0.0277468
0.705709 0.0164435 0.0274235
0.70671 0.0163677 0.0271029
0.707711 0.0162922 0.0267848
0.708712 0.0162169 0.0264694
0.709713 0.0161418 0.0261565
0.710714 0.0160671 0.0258464
0.711715 0.0159927 0.025539
0.712716 0.0159185 0.0252343
0.713717 0.0158447 0.0249324
0.714718 0.0157711 0.0246331
0.715719 0.0156979 0.0243365
0.71672 0.0156249 0.0240425
0.717721 0.0155522 0.0237511
0.718722 0.0154799 0.0234623
0.719723 0.0154078 0.0231761
0.720724 0.0153359 0.0228924
0.721725 0.0152644 0.0226112
0.722725 0.0151931 0.0223326
0.723726 0.0151222 0.0220564
0.724727 0.0150515 0.0217827
0.725728 0.014981 0.0215115
0.726729 0.0149109 0.0212426
0.72773 0.014841 0.0209763
0.728731 0.0147715 0.0207127
0.729732 0.0147023 0.0204516
0.730733 0.0146334 0.0201932
0.731734 0.0145648 0.0199372
0.732735 0.0144965 0.0196838
0.733736 0.0144284 0.0194327
0.734737 0.0143606 0.0191841
0.735738 0.0142931 0.0189379
0.736739 0.0142258 0.018694
0.73774 0.0141587 0.0184524
0.738741 0.0140919 0.0182131
0.739742 0.0140252 0.0179759
0.740743 0.0139588 0.017741
0.741744 0.0138925 0.0175082
0.742745 0.0138264 0.0172776
0.743746 0.0137605 0.017049
0.744747 0.0136947 0.0168224
0.745748 0.0136291 0.0165982
0.746749 0.0135637 0.0163762
0.74775 0.0134986 0.0161564
0.748751 0.0134336 0.015939
0.749752 0.0133689 0.0157237
0.750753 0.0133043 0.0155106
0.751754 0.01324 0.0152997
0.752755 0.0131758 0.0150909
0.753756 0.0131119 0.0148843
0.754757 0.0130481 0.0146797
0.755758 0.0129846 0.0144772
0.756759 0.0129212 0.0142767
0.75776 0.0128581 0.0140782
0.758761 0.0127952 0.0138817
0.759762 0.0127324 0.0136872
0.760763 0.0126699 0.0134946
0.761764 0.0126075 0.0133039
0.762765 0.0125453 0.0131151
0.763766 0.0124834 0.0129285
0.764767 0.0124217 0.012744
0.765768 0.0123603 0.0125616
0.766769 0.0122991 0.0123812
0.76777 0.012238 0.0122029
0.768771 0.0121772 0.0120265
0.769772 0.0121165 0.0118521
0.770773 0.0120561 0.0116796
0.771774 0.0119958 0.011509
0.772775 0.0119356 0.0113402
0.773776 0.0118756 0.0111732
0.774777 0.0118158 0.011008
0.775778 0.0117561 0.0108445
0.776779 0.0116965 0.0106827
0.77778 0.011637 0.0105226
0.778781 0.0115776 0.0103641
0.779782 0.0115183 0.0102072
0.780783 0.0114592 0.010052
0.781784 0.0114001 0.00989856
0.782785 0.0113412 0.00974697
0.783786 0.0112824 0.00959718
0.784787 0.0112237 0.00944916
0.785788 0.0111652 0.00930289
0.786789 0.0111068 0.00915833
0.78779 0.0110486 0.00901547
0.788791 0.0109904 0.00887427
0.789792 0.0109325 0.00873471
0.790793 0.0108746 0.00859677
0.791794 0.0108169 0.00846041
0.792795 0.0107593 0.00832561
0.793796 0.0107019 0.00819235
0.794797 0.0106446 0.0080606
0.795798 0.0105874 0.00793033
0.796799 0.0105304 0.00780152
0.7978 0.0104735 0.00767415
0.798801 0.0104168 0.00754829
0.799802 0.0103602 0.0074241
0.800803 0.0103038 0.00730157
0.801804 0.0102476 0.00718066
0.802805 0.0101915 0.00706134
0.803806 0.0101356 0.00694357
0.804807 0.0100798 0.00682733
0.805808 0.0100241 0.00671257
0.806809 0.00996855 0.00659927
0.80781 0.00991311 0.0064874
0.808811 0.00985776 0.00637692
0.809812 0.00980251 0.00626779
0.810813 0.00974734 0.00616
0.811814 0.00969225 0.0060535
0.812815 0.00963722 0.00594827
0.813816 0.00958226 0.00584427
0.814817 0.00952734 0.00574147
0.815818 0.00947247 0.00563985
0.816819 0.00941765 0.00553948
0.81782 0.00936291 0.00544054
0.818821 0.00930823 0.00534299
0.819822 0.00925363 0.00524682
0.820823 0.00919911 0.00515199
0.821824 0.00914467 0.00505848
0.822825 0.00909031 0.00496627
0.823826 0.00903603 0.00487532
0.824827 0.00898184 0.00478562
0.825828 0.00892773 0.00469714
0.826829 0.00887371 0.00460985
0.82783 0.00881977 0.00452373
0.828831 0.00876593 0.00443875
0.829832 0.00871217 0.00435489
0.830833 0.00865851 0.00427212
0.831834 0.00860494 0.00419042
0.832835 0.00855147 0.00410977
0.833835 0.00849809 0.00403014
0.834836 0.00844483 0.00395163
0.835837 0.00839169 0.00387437
0.836838 0.00833868 0.00379835
0.837839 0.00828578 0.00372352
0.83884 0.00823298 0.00364988
0.839841 0.00818028 0.00357737
0.840842 0.00812767 0.00350599
0.841843 0.00807513 0.00343569
0.842844 0.00802267 0.00336645
0.843845 0.00797027 0.00329824
0.844846 0.00791792 0.00323104
0.845847 0.00786562 0.00316481
0.846848 0.00781337 0.00309953
0.847849 0.00776114 0.00303517
0.84885 0.00770894 0.0029717
0.849851 0.00765675 0.0029091
0.850852 0.00760457 0.00284734
0.851853 0.0075524 0.00278639
0.852854 0.00750023 0.00272635
0.853855 0.00744808 0.00266734
0.854856 0.00739596 0.00260936
0.855857 0.00734388 0.00255237
0.856858 0.00729182 0.00249635
0.857859 0.0072398 0.00244129
0.85886 0.00718782 0.00238715
0.859861 0.00713588 0.00233391
0.860862 0.00708398 0.00228156
0.861863 0.00703213 0.00223006
0.862864 0.00698032 0.0021794
0.863865 0.00692857 0.00212955
0.864866 0.00687686 0.00208049
0.865867 0.00682522 0.0020322
0.866868 0.00677363 0.00198466
0.867869 0.0067221 0.00193785
0.86887 0.00667063 0.00189174
0.869871 0.00661923 0.00184631
0.870872 0.0065679 0.00180164
0.871873 0.00651667 0.00175786
0.872874 0.00646552 0.00171495
0.873875 0.00641445 0.00167289
0.874876 0.00636345 0.00163166
0.875877 0.00631251 0.00159122
0.876878 0.00626162 0.00155155
0.877879 0.00621077 0.00151264
0.87888 0.00615996 0.00147445
0.879881 0.00610918 0.00143697
0.880882 0.00605842 0.00140016
0.881883 0.00600767 0.00136402
0.882884 0.00595692 0.00132851
0.883885 0.00590617 0.0012936
0.884886 0.00585541 0.00125929
0.885887 0.00580463 0.00122554
0.886888 0.00575382 0.00119234
0.887889 0.00570298 0.00115966
0.88889 0.0056521 0.00112756
0.889891 0.00560121 0.00109619
0.890892 0.0055503 0.00106551
0.891893 0.00549938 0.00103551
0.892894 0.00544845 0.00100618
0.893895 0.00539753 0.000977483
0.894896 0.0053466 0.00094941
0.895897 0.00529568 0.000921939
0.896898 0.00524477 0.000895051
0.897899 0.00519388 0.000868726
0.8989 0.00514301 0.000842946
0.899901 0.00509216 0.000817692
0.900902 0.00504134 0.000792944
0.901903 0.00499055 0.000768685
0.902904 0.0049398 0.000744895
0.903905 0.00488908 0.000721556
0.904906 0.00483842 0.00069865
0.905907 0.00478779 0.000676158
0.906908 0.00473723 0.000654136
0.907909 0.00468675 0.000632706
0.90891 0.00463632 0.000611851
0.909911 0.00458596 0.000591552
0.910912 0.00453563 0.00057179
0.911913 0.00448535 0.000552544
0.912914 0.00443509 0.000533796
0.913915 0.00438485 0.000515527
0.914916 0.00433463 0.000497717
0.915917 0.0042844 0.000480348
0.916918 0.00423417 0.0004634
0.917919 0.00418393 0.000446856
0.91892 0.00413366 0.000430697
0.919921 0.00408336 0.000414904
0.920922 0.00403302 0.000399459
0.921923 0.00398263 0.000384344
0.922924 0.00393218 0.00036954
0.923925 0.00388167 0.00035503
0.924926 0.0038311 0.000340866
0.925927 0.00378048 0.00032716
0.926928 0.00372982 0.000313899
0.927929 0.00367913 0.000301065
0.92893 0.0036284 0.000288644
0.929931 0.00357764 0.000276617
0.930932 0.00352686 0.000264968
0.931933 0.00347606 0.000253682
0.932934 0.00342524 0.000242741
0.933935 0.0033744 0.00023213
0.934936 0.00332356 0.000221832
0.935937 0.00327271 0.000211833
0.936938 0.00322185 0.000202115
0.937939 0.003171 0.000192664
0.93894 0.00312015 0.000183463
0.939941 0.00306931 0.000174497
0.940942 0.00301848 0.000165751
0.941943 0.00296767 0.000157209
0.942944 0.00291688 0.000148934
0.943945 0.00286613 0.000141011
0.944945 0.00281541 0.000133427
0.945946 0.00276471 0.000126165
0.946947 0.00271402 0.000119212
0.947948 0.00266334 0.000112552
0.948949 0.00261265 0.00010617
0.94995 0.00256194 0.000100051
0.950951 0.00251122 9.41819e-05
0.951952 0.00246047 8.85467e-05
0.952953 0.00240968 8.31314e-05
0.953954 0.00235884 7.79217e-05
0.954955 0.00230796 7.29033e-05
0.955956 0.00225701 6.8062e-05
0.956957 0.002206 6.33836e-05
0.957958 0.0021549 5.88543e-05
0.958959 0.00210373 5.446e-05
0.95996 0.00205246 5.01945e-05
0.960961 0.0020011 4.61662e-05
0.961962 0.00194963 4.24024e-05
0.962963 0.00189809 3.88879e-05
0.963964 0.00184646 3.56075e-05
0.964965 0.00179477 3.25461e-05
0.965966 0.00174302 2.96887e-05
0.966967 0.00169123 2.70204e-05
0.967968 0.00163939 2.45263e-05
0.968969 0.00158753 2.21917e-05
0.96997 0.00153564 2.0002e-05
0.970971 0.00148374 1.79426e-05
0.971972 0.00143183 1.5999e-05
0.972973 0.00137993 1.41569e-05
0.973974 0.00132805 1.24021e-05
0.974975 0.00127619 1.07201e-05
0.975976 0.00122436 9.09708e-06
0.976977 0.00117256 7.54202e-06
0.977978 0.00112074 6.19015e-06
0.978979 0.0010689 5.04733e-06
0.97998 0.00101704 4.09151e-06
0.980981 0.000965161 3.30075e-06
0.981982 0.000913261 2.65327e-06
0.982983 0.000861345 2.1274e-06
0.983984 0.000809414 1.7016e-06
0.984985 0.000757471 1.35447e-06
0.985986 0.000705516 1.06475e-06
0.986987 0.000653552 8.1129e-07
0.987988 0.000601581 5.73074e-07
0.988989 0.000549604 3.29215e-07
0.98999 0.000497623 5.89525e-08
0.990991 0.000445505 0
0.991992 0.000393074 0
0.992993 0.000340503 0
0.993994 0.000287976 0
0.994995 0.000235674 0
0.995996 0.000183778 0
0.996997 0.000132413 0
0.997998 8.17486e-05 0
0.998999 3.26596e-05 1.89651e-10
1 2.8633e-23 0
