1e-05 70.9828 3.0797
0.00101099 16.9209 0.916239
0.00201198 13.1433 0.782149
0.00301297 11.2296 0.720781
0.00401396 9.98943 0.684779
0.00501495 9.08901 0.661154
0.00601595 8.39182 0.64464
0.00701694 7.82657 0.632594
0.00801793 7.35485 0.623605
0.00901892 6.95217 0.61678
0.0100199 6.60147 0.611505
0.0110209 6.29232 0.60743
0.0120219 6.01699 0.604301
0.0130229 5.76882 0.601882
0.0140239 5.54336 0.600036
0.0150249 5.33729 0.598659
0.0160259 5.148 0.597679
0.0170268 4.97317 0.597023
0.0180278 4.81069 0.596613
0.0190288 4.65909 0.596415
0.0200298 4.51726 0.596398
0.0210308 4.38416 0.596532
0.0220318 4.25899 0.596802
0.0230328 4.14095 0.597189
0.0240338 4.02926 0.597663
0.0250348 3.9233 0.598202
0.0260358 3.82262 0.598808
0.0270368 3.72679 0.59947
0.0280377 3.63545 0.600176
0.0290387 3.54824 0.600917
0.0300397 3.4649 0.601698
0.0310407 3.38513 0.602511
0.0320417 3.30867 0.603344
0.0330427 3.23525 0.604187
0.0340437 3.16468 0.605036
0.0350447 3.0968 0.605898
0.0360457 3.03145 0.606768
0.0370467 2.96847 0.607641
0.0380477 2.90773 0.608512
0.0390486 2.84911 0.609381
0.0400496 2.7925 0.610253
0.0410506 2.73779 0.611127
0.0420516 2.68486 0.611995
0.0430526 2.63362 0.612854
0.0440536 2.58398 0.613698
0.0450546 2.53586 0.614529
0.0460556 2.48918 0.615353
0.0470566 2.4439 0.616169
0.0480576 2.39994 0.616973
0.0490586 2.35724 0.617764
0.0500595 2.31575 0.618541
0.0510605 2.27541 0.619303
0.0520615 2.23619 0.620056
0.0530625 2.19804 0.6208
0.0540635 2.16091 0.621532
0.0550645 2.12475 0.62225
0.0560655 2.08953 0.622951
0.0570665 2.0552 0.623633
0.0580675 2.02172 0.624296
0.0590685 1.98908 0.624946
0.0600695 1.95725 0.625583
0.0610705 1.92618 0.626206
0.0620714 1.89586 0.626813
0.0630724 1.86626 0.627404
0.0640734 1.83735 0.627977
0.0650744 1.8091 0.628532
0.0660754 1.7815 0.629071
0.0670764 1.75454 0.629599
0.0680774 1.72818 0.630113
0.0690784 1.7024 0.630613
0.0700794 1.67719 0.631096
0.0710804 1.65253 0.631562
0.0720814 1.62839 0.63201
0.0730823 1.60477 0.632439
0.0740833 1.58163 0.632851
0.0750843 1.55899 0.633249
0.0760853 1.53682 0.633634
0.0770863 1.5151 0.634003
0.0780873 1.49383 0.634357
0.0790883 1.47298 0.634695
0.0800893 1.45255 0.635017
0.0810903 1.43252 0.635321
0.0820913 1.41287 0.635609
0.0830923 1.39361 0.635883
0.0840932 1.37473 0.636145
0.0850942 1.35621 0.636394
0.0860952 1.33805 0.636628
0.0870962 1.32023 0.636848
0.0880972 1.30274 0.637052
0.0890982 1.28557 0.637239
0.0900992 1.26872 0.63741
0.0911002 1.25217 0.637564
0.0921012 1.23592 0.637703
0.0931022 1.21997 0.637829
0.0941032 1.20431 0.637943
0.0951041 1.18894 0.638042
0.0961051 1.17383 0.638127
0.0971061 1.15899 0.638198
0.0981071 1.14441 0.638254
0.0991081 1.13007 0.638295
0.100109 1.11598 0.63832
0.10111 1.10212 0.63833
0.102111 1.08851 0.638328
0.103112 1.07512 0.638313
0.104113 1.06196 0.638286
0.105114 1.04903 0.638246
0.106115 1.03631 0.638193
0.107116 1.0238 0.638126
0.108117 1.01149 0.638045
0.109118 0.999378 0.637949
0.110119 0.987461 0.637839
0.11112 0.975733 0.637714
0.112121 0.964195 0.637576
0.113122 0.952847 0.637427
0.114123 0.941682 0.637266
0.115124 0.930695 0.637093
0.116125 0.919882 0.636907
0.117126 0.909237 0.636708
0.118127 0.898755 0.636496
0.119128 0.888432 0.636271
0.120129 0.878264 0.636033
0.12113 0.868246 0.635781
0.122131 0.858375 0.635515
0.123132 0.848656 0.635239
0.124133 0.839086 0.634951
0.125134 0.82966 0.634652
0.126135 0.820376 0.634342
0.127136 0.811229 0.634019
0.128137 0.802217 0.633685
0.129138 0.793336 0.633339
0.130139 0.784583 0.63298
0.13114 0.775955 0.632608
0.132141 0.767449 0.632224
0.133142 0.759062 0.631827
0.134143 0.750799 0.63142
0.135144 0.742657 0.631002
0.136145 0.734634 0.630573
0.137146 0.726726 0.630134
0.138147 0.718931 0.629684
0.139148 0.711245 0.629222
0.140149 0.703665 0.628749
0.14115 0.696189 0.628265
0.142151 0.688814 0.627769
0.143152 0.681538 0.627261
0.144153 0.674358 0.626741
0.145154 0.667274 0.626211
0.146155 0.660289 0.62567
0.147156 0.653401 0.625119
0.148157 0.646608 0.624559
0.149158 0.639907 0.623988
0.150159 0.633297 0.623406
0.15116 0.626774 0.622815
0.152161 0.620337 0.622212
0.153162 0.613984 0.621599
0.154163 0.607713 0.620976
0.155164 0.601522 0.620341
0.156165 0.595409 0.619696
0.157166 0.589375 0.61904
0.158167 0.583422 0.618375
0.159168 0.577549 0.617701
0.160169 0.571754 0.617018
0.16117 0.566034 0.616325
0.162171 0.560387 0.615622
0.163172 0.554813 0.61491
0.164173 0.549308 0.614188
0.165174 0.543872 0.613456
0.166175 0.538503 0.612714
0.167175 0.533198 0.611962
0.168176 0.527957 0.6112
0.169177 0.522778 0.610428
0.170178 0.517665 0.609648
0.171179 0.512617 0.608858
0.17218 0.507633 0.60806
0.173181 0.502711 0.607252
0.174182 0.49785 0.606436
0.175183 0.493049 0.605611
0.176184 0.488305 0.604777
0.177185 0.483618 0.603934
0.178186 0.478987 0.603082
0.179187 0.47441 0.602221
0.180188 0.469887 0.601351
0.181189 0.465415 0.600472
0.18219 0.460996 0.599585
0.183191 0.456633 0.59869
0.184192 0.452323 0.597786
0.185193 0.448065 0.596875
0.186194 0.443859 0.595955
0.187195 0.439702 0.595028
0.188196 0.435595 0.594092
0.189197 0.431535 0.593148
0.190198 0.427521 0.592196
0.191199 0.423552 0.591235
0.1922 0.419627 0.590267
0.193201 0.415745 0.58929
0.194202 0.411905 0.588305
0.195203 0.408108 0.587311
0.196204 0.404355 0.58631
0.197205 0.400646 0.585302
0.198206 0.39698 0.584286
0.199207 0.393355 0.583262
0.200208 0.389772 0.582231
0.201209 0.386229 0.581192
0.20221 0.382725 0.580146
0.203211 0.379261 0.579093
0.204212 0.375834 0.578033
0.205213 0.372444 0.576965
0.206214 0.36909 0.57589
0.207215 0.365772 0.574808
0.208216 0.362489 0.573719
0.209217 0.359244 0.572623
0.210218 0.356036 0.571521
0.211219 0.352865 0.570412
0.21222 0.349729 0.569296
0.213221 0.346628 0.568174
0.214222 0.34356 0.567045
0.215223 0.340526 0.565909
0.216224 0.337524 0.564767
0.217225 0.334554 0.563618
0.218226 0.331614 0.562462
0.219227 0.328705 0.5613
0.220228 0.325824 0.560132
0.221229 0.322973 0.558957
0.22223 0.320151 0.557776
0.223231 0.317359 0.556588
0.224232 0.314598 0.555394
0.225233 0.311867 0.554193
0.226234 0.309165 0.552987
0.227235 0.306491 0.551774
0.228236 0.303845 0.550556
0.229237 0.301227 0.549331
0.230238 0.298636 0.548101
0.231239 0.29607 0.546866
0.23224 0.293531 0.545625
0.233241 0.291017 0.544378
0.234242 0.288528 0.543126
0.235243 0.286063 0.541869
0.236244 0.283623 0.540607
0.237245 0.281209 0.539339
0.238246 0.278821 0.538066
0.239247 0.276458 0.536788
0.240248 0.274119 0.535505
0.241249 0.271805 0.534216
0.24225 0.269514 0.532922
0.243251 0.267245 0.531624
0.244252 0.265 0.53032
0.245253 0.262776 0.529012
0.246254 0.260574 0.527698
0.247255 0.258392 0.52638
0.248256 0.256231 0.525057
0.249257 0.25409 0.523729
0.250258 0.251969 0.522397
0.251259 0.24987 0.521059
0.25226 0.247792 0.519716
0.253261 0.245735 0.518369
0.254262 0.243698 0.517017
0.255263 0.241682 0.51566
0.256264 0.239685 0.514299
0.257265 0.237708 0.512934
0.258266 0.235749 0.511564
0.259267 0.23381 0.510191
0.260268 0.231888 0.508814
0.261269 0.229985 0.507433
0.26227 0.228099 0.506048
0.263271 0.226231 0.50466
0.264272 0.224379 0.503268
0.265273 0.222546 0.501873
0.266274 0.220732 0.500474
0.267275 0.218936 0.499071
0.268276 0.217157 0.497664
0.269277 0.215395 0.496254
0.270278 0.213651 0.49484
0.271279 0.211923 0.493422
0.27228 0.210211 0.492001
0.273281 0.208515 0.490577
0.274282 0.206835 0.489149
0.275283 0.205169 0.487719
0.276284 0.203519 0.486285
0.277285 0.201883 0.484848
0.278285 0.200261 0.483408
0.279286 0.198653 0.481966
0.280287 0.19706 0.480519
0.281288 0.195483 0.479069
0.282289 0.19392 0.477616
0.28329 0.192373 0.476159
0.284291 0.190839 0.474699
0.285292 0.18932 0.473237
0.286293 0.187814 0.471772
0.287294 0.186323 0.470304
0.288295 0.184844 0.468833
0.289296 0.183379 0.467361
0.290297 0.181926 0.465886
0.291298 0.180486 0.464409
0.292299 0.179058 0.462931
0.2933 0.177643 0.46145
0.294301 0.17624 0.459968
0.295302 0.17485 0.458483
0.296303 0.173473 0.456996
0.297304 0.172109 0.455506
0.298305 0.170757 0.454014
0.299306 0.169418 0.45252
0.300307 0.168091 0.451023
0.301308 0.166775 0.449525
0.302309 0.165471 0.448025
0.30331 0.164178 0.446523
0.304311 0.162897 0.44502
0.305312 0.161626 0.443515
0.306313 0.160365 0.442008
0.307314 0.159115 0.440501
0.308315 0.157876 0.438992
0.309316 0.156646 0.437481
0.310317 0.155428 0.435968
0.311318 0.15422 0.434453
0.312319 0.153023 0.432936
0.31332 0.151837 0.431417
0.314321 0.150661 0.429897
0.315322 0.149496 0.428375
0.316323 0.14834 0.426852
0.317324 0.147195 0.425328
0.318325 0.146059 0.423803
0.319326 0.144932 0.422277
0.320327 0.143815 0.420751
0.321328 0.142707 0.419225
0.322329 0.141609 0.417698
0.32333 0.140519 0.416171
0.324331 0.139438 0.414644
0.325332 0.138367 0.413116
0.326333 0.137306 0.411587
0.327334 0.136254 0.410057
0.328335 0.135211 0.408526
0.329336 0.134177 0.406995
0.330337 0.133152 0.405463
0.331338 0.132136 0.403931
0.332339 0.131128 0.402398
0.33334 0.130129 0.400865
0.334341 0.129137 0.399331
0.335342 0.128154 0.397798
0.336343 0.127179 0.396264
0.337344 0.126211 0.394731
0.338345 0.12525 0.393197
0.339346 0.124297 0.391664
0.340347 0.123351 0.390131
0.341348 0.122414 0.388596
0.342349 0.121485 0.387061
0.34335 0.120563 0.385525
0.344351 0.119649 0.383989
0.345352 0.118743 0.382453
0.346353 0.117844 0.380917
0.347354 0.116952 0.379381
0.348355 0.116067 0.377845
0.349356 0.11519 0.37631
0.350357 0.11432 0.374775
0.351358 0.113456 0.373242
0.352359 0.112599 0.371709
0.35336 0.111749 0.370178
0.354361 0.110905 0.368648
0.355362 0.110068 0.367119
0.356363 0.109238 0.365591
0.357364 0.108415 0.364062
0.358365 0.107599 0.362535
0.359366 0.10679 0.361008
0.360367 0.105987 0.359481
0.361368 0.105191 0.357955
0.362369 0.104402 0.35643
0.36337 0.103618 0.354906
0.364371 0.102841 0.353383
0.365372 0.10207 0.351861
0.366373 0.101304 0.35034
0.367374 0.100545 0.34882
0.368375 0.0997908 0.347302
0.369376 0.0990423 0.345785
0.370377 0.0982994 0.34427
0.371378 0.0975619 0.342757
0.372379 0.0968303 0.341243
0.37338 0.0961047 0.33973
0.374381 0.0953848 0.338218
0.375382 0.0946707 0.336707
0.376383 0.0939622 0.335197
0.377384 0.0932593 0.333688
0.378385 0.0925618 0.33218
0.379386 0.0918697 0.330674
0.380387 0.0911829 0.329169
0.381388 0.0905013 0.327667
0.382389 0.0898249 0.326166
0.38339 0.0891535 0.324668
0.384391 0.0884871 0.323172
0.385392 0.0878257 0.321678
0.386393 0.087169 0.320187
0.387394 0.0865174 0.318698
0.388395 0.0858711 0.317211
0.389395 0.08523 0.315725
0.390396 0.084594 0.314241
0.391397 0.0839631 0.312759
0.392398 0.0833371 0.311278
0.393399 0.082716 0.3098
0.3944 0.0820996 0.308323
0.395401 0.0814879 0.306849
0.396402 0.0808807 0.305376
0.397403 0.080278 0.303906
0.398404 0.0796797 0.302439
0.399405 0.0790857 0.300973
0.400406 0.0784958 0.299511
0.401407 0.0779101 0.298051
0.402408 0.0773285 0.296593
0.403409 0.0767509 0.295139
0.40441 0.0761778 0.293685
0.405411 0.0756091 0.292233
0.406412 0.0750448 0.290783
0.407413 0.0744847 0.289335
0.408414 0.0739288 0.28789
0.409415 0.0733771 0.286446
0.410416 0.0728295 0.285005
0.411417 0.072286 0.283567
0.412418 0.0717464 0.282131
0.413419 0.0712107 0.280698
0.41442 0.0706789 0.279268
0.415421 0.070151 0.277842
0.416422 0.0696267 0.276419
0.417423 0.0691062 0.274999
0.418424 0.0685893 0.273583
0.419425 0.0680762 0.27217
0.420426 0.067567 0.27076
0.421427 0.0670618 0.269352
0.422428 0.0665605 0.267947
0.423429 0.066063 0.266545
0.42443 0.0655692 0.265146
0.425431 0.0650791 0.263749
0.426432 0.0645926 0.262356
0.427433 0.0641097 0.260965
0.428434 0.0636302 0.259578
0.429435 0.0631541 0.258194
0.430436 0.0626813 0.256813
0.431437 0.0622117 0.255435
0.432438 0.0617454 0.254061
0.433439 0.0612821 0.25269
0.43444 0.0608219 0.251323
0.435441 0.0603647 0.249959
0.436442 0.0599108 0.248598
0.437443 0.0594602 0.24724
0.438444 0.0590129 0.245884
0.439445 0.0585689 0.244531
0.440446 0.058128 0.243181
0.441447 0.0576904 0.241834
0.442448 0.0572558 0.24049
0.443449 0.0568243 0.23915
0.44445 0.0563958 0.237813
0.445451 0.0559704 0.23648
0.446452 0.0555479 0.23515
0.447453 0.0551283 0.233824
0.448454 0.0547116 0.232503
0.449455 0.0542977 0.231185
0.450456 0.0538867 0.229871
0.451457 0.0534784 0.228562
0.452458 0.0530729 0.227256
0.453459 0.0526706 0.225954
0.45446 0.0522712 0.224656
0.455461 0.0518747 0.22336
0.456462 0.0514812 0.222069
0.457463 0.0510905 0.22078
0.458464 0.0507025 0.219496
0.459465 0.0503173 0.218215
0.460466 0.0499348 0.216938
0.461467 0.0495549 0.215664
0.462468 0.0491776 0.214395
0.463469 0.0488028 0.213129
0.46447 0.0484305 0.211868
0.465471 0.0480606 0.21061
0.466472 0.0476931 0.209357
0.467473 0.047328 0.208107
0.468474 0.0469651 0.206862
0.469475 0.0466048 0.20562
0.470476 0.046247 0.204381
0.471477 0.0458917 0.203146
0.472478 0.0455389 0.201914
0.473479 0.0451885 0.200686
0.47448 0.0448406 0.199462
0.475481 0.044495 0.198242
0.476482 0.0441519 0.197025
0.477483 0.043811 0.195812
0.478484 0.0434725 0.194604
0.479485 0.0431362 0.1934
0.480486 0.0428023 0.1922
0.481487 0.0424705 0.191004
0.482488 0.0421409 0.189813
0.483489 0.0418136 0.188627
0.48449 0.0414883 0.187445
0.485491 0.0411653 0.186267
0.486492 0.0408446 0.185094
0.487493 0.0405263 0.183925
0.488494 0.0402102 0.182759
0.489495 0.0398964 0.181598
0.490496 0.0395848 0.18044
0.491497 0.0392753 0.179287
0.492498 0.038968 0.178138
0.493499 0.0386628 0.176993
0.4945 0.0383596 0.175852
0.495501 0.0380584 0.174715
0.496502 0.0377591 0.173583
0.497503 0.0374618 0.172455
0.498504 0.0371664 0.171331
0.499505 0.0368728 0.170211
0.500505 0.0365811 0.169096
0.501506 0.0362911 0.167986
0.502507 0.036003 0.166879
0.503508 0.0357169 0.165776
0.504509 0.0354327 0.164677
0.50551 0.0351504 0.163582
0.506511 0.03487 0.162491
0.507512 0.0345915 0.161404
0.508513 0.0343149 0.160321
0.509514 0.0340401 0.159242
0.510515 0.0337672 0.158167
0.511516 0.033496 0.157097
0.512517 0.0332267 0.156031
0.513518 0.0329591 0.15497
0.514519 0.0326932 0.153913
0.51552 0.0324291 0.152861
0.516521 0.0321667 0.151813
0.517522 0.031906 0.15077
0.518523 0.0316469 0.149732
0.519524 0.0313897 0.148699
0.520525 0.0311342 0.147669
0.521526 0.0308806 0.146644
0.522527 0.0306287 0.145624
0.523528 0.0303786 0.144607
0.524529 0.0301301 0.143595
0.52553 0.0298834 0.142587
0.526531 0.0296383 0.141584
0.527532 0.0293948 0.140584
0.528533 0.0291529 0.13959
0.529534 0.0289126 0.138599
0.530535 0.0286738 0.137613
0.531536 0.0284365 0.136631
0.532537 0.0282007 0.135654
0.533538 0.0279663 0.134681
0.534539 0.0277334 0.133713
0.53554 0.0275019 0.132748
0.536541 0.0272719 0.131788
0.537542 0.0270435 0.130833
0.538543 0.0268165 0.129881
0.539544 0.0265911 0.128933
0.540545 0.0263671 0.127989
0.541546 0.0261447 0.127049
0.542547 0.0259237 0.126114
0.543548 0.0257042 0.125183
0.544549 0.0254861 0.124257
0.54555 0.0252694 0.123334
0.546551 0.0250542 0.122416
0.547552 0.0248404 0.121503
0.548553 0.0246279 0.120594
0.549554 0.0244169 0.11969
0.550555 0.0242072 0.11879
0.551556 0.0239989 0.117895
0.552557 0.0237919 0.117005
0.553558 0.0235864 0.116119
0.554559 0.0233823 0.115237
0.55556 0.0231797 0.11436
0.556561 0.0229785 0.113487
0.557562 0.0227786 0.112618
0.558563 0.0225801 0.111754
0.559564 0.022383 0.110894
0.560565 0.0221872 0.110038
0.561566 0.0219926 0.109186
0.562567 0.0217994 0.108339
0.563568 0.0216074 0.107496
0.564569 0.0214167 0.106658
0.56557 0.0212271 0.105823
0.566571 0.0210388 0.104993
0.567572 0.0208516 0.104168
0.568573 0.0206656 0.103346
0.569574 0.0204807 0.102529
0.570575 0.020297 0.101716
0.571576 0.0201145 0.100906
0.572577 0.0199333 0.100101
0.573578 0.0197533 0.0993002
0.574579 0.0195744 0.0985032
0.57558 0.0193968 0.0977103
0.576581 0.0192203 0.0969216
0.577582 0.019045 0.096137
0.578583 0.0188709 0.0953566
0.579584 0.018698 0.0945805
0.580585 0.0185262 0.0938086
0.581586 0.0183555 0.093041
0.582587 0.018186 0.0922777
0.583588 0.0180176 0.0915187
0.584589 0.0178503 0.0907641
0.58559 0.0176842 0.0900139
0.586591 0.0175191 0.089268
0.587592 0.0173553 0.0885266
0.588593 0.0171925 0.0877893
0.589594 0.017031 0.0870562
0.590595 0.0168706 0.0863274
0.591596 0.0167113 0.0856027
0.592597 0.0165531 0.0848821
0.593598 0.0163961 0.0841657
0.594599 0.0162401 0.0834534
0.5956 0.0160852 0.0827452
0.596601 0.0159314 0.0820411
0.597602 0.0157785 0.081341
0.598603 0.0156268 0.080645
0.599604 0.015476 0.079953
0.600605 0.0153262 0.079265
0.601606 0.0151774 0.078581
0.602607 0.0150295 0.077901
0.603608 0.0148827 0.0772249
0.604609 0.0147367 0.0765528
0.60561 0.0145918 0.0758845
0.606611 0.0144479 0.0752201
0.607612 0.0143049 0.0745595
0.608613 0.014163 0.0739028
0.609614 0.0140221 0.07325
0.610615 0.0138821 0.0726011
0.611615 0.0137431 0.0719562
0.612616 0.0136051 0.0713151
0.613617 0.013468 0.070678
0.614618 0.0133319 0.0700448
0.615619 0.0131968 0.0694155
0.61662 0.0130626 0.0687902
0.617621 0.0129294 0.0681689
0.618622 0.0127971 0.0675515
0.619623 0.0126657 0.0669381
0.620624 0.0125353 0.0663288
0.621625 0.0124058 0.0657234
0.622626 0.0122773 0.065122
0.623627 0.0121497 0.0645245
0.624628 0.0120231 0.063931
0.625629 0.0118975 0.0633413
0.62663 0.0117727 0.0627555
0.627631 0.011649 0.0621736
0.628632 0.0115261 0.0615955
0.629633 0.0114041 0.0610211
0.630634 0.011283 0.0604505
0.631635 0.0111628 0.0598837
0.632636 0.0110435 0.0593205
0.633637 0.010925 0.058761
0.634638 0.0108074 0.0582052
0.635639 0.0106906 0.0576531
0.63664 0.0105747 0.0571045
0.637641 0.0104595 0.0565596
0.638642 0.0103452 0.0560182
0.639643 0.0102317 0.0554803
0.640644 0.010119 0.0549461
0.641645 0.0100072 0.0544154
0.642646 0.00989624 0.0538883
0.643647 0.0097861 0.0533648
0.644648 0.00967679 0.0528449
0.645649 0.00956831 0.0523285
0.64665 0.00946065 0.0518156
0.647651 0.00935382 0.0513063
0.648652 0.0092478 0.0508006
0.649653 0.00914259 0.0502984
0.650654 0.0090382 0.0497997
0.651655 0.00893461 0.0493046
0.652656 0.00883182 0.048813
0.653657 0.00872982 0.0483249
0.654658 0.00862862 0.0478403
0.655659 0.00852821 0.0473592
0.65666 0.0084286 0.0468816
0.657661 0.0083298 0.0464076
0.658662 0.00823183 0.0459372
0.659663 0.00813467 0.0454703
0.660664 0.0080383 0.0450069
0.661665 0.00794274 0.044547
0.662666 0.00784795 0.0440905
0.663667 0.00775394 0.0436374
0.664668 0.0076607 0.0431876
0.665669 0.00756822 0.0427412
0.66667 0.00747648 0.0422981
0.667671 0.00738549 0.0418582
0.668672 0.00729523 0.0414216
0.669673 0.00720569 0.0409882
0.670674 0.00711687 0.040558
0.671675 0.00702875 0.0401309
0.672676 0.00694134 0.0397069
0.673677 0.00685461 0.039286
0.674678 0.00676859 0.0388683
0.675679 0.0066833 0.0384537
0.67668 0.00659873 0.0380424
0.677681 0.00651487 0.0376342
0.678682 0.00643173 0.0372292
0.679683 0.00634931 0.0368273
0.680684 0.00626759 0.0364286
0.681685 0.00618658 0.0360329
0.682686 0.00610627 0.0356404
0.683687 0.00602666 0.035251
0.684688 0.00594774 0.0348646
0.685689 0.00586952 0.0344813
0.68669 0.00579199 0.0341011
0.687691 0.00571515 0.0337239
0.688692 0.00563899 0.0333497
0.689693 0.00556352 0.0329784
0.690694 0.00548872 0.0326102
0.691695 0.0054146 0.032245
0.692696 0.00534118 0.0318829
0.693697 0.00526848 0.0315239
0.694698 0.00519647 0.031168
0.695699 0.00512516 0.0308151
0.6967 0.00505452 0.0304653
0.697701 0.00498457 0.0301184
0.698702 0.00491527 0.0297745
0.699703 0.00484664 0.0294335
0.700704 0.00477866 0.0290953
0.701705 0.00471132 0.02876
0.702706 0.00464461 0.0284274
0.703707 0.00457854 0.0280976
0.704708 0.00451308 0.0277706
0.705709 0.00444823 0.0274462
0.70671 0.00438399 0.0271245
0.707711 0.00432034 0.0268053
0.708712 0.00425728 0.0264888
0.709713 0.00419482 0.0261749
0.710714 0.00413298 0.0258637
0.711715 0.00407177 0.0255553
0.712716 0.00401118 0.0252497
0.713717 0.0039512 0.0249467
0.714718 0.00389183 0.0246465
0.715719 0.00383307 0.0243489
0.71672 0.00377492 0.0240539
0.717721 0.00371736 0.0237616
0.718722 0.0036604 0.0234719
0.719723 0.00360403 0.0231848
0.720724 0.00354825 0.0229002
0.721725 0.00349305 0.0226182
0.722725 0.00343843 0.0223387
0.723726 0.00338438 0.0220617
0.724727 0.00333091 0.0217871
0.725728 0.00327801 0.021515
0.726729 0.00322567 0.0212454
0.72773 0.00317392 0.0209783
0.728731 0.00312278 0.0207139
0.729732 0.00307224 0.0204521
0.730733 0.00302229 0.0201929
0.731734 0.00297292 0.0199362
0.732735 0.00292412 0.019682
0.733736 0.0028759 0.0194303
0.734737 0.00282823 0.019181
0.735738 0.0027811 0.0189341
0.736739 0.00273452 0.0186895
0.73774 0.00268848 0.0184472
0.738741 0.00264296 0.0182073
0.739742 0.00259795 0.0179695
0.740743 0.00255346 0.017734
0.741744 0.00250946 0.0175006
0.742745 0.00246596 0.0172693
0.743746 0.00242295 0.0170402
0.744747 0.00238042 0.0168131
0.745748 0.00233841 0.0165882
0.746749 0.00229693 0.0163657
0.74775 0.00225599 0.0161455
0.748751 0.00221556 0.0159275
0.749752 0.00217565 0.0157117
0.750753 0.00213625 0.0154981
0.751754 0.00209735 0.0152867
0.752755 0.00205895 0.0150775
0.753756 0.00202104 0.0148704
0.754757 0.00198361 0.0146654
0.755758 0.00194667 0.0144624
0.756759 0.00191019 0.0142615
0.75776 0.00187419 0.0140626
0.758761 0.00183864 0.0138657
0.759762 0.00180355 0.0136708
0.760763 0.00176891 0.0134778
0.761764 0.00173471 0.0132868
0.762765 0.00170096 0.0130977
0.763766 0.00166771 0.0129107
0.764767 0.00163495 0.0127259
0.765768 0.00160268 0.0125431
0.766769 0.0015709 0.0123625
0.76777 0.00153958 0.0121839
0.768771 0.00150872 0.0120072
0.769772 0.00147831 0.0118326
0.770773 0.00144835 0.0116598
0.771774 0.00141882 0.0114889
0.772775 0.00138972 0.0113199
0.773776 0.00136104 0.0111527
0.774777 0.00133276 0.0109873
0.775778 0.00130488 0.0108236
0.776779 0.0012774 0.0106616
0.77778 0.0012503 0.0105013
0.778781 0.00122357 0.0103427
0.779782 0.00119722 0.0101856
0.780783 0.00117124 0.0100302
0.781784 0.00114569 0.00987665
0.782785 0.00112057 0.00972492
0.783786 0.00109588 0.00957501
0.784787 0.00107159 0.00942687
0.785788 0.00104772 0.00928049
0.786789 0.00102424 0.00913584
0.78779 0.00100115 0.00899289
0.788791 0.00097844 0.00885162
0.789792 0.000956106 0.00871199
0.790793 0.000934139 0.00857399
0.791794 0.00091253 0.00843758
0.792795 0.000891272 0.00830274
0.793796 0.000870357 0.00816944
0.794797 0.000849778 0.00803766
0.795798 0.000829528 0.00790737
0.796799 0.000809598 0.00777855
0.7978 0.000789982 0.00765117
0.798801 0.0007707 0.0075253
0.799802 0.000751807 0.00740112
0.800803 0.000733296 0.0072786
0.801804 0.000715156 0.00715772
0.802805 0.000697379 0.00703843
0.803806 0.000679953 0.0069207
0.804807 0.000662869 0.00680451
0.805808 0.000646118 0.00668981
0.806809 0.000629689 0.00657657
0.80781 0.000613573 0.00646477
0.808811 0.000597761 0.00635436
0.809812 0.000582243 0.00624532
0.810813 0.00056701 0.00613761
0.811814 0.000552053 0.00603121
0.812815 0.000537361 0.00592607
0.813816 0.000522927 0.00582218
0.814817 0.00050874 0.00571949
0.815818 0.000494792 0.00561799
0.816819 0.000481111 0.00551774
0.81782 0.000467752 0.00541892
0.818821 0.000454708 0.0053215
0.819822 0.000441968 0.00522547
0.820823 0.000429524 0.00513079
0.821824 0.000417367 0.00503743
0.822825 0.000405487 0.00494538
0.823826 0.000393876 0.0048546
0.824827 0.000382525 0.00476506
0.825828 0.000371424 0.00467675
0.826829 0.000360565 0.00458964
0.82783 0.00034994 0.0045037
0.828831 0.000339539 0.00441891
0.829832 0.000329354 0.00433524
0.830833 0.000319377 0.00425266
0.831834 0.000309598 0.00417116
0.832835 0.00030001 0.00409071
0.833835 0.000290604 0.00401128
0.834836 0.000281411 0.00393297
0.835837 0.000272486 0.00385592
0.836838 0.000263817 0.00378011
0.837839 0.000255396 0.0037055
0.83884 0.000247214 0.00363208
0.839841 0.00023926 0.0035598
0.840842 0.000231525 0.00348865
0.841843 0.000224 0.00341858
0.842844 0.000216676 0.00334958
0.843845 0.000209543 0.00328161
0.844846 0.000202593 0.00321465
0.845847 0.000195816 0.00314866
0.846848 0.000189203 0.00308363
0.847849 0.000182745 0.00301952
0.84885 0.000176433 0.0029563
0.849851 0.000170259 0.00289395
0.850852 0.000164214 0.00283245
0.851853 0.000158288 0.00277175
0.852854 0.000152514 0.00271196
0.853855 0.00014694 0.00265321
0.854856 0.000141559 0.00259549
0.855857 0.000136363 0.00253876
0.856858 0.000131344 0.00248301
0.857859 0.000126494 0.00242821
0.85886 0.000121804 0.00237434
0.859861 0.000117266 0.00232138
0.860862 0.000112873 0.0022693
0.861863 0.000108616 0.00221807
0.862864 0.000104489 0.00216769
0.863865 0.000100482 0.00211812
0.864866 9.65877e-05 0.00206933
0.865867 9.27994e-05 0.00202132
0.866868 8.91088e-05 0.00197406
0.867869 8.55084e-05 0.00192751
0.86887 8.19907e-05 0.00188168
0.869871 7.85481e-05 0.00183652
0.870872 7.52065e-05 0.00179212
0.871873 7.20106e-05 0.00174862
0.872874 6.89539e-05 0.00170599
0.873875 6.6029e-05 0.00166421
0.874876 6.3229e-05 0.00162324
0.875877 6.05468e-05 0.00158308
0.876878 5.79753e-05 0.0015437
0.877879 5.55077e-05 0.00150506
0.87888 5.3137e-05 0.00146715
0.879881 5.08563e-05 0.00142994
0.880882 4.86588e-05 0.00139341
0.881883 4.65378e-05 0.00135754
0.882884 4.44864e-05 0.0013223
0.883885 4.24981e-05 0.00128767
0.884886 4.05662e-05 0.00125363
0.885887 3.8684e-05 0.00122015
0.886888 3.6845e-05 0.00118722
0.887889 3.50428e-05 0.0011548
0.88889 3.32956e-05 0.00112296
0.889891 3.16417e-05 0.00109185
0.890892 3.00766e-05 0.00106143
0.891893 2.8595e-05 0.0010317
0.892894 2.7192e-05 0.00100262
0.893895 2.58623e-05 0.000974184
0.894896 2.4601e-05 0.000946368
0.895897 2.34029e-05 0.000919153
0.896898 2.2263e-05 0.000892519
0.897899 2.11765e-05 0.000866446
0.8989 2.01382e-05 0.000840916
0.899901 1.91435e-05 0.000815909
0.900902 1.81872e-05 0.000791407
0.901903 1.72647e-05 0.000767389
0.902904 1.63711e-05 0.000743838
0.903905 1.55017e-05 0.000720734
0.904906 1.46516e-05 0.00069806
0.905907 1.38161e-05 0.000675796
0.906908 1.30072e-05 0.000653999
0.907909 1.22523e-05 0.000632792
0.90891 1.1549e-05 0.000612159
0.909911 1.08935e-05 0.00059208
0.910912 1.02827e-05 0.000572536
0.911913 9.71293e-06 0.000553506
0.912914 9.18091e-06 0.00053497
0.913915 8.68326e-06 0.000516911
0.914916 8.21661e-06 0.000499308
0.915917 7.77765e-06 0.000482143
0.916918 7.36307e-06 0.000465395
0.917919 6.96958e-06 0.000449047
0.91892 6.59392e-06 0.00043308
0.919921 6.23285e-06 0.000417474
0.920922 5.88314e-06 0.000402212
0.921923 5.5416e-06 0.000387274
0.922924 5.20505e-06 0.000372644
0.923925 4.87033e-06 0.000358302
0.924926 4.5446e-06 0.0003443
0.925927 4.2448e-06 0.000330754
0.926928 3.96956e-06 0.000317649
0.927929 3.71706e-06 0.000304968
0.92893 3.48549e-06 0.000292696
0.929931 3.27306e-06 0.000280814
0.930932 3.07797e-06 0.000269306
0.931933 2.89846e-06 0.000258157
0.932934 2.73277e-06 0.000247348
0.933935 2.57914e-06 0.000236865
0.934936 2.43584e-06 0.000226691
0.935937 2.30114e-06 0.000216809
0.936938 2.17331e-06 0.000207204
0.937939 2.05066e-06 0.00019786
0.93894 1.93149e-06 0.000188761
0.939941 1.81411e-06 0.000179892
0.940942 1.69685e-06 0.000171236
0.941943 1.57804e-06 0.000162779
0.942944 1.46253e-06 0.000154583
0.943945 1.35764e-06 0.000146737
0.944945 1.26261e-06 0.000139226
0.945946 1.17664e-06 0.000132033
0.946947 1.09893e-06 0.000125144
0.947948 1.02869e-06 0.000118544
0.948949 9.65138e-07 0.000112216
0.94995 9.07488e-07 0.000106146
0.950951 8.54966e-07 0.00010032
0.951952 8.06802e-07 9.47211e-05
0.952953 7.62228e-07 8.93358e-05
0.953954 7.20484e-07 8.41491e-05
0.954955 6.80813e-07 7.91463e-05
0.955956 6.42463e-07 7.43128e-05
0.956957 6.04687e-07 6.96342e-05
0.957958 5.66742e-07 6.50961e-05
0.958959 5.27889e-07 6.06843e-05
0.95996 4.87665e-07 5.63924e-05
0.960961 4.49761e-07 5.23309e-05
0.961962 4.15357e-07 4.85279e-05
0.962963 3.8417e-07 4.49678e-05
0.963964 3.55921e-07 4.16351e-05
0.964965 3.3033e-07 3.85142e-05
0.965966 3.07122e-07 3.55899e-05
0.966967 2.86021e-07 3.2847e-05
0.967968 2.66754e-07 3.02702e-05
0.968969 2.49049e-07 2.78444e-05
0.96997 2.32636e-07 2.55548e-05
0.970971 2.17247e-07 2.33864e-05
0.971972 2.02615e-07 2.13244e-05
0.972973 1.88476e-07 1.93542e-05
0.973974 1.74565e-07 1.74611e-05
0.974975 1.60622e-07 1.56305e-05
0.975976 1.46385e-07 1.38482e-05
0.976977 1.31856e-07 1.21209e-05
0.977978 1.18526e-07 1.05731e-05
0.978979 1.06562e-07 9.21172e-06
0.97998 9.58291e-08 8.01852e-06
0.980981 8.61928e-08 6.97518e-06
0.981982 7.7519e-08 6.06355e-06
0.982983 6.96746e-08 5.26556e-06
0.983984 6.25275e-08 4.56328e-06
0.984985 5.59461e-08 3.93886e-06
0.985986 4.97998e-08 3.37458e-06
0.986987 4.39586e-08 2.85281e-06
0.987988 3.82936e-08 2.35604e-06
0.988989 3.26763e-08 1.86686e-06
0.98999 2.69792e-08 1.36797e-06
0.990991 2.15284e-08 9.09658e-07
0.991992 1.70817e-08 6.0218e-07
0.992993 1.34527e-08 4.1127e-07
0.993994 1.04273e-08 2.98547e-07
0.994995 7.79305e-09 2.25861e-07
0.995996 5.33837e-09 1.55293e-07
0.996997 3.00485e-09 6.68028e-08
0.997998 1.53435e-09 4.18061e-08
0.998999 4.5757e-10 2.96191e-08
1 0 0
