1.5 1.99106 0.382777
1.5986 2.50521 0.399213
1.6972 2.99663 0.415084
1.7958 3.46453 0.430333
1.89439 3.9119 0.445028
1.99299 4.33949 0.459176
2.09159 4.74753 0.472772
2.19019 5.13817 0.485868
2.28879 5.51293 0.498504
2.38739 5.87233 0.510688
2.48599 6.21692 0.522432
2.58458 6.54793 0.533771
2.68318 6.86685 0.544743
2.78178 7.1742 0.555363
2.88038 7.47047 0.565644
2.97898 7.75615 0.575599
3.07758 8.03175 0.585242
3.17618 8.29837 0.594604
3.27477 8.55656 0.603702
3.37337 8.80671 0.612546
3.47197 9.04915 0.621145
3.57057 9.28422 0.629511
3.66917 9.51223 0.637651
3.76777 9.73347 0.645574
3.86637 9.94926 0.653297
3.96496 10.1604 0.660832
4.06356 10.3665 0.668187
4.16216 10.5673 0.675369
4.26076 10.7626 0.682385
4.35936 10.952 0.689242
4.45796 11.1355 0.695944
4.55656 11.313 0.702498
4.65516 11.4844 0.708908
4.75375 11.6496 0.715181
4.85235 11.8088 0.721324
4.95095 11.9628 0.727345
5.04955 12.1119 0.733248
5.14815 12.2566 0.739038
5.24675 12.3974 0.744716
5.34535 12.5344 0.750288
5.44394 12.6682 0.755757
5.54254 12.799 0.761124
5.64114 12.927 0.766395
5.73974 13.0525 0.77157
5.83834 13.1758 0.776654
5.93694 13.2971 0.781649
6.03554 13.4165 0.786557
6.13413 13.5343 0.791381
6.23273 13.6502 0.796125
6.33133 13.7642 0.800793
6.42993 13.8762 0.805388
6.52853 13.9864 0.809912
6.62713 14.0947 0.814365
6.72573 14.2013 0.818751
6.82432 14.3061 0.823072
6.92292 14.4092 0.827328
7.02152 14.5107 0.831521
7.12012 14.6106 0.835654
7.21872 14.709 0.839727
7.31732 14.8058 0.843742
7.41592 14.9012 0.847701
7.51451 14.9951 0.851604
7.61311 15.0876 0.855454
7.71171 15.1788 0.859252
7.81031 15.2686 0.862998
7.90891 15.3571 0.866694
8.00751 15.4444 0.870341
8.10611 15.5304 0.87394
8.2047 15.6152 0.877494
8.3033 15.6989 0.881004
8.4019 15.7815 0.884471
8.5005 15.8631 0.887896
8.5991 15.9435 0.891279
8.6977 16.023 0.894623
8.7963 16.1014 0.897927
8.89489 16.1788 0.901192
8.99349 16.2553 0.90442
9.09209 16.3308 0.907611
9.19069 16.4054 0.910766
9.28929 16.4791 0.913885
9.38789 16.5519 0.916969
9.48649 16.6239 0.92002
9.58509 16.695 0.923037
9.68368 16.7652 0.926021
9.78228 16.8347 0.928973
9.88088 16.9033 0.931894
9.97948 16.9712 0.934784
10.0781 17.0382 0.937643
10.1767 17.1046 0.940473
10.2753 17.1702 0.943274
10.3739 17.235 0.946046
10.4725 17.2992 0.94879
10.5711 17.3627 0.951506
10.6697 17.4254 0.954195
10.7683 17.4875 0.956858
10.8669 17.549 0.959494
10.9655 17.6098 0.962105
11.0641 17.6699 0.964691
11.1627 17.7295 0.967253
11.2613 17.7885 0.969792
11.3599 17.8469 0.972307
11.4585 17.9047 0.9748
11.5571 17.962 0.97727
11.6557 18.0187 0.979717
11.7543 18.0749 0.982144
11.8529 18.1305 0.984548
11.9515 18.1856 0.986932
12.0501 18.2402 0.989295
12.1486 18.2943 0.991637
12.2472 18.3479 0.99396
12.3458 18.401 0.996262
12.4444 18.4536 0.998546
12.543 18.5057 1.00081
12.6416 18.5574 1.00305
12.7402 18.6086 1.00528
12.8388 18.6593 1.00749
12.9374 18.7096 1.00968
13.036 18.7595 1.01185
13.1346 18.8089 1.01401
13.2332 18.8579 1.01615
13.3318 18.9065 1.01827
13.4304 18.9547 1.02037
13.529 19.0024 1.02246
13.6276 19.0498 1.02453
13.7262 19.0967 1.02658
13.8248 19.1433 1.02862
13.9234 19.1895 1.03065
14.022 19.2353 1.03266
14.1206 19.2807 1.03465
14.2192 19.3258 1.03663
14.3178 19.3705 1.03859
14.4164 19.4149 1.04054
14.515 19.4588 1.04247
14.6136 19.5025 1.04439
14.7122 19.5458 1.0463
14.8108 19.5887 1.04819
14.9094 19.6314 1.05007
15.008 19.6737 1.05194
15.1066 19.7156 1.05379
15.2052 19.7573 1.05563
15.3038 19.7986 1.05745
15.4024 19.8397 1.05927
15.501 19.8804 1.06107
15.5996 19.9209 1.06286
15.6982 19.961 1.06463
15.7968 20.0009 1.0664
15.8954 20.0405 1.06815
15.994 20.0798 1.0699
16.0926 20.1188 1.07163
16.1912 20.1575 1.07335
16.2898 20.196 1.07506
16.3884 20.2342 1.07675
16.487 20.2722 1.07844
16.5856 20.3099 1.08012
16.6842 20.3473 1.08178
16.7828 20.3845 1.08344
16.8814 20.4214 1.08508
16.98 20.4581 1.08672
17.0786 20.4946 1.08834
17.1772 20.5308 1.08995
17.2758 20.5667 1.09156
17.3744 20.6024 1.09315
17.473 20.6379 1.09474
17.5716 20.6732 1.09631
17.6702 20.7082 1.09788
17.7688 20.743 1.09944
17.8674 20.7776 1.10098
17.966 20.812 1.10252
18.0646 20.8461 1.10405
18.1632 20.88 1.10557
18.2618 20.9137 1.10708
18.3604 20.9472 1.10858
18.459 20.9805 1.11008
18.5576 21.0136 1.11156
18.6562 21.0465 1.11304
18.7548 21.0792 1.11451
18.8534 21.1117 1.11597
18.952 21.144 1.11742
19.0506 21.1761 1.11886
19.1491 21.208 1.1203
19.2477 21.2397 1.12173
19.3463 21.2712 1.12315
19.4449 21.3025 1.12456
19.5435 21.3337 1.12596
19.6421 21.3646 1.12736
19.7407 21.3954 1.12875
19.8393 21.426 1.13013
19.9379 21.4565 1.1315
20.0365 21.4867 1.13287
20.1351 21.5168 1.13423
20.2337 21.5467 1.13558
20.3323 21.5764 1.13692
20.4309 21.606 1.13826
20.5295 21.6354 1.13959
20.6281 21.6646 1.14092
20.7267 21.6937 1.14223
20.8253 21.7226 1.14354
20.9239 21.7514 1.14485
21.0225 21.78 1.14614
21.1211 21.8084 1.14743
21.2197 21.8367 1.14872
21.3183 21.8648 1.14999
21.4169 21.8928 1.15127
21.5155 21.9206 1.15253
21.6141 21.9483 1.15379
21.7127 21.9758 1.15504
21.8113 22.0032 1.15628
21.9099 22.0304 1.15752
22.0085 22.0575 1.15876
22.1071 22.0845 1.15999
22.2057 22.1113 1.16121
22.3043 22.138 1.16242
22.4029 22.1645 1.16363
22.5015 22.191 1.16484
22.6001 22.2172 1.16604
22.6987 22.2434 1.16723
22.7973 22.2694 1.16842
22.8959 22.2953 1.1696
22.9945 22.3211 1.17078
23.0931 22.3467 1.17195
23.1917 22.3722 1.17312
23.2903 22.3976 1.17428
23.3889 22.4229 1.17543
23.4875 22.448 1.17658
23.5861 22.473 1.17773
23.6847 22.4979 1.17887
23.7833 22.5227 1.18
23.8819 22.5473 1.18113
23.9805 22.5719 1.18226
24.0791 22.5963 1.18338
24.1777 22.6206 1.18449
24.2763 22.6448 1.1856
24.3749 22.6689 1.18671
24.4735 22.6928 1.18781
24.5721 22.7167 1.18891
24.6707 22.7404 1.19
24.7693 22.7641 1.19108
24.8679 22.7876 1.19216
24.9665 22.811 1.19324
25.0651 22.8343 1.19431
25.1637 22.8575 1.19538
25.2623 22.8806 1.19645
25.3609 22.9036 1.1975
25.4595 22.9265 1.19856
25.5581 22.9493 1.19961
25.6567 22.972 1.20065
25.7553 22.9946 1.2017
25.8539 23.0171 1.20273
25.9525 23.0394 1.20377
26.0511 23.0617 1.20479
26.1496 23.0839 1.20582
26.2482 23.106 1.20684
26.3468 23.128 1.20786
26.4454 23.1499 1.20887
26.544 23.1717 1.20988
26.6426 23.1934 1.21088
26.7412 23.215 1.21188
26.8398 23.2366 1.21287
26.9384 23.258 1.21387
27.037 23.2793 1.21485
27.1356 23.3006 1.21584
27.2342 23.3218 1.21682
27.3328 23.3428 1.2178
27.4314 23.3638 1.21877
27.53 23.3847 1.21974
27.6286 23.4055 1.2207
27.7272 23.4262 1.22166
27.8258 23.4469 1.22262
27.9244 23.4674 1.22357
28.023 23.4879 1.22452
28.1216 23.5083 1.22547
28.2202 23.5286 1.22641
28.3188 23.5488 1.22735
28.4174 23.5689 1.22829
28.516 23.589 1.22922
28.6146 23.6089 1.23015
28.7132 23.6288 1.23107
28.8118 23.6486 1.232
28.9104 23.6684 1.23291
29.009 23.688 1.23383
29.1076 23.7076 1.23474
29.2062 23.7271 1.23565
29.3048 23.7465 1.23655
29.4034 23.7659 1.23746
29.502 23.7851 1.23835
29.6006 23.8043 1.23925
29.6992 23.8234 1.24014
29.7978 23.8425 1.24103
29.8964 23.8615 1.24192
29.995 23.8804 1.2428
30.0936 23.8992 1.24368
30.1922 23.9179 1.24455
30.2908 23.9366 1.24542
30.3894 23.9552 1.24629
30.488 23.9738 1.24716
30.5866 23.9922 1.24802
30.6852 24.0106 1.24888
30.7838 24.029 1.24974
30.8824 24.0472 1.2506
30.981 24.0654 1.25145
31.0796 24.0835 1.2523
31.1782 24.1016 1.25314
31.2768 24.1196 1.25398
31.3754 24.1375 1.25482
31.474 24.1553 1.25566
31.5726 24.1731 1.2565
31.6712 24.1909 1.25733
31.7698 24.2085 1.25815
31.8684 24.2261 1.25898
31.967 24.2437 1.2598
32.0656 24.2611 1.26062
32.1642 24.2785 1.26144
32.2628 24.2959 1.26226
32.3614 24.3132 1.26307
32.46 24.3304 1.26388
32.5586 24.3476 1.26468
32.6572 24.3647 1.26549
32.7558 24.3817 1.26629
32.8544 24.3987 1.26709
32.953 24.4157 1.26788
33.0516 24.4325 1.26868
33.1502 24.4493 1.26947
33.2487 24.4661 1.27026
33.3473 24.4828 1.27104
33.4459 24.4994 1.27183
33.5445 24.516 1.27261
33.6431 24.5325 1.27339
33.7417 24.549 1.27416
33.8403 24.5654 1.27494
33.9389 24.5818 1.27571
34.0375 24.5981 1.27648
34.1361 24.6143 1.27725
34.2347 24.6305 1.27801
34.3333 24.6467 1.27877
34.4319 24.6628 1.27953
34.5305 24.6788 1.28029
34.6291 24.6948 1.28104
34.7277 24.7107 1.2818
34.8263 24.7266 1.28255
34.9249 24.7424 1.28329
35.0235 24.7582 1.28404
35.1221 24.7739 1.28478
35.2207 24.7896 1.28552
35.3193 24.8052 1.28626
35.4179 24.8208 1.287
35.5165 24.8363 1.28773
35.6151 24.8518 1.28847
35.7137 24.8672 1.2892
35.8123 24.8826 1.28992
35.9109 24.8979 1.29065
36.0095 24.9132 1.29137
36.1081 24.9284 1.29209
36.2067 24.9436 1.29281
36.3053 24.9587 1.29353
36.4039 24.9738 1.29425
36.5025 24.9888 1.29496
36.6011 25.0038 1.29567
36.6997 25.0187 1.29638
36.7983 25.0336 1.29709
36.8969 25.0485 1.29779
36.9955 25.0633 1.29849
37.0941 25.078 1.29919
37.1927 25.0927 1.29989
37.2913 25.1074 1.30059
37.3899 25.122 1.30128
37.4885 25.1366 1.30198
37.5871 25.1511 1.30267
37.6857 25.1656 1.30336
37.7843 25.18 1.30404
37.8829 25.1944 1.30473
37.9815 25.2088 1.30541
38.0801 25.2231 1.30609
38.1787 25.2374 1.30677
38.2773 25.2516 1.30745
38.3759 25.2658 1.30812
38.4745 25.2799 1.3088
38.5731 25.294 1.30947
38.6717 25.3081 1.31014
38.7703 25.3221 1.3108
38.8689 25.336 1.31147
38.9675 25.35 1.31214
39.0661 25.3639 1.3128
39.1647 25.3777 1.31346
39.2633 25.3915 1.31412
39.3619 25.4053 1.31477
39.4605 25.419 1.31543
39.5591 25.4327 1.31608
39.6577 25.4464 1.31673
39.7563 25.46 1.31738
39.8549 25.4735 1.31803
39.9535 25.4871 1.31868
40.0521 25.5006 1.31932
40.1507 25.514 1.31997
40.2492 25.5274 1.32061
40.3478 25.5408 1.32125
40.4464 25.5541 1.32188
40.545 25.5674 1.32252
40.6436 25.5807 1.32315
40.7422 25.5939 1.32379
40.8408 25.6071 1.32442
40.9394 25.6203 1.32505
41.038 25.6334 1.32567
41.1366 25.6464 1.3263
41.2352 25.6595 1.32692
41.3338 25.6725 1.32755
41.4324 25.6855 1.32817
41.531 25.6984 1.32879
41.6296 25.7113 1.32941
41.7282 25.7241 1.33002
41.8268 25.737 1.33064
41.9254 25.7498 1.33125
42.024 25.7625 1.33186
42.1226 25.7752 1.33247
42.2212 25.7879 1.33308
42.3198 25.8006 1.33369
42.4184 25.8132 1.33429
42.517 25.8258 1.3349
42.6156 25.8383 1.3355
42.7142 25.8508 1.3361
42.8128 25.8633 1.3367
42.9114 25.8757 1.3373
43.01 25.8882 1.33789
43.1086 25.9005 1.33849
43.2072 25.9129 1.33908
43.3058 25.9252 1.33967
43.4044 25.9375 1.34026
43.503 25.9497 1.34085
43.6016 25.9619 1.34144
43.7002 25.9741 1.34203
43.7988 25.9863 1.34261
43.8974 25.9984 1.34319
43.996 26.0105 1.34378
44.0946 26.0225 1.34436
44.1932 26.0345 1.34494
44.2918 26.0465 1.34551
44.3904 26.0585 1.34609
44.489 26.0704 1.34666
44.5876 26.0823 1.34724
44.6862 26.0942 1.34781
44.7848 26.106 1.34838
44.8834 26.1178 1.34895
44.982 26.1296 1.34952
45.0806 26.1414 1.35008
45.1792 26.1531 1.35065
45.2778 26.1648 1.35121
45.3764 26.1764 1.35177
45.475 26.188 1.35233
45.5736 26.1996 1.35289
45.6722 26.2112 1.35345
45.7708 26.2227 1.35401
45.8694 26.2343 1.35457
45.968 26.2457 1.35512
46.0666 26.2572 1.35567
46.1652 26.2686 1.35622
46.2638 26.28 1.35678
46.3624 26.2914 1.35732
46.461 26.3027 1.35787
46.5596 26.314 1.35842
46.6582 26.3253 1.35896
46.7568 26.3365 1.35951
46.8554 26.3478 1.36005
46.954 26.359 1.36059
47.0526 26.3701 1.36113
47.1512 26.3813 1.36167
47.2497 26.3924 1.36221
47.3483 26.4035 1.36275
47.4469 26.4145 1.36328
47.5455 26.4256 1.36382
47.6441 26.4366 1.36435
47.7427 26.4476 1.36488
47.8413 26.4585 1.36541
47.9399 26.4694 1.36594
48.0385 26.4803 1.36647
48.1371 26.4912 1.367
48.2357 26.5021 1.36752
48.3343 26.5129 1.36805
48.4329 26.5237 1.36857
48.5315 26.5344 1.36909
48.6301 26.5452 1.36961
48.7287 26.5559 1.37013
48.8273 26.5666 1.37065
48.9259 26.5773 1.37117
49.0245 26.5879 1.37169
49.1231 26.5986 1.3722
49.2217 26.6092 1.37272
49.3203 26.6197 1.37323
49.4189 26.6303 1.37374
49.5175 26.6408 1.37426
49.6161 26.6513 1.37477
49.7147 26.6618 1.37527
49.8133 26.6722 1.37578
49.9119 26.6826 1.37629
50.0105 26.693 1.37679
50.1091 26.7034 1.3773
50.2077 26.7138 1.3778
50.3063 26.7241 1.37831
50.4049 26.7344 1.37881
50.5035 26.7447 1.37931
50.6021 26.755 1.37981
50.7007 26.7652 1.3803
50.7993 26.7754 1.3808
50.8979 26.7856 1.3813
50.9965 26.7958 1.38179
51.0951 26.8059 1.38229
51.1937 26.8161 1.38278
51.2923 26.8262 1.38327
51.3909 26.8362 1.38376
51.4895 26.8463 1.38425
51.5881 26.8563 1.38474
51.6867 26.8663 1.38523
51.7853 26.8763 1.38572
51.8839 26.8863 1.3862
51.9825 26.8962 1.38669
52.0811 26.9062 1.38717
52.1797 26.9161 1.38766
52.2783 26.926 1.38814
52.3769 26.9358 1.38862
52.4755 26.9457 1.3891
52.5741 26.9555 1.38958
52.6727 26.9653 1.39006
52.7713 26.975 1.39053
52.8699 26.9848 1.39101
52.9685 26.9945 1.39148
53.0671 27.0042 1.39196
53.1657 27.0139 1.39243
53.2643 27.0236 1.3929
53.3629 27.0332 1.39338
53.4615 27.0429 1.39385
53.5601 27.0525 1.39432
53.6587 27.0621 1.39478
53.7573 27.0716 1.39525
53.8559 27.0812 1.39572
53.9545 27.0907 1.39618
54.0531 27.1002 1.39665
54.1517 27.1097 1.39711
54.2503 27.1191 1.39758
54.3488 27.1286 1.39804
54.4474 27.138 1.3985
54.546 27.1474 1.39896
54.6446 27.1568 1.39942
54.7432 27.1662 1.39988
54.8418 27.1755 1.40034
54.9404 27.1848 1.40079
55.039 27.1941 1.40125
55.1376 27.2034 1.4017
55.2362 27.2127 1.40216
55.3348 27.2219 1.40261
55.4334 27.2312 1.40306
55.532 27.2404 1.40351
55.6306 27.2496 1.40396
55.7292 27.2587 1.40441
55.8278 27.2679 1.40486
55.9264 27.277 1.40531
56.025 27.2861 1.40576
56.1236 27.2952 1.4062
56.2222 27.3043 1.40665
56.3208 27.3134 1.40709
56.4194 27.3224 1.40754
56.518 27.3314 1.40798
56.6166 27.3405 1.40842
56.7152 27.3494 1.40886
56.8138 27.3584 1.4093
56.9124 27.3674 1.40974
57.011 27.3763 1.41018
57.1096 27.3852 1.41062
57.2082 27.3941 1.41106
57.3068 27.403 1.41149
57.4054 27.4118 1.41193
57.504 27.4207 1.41236
57.6026 27.4295 1.4128
57.7012 27.4383 1.41323
57.7998 27.4471 1.41366
57.8984 27.4559 1.41409
57.997 27.4646 1.41452
58.0956 27.4734 1.41495
58.1942 27.4821 1.41538
58.2928 27.4908 1.41581
58.3914 27.4995 1.41624
58.49 27.5082 1.41667
58.5886 27.5168 1.41709
58.6872 27.5254 1.41752
58.7858 27.5341 1.41794
58.8844 27.5427 1.41836
58.983 27.5512 1.41879
59.0816 27.5598 1.41921
59.1802 27.5684 1.41963
59.2788 27.5769 1.42005
59.3774 27.5854 1.42047
59.476 27.5939 1.42089
59.5746 27.6024 1.42131
59.6732 27.6109 1.42173
59.7718 27.6193 1.42214
59.8704 27.6278 1.42256
59.969 27.6362 1.42297
60.0676 27.6446 1.42339
60.1662 27.653 1.4238
60.2648 27.6614 1.42421
60.3634 27.6697 1.42463
60.462 27.6781 1.42504
60.5606 27.6864 1.42545
60.6592 27.6947 1.42586
60.7578 27.703 1.42627
60.8564 27.7113 1.42668
60.955 27.7195 1.42708
61.0536 27.7278 1.42749
61.1522 27.736 1.4279
61.2508 27.7442 1.4283
61.3493 27.7524 1.42871
61.4479 27.7606 1.42911
61.5465 27.7688 1.42952
61.6451 27.7769 1.42992
61.7437 27.7851 1.43032
61.8423 27.7932 1.43072
61.9409 27.8013 1.43112
62.0395 27.8094 1.43152
62.1381 27.8175 1.43192
62.2367 27.8255 1.43232
62.3353 27.8336 1.43272
62.4339 27.8416 1.43312
62.5325 27.8496 1.43351
62.6311 27.8576 1.43391
62.7297 27.8656 1.43431
62.8283 27.8736 1.4347
62.9269 27.8816 1.43509
63.0255 27.8895 1.43549
63.1241 27.8974 1.43588
63.2227 27.9054 1.43627
63.3213 27.9133 1.43666
63.4199 27.9211 1.43705
63.5185 27.929 1.43744
63.6171 27.9369 1.43783
63.7157 27.9447 1.43822
63.8143 27.9526 1.43861
63.9129 27.9604 1.439
64.0115 27.9682 1.43938
64.1101 27.976 1.43977
64.2087 27.9837 1.44015
64.3073 27.9915 1.44054
64.4059 27.9992 1.44092
64.5045 28.007 1.44131
64.6031 28.0147 1.44169
64.7017 28.0224 1.44207
64.8003 28.0301 1.44245
64.8989 28.0378 1.44283
64.9975 28.0454 1.44321
65.0961 28.0531 1.44359
65.1947 28.0607 1.44397
65.2933 28.0683 1.44435
65.3919 28.076 1.44473
65.4905 28.0836 1.44511
65.5891 28.0911 1.44548
65.6877 28.0987 1.44586
65.7863 28.1063 1.44623
65.8849 28.1138 1.44661
65.9835 28.1213 1.44698
66.0821 28.1289 1.44736
66.1807 28.1364 1.44773
66.2793 28.1439 1.4481
66.3779 28.1513 1.44847
66.4765 28.1588 1.44884
66.5751 28.1663 1.44921
66.6737 28.1737 1.44958
66.7723 28.1811 1.44995
66.8709 28.1885 1.45032
66.9695 28.1959 1.45069
67.0681 28.2033 1.45106
67.1667 28.2107 1.45142
67.2653 28.2181 1.45179
67.3639 28.2254 1.45216
67.4625 28.2328 1.45252
67.5611 28.2401 1.45288
67.6597 28.2474 1.45325
67.7583 28.2547 1.45361
67.8569 28.262 1.45397
67.9555 28.2693 1.45434
68.0541 28.2765 1.4547
68.1527 28.2838 1.45506
68.2513 28.291 1.45542
68.3498 28.2982 1.45578
68.4484 28.3054 1.45614
68.547 28.3127 1.4565
68.6456 28.3198 1.45686
68.7442 28.327 1.45721
68.8428 28.3342 1.45757
68.9414 28.3413 1.45793
69.04 28.3485 1.45828
69.1386 28.3556 1.45864
69.2372 28.3627 1.45899
69.3358 28.3698 1.45935
69.4344 28.3769 1.4597
69.533 28.384 1.46005
69.6316 28.3911 1.46041
69.7302 28.3981 1.46076
69.8288 28.4052 1.46111
69.9274 28.4122 1.46146
70.026 28.4193 1.46181
70.1246 28.4263 1.46216
70.2232 28.4333 1.46251
70.3218 28.4403 1.46286
70.4204 28.4472 1.46321
70.519 28.4542 1.46356
70.6176 28.4612 1.4639
70.7162 28.4681 1.46425
70.8148 28.475 1.4646
70.9134 28.482 1.46494
71.012 28.4889 1.46529
71.1106 28.4958 1.46563
71.2092 28.5027 1.46597
71.3078 28.5095 1.46632
71.4064 28.5164 1.46666
71.505 28.5232 1.467
71.6036 28.5301 1.46735
71.7022 28.5369 1.46769
71.8008 28.5437 1.46803
71.8994 28.5506 1.46837
71.998 28.5574 1.46871
72.0966 28.5641 1.46905
72.1952 28.5709 1.46939
72.2938 28.5777 1.46972
72.3924 28.5844 1.47006
72.491 28.5912 1.4704
72.5896 28.5979 1.47074
72.6882 28.6046 1.47107
72.7868 28.6114 1.47141
72.8854 28.6181 1.47174
72.984 28.6248 1.47208
73.0826 28.6314 1.47241
73.1812 28.6381 1.47275
73.2798 28.6448 1.47308
73.3784 28.6514 1.47341
73.477 28.6581 1.47375
73.5756 28.6647 1.47408
73.6742 28.6713 1.47441
73.7728 28.6779 1.47474
73.8714 28.6845 1.47507
73.97 28.6911 1.4754
74.0686 28.6977 1.47573
74.1672 28.7042 1.47606
74.2658 28.7108 1.47639
74.3644 28.7173 1.47671
74.463 28.7239 1.47704
74.5616 28.7304 1.47737
74.6602 28.7369 1.4777
74.7588 28.7434 1.47802
74.8574 28.7499 1.47835
74.956 28.7564 1.47867
75.0546 28.7629 1.479
75.1532 28.7693 1.47932
75.2518 28.7758 1.47965
75.3504 28.7822 1.47997
75.4489 28.7887 1.48029
75.5475 28.7951 1.48061
75.6461 28.8015 1.48094
75.7447 28.8079 1.48126
75.8433 28.8143 1.48158
75.9419 28.8207 1.4819
76.0405 28.8271 1.48222
76.1391 28.8335 1.48254
76.2377 28.8398 1.48286
76.3363 28.8462 1.48318
76.4349 28.8525 1.48349
76.5335 28.8588 1.48381
76.6321 28.8652 1.48413
76.7307 28.8715 1.48445
76.8293 28.8778 1.48476
76.9279 28.8841 1.48508
77.0265 28.8904 1.4854
77.1251 28.8966 1.48571
77.2237 28.9029 1.48603
77.3223 28.9091 1.48634
77.4209 28.9154 1.48665
77.5195 28.9216 1.48697
77.6181 28.9279 1.48728
77.7167 28.9341 1.48759
77.8153 28.9403 1.48791
77.9139 28.9465 1.48822
78.0125 28.9527 1.48853
78.1111 28.9589 1.48884
78.2097 28.965 1.48915
78.3083 28.9712 1.48946
78.4069 28.9774 1.48977
78.5055 28.9835 1.49008
78.6041 28.9896 1.49039
78.7027 28.9958 1.4907
78.8013 29.0019 1.491
78.8999 29.008 1.49131
78.9985 29.0141 1.49162
79.0971 29.0202 1.49193
79.1957 29.0263 1.49223
79.2943 29.0323 1.49254
79.3929 29.0384 1.49284
79.4915 29.0445 1.49315
79.5901 29.0505 1.49345
79.6887 29.0566 1.49376
79.7873 29.0626 1.49406
79.8859 29.0686 1.49436
79.9845 29.0746 1.49467
80.0831 29.0806 1.49497
80.1817 29.0866 1.49527
80.2803 29.0926 1.49557
80.3789 29.0986 1.49588
80.4775 29.1046 1.49618
80.5761 29.1105 1.49648
80.6747 29.1165 1.49678
80.7733 29.1224 1.49708
80.8719 29.1284 1.49738
80.9705 29.1343 1.49768
81.0691 29.1402 1.49797
81.1677 29.1461 1.49827
81.2663 29.152 1.49857
81.3649 29.1579 1.49887
81.4635 29.1638 1.49916
81.5621 29.1697 1.49946
81.6607 29.1756 1.49976
81.7593 29.1814 1.50005
81.8579 29.1873 1.50035
81.9565 29.1931 1.50064
82.0551 29.199 1.50094
82.1537 29.2048 1.50123
82.2523 29.2106 1.50153
82.3509 29.2164 1.50182
82.4494 29.2222 1.50211
82.548 29.228 1.50241
82.6466 29.2338 1.5027
82.7452 29.2396 1.50299
82.8438 29.2454 1.50328
82.9424 29.2511 1.50357
83.041 29.2569 1.50386
83.1396 29.2626 1.50416
83.2382 29.2684 1.50445
83.3368 29.2741 1.50474
83.4354 29.2798 1.50502
83.534 29.2856 1.50531
83.6326 29.2913 1.5056
83.7312 29.297 1.50589
83.8298 29.3027 1.50618
83.9284 29.3084 1.50647
84.027 29.314 1.50675
84.1256 29.3197 1.50704
84.2242 29.3254 1.50733
84.3228 29.331 1.50761
84.4214 29.3367 1.5079
84.52 29.3423 1.50818
84.6186 29.3479 1.50847
84.7172 29.3536 1.50875
84.8158 29.3592 1.50904
84.9144 29.3648 1.50932
85.013 29.3704 1.50961
85.1116 29.376 1.50989
85.2102 29.3816 1.51017
85.3088 29.3872 1.51045
85.4074 29.3927 1.51074
85.506 29.3983 1.51102
85.6046 29.4039 1.5113
85.7032 29.4094 1.51158
85.8018 29.4149 1.51186
85.9004 29.4205 1.51214
85.999 29.426 1.51242
86.0976 29.4315 1.5127
86.1962 29.437 1.51298
86.2948 29.4425 1.51326
86.3934 29.448 1.51354
86.492 29.4535 1.51382
86.5906 29.459 1.51409
86.6892 29.4645 1.51437
86.7878 29.47 1.51465
86.8864 29.4754 1.51493
86.985 29.4809 1.5152
87.0836 29.4863 1.51548
87.1822 29.4918 1.51576
87.2808 29.4972 1.51603
87.3794 29.5026 1.51631
87.478 29.5081 1.51658
87.5766 29.5135 1.51686
87.6752 29.5189 1.51713
87.7738 29.5243 1.5174
87.8724 29.5297 1.51768
87.971 29.535 1.51795
88.0696 29.5404 1.51822
88.1682 29.5458 1.5185
88.2668 29.5511 1.51877
88.3654 29.5565 1.51904
88.464 29.5619 1.51931
88.5626 29.5672 1.51958
88.6612 29.5725 1.51985
88.7598 29.5779 1.52012
88.8584 29.5832 1.52039
88.957 29.5885 1.52066
89.0556 29.5938 1.52093
89.1542 29.5991 1.5212
89.2528 29.6044 1.52147
89.3514 29.6097 1.52174
89.4499 29.615 1.52201
89.5485 29.6202 1.52228
89.6471 29.6255 1.52254
89.7457 29.6308 1.52281
89.8443 29.636 1.52308
89.9429 29.6413 1.52335
90.0415 29.6465 1.52361
90.1401 29.6517 1.52388
90.2387 29.657 1.52414
90.3373 29.6622 1.52441
90.4359 29.6674 1.52467
90.5345 29.6726 1.52494
90.6331 29.6778 1.5252
90.7317 29.683 1.52547
90.8303 29.6882 1.52573
90.9289 29.6934 1.526
91.0275 29.6985 1.52626
91.1261 29.7037 1.52652
91.2247 29.7089 1.52678
91.3233 29.714 1.52705
91.4219 29.7192 1.52731
91.5205 29.7243 1.52757
91.6191 29.7294 1.52783
91.7177 29.7346 1.52809
91.8163 29.7397 1.52835
91.9149 29.7448 1.52861
92.0135 29.7499 1.52887
92.1121 29.755 1.52913
92.2107 29.7601 1.52939
92.3093 29.7652 1.52965
92.4079 29.7703 1.52991
92.5065 29.7754 1.53017
92.6051 29.7804 1.53043
92.7037 29.7855 1.53069
92.8023 29.7906 1.53094
92.9009 29.7956 1.5312
92.9995 29.8007 1.53146
93.0981 29.8057 1.53172
93.1967 29.8107 1.53197
93.2953 29.8158 1.53223
93.3939 29.8208 1.53248
93.4925 29.8258 1.53274
93.5911 29.8308 1.533
93.6897 29.8358 1.53325
93.7883 29.8408 1.53351
93.8869 29.8458 1.53376
93.9855 29.8508 1.53401
94.0841 29.8558 1.53427
94.1827 29.8607 1.53452
94.2813 29.8657 1.53478
94.3799 29.8707 1.53503
94.4785 29.8756 1.53528
94.5771 29.8806 1.53553
94.6757 29.8855 1.53579
94.7743 29.8904 1.53604
94.8729 29.8954 1.53629
94.9715 29.9003 1.53654
95.0701 29.9052 1.53679
95.1687 29.9101 1.53704
95.2673 29.915 1.53729
95.3659 29.9199 1.53754
95.4645 29.9248 1.53779
95.5631 29.9297 1.53804
95.6617 29.9346 1.53829
95.7603 29.9395 1.53854
95.8589 29.9443 1.53879
95.9575 29.9492 1.53904
96.0561 29.9541 1.53929
96.1547 29.9589 1.53953
96.2533 29.9638 1.53978
96.3519 29.9686 1.54003
96.4505 29.9734 1.54028
96.549 29.9783 1.54052
96.6476 29.9831 1.54077
96.7462 29.9879 1.54102
96.8448 29.9927 1.54126
96.9434 29.9975 1.54151
97.042 30.0023 1.54175
97.1406 30.0071 1.542
97.2392 30.0119 1.54224
97.3378 30.0167 1.54249
97.4364 30.0215 1.54273
97.535 30.0263 1.54298
97.6336 30.031 1.54322
97.7322 30.0358 1.54347
97.8308 30.0406 1.54371
97.9294 30.0453 1.54395
98.028 30.05 1.54419
98.1266 30.0548 1.54444
98.2252 30.0595 1.54468
98.3238 30.0643 1.54492
98.4224 30.069 1.54516
98.521 30.0737 1.5454
98.6196 30.0784 1.54565
98.7182 30.0831 1.54589
98.8168 30.0878 1.54613
98.9154 30.0925 1.54637
99.014 30.0972 1.54661
99.1126 30.1019 1.54685
99.2112 30.1066 1.54709
99.3098 30.1112 1.54733
99.4084 30.1159 1.54757
99.507 30.1206 1.5478
99.6056 30.1252 1.54804
99.7042 30.1299 1.54828
99.8028 30.1345 1.54852
99.9014 30.1392 1.54876
100 30.1438 1.54899
