1e-05 71.4159 3.19728
0.00101099 17.0743 0.927354
0.00201198 13.2584 0.790018
0.00301297 11.3259 0.727211
0.00401396 10.0739 0.690284
0.00501495 9.16513 0.665958
0.00601595 8.46141 0.648857
0.00701694 7.89081 0.636297
0.00801793 7.41454 0.626846
0.00901892 7.00786 0.619599
0.0100199 6.65352 0.613935
0.0110209 6.34103 0.609498
0.0120219 6.06261 0.606028
0.0130229 5.81151 0.60329
0.0140239 5.58329 0.601144
0.0150249 5.37459 0.599483
0.0160259 5.18279 0.598235
0.0170268 5.00555 0.597324
0.0180278 4.84076 0.596673
0.0190288 4.68694 0.596247
0.0200298 4.54296 0.596014
0.0210308 4.4078 0.595943
0.0220318 4.28064 0.596018
0.0230328 4.16067 0.596219
0.0240338 4.04712 0.596517
0.0250348 3.93936 0.596891
0.0260358 3.83693 0.597339
0.0270368 3.73941 0.597851
0.0280377 3.64642 0.598415
0.0290387 3.55764 0.599022
0.0300397 3.47277 0.599675
0.0310407 3.39152 0.600366
0.0320417 3.31362 0.601084
0.0330427 3.23882 0.601819
0.0340437 3.16692 0.602565
0.0350447 3.09774 0.60333
0.0360457 3.03114 0.604109
0.0370467 2.96695 0.604895
0.0380477 2.90504 0.605686
0.0390486 2.84529 0.606478
0.0400496 2.78759 0.607279
0.0410506 2.73183 0.608085
0.0420516 2.67788 0.608891
0.0430526 2.62567 0.60969
0.0440536 2.57508 0.610481
0.0450546 2.52605 0.611261
0.0460556 2.4785 0.612038
0.0470566 2.43237 0.612809
0.0480576 2.38759 0.613573
0.0490586 2.3441 0.614328
0.0500595 2.30186 0.615071
0.0510605 2.2608 0.615802
0.0520615 2.22088 0.616527
0.0530625 2.18206 0.617246
0.0540635 2.14428 0.617955
0.0550645 2.10751 0.618652
0.0560655 2.07169 0.619335
0.0570665 2.03679 0.620003
0.0580675 2.00277 0.620654
0.0590685 1.9696 0.621295
0.0600695 1.93727 0.621925
0.0610705 1.90572 0.622543
0.0620714 1.87495 0.623148
0.0630724 1.84491 0.623738
0.0640734 1.81558 0.624313
0.0650744 1.78693 0.624871
0.0660754 1.75896 0.625415
0.0670764 1.73163 0.62595
0.0680774 1.70493 0.626472
0.0690784 1.67883 0.626982
0.0700794 1.65331 0.627477
0.0710804 1.62835 0.627956
0.0720814 1.60394 0.628418
0.0730823 1.58005 0.628863
0.0740833 1.55667 0.629293
0.0750843 1.5338 0.62971
0.0760853 1.51141 0.630114
0.0770863 1.48949 0.630505
0.0780873 1.46803 0.630882
0.0790883 1.447 0.631244
0.0800893 1.42641 0.631591
0.0810903 1.40622 0.631922
0.0820913 1.38644 0.632236
0.0830923 1.36705 0.632539
0.0840932 1.34805 0.63283
0.0850942 1.32942 0.633109
0.0860952 1.31116 0.633375
0.0870962 1.29326 0.633627
0.0880972 1.27569 0.633864
0.0890982 1.25846 0.634086
0.0900992 1.24155 0.634291
0.0911002 1.22495 0.63448
0.0921012 1.20866 0.634655
0.0931022 1.19268 0.634818
0.0941032 1.177 0.634969
0.0951041 1.16161 0.635107
0.0961051 1.14649 0.635231
0.0971061 1.13165 0.635341
0.0981071 1.11707 0.635437
0.0991081 1.10275 0.635518
0.100109 1.08868 0.635585
0.10111 1.07485 0.635636
0.102111 1.06127 0.635675
0.103112 1.04792 0.635703
0.104113 1.03481 0.635719
0.105114 1.02192 0.635723
0.106115 1.00926 0.635714
0.107116 0.99681 0.635691
0.108117 0.984569 0.635654
0.109118 0.972531 0.635604
0.110119 0.960691 0.635538
0.11112 0.949042 0.635459
0.112121 0.93759 0.635367
0.113122 0.926331 0.635263
0.114123 0.915261 0.635149
0.115124 0.904374 0.635022
0.116125 0.893663 0.634883
0.117126 0.883125 0.634731
0.118127 0.872754 0.634566
0.119128 0.862544 0.634388
0.120129 0.852492 0.634197
0.12113 0.842593 0.633992
0.122131 0.832844 0.633774
0.123132 0.82325 0.633545
0.124133 0.813808 0.633305
0.125134 0.804513 0.633054
0.126135 0.795363 0.632791
0.127136 0.786353 0.632517
0.128137 0.77748 0.63223
0.129138 0.768741 0.631932
0.130139 0.760131 0.631621
0.13114 0.751648 0.631297
0.132141 0.743289 0.63096
0.133142 0.735051 0.630611
0.134143 0.726938 0.63025
0.135144 0.718949 0.62988
0.136145 0.711081 0.629499
0.137146 0.70333 0.629106
0.138147 0.695693 0.628703
0.139148 0.688167 0.628289
0.140149 0.680748 0.627863
0.14115 0.673435 0.627425
0.142151 0.666223 0.626975
0.143152 0.659111 0.626513
0.144153 0.652096 0.62604
0.145154 0.645177 0.625555
0.146155 0.63836 0.625059
0.147156 0.631641 0.624554
0.148157 0.625017 0.624039
0.149158 0.618487 0.623513
0.150159 0.612047 0.622977
0.15116 0.605697 0.62243
0.152161 0.599433 0.621872
0.153162 0.593253 0.621303
0.154163 0.587155 0.620723
0.155164 0.581138 0.620132
0.156165 0.575198 0.61953
0.157166 0.569338 0.618917
0.158167 0.56356 0.618294
0.159168 0.557863 0.617662
0.160169 0.552243 0.617021
0.16117 0.546699 0.616369
0.162171 0.541229 0.615708
0.163172 0.535832 0.615037
0.164173 0.530504 0.614355
0.165174 0.525245 0.613664
0.166175 0.520052 0.612962
0.167175 0.514924 0.612249
0.168176 0.509859 0.611527
0.169177 0.504856 0.610794
0.170178 0.49992 0.610051
0.171179 0.495048 0.6093
0.17218 0.490241 0.608539
0.173181 0.485496 0.60777
0.174182 0.480811 0.606991
0.175183 0.476186 0.606202
0.176184 0.471619 0.605405
0.177185 0.467109 0.604598
0.178186 0.462653 0.603781
0.179187 0.458251 0.602956
0.180188 0.453903 0.60212
0.181189 0.449605 0.601276
0.18219 0.44536 0.600422
0.183191 0.441169 0.59956
0.184192 0.437033 0.598689
0.185193 0.432948 0.597811
0.186194 0.428915 0.596923
0.187195 0.424931 0.596027
0.188196 0.420995 0.595123
0.189197 0.417106 0.59421
0.190198 0.413263 0.593288
0.191199 0.409464 0.592358
0.1922 0.405709 0.591419
0.193201 0.401997 0.590471
0.194202 0.398325 0.589514
0.195203 0.394695 0.588549
0.196204 0.39111 0.587575
0.197205 0.387568 0.586594
0.198206 0.384068 0.585604
0.199207 0.38061 0.584607
0.200208 0.377192 0.583601
0.201209 0.373814 0.582588
0.20221 0.370475 0.581567
0.203211 0.367174 0.580538
0.204212 0.36391 0.579502
0.205213 0.360682 0.578458
0.206214 0.35749 0.577406
0.207215 0.354332 0.576347
0.208216 0.35121 0.57528
0.209217 0.348124 0.574206
0.210218 0.345074 0.573125
0.211219 0.342061 0.572036
0.21222 0.339082 0.570941
0.213221 0.336138 0.569839
0.214222 0.333226 0.568729
0.215223 0.330348 0.567613
0.216224 0.3275 0.566489
0.217225 0.324684 0.565359
0.218226 0.321897 0.564221
0.219227 0.31914 0.563076
0.220228 0.316412 0.561924
0.221229 0.313711 0.560766
0.22223 0.311039 0.5596
0.223231 0.308397 0.558427
0.224232 0.305785 0.557248
0.225233 0.303202 0.556062
0.226234 0.300647 0.554869
0.227235 0.29812 0.55367
0.228236 0.295621 0.552464
0.229237 0.293148 0.551253
0.230238 0.290701 0.550035
0.231239 0.28828 0.548811
0.23224 0.285884 0.547581
0.233241 0.283512 0.546345
0.234242 0.281164 0.545103
0.235243 0.278839 0.543856
0.236244 0.276539 0.542603
0.237245 0.274264 0.541345
0.238246 0.272014 0.54008
0.239247 0.269788 0.53881
0.240248 0.267587 0.537535
0.241249 0.265408 0.536254
0.24225 0.263252 0.534967
0.243251 0.261119 0.533675
0.244252 0.259007 0.532377
0.245253 0.256916 0.531075
0.246254 0.254846 0.529766
0.247255 0.252796 0.528453
0.248256 0.250766 0.527135
0.249257 0.248754 0.525811
0.250258 0.246763 0.524483
0.251259 0.244792 0.523148
0.25226 0.242842 0.521809
0.253261 0.240912 0.520464
0.254262 0.239001 0.519114
0.255263 0.23711 0.517759
0.256264 0.235239 0.5164
0.257265 0.233385 0.515035
0.258266 0.23155 0.513667
0.259267 0.229733 0.512294
0.260268 0.227934 0.510916
0.261269 0.226152 0.509535
0.26227 0.224386 0.50815
0.263271 0.222637 0.506761
0.264272 0.220905 0.505368
0.265273 0.21919 0.503971
0.266274 0.217493 0.50257
0.267275 0.215813 0.501165
0.268276 0.21415 0.499755
0.269277 0.212504 0.498342
0.270278 0.210874 0.496924
0.271279 0.20926 0.495503
0.27228 0.207661 0.494078
0.273281 0.206078 0.49265
0.274282 0.204509 0.491218
0.275283 0.202954 0.489782
0.276284 0.201414 0.488343
0.277285 0.199887 0.486901
0.278285 0.198374 0.485455
0.279286 0.196874 0.484006
0.280287 0.195389 0.482553
0.281288 0.193918 0.481097
0.282289 0.192462 0.479636
0.28329 0.19102 0.478172
0.284291 0.189591 0.476705
0.285292 0.188176 0.475234
0.286293 0.186774 0.47376
0.287294 0.185384 0.472284
0.288295 0.184008 0.470805
0.289296 0.182644 0.469323
0.290297 0.181292 0.467839
0.291298 0.179952 0.466353
0.292299 0.178624 0.464865
0.2933 0.177307 0.463374
0.294301 0.176002 0.461882
0.295302 0.174709 0.460387
0.296303 0.173429 0.458889
0.297304 0.172161 0.457388
0.298305 0.170905 0.455885
0.299306 0.16966 0.454379
0.300307 0.168427 0.452872
0.301308 0.167205 0.451362
0.302309 0.165994 0.44985
0.30331 0.164793 0.448336
0.304311 0.163603 0.44682
0.305312 0.162424 0.445303
0.306313 0.161254 0.443784
0.307314 0.160093 0.442263
0.308315 0.158943 0.440741
0.309316 0.157802 0.439217
0.310317 0.156671 0.437691
0.311318 0.155551 0.436162
0.312319 0.154441 0.434632
0.31332 0.153341 0.433099
0.314321 0.15225 0.431565
0.315322 0.15117 0.430029
0.316323 0.150098 0.428491
0.317324 0.149037 0.426952
0.318325 0.147984 0.425413
0.319326 0.14694 0.423872
0.320327 0.145905 0.422331
0.321328 0.144878 0.420789
0.322329 0.14386 0.419247
0.32333 0.142851 0.417705
0.324331 0.141849 0.416162
0.325332 0.140857 0.414619
0.326333 0.139874 0.413074
0.327334 0.1389 0.411528
0.328335 0.137934 0.409981
0.329336 0.136977 0.408434
0.330337 0.136028 0.406885
0.331338 0.135087 0.405336
0.332339 0.134155 0.403787
0.33334 0.13323 0.402237
0.334341 0.132312 0.400687
0.335342 0.131402 0.399136
0.336343 0.130499 0.397586
0.337344 0.129604 0.396036
0.338345 0.128715 0.394485
0.339346 0.127833 0.392935
0.340347 0.126958 0.391385
0.341348 0.12609 0.389834
0.342349 0.125231 0.388281
0.34335 0.124378 0.386728
0.344351 0.123532 0.385175
0.345352 0.122694 0.383622
0.346353 0.121862 0.382068
0.347354 0.121038 0.380515
0.348355 0.12022 0.378962
0.349356 0.119408 0.37741
0.350357 0.118603 0.375858
0.351358 0.117805 0.374307
0.352359 0.117012 0.372757
0.35336 0.116226 0.371208
0.354361 0.115445 0.36966
0.355362 0.114671 0.368114
0.356363 0.113903 0.366568
0.357364 0.113142 0.365022
0.358365 0.112387 0.363477
0.359366 0.111639 0.361932
0.360367 0.110897 0.360388
0.361368 0.11016 0.358844
0.362369 0.10943 0.357301
0.36337 0.108705 0.355759
0.364371 0.107987 0.354218
0.365372 0.107273 0.352678
0.366373 0.106565 0.351139
0.367374 0.105862 0.349602
0.368375 0.105165 0.348066
0.369376 0.104473 0.346532
0.370377 0.103785 0.344999
0.371378 0.103103 0.343468
0.372379 0.102426 0.341937
0.37338 0.101754 0.340406
0.374381 0.101088 0.338877
0.375382 0.100427 0.337348
0.376383 0.0997714 0.33582
0.377384 0.0991208 0.334293
0.378385 0.0984751 0.332768
0.379386 0.0978344 0.331245
0.380387 0.0971986 0.329723
0.381388 0.0965675 0.328203
0.382389 0.0959411 0.326685
0.38339 0.0953194 0.32517
0.384391 0.0947021 0.323656
0.385392 0.0940893 0.322146
0.386393 0.0934809 0.320638
0.387394 0.092877 0.319132
0.388395 0.092278 0.317628
0.389395 0.0916838 0.316126
0.390396 0.0910943 0.314625
0.391397 0.0905094 0.313126
0.392398 0.089929 0.311628
0.393399 0.0893531 0.310133
0.3944 0.0887814 0.30864
0.395401 0.088214 0.307149
0.396402 0.0876507 0.30566
0.397403 0.0870914 0.304174
0.398404 0.0865361 0.30269
0.399405 0.0859847 0.301209
0.400406 0.085437 0.29973
0.401407 0.084893 0.298254
0.402408 0.0843527 0.296781
0.403409 0.083816 0.29531
0.40441 0.0832834 0.293841
0.405411 0.0827547 0.292374
0.406412 0.08223 0.290909
0.407413 0.0817092 0.289445
0.408414 0.0811922 0.287984
0.409415 0.0806789 0.286525
0.410416 0.0801693 0.285069
0.411417 0.0796634 0.283615
0.412418 0.079161 0.282165
0.413419 0.0786621 0.280717
0.41442 0.0781667 0.279272
0.415421 0.0776747 0.277831
0.416422 0.0771861 0.276393
0.417423 0.0767007 0.274959
0.418424 0.0762187 0.273529
0.419425 0.0757398 0.272102
0.420426 0.0752647 0.270677
0.421427 0.074793 0.269256
0.422428 0.0743249 0.267837
0.423429 0.0738603 0.266421
0.42443 0.073399 0.265008
0.425431 0.0729409 0.263598
0.426432 0.0724861 0.262191
0.427433 0.0720344 0.260787
0.428434 0.0715858 0.259386
0.429435 0.0711402 0.257989
0.430436 0.0706975 0.256595
0.431437 0.0702577 0.255204
0.432438 0.0698207 0.253817
0.433439 0.0693864 0.252434
0.43444 0.0689548 0.251054
0.435441 0.0685259 0.249678
0.436442 0.0680998 0.248305
0.437443 0.0676767 0.246934
0.438444 0.0672565 0.245566
0.439445 0.0668392 0.244201
0.440446 0.0664247 0.24284
0.441447 0.066013 0.241481
0.442448 0.0656041 0.240126
0.443449 0.0651978 0.238774
0.44445 0.0647943 0.237426
0.445451 0.0643934 0.236081
0.446452 0.063995 0.234741
0.447453 0.0635992 0.233404
0.448454 0.063206 0.232072
0.449455 0.0628152 0.230743
0.450456 0.0624268 0.229419
0.451457 0.0620408 0.228099
0.452458 0.0616574 0.226784
0.453459 0.0612766 0.225472
0.45446 0.0608985 0.224163
0.455461 0.060523 0.222858
0.456462 0.06015 0.221556
0.457463 0.0597795 0.220258
0.458464 0.0594115 0.218964
0.459465 0.0590458 0.217674
0.460466 0.0586824 0.216388
0.461467 0.0583213 0.215105
0.462468 0.0579625 0.213827
0.463469 0.0576058 0.212552
0.46447 0.0572512 0.211282
0.465471 0.0568987 0.210016
0.466472 0.0565483 0.208754
0.467473 0.0561998 0.207496
0.468474 0.0558533 0.206243
0.469475 0.0555089 0.204993
0.470476 0.0551668 0.203746
0.471477 0.0548268 0.202503
0.472478 0.0544889 0.201264
0.473479 0.0541532 0.200029
0.47448 0.0538195 0.198797
0.475481 0.0534879 0.197569
0.476482 0.0531584 0.196346
0.477483 0.0528308 0.195126
0.478484 0.0525052 0.193911
0.479485 0.0521815 0.1927
0.480486 0.0518598 0.191494
0.481487 0.0515399 0.190292
0.482488 0.0512219 0.189095
0.483489 0.0509057 0.187902
0.48449 0.0505913 0.186714
0.485491 0.0502788 0.185531
0.486492 0.0499684 0.184352
0.487493 0.0496599 0.183177
0.488494 0.0493534 0.182006
0.489495 0.0490488 0.180839
0.490496 0.0487461 0.179677
0.491497 0.0484452 0.178519
0.492498 0.0481461 0.177365
0.493499 0.0478487 0.176215
0.4945 0.0475531 0.175069
0.495501 0.0472592 0.173928
0.496502 0.0469668 0.172792
0.497503 0.0466761 0.171659
0.498504 0.046387 0.170531
0.499505 0.0460993 0.169408
0.500505 0.0458132 0.168289
0.501506 0.0455285 0.167175
0.502507 0.0452453 0.166065
0.503508 0.0449638 0.164958
0.504509 0.0446839 0.163856
0.50551 0.0444056 0.162758
0.506511 0.0441289 0.161664
0.507512 0.0438538 0.160574
0.508513 0.0435802 0.159488
0.509514 0.0433082 0.158407
0.510515 0.0430376 0.157329
0.511516 0.0427686 0.156257
0.512517 0.042501 0.155189
0.513518 0.0422349 0.154125
0.514519 0.0419702 0.153067
0.51552 0.0417069 0.152013
0.516521 0.041445 0.150963
0.517522 0.0411845 0.149919
0.518523 0.0409253 0.14888
0.519524 0.0406676 0.147845
0.520525 0.0404115 0.146814
0.521526 0.0401568 0.145788
0.522527 0.0399036 0.144766
0.523528 0.0396519 0.143749
0.524529 0.0394015 0.142736
0.52553 0.0391526 0.141728
0.526531 0.0389049 0.140724
0.527532 0.0386586 0.139724
0.528533 0.0384136 0.138729
0.529534 0.0381698 0.137739
0.530535 0.0379272 0.136753
0.531536 0.0376859 0.135771
0.532537 0.0374457 0.134794
0.533538 0.0372067 0.133822
0.534539 0.0369688 0.132854
0.53554 0.036732 0.13189
0.536541 0.0364964 0.130931
0.537542 0.036262 0.129976
0.538543 0.0360289 0.129025
0.539544 0.0357969 0.128078
0.540545 0.0355662 0.127135
0.541546 0.0353366 0.126197
0.542547 0.0351083 0.125263
0.543548 0.034881 0.124334
0.544549 0.034655 0.123409
0.54555 0.03443 0.122488
0.546551 0.0342062 0.121572
0.547552 0.0339836 0.120661
0.548553 0.033762 0.119754
0.549554 0.0335415 0.118852
0.550555 0.0333221 0.117954
0.551556 0.0331038 0.117061
0.552557 0.0328866 0.116173
0.553558 0.0326705 0.11529
0.554559 0.0324556 0.114411
0.55556 0.0322418 0.113536
0.556561 0.0320292 0.112666
0.557562 0.0318177 0.1118
0.558563 0.0316072 0.110939
0.559564 0.0313978 0.110082
0.560565 0.0311895 0.109229
0.561566 0.0309822 0.108381
0.562567 0.0307759 0.107538
0.563568 0.0305706 0.106698
0.564569 0.0303662 0.105863
0.56557 0.0301627 0.105032
0.566571 0.0299602 0.104206
0.567572 0.0297586 0.103384
0.568573 0.0295578 0.102566
0.569574 0.0293579 0.101753
0.570575 0.0291589 0.100944
0.571576 0.0289608 0.100139
0.572577 0.0287637 0.0993379
0.573578 0.0285675 0.0985411
0.574579 0.0283722 0.0977485
0.57558 0.0281779 0.0969601
0.576581 0.0279845 0.0961759
0.577582 0.0277919 0.0953959
0.578583 0.0276003 0.0946202
0.579584 0.0274096 0.0938488
0.580585 0.0272198 0.0930818
0.581586 0.0270309 0.092319
0.582587 0.0268428 0.0915607
0.583588 0.0266557 0.0908067
0.584589 0.0264694 0.0900571
0.58559 0.026284 0.089312
0.586591 0.0260994 0.0885713
0.587592 0.0259157 0.087835
0.588593 0.025733 0.087103
0.589594 0.0255512 0.0863753
0.590595 0.0253703 0.0856518
0.591596 0.0251902 0.0849326
0.592597 0.0250111 0.0842176
0.593598 0.0248327 0.0835068
0.594599 0.0246552 0.0828001
0.5956 0.0244786 0.0820976
0.596601 0.0243027 0.0813992
0.597602 0.0241277 0.0807049
0.598603 0.0239534 0.0800148
0.599604 0.0237799 0.0793287
0.600605 0.0236072 0.0786466
0.601606 0.0234351 0.0779686
0.602607 0.0232639 0.0772946
0.603608 0.0230933 0.0766246
0.604609 0.0229234 0.0759586
0.60561 0.0227543 0.0752965
0.606611 0.0225859 0.0746383
0.607612 0.0224183 0.073984
0.608613 0.0222515 0.0733337
0.609614 0.0220854 0.0726872
0.610615 0.02192 0.0720448
0.611615 0.0217554 0.0714063
0.612616 0.0215915 0.0707717
0.613617 0.0214284 0.0701411
0.614618 0.021266 0.0695145
0.615619 0.0211044 0.0688918
0.61662 0.0209435 0.0682732
0.617621 0.0207833 0.0676585
0.618622 0.0206239 0.0670478
0.619623 0.0204652 0.066441
0.620624 0.0203073 0.0658383
0.621625 0.0201501 0.0652396
0.622626 0.0199936 0.0646449
0.623627 0.0198379 0.0640542
0.624628 0.019683 0.0634674
0.625629 0.0195288 0.0628845
0.62663 0.0193753 0.0623055
0.627631 0.0192225 0.0617304
0.628632 0.0190705 0.0611591
0.629633 0.0189191 0.0605916
0.630634 0.0187685 0.0600279
0.631635 0.0186185 0.0594679
0.632636 0.0184693 0.0589117
0.633637 0.0183207 0.0583591
0.634638 0.0181727 0.0578102
0.635639 0.0180254 0.0572649
0.63664 0.0178788 0.0567233
0.637641 0.0177328 0.0561852
0.638642 0.0175874 0.0556507
0.639643 0.0174427 0.0551197
0.640644 0.0172986 0.0545924
0.641645 0.0171551 0.0540686
0.642646 0.0170123 0.0535485
0.643647 0.0168701 0.0530319
0.644648 0.0167286 0.0525189
0.645649 0.0165877 0.0520095
0.64665 0.0164474 0.0515036
0.647651 0.0163079 0.0510013
0.648652 0.0161689 0.0505025
0.649653 0.0160307 0.0500072
0.650654 0.0158931 0.0495155
0.651655 0.0157561 0.0490272
0.652656 0.0156198 0.0485425
0.653657 0.0154842 0.0480613
0.654658 0.0153493 0.0475836
0.655659 0.015215 0.0471093
0.65666 0.0150814 0.0466386
0.657661 0.0149484 0.0461714
0.658662 0.0148161 0.0457078
0.659663 0.0146845 0.0452477
0.660664 0.0145535 0.0447911
0.661665 0.0144232 0.0443379
0.662666 0.0142935 0.0438882
0.663667 0.0141644 0.0434419
0.664668 0.014036 0.0429989
0.665669 0.0139082 0.0425592
0.66667 0.0137811 0.0421228
0.667671 0.0136545 0.0416896
0.668672 0.0135286 0.0412597
0.669673 0.0134033 0.0408329
0.670674 0.0132786 0.0404093
0.671675 0.0131545 0.0399887
0.672676 0.013031 0.0395713
0.673677 0.0129081 0.0391569
0.674678 0.0127858 0.0387456
0.675679 0.0126641 0.0383375
0.67668 0.0125429 0.0379325
0.677681 0.0124223 0.0375308
0.678682 0.0123023 0.0371321
0.679683 0.012183 0.0367366
0.680684 0.0120642 0.0363442
0.681685 0.011946 0.0359549
0.682686 0.0118284 0.0355686
0.683687 0.0117114 0.0351855
0.684688 0.0115951 0.0348053
0.685689 0.0114794 0.0344282
0.68669 0.0113643 0.034054
0.687691 0.0112499 0.0336829
0.688692 0.0111361 0.0333147
0.689693 0.011023 0.0329495
0.690694 0.0109105 0.0325872
0.691695 0.0107987 0.0322279
0.692696 0.0106875 0.0318716
0.693697 0.0105769 0.0315184
0.694698 0.010467 0.0311683
0.695699 0.0103576 0.0308213
0.6967 0.0102489 0.0304771
0.697701 0.0101408 0.030136
0.698702 0.0100333 0.0297977
0.699703 0.00992639 0.0294623
0.700704 0.00982011 0.0291297
0.701705 0.00971445 0.0287999
0.702706 0.00960939 0.0284728
0.703707 0.00950495 0.0281485
0.704708 0.0094011 0.0278268
0.705709 0.00929787 0.0275077
0.70671 0.00919524 0.0271913
0.707711 0.00909321 0.0268774
0.708712 0.00899179 0.026566
0.709713 0.00889095 0.0262572
0.710714 0.00879067 0.0259511
0.711715 0.00869096 0.0256478
0.712716 0.00859181 0.0253471
0.713717 0.00849324 0.0250491
0.714718 0.00839524 0.0247537
0.715719 0.00829784 0.024461
0.71672 0.00820104 0.0241709
0.717721 0.00810484 0.0238833
0.718722 0.00800925 0.0235983
0.719723 0.00791427 0.0233158
0.720724 0.00781992 0.0230359
0.721725 0.0077262 0.0227584
0.722725 0.00763311 0.0224834
0.723726 0.00754066 0.0222108
0.724727 0.00744887 0.0219406
0.725728 0.00735773 0.0216729
0.726729 0.00726724 0.0214075
0.72773 0.0071774 0.0211446
0.728731 0.00708816 0.0208843
0.729732 0.00699954 0.0206266
0.730733 0.00691152 0.0203715
0.731734 0.00682412 0.0201188
0.732735 0.00673733 0.0198685
0.733736 0.00665115 0.0196207
0.734737 0.00656559 0.0193753
0.735738 0.00648063 0.0191321
0.736739 0.00639629 0.0188913
0.73774 0.00631256 0.0186527
0.738741 0.00622944 0.0184163
0.739742 0.00614693 0.0181822
0.740743 0.00606503 0.0179501
0.741744 0.00598375 0.0177202
0.742745 0.00590308 0.0174923
0.743746 0.00582302 0.0172665
0.744747 0.00574357 0.0170426
0.745748 0.0056647 0.016821
0.746749 0.0055864 0.0166016
0.74775 0.00550868 0.0163845
0.748751 0.00543155 0.0161695
0.749752 0.005355 0.0159567
0.750753 0.00527904 0.0157461
0.751754 0.00520369 0.0155376
0.752755 0.00512893 0.0153311
0.753756 0.00505478 0.0151268
0.754757 0.00498124 0.0149245
0.755758 0.00490832 0.0147241
0.756759 0.00483602 0.0145258
0.75776 0.00476435 0.0143295
0.758761 0.0046933 0.0141351
0.759762 0.00462289 0.0139426
0.760763 0.00455311 0.0137519
0.761764 0.00448398 0.0135632
0.762765 0.00441549 0.0133763
0.763766 0.00434762 0.0131915
0.764767 0.00428036 0.0130088
0.765768 0.0042137 0.0128281
0.766769 0.00414766 0.0126495
0.76777 0.00408222 0.0124728
0.768771 0.00401739 0.0122981
0.769772 0.00395316 0.0121252
0.770773 0.00388954 0.0119543
0.771774 0.00382653 0.0117851
0.772775 0.00376411 0.0116178
0.773776 0.0037023 0.0114522
0.774777 0.00364109 0.0112883
0.775778 0.00358049 0.0111261
0.776779 0.00352048 0.0109656
0.77778 0.00346107 0.0108067
0.778781 0.00340226 0.0106494
0.779782 0.00334405 0.0104936
0.780783 0.00328644 0.0103394
0.781784 0.0032294 0.010187
0.782785 0.00317295 0.0100364
0.783786 0.00311708 0.00988755
0.784787 0.0030618 0.00974042
0.785788 0.0030071 0.00959499
0.786789 0.00295299 0.00945123
0.78779 0.00289946 0.00930911
0.788791 0.00284652 0.00916862
0.789792 0.00279417 0.00902973
0.790793 0.00274241 0.0088924
0.791794 0.00269124 0.00875662
0.792795 0.00264066 0.00862235
0.793796 0.00259067 0.00848958
0.794797 0.00254128 0.00835828
0.795798 0.00249247 0.00822842
0.796799 0.00244426 0.00809997
0.7978 0.00239665 0.00797292
0.798801 0.00234963 0.00784733
0.799802 0.00230321 0.00772338
0.800803 0.00225739 0.00760104
0.801804 0.00221217 0.00748028
0.802805 0.00216753 0.00736107
0.803806 0.00212347 0.00724336
0.804807 0.00207999 0.00712714
0.805808 0.00203708 0.00701236
0.806809 0.00199474 0.006899
0.80781 0.00195295 0.00678703
0.808811 0.00191173 0.0066764
0.809812 0.00187106 0.0065671
0.810813 0.00183093 0.00645908
0.811814 0.00179135 0.00635232
0.812815 0.00175231 0.00624679
0.813816 0.00171379 0.00614246
0.814817 0.00167581 0.00603929
0.815818 0.00163835 0.00593725
0.816819 0.00160143 0.00583644
0.81782 0.00156507 0.005737
0.818821 0.00152926 0.00563891
0.819822 0.00149401 0.00554216
0.820823 0.00145931 0.00544671
0.821824 0.00142514 0.00535255
0.822825 0.00139151 0.00525964
0.823826 0.00135841 0.00516796
0.824827 0.00132583 0.00507749
0.825828 0.00129376 0.0049882
0.826829 0.00126221 0.00490007
0.82783 0.00123116 0.00481308
0.828831 0.00120061 0.00472719
0.829832 0.00117055 0.00464239
0.830833 0.00114098 0.00455866
0.831834 0.00111189 0.00447596
0.832835 0.00108329 0.00439429
0.833835 0.00105515 0.0043136
0.834836 0.00102751 0.004234
0.835837 0.00100041 0.00415562
0.836838 0.000973849 0.00407843
0.837839 0.000947806 0.00400242
0.83884 0.000922272 0.00392754
0.839841 0.000897238 0.00385378
0.840842 0.00087269 0.0037811
0.841843 0.00084862 0.00370948
0.842844 0.000825016 0.00363888
0.843845 0.000801868 0.00356929
0.844846 0.000779164 0.00350068
0.845847 0.000756894 0.00343301
0.846848 0.000735048 0.00336627
0.847849 0.000713616 0.00330042
0.84885 0.000692586 0.00323544
0.849851 0.000671949 0.00317131
0.850852 0.000651695 0.00310799
0.851853 0.000631813 0.00304546
0.852854 0.000612343 0.00298381
0.853855 0.000593349 0.00292317
0.854856 0.000574819 0.00286352
0.855857 0.00055674 0.00280483
0.856858 0.0005391 0.00274709
0.857859 0.000521886 0.00269027
0.85886 0.000505087 0.00263435
0.859861 0.00048869 0.00257931
0.860862 0.000472683 0.00252513
0.861863 0.000457054 0.00247178
0.862864 0.000441791 0.00241925
0.863865 0.000426883 0.00236752
0.864866 0.000412317 0.00231656
0.865867 0.000398083 0.00226636
0.866868 0.000384167 0.00221688
0.867869 0.00037056 0.00216812
0.86887 0.000357249 0.00212005
0.869871 0.000344223 0.00207266
0.870872 0.000331529 0.00202601
0.871873 0.000319244 0.00198023
0.872874 0.000307354 0.0019353
0.873875 0.000295844 0.00189119
0.874876 0.0002847 0.00184789
0.875877 0.000273905 0.00180536
0.876878 0.000263446 0.0017636
0.877879 0.000253308 0.00172257
0.87888 0.000243477 0.00168225
0.879881 0.000233938 0.00164263
0.880882 0.000224676 0.00160367
0.881883 0.000215678 0.00156536
0.882884 0.000206929 0.00152767
0.883885 0.000198416 0.00149059
0.884886 0.000190124 0.00145409
0.885887 0.000182039 0.00141815
0.886888 0.000174148 0.00138276
0.887889 0.000166438 0.00134788
0.88889 0.000158952 0.00131358
0.889891 0.000151778 0.00127998
0.890892 0.000144906 0.00124706
0.891893 0.000138319 0.00121481
0.892894 0.000132005 0.00118321
0.893895 0.00012595 0.00115224
0.894896 0.000120139 0.00112189
0.895897 0.00011456 0.00109213
0.896898 0.000109197 0.00106294
0.897899 0.000104039 0.00103432
0.8989 9.90703e-05 0.00100624
0.899901 9.4279e-05 0.000978683
0.900902 8.96512e-05 0.000951635
0.901903 8.5174e-05 0.000925078
0.902904 8.0834e-05 0.000898995
0.903905 7.66183e-05 0.00087337
0.904906 7.2514e-05 0.000848184
0.905907 6.85082e-05 0.000823423
0.906908 6.46384e-05 0.000799136
0.907909 6.09883e-05 0.000775435
0.90891 5.7548e-05 0.000752306
0.909911 5.43051e-05 0.000729729
0.910912 5.12472e-05 0.000707688
0.911913 4.83621e-05 0.000686163
0.912914 4.56376e-05 0.000665138
0.913915 4.30618e-05 0.000644593
0.914916 4.06225e-05 0.000624512
0.915917 3.83079e-05 0.000604877
0.916918 3.61061e-05 0.00058567
0.917919 3.40054e-05 0.000566874
0.91892 3.19941e-05 0.000548472
0.919921 3.00605e-05 0.000530447
0.920922 2.81932e-05 0.000512781
0.921923 2.63806e-05 0.000495458
0.922924 2.46114e-05 0.000478462
0.923925 2.28742e-05 0.000461774
0.924926 2.11984e-05 0.000445443
0.925927 1.96501e-05 0.000429572
0.926928 1.82226e-05 0.000414149
0.927929 1.69076e-05 0.000399158
0.92893 1.56967e-05 0.000384585
0.929931 1.45814e-05 0.000370414
0.930932 1.35537e-05 0.00035663
0.931933 1.26051e-05 0.000343219
0.932934 1.17276e-05 0.000330166
0.933935 1.09131e-05 0.000317456
0.934936 1.01535e-05 0.000305075
0.935937 9.44068e-06 0.000293007
0.936938 8.7668e-06 0.00028124
0.937939 8.12391e-06 0.000269757
0.93894 7.50416e-06 0.000258546
0.939941 6.89972e-06 0.000247593
0.940942 6.30284e-06 0.000236882
0.941943 5.7058e-06 0.0002264
0.942944 5.13328e-06 0.000216205
0.943945 4.62164e-06 0.000206374
0.944945 4.16636e-06 0.000196894
0.945946 3.76277e-06 0.000187751
0.946947 3.40624e-06 0.000178932
0.947948 3.09216e-06 0.000170423
0.948949 2.81596e-06 0.000162209
0.94995 2.57307e-06 0.000154279
0.950951 2.35899e-06 0.000146617
0.951952 2.16922e-06 0.000139212
0.952953 1.99929e-06 0.000132049
0.953954 1.84476e-06 0.000125115
0.954955 1.70124e-06 0.000118398
0.955956 1.56433e-06 0.000111884
0.956957 1.42968e-06 0.000105561
0.957958 1.29297e-06 9.94152e-05
0.958959 1.14989e-06 9.34341e-05
0.95996 9.97781e-07 8.76125e-05
0.960961 8.58777e-07 8.20545e-05
0.961962 7.39815e-07 7.6786e-05
0.962963 6.39073e-07 7.17919e-05
0.963964 5.54738e-07 6.70572e-05
0.964965 4.85012e-07 6.25668e-05
0.965966 4.28105e-07 5.83057e-05
0.966967 3.82238e-07 5.42593e-05
0.967968 3.45644e-07 5.04128e-05
0.968969 3.16567e-07 4.67516e-05
0.96997 2.93262e-07 4.32611e-05
0.970971 2.73993e-07 3.99268e-05
0.971972 2.57036e-07 3.67344e-05
0.972973 2.40678e-07 3.36697e-05
0.973974 2.23216e-07 3.07183e-05
0.974975 2.02956e-07 2.78663e-05
0.975976 1.78219e-07 2.50997e-05
0.976977 1.48802e-07 2.24277e-05
0.977978 1.23102e-07 1.99871e-05
0.978979 1.0224e-07 1.77846e-05
0.97998 8.56334e-08 1.57989e-05
0.980981 7.27003e-08 1.40088e-05
0.981982 6.28636e-08 1.23932e-05
0.982983 5.55497e-08 1.09311e-05
0.983984 5.01883e-08 9.6017e-06
0.984985 4.62125e-08 8.3843e-06
0.985986 4.3059e-08 7.25832e-06
0.986987 4.01678e-08 6.2033e-06
0.987988 3.69823e-08 5.19892e-06
0.988989 3.29493e-08 4.22495e-06
0.98999 2.75191e-08 3.26132e-06
0.990991 2.13756e-08 2.38026e-06
0.991992 1.6619e-08 1.7326e-06
0.992993 1.29839e-08 1.26908e-06
0.993994 1.01318e-08 9.34752e-07
0.994995 7.72602e-09 6.75025e-07
0.995996 5.43216e-09 4.35626e-07
0.996997 3.09628e-09 1.94015e-07
0.997998 1.59037e-09 9.70346e-08
0.998999 4.79164e-10 4.19485e-08
1 2.14595e-26 8.09775e-24
