1.5 1.96343 0.392235
1.5986 2.46734 0.408365
1.6972 2.94988 0.423958
1.7958 3.41 0.438953
1.89439 3.85054 0.453416
1.99299 4.27207 0.467349
2.09159 4.67471 0.480747
2.19019 5.06052 0.49366
2.28879 5.43095 0.506124
2.38739 5.78644 0.518149
2.48599 6.12748 0.529744
2.58458 6.45526 0.540943
2.68318 6.77125 0.551785
2.78178 7.07592 0.562282
2.88038 7.36974 0.572446
2.97898 7.65316 0.582291
3.07758 7.92668 0.59183
3.17618 8.19137 0.601093
3.27477 8.44779 0.610097
3.37337 8.69629 0.618851
3.47197 8.93722 0.627366
3.57057 9.17087 0.63565
3.66917 9.39756 0.643712
3.76777 9.61756 0.651562
3.86637 9.8322 0.659213
3.96496 10.0423 0.66668
4.06356 10.2474 0.673969
4.16216 10.4472 0.681089
4.26076 10.6416 0.688045
4.35936 10.8302 0.694843
4.45796 11.0129 0.701489
4.55656 11.1897 0.707989
4.65516 11.3604 0.714348
4.75375 11.525 0.72057
4.85235 11.6837 0.726665
4.95095 11.8371 0.732639
5.04955 11.9858 0.738497
5.14815 12.1301 0.744242
5.24675 12.2704 0.749879
5.34535 12.4071 0.755409
5.44394 12.5405 0.760838
5.54254 12.671 0.766166
5.64114 12.7987 0.771399
5.73974 12.9239 0.776538
5.83834 13.0469 0.781587
5.93694 13.1679 0.786547
6.03554 13.2871 0.791421
6.13413 13.4047 0.796213
6.23273 13.5204 0.800925
6.33133 13.6342 0.805562
6.42993 13.746 0.810127
6.52853 13.856 0.814621
6.62713 13.9641 0.819046
6.72573 14.0705 0.823404
6.82432 14.1752 0.827697
6.92292 14.2782 0.831926
7.02152 14.3795 0.836093
7.12012 14.4793 0.8402
7.21872 14.5776 0.844249
7.31732 14.6743 0.84824
7.41592 14.7696 0.852175
7.51451 14.8634 0.856055
7.61311 14.9558 0.859882
7.71171 15.0469 0.863658
7.81031 15.1367 0.867382
7.90891 15.2251 0.871057
8.00751 15.3123 0.874683
8.10611 15.3983 0.878262
8.2047 15.4831 0.881796
8.3033 15.5667 0.885287
8.4019 15.6493 0.888734
8.5005 15.7308 0.892141
8.5991 15.8112 0.895506
8.6977 15.8906 0.898832
8.7963 15.969 0.902118
8.89489 16.0464 0.905366
8.99349 16.1229 0.908577
9.09209 16.1984 0.911752
9.19069 16.273 0.91489
9.28929 16.3467 0.917993
9.38789 16.4195 0.921062
9.48649 16.4915 0.924097
9.58509 16.5626 0.927099
9.68368 16.6328 0.930069
9.78228 16.7023 0.933006
9.88088 16.7709 0.935913
9.97948 16.8388 0.938788
10.0781 16.9059 0.941634
10.1767 16.9723 0.94445
10.2753 17.0379 0.947237
10.3739 17.1028 0.949996
10.4725 17.167 0.952727
10.5711 17.2304 0.95543
10.6697 17.2932 0.958107
10.7683 17.3554 0.960757
10.8669 17.4168 0.963381
10.9655 17.4777 0.965979
11.0641 17.5379 0.968553
11.1627 17.5975 0.971104
11.2613 17.6565 0.973631
11.3599 17.7149 0.976134
11.4585 17.7728 0.978615
11.5571 17.8301 0.981074
11.6557 17.8869 0.983511
11.7543 17.9431 0.985926
11.8529 17.9987 0.98832
11.9515 18.0539 0.990693
12.0501 18.1085 0.993045
12.1486 18.1627 0.995377
12.2472 18.2163 0.997689
12.3458 18.2694 0.999982
12.4444 18.3221 1.00226
12.543 18.3743 1.00451
12.6416 18.426 1.00675
12.7402 18.4772 1.00896
12.8388 18.528 1.01116
12.9374 18.5784 1.01334
13.036 18.6283 1.01551
13.1346 18.6778 1.01765
13.2332 18.7268 1.01978
13.3318 18.7755 1.02189
13.4304 18.8237 1.02399
13.529 18.8715 1.02607
13.6276 18.9189 1.02813
13.7262 18.966 1.03018
13.8248 19.0126 1.03221
13.9234 19.0588 1.03422
14.022 19.1047 1.03622
14.1206 19.1502 1.03821
14.2192 19.1953 1.04018
14.3178 19.2401 1.04213
14.4164 19.2845 1.04407
14.515 19.3285 1.046
14.6136 19.3722 1.04791
14.7122 19.4156 1.04981
14.8108 19.4586 1.0517
14.9094 19.5013 1.05357
15.008 19.5436 1.05543
15.1066 19.5857 1.05727
15.2052 19.6274 1.0591
15.3038 19.6688 1.06092
15.4024 19.7099 1.06273
15.501 19.7507 1.06452
15.5996 19.7912 1.06631
15.6982 19.8314 1.06808
15.7968 19.8713 1.06984
15.8954 19.911 1.07158
15.994 19.9503 1.07332
16.0926 19.9894 1.07504
16.1912 20.0282 1.07676
16.2898 20.0668 1.07846
16.3884 20.1051 1.08015
16.487 20.1431 1.08183
16.5856 20.1808 1.0835
16.6842 20.2183 1.08516
16.7828 20.2556 1.08681
16.8814 20.2926 1.08845
16.98 20.3293 1.09008
17.0786 20.3658 1.0917
17.1772 20.4021 1.09331
17.2758 20.4381 1.0949
17.3744 20.4739 1.09649
17.473 20.5094 1.09807
17.5716 20.5448 1.09964
17.6702 20.5799 1.1012
17.7688 20.6147 1.10275
17.8674 20.6494 1.1043
17.966 20.6838 1.10583
18.0646 20.718 1.10735
18.1632 20.752 1.10887
18.2618 20.7858 1.11037
18.3604 20.8193 1.11187
18.459 20.8527 1.11336
18.5576 20.8859 1.11484
18.6562 20.9188 1.11631
18.7548 20.9516 1.11778
18.8534 20.9841 1.11923
18.952 21.0165 1.12068
19.0506 21.0486 1.12212
19.1491 21.0806 1.12355
19.2477 21.1124 1.12497
19.3463 21.1439 1.12639
19.4449 21.1753 1.12779
19.5435 21.2065 1.12919
19.6421 21.2376 1.13058
19.7407 21.2684 1.13197
19.8393 21.2991 1.13335
19.9379 21.3296 1.13472
20.0365 21.3599 1.13608
20.1351 21.39 1.13743
20.2337 21.42 1.13878
20.3323 21.4498 1.14012
20.4309 21.4795 1.14145
20.5295 21.5089 1.14278
20.6281 21.5382 1.1441
20.7267 21.5674 1.14541
20.8253 21.5963 1.14672
20.9239 21.6251 1.14802
21.0225 21.6538 1.14931
21.1211 21.6823 1.1506
21.2197 21.7106 1.15188
21.3183 21.7388 1.15315
21.4169 21.7669 1.15442
21.5155 21.7947 1.15568
21.6141 21.8225 1.15693
21.7127 21.8501 1.15818
21.8113 21.8775 1.15942
21.9099 21.9048 1.16066
22.0085 21.932 1.16189
22.1071 21.959 1.16311
22.2057 21.9859 1.16433
22.3043 22.0126 1.16555
22.4029 22.0393 1.16675
22.5015 22.0657 1.16795
22.6001 22.0921 1.16915
22.6987 22.1183 1.17034
22.7973 22.1444 1.17152
22.8959 22.1703 1.1727
22.9945 22.1962 1.17388
23.0931 22.2219 1.17505
23.1917 22.2474 1.17621
23.2903 22.2729 1.17737
23.3889 22.2982 1.17852
23.4875 22.3234 1.17967
23.5861 22.3485 1.18081
23.6847 22.3734 1.18195
23.7833 22.3983 1.18308
23.8819 22.423 1.1842
23.9805 22.4476 1.18533
24.0791 22.4721 1.18644
24.1777 22.4964 1.18756
24.2763 22.5207 1.18866
24.3749 22.5448 1.18977
24.4735 22.5689 1.19086
24.5721 22.5928 1.19196
24.6707 22.6166 1.19304
24.7693 22.6403 1.19413
24.8679 22.6639 1.19521
24.9665 22.6874 1.19628
25.0651 22.7107 1.19735
25.1637 22.734 1.19842
25.2623 22.7572 1.19948
25.3609 22.7802 1.20053
25.4595 22.8032 1.20159
25.5581 22.826 1.20263
25.6567 22.8488 1.20368
25.7553 22.8714 1.20472
25.8539 22.894 1.20575
25.9525 22.9164 1.20678
26.0511 22.9388 1.20781
26.1496 22.961 1.20883
26.2482 22.9832 1.20985
26.3468 23.0052 1.21086
26.4454 23.0272 1.21187
26.544 23.049 1.21287
26.6426 23.0708 1.21388
26.7412 23.0925 1.21487
26.8398 23.1141 1.21587
26.9384 23.1356 1.21686
27.037 23.157 1.21784
27.1356 23.1783 1.21882
27.2342 23.1995 1.2198
27.3328 23.2206 1.22078
27.4314 23.2417 1.22175
27.53 23.2626 1.22271
27.6286 23.2835 1.22368
27.7272 23.3043 1.22463
27.8258 23.325 1.22559
27.9244 23.3456 1.22654
28.023 23.3661 1.22749
28.1216 23.3865 1.22843
28.2202 23.4069 1.22937
28.3188 23.4272 1.23031
28.4174 23.4474 1.23125
28.516 23.4675 1.23218
28.6146 23.4875 1.2331
28.7132 23.5075 1.23403
28.8118 23.5273 1.23495
28.9104 23.5471 1.23586
29.009 23.5668 1.23677
29.1076 23.5865 1.23768
29.2062 23.606 1.23859
29.3048 23.6255 1.23949
29.4034 23.6449 1.24039
29.502 23.6642 1.24129
29.6006 23.6835 1.24218
29.6992 23.7026 1.24307
29.7978 23.7217 1.24396
29.8964 23.7408 1.24484
29.995 23.7597 1.24572
30.0936 23.7786 1.2466
30.1922 23.7974 1.24747
30.2908 23.8161 1.24834
30.3894 23.8348 1.24921
30.488 23.8534 1.25008
30.5866 23.8719 1.25094
30.6852 23.8904 1.2518
30.7838 23.9087 1.25265
30.8824 23.9271 1.2535
30.981 23.9453 1.25435
31.0796 23.9635 1.2552
31.1782 23.9816 1.25604
31.2768 23.9996 1.25688
31.3754 24.0176 1.25772
31.474 24.0355 1.25856
31.5726 24.0534 1.25939
31.6712 24.0711 1.26022
31.7698 24.0888 1.26105
31.8684 24.1065 1.26187
31.967 24.1241 1.26269
32.0656 24.1416 1.26351
32.1642 24.1591 1.26432
32.2628 24.1765 1.26514
32.3614 24.1938 1.26595
32.46 24.2111 1.26676
32.5586 24.2283 1.26756
32.6572 24.2455 1.26836
32.7558 24.2626 1.26916
32.8544 24.2796 1.26996
32.953 24.2966 1.27075
33.0516 24.3135 1.27155
33.1502 24.3304 1.27234
33.2487 24.3472 1.27312
33.3473 24.3639 1.27391
33.4459 24.3806 1.27469
33.5445 24.3973 1.27547
33.6431 24.4138 1.27625
33.7417 24.4304 1.27702
33.8403 24.4468 1.27779
33.9389 24.4632 1.27856
34.0375 24.4796 1.27933
34.1361 24.4959 1.2801
34.2347 24.5121 1.28086
34.3333 24.5283 1.28162
34.4319 24.5445 1.28238
34.5305 24.5606 1.28313
34.6291 24.5766 1.28389
34.7277 24.5926 1.28464
34.8263 24.6085 1.28539
34.9249 24.6244 1.28613
35.0235 24.6402 1.28688
35.1221 24.656 1.28762
35.2207 24.6717 1.28836
35.3193 24.6873 1.28909
35.4179 24.703 1.28983
35.5165 24.7185 1.29056
35.6151 24.7341 1.29129
35.7137 24.7495 1.29202
35.8123 24.7649 1.29275
35.9109 24.7803 1.29347
36.0095 24.7956 1.29419
36.1081 24.8109 1.29491
36.2067 24.8261 1.29563
36.3053 24.8413 1.29635
36.4039 24.8564 1.29706
36.5025 24.8715 1.29777
36.6011 24.8865 1.29848
36.6997 24.9015 1.29919
36.7983 24.9165 1.2999
36.8969 24.9314 1.3006
36.9955 24.9462 1.3013
37.0941 24.961 1.302
37.1927 24.9758 1.3027
37.2913 24.9905 1.30339
37.3899 25.0051 1.30409
37.4885 25.0198 1.30478
37.5871 25.0343 1.30547
37.6857 25.0489 1.30615
37.7843 25.0634 1.30684
37.8829 25.0778 1.30752
37.9815 25.0922 1.3082
38.0801 25.1066 1.30888
38.1787 25.1209 1.30956
38.2773 25.1351 1.31024
38.3759 25.1494 1.31091
38.4745 25.1635 1.31158
38.5731 25.1777 1.31225
38.6717 25.1918 1.31292
38.7703 25.2059 1.31359
38.8689 25.2199 1.31425
38.9675 25.2338 1.31492
39.0661 25.2478 1.31558
39.1647 25.2617 1.31624
39.2633 25.2755 1.31689
39.3619 25.2893 1.31755
39.4605 25.3031 1.3182
39.5591 25.3168 1.31886
39.6577 25.3305 1.31951
39.7563 25.3442 1.32016
39.8549 25.3578 1.3208
39.9535 25.3714 1.32145
40.0521 25.3849 1.32209
40.1507 25.3984 1.32273
40.2492 25.4119 1.32337
40.3478 25.4253 1.32401
40.4464 25.4387 1.32465
40.545 25.452 1.32528
40.6436 25.4653 1.32591
40.7422 25.4786 1.32655
40.8408 25.4918 1.32718
40.9394 25.505 1.3278
41.038 25.5182 1.32843
41.1366 25.5313 1.32906
41.2352 25.5444 1.32968
41.3338 25.5574 1.3303
41.4324 25.5704 1.33092
41.531 25.5834 1.33154
41.6296 25.5963 1.33216
41.7282 25.6092 1.33277
41.8268 25.6221 1.33339
41.9254 25.6349 1.334
42.024 25.6477 1.33461
42.1226 25.6605 1.33522
42.2212 25.6732 1.33582
42.3198 25.6859 1.33643
42.4184 25.6986 1.33703
42.517 25.7112 1.33764
42.6156 25.7238 1.33824
42.7142 25.7363 1.33884
42.8128 25.7489 1.33944
42.9114 25.7614 1.34003
43.01 25.7738 1.34063
43.1086 25.7862 1.34122
43.2072 25.7986 1.34182
43.3058 25.811 1.34241
43.4044 25.8233 1.343
43.503 25.8356 1.34358
43.6016 25.8478 1.34417
43.7002 25.8601 1.34475
43.7988 25.8723 1.34534
43.8974 25.8844 1.34592
43.996 25.8965 1.3465
44.0946 25.9086 1.34708
44.1932 25.9207 1.34766
44.2918 25.9327 1.34823
44.3904 25.9447 1.34881
44.489 25.9567 1.34938
44.5876 25.9686 1.34996
44.6862 25.9806 1.35053
44.7848 25.9924 1.3511
44.8834 26.0043 1.35166
44.982 26.0161 1.35223
45.0806 26.0279 1.3528
45.1792 26.0396 1.35336
45.2778 26.0514 1.35392
45.3764 26.0631 1.35448
45.475 26.0747 1.35504
45.5736 26.0864 1.3556
45.6722 26.098 1.35616
45.7708 26.1095 1.35672
45.8694 26.1211 1.35727
45.968 26.1326 1.35783
46.0666 26.1441 1.35838
46.1652 26.1556 1.35893
46.2638 26.167 1.35948
46.3624 26.1784 1.36003
46.461 26.1898 1.36057
46.5596 26.2011 1.36112
46.6582 26.2124 1.36166
46.7568 26.2237 1.36221
46.8554 26.235 1.36275
46.954 26.2462 1.36329
47.0526 26.2574 1.36383
47.1512 26.2686 1.36437
47.2497 26.2798 1.3649
47.3483 26.2909 1.36544
47.4469 26.302 1.36597
47.5455 26.3131 1.36651
47.6441 26.3241 1.36704
47.7427 26.3351 1.36757
47.8413 26.3461 1.3681
47.9399 26.3571 1.36863
48.0385 26.368 1.36916
48.1371 26.3789 1.36968
48.2357 26.3898 1.37021
48.3343 26.4007 1.37073
48.4329 26.4115 1.37125
48.5315 26.4223 1.37178
48.6301 26.4331 1.3723
48.7287 26.4439 1.37282
48.8273 26.4546 1.37333
48.9259 26.4653 1.37385
49.0245 26.476 1.37437
49.1231 26.4867 1.37488
49.2217 26.4973 1.3754
49.3203 26.5079 1.37591
49.4189 26.5185 1.37642
49.5175 26.5291 1.37693
49.6161 26.5396 1.37744
49.7147 26.5501 1.37795
49.8133 26.5606 1.37845
49.9119 26.5711 1.37896
50.0105 26.5815 1.37947
50.1091 26.5919 1.37997
50.2077 26.6023 1.38047
50.3063 26.6127 1.38097
50.4049 26.623 1.38147
50.5035 26.6334 1.38197
50.6021 26.6437 1.38247
50.7007 26.6539 1.38297
50.7993 26.6642 1.38347
50.8979 26.6744 1.38396
50.9965 26.6846 1.38446
51.0951 26.6948 1.38495
51.1937 26.705 1.38544
51.2923 26.7151 1.38593
51.3909 26.7252 1.38642
51.4895 26.7353 1.38691
51.5881 26.7454 1.3874
51.6867 26.7554 1.38789
51.7853 26.7655 1.38837
51.8839 26.7755 1.38886
51.9825 26.7855 1.38934
52.0811 26.7954 1.38983
52.1797 26.8054 1.39031
52.2783 26.8153 1.39079
52.3769 26.8252 1.39127
52.4755 26.835 1.39175
52.5741 26.8449 1.39223
52.6727 26.8547 1.39271
52.7713 26.8645 1.39318
52.8699 26.8743 1.39366
52.9685 26.8841 1.39413
53.0671 26.8938 1.39461
53.1657 26.9036 1.39508
53.2643 26.9133 1.39555
53.3629 26.9229 1.39602
53.4615 26.9326 1.39649
53.5601 26.9422 1.39696
53.6587 26.9519 1.39743
53.7573 26.9615 1.39789
53.8559 26.9711 1.39836
53.9545 26.9806 1.39883
54.0531 26.9902 1.39929
54.1517 26.9997 1.39975
54.2503 27.0092 1.40022
54.3488 27.0186 1.40068
54.4474 27.0281 1.40114
54.546 27.0375 1.4016
54.6446 27.047 1.40206
54.7432 27.0564 1.40251
54.8418 27.0657 1.40297
54.9404 27.0751 1.40343
55.039 27.0845 1.40388
55.1376 27.0938 1.40434
55.2362 27.1031 1.40479
55.3348 27.1124 1.40524
55.4334 27.1216 1.40569
55.532 27.1309 1.40614
55.6306 27.1401 1.40659
55.7292 27.1493 1.40704
55.8278 27.1585 1.40749
55.9264 27.1677 1.40794
56.025 27.1768 1.40839
56.1236 27.1859 1.40883
56.2222 27.1951 1.40928
56.3208 27.2041 1.40972
56.4194 27.2132 1.41016
56.518 27.2223 1.4106
56.6166 27.2313 1.41105
56.7152 27.2403 1.41149
56.8138 27.2493 1.41193
56.9124 27.2583 1.41237
57.011 27.2673 1.4128
57.1096 27.2762 1.41324
57.2082 27.2852 1.41368
57.3068 27.2941 1.41411
57.4054 27.303 1.41455
57.504 27.3119 1.41498
57.6026 27.3207 1.41541
57.7012 27.3296 1.41585
57.7998 27.3384 1.41628
57.8984 27.3472 1.41671
57.997 27.356 1.41714
58.0956 27.3648 1.41757
58.1942 27.3735 1.418
58.2928 27.3822 1.41842
58.3914 27.391 1.41885
58.49 27.3997 1.41928
58.5886 27.4084 1.4197
58.6872 27.417 1.42013
58.7858 27.4257 1.42055
58.8844 27.4343 1.42097
58.983 27.4429 1.4214
59.0816 27.4515 1.42182
59.1802 27.4601 1.42224
59.2788 27.4687 1.42266
59.3774 27.4772 1.42308
59.476 27.4858 1.4235
59.5746 27.4943 1.42391
59.6732 27.5028 1.42433
59.7718 27.5113 1.42475
59.8704 27.5197 1.42516
59.969 27.5282 1.42558
60.0676 27.5366 1.42599
60.1662 27.5451 1.4264
60.2648 27.5535 1.42682
60.3634 27.5618 1.42723
60.462 27.5702 1.42764
60.5606 27.5786 1.42805
60.6592 27.5869 1.42846
60.7578 27.5952 1.42887
60.8564 27.6036 1.42928
60.955 27.6118 1.42968
61.0536 27.6201 1.43009
61.1522 27.6284 1.4305
61.2508 27.6366 1.4309
61.3493 27.6449 1.4313
61.4479 27.6531 1.43171
61.5465 27.6613 1.43211
61.6451 27.6695 1.43251
61.7437 27.6776 1.43292
61.8423 27.6858 1.43332
61.9409 27.6939 1.43372
62.0395 27.7021 1.43412
62.1381 27.7102 1.43452
62.2367 27.7183 1.43491
62.3353 27.7263 1.43531
62.4339 27.7344 1.43571
62.5325 27.7425 1.4361
62.6311 27.7505 1.4365
62.7297 27.7585 1.43689
62.8283 27.7665 1.43729
62.9269 27.7745 1.43768
63.0255 27.7825 1.43807
63.1241 27.7905 1.43847
63.2227 27.7984 1.43886
63.3213 27.8063 1.43925
63.4199 27.8143 1.43964
63.5185 27.8222 1.44003
63.6171 27.8301 1.44042
63.7157 27.8379 1.44081
63.8143 27.8458 1.44119
63.9129 27.8536 1.44158
64.0115 27.8615 1.44197
64.1101 27.8693 1.44235
64.2087 27.8771 1.44274
64.3073 27.8849 1.44312
64.4059 27.8927 1.4435
64.5045 27.9004 1.44389
64.6031 27.9082 1.44427
64.7017 27.9159 1.44465
64.8003 27.9236 1.44503
64.8989 27.9313 1.44541
64.9975 27.939 1.44579
65.0961 27.9467 1.44617
65.1947 27.9544 1.44655
65.2933 27.962 1.44693
65.3919 27.9697 1.4473
65.4905 27.9773 1.44768
65.5891 27.9849 1.44806
65.6877 27.9925 1.44843
65.7863 28.0001 1.44881
65.8849 28.0077 1.44918
65.9835 28.0153 1.44956
66.0821 28.0228 1.44993
66.1807 28.0303 1.4503
66.2793 28.0379 1.45067
66.3779 28.0454 1.45104
66.4765 28.0529 1.45141
66.5751 28.0603 1.45178
66.6737 28.0678 1.45215
66.7723 28.0753 1.45252
66.8709 28.0827 1.45289
66.9695 28.0901 1.45326
67.0681 28.0976 1.45362
67.1667 28.105 1.45399
67.2653 28.1124 1.45436
67.3639 28.1197 1.45472
67.4625 28.1271 1.45509
67.5611 28.1345 1.45545
67.6597 28.1418 1.45581
67.7583 28.1491 1.45618
67.8569 28.1564 1.45654
67.9555 28.1637 1.4569
68.0541 28.171 1.45726
68.1527 28.1783 1.45762
68.2513 28.1856 1.45798
68.3498 28.1928 1.45834
68.4484 28.2001 1.4587
68.547 28.2073 1.45906
68.6456 28.2145 1.45942
68.7442 28.2217 1.45977
68.8428 28.2289 1.46013
68.9414 28.2361 1.46049
69.04 28.2433 1.46084
69.1386 28.2504 1.4612
69.2372 28.2576 1.46155
69.3358 28.2647 1.46191
69.4344 28.2719 1.46226
69.533 28.279 1.46261
69.6316 28.2861 1.46296
69.7302 28.2932 1.46332
69.8288 28.3002 1.46367
69.9274 28.3073 1.46402
70.026 28.3143 1.46437
70.1246 28.3214 1.46472
70.2232 28.3284 1.46507
70.3218 28.3354 1.46541
70.4204 28.3424 1.46576
70.519 28.3494 1.46611
70.6176 28.3564 1.46646
70.7162 28.3634 1.4668
70.8148 28.3703 1.46715
70.9134 28.3773 1.46749
71.012 28.3842 1.46784
71.1106 28.3912 1.46818
71.2092 28.3981 1.46853
71.3078 28.405 1.46887
71.4064 28.4119 1.46921
71.505 28.4188 1.46955
71.6036 28.4256 1.4699
71.7022 28.4325 1.47024
71.8008 28.4393 1.47058
71.8994 28.4462 1.47092
71.998 28.453 1.47126
72.0966 28.4598 1.4716
72.1952 28.4666 1.47193
72.2938 28.4734 1.47227
72.3924 28.4802 1.47261
72.491 28.487 1.47295
72.5896 28.4937 1.47328
72.6882 28.5005 1.47362
72.7868 28.5072 1.47395
72.8854 28.5139 1.47429
72.984 28.5207 1.47462
73.0826 28.5274 1.47496
73.1812 28.5341 1.47529
73.2798 28.5408 1.47562
73.3784 28.5474 1.47596
73.477 28.5541 1.47629
73.5756 28.5608 1.47662
73.6742 28.5674 1.47695
73.7728 28.574 1.47728
73.8714 28.5807 1.47761
73.97 28.5873 1.47794
74.0686 28.5939 1.47827
74.1672 28.6005 1.4786
74.2658 28.607 1.47893
74.3644 28.6136 1.47926
74.463 28.6202 1.47958
74.5616 28.6267 1.47991
74.6602 28.6333 1.48024
74.7588 28.6398 1.48056
74.8574 28.6463 1.48089
74.956 28.6528 1.48121
75.0546 28.6593 1.48154
75.1532 28.6658 1.48186
75.2518 28.6723 1.48218
75.3504 28.6788 1.48251
75.4489 28.6853 1.48283
75.5475 28.6917 1.48315
75.6461 28.6981 1.48347
75.7447 28.7046 1.48379
75.8433 28.711 1.48411
75.9419 28.7174 1.48443
76.0405 28.7238 1.48475
76.1391 28.7302 1.48507
76.2377 28.7366 1.48539
76.3363 28.743 1.48571
76.4349 28.7493 1.48603
76.5335 28.7557 1.48635
76.6321 28.762 1.48666
76.7307 28.7684 1.48698
76.8293 28.7747 1.4873
76.9279 28.781 1.48761
77.0265 28.7873 1.48793
77.1251 28.7936 1.48824
77.2237 28.7999 1.48856
77.3223 28.8062 1.48887
77.4209 28.8125 1.48919
77.5195 28.8187 1.4895
77.6181 28.825 1.48981
77.7167 28.8312 1.49012
77.8153 28.8375 1.49044
77.9139 28.8437 1.49075
78.0125 28.8499 1.49106
78.1111 28.8561 1.49137
78.2097 28.8623 1.49168
78.3083 28.8685 1.49199
78.4069 28.8747 1.4923
78.5055 28.8809 1.49261
78.6041 28.887 1.49292
78.7027 28.8932 1.49322
78.8013 28.8993 1.49353
78.8999 28.9054 1.49384
78.9985 28.9116 1.49415
79.0971 28.9177 1.49445
79.1957 28.9238 1.49476
79.2943 28.9299 1.49506
79.3929 28.936 1.49537
79.4915 28.9421 1.49567
79.5901 28.9481 1.49598
79.6887 28.9542 1.49628
79.7873 28.9603 1.49659
79.8859 28.9663 1.49689
79.9845 28.9723 1.49719
80.0831 28.9784 1.49749
80.1817 28.9844 1.4978
80.2803 28.9904 1.4981
80.3789 28.9964 1.4984
80.4775 29.0024 1.4987
80.5761 29.0084 1.499
80.6747 29.0144 1.4993
80.7733 29.0203 1.4996
80.8719 29.0263 1.4999
80.9705 29.0323 1.5002
81.0691 29.0382 1.5005
81.1677 29.0441 1.50079
81.2663 29.0501 1.50109
81.3649 29.056 1.50139
81.4635 29.0619 1.50169
81.5621 29.0678 1.50198
81.6607 29.0737 1.50228
81.7593 29.0796 1.50257
81.8579 29.0855 1.50287
81.9565 29.0913 1.50316
82.0551 29.0972 1.50346
82.1537 29.103 1.50375
82.2523 29.1089 1.50405
82.3509 29.1147 1.50434
82.4494 29.1206 1.50463
82.548 29.1264 1.50493
82.6466 29.1322 1.50522
82.7452 29.138 1.50551
82.8438 29.1438 1.5058
82.9424 29.1496 1.50609
83.041 29.1554 1.50638
83.1396 29.1611 1.50667
83.2382 29.1669 1.50696
83.3368 29.1727 1.50725
83.4354 29.1784 1.50754
83.534 29.1841 1.50783
83.6326 29.1899 1.50812
83.7312 29.1956 1.50841
83.8298 29.2013 1.5087
83.9284 29.207 1.50898
84.027 29.2127 1.50927
84.1256 29.2184 1.50956
84.2242 29.2241 1.50984
84.3228 29.2298 1.51013
84.4214 29.2355 1.51041
84.52 29.2411 1.5107
84.6186 29.2468 1.51098
84.7172 29.2524 1.51127
84.8158 29.2581 1.51155
84.9144 29.2637 1.51184
85.013 29.2693 1.51212
85.1116 29.275 1.5124
85.2102 29.2806 1.51269
85.3088 29.2862 1.51297
85.4074 29.2918 1.51325
85.506 29.2973 1.51353
85.6046 29.3029 1.51381
85.7032 29.3085 1.51409
85.8018 29.3141 1.51437
85.9004 29.3196 1.51465
85.999 29.3252 1.51493
86.0976 29.3307 1.51521
86.1962 29.3362 1.51549
86.2948 29.3418 1.51577
86.3934 29.3473 1.51605
86.492 29.3528 1.51633
86.5906 29.3583 1.51661
86.6892 29.3638 1.51688
86.7878 29.3693 1.51716
86.8864 29.3748 1.51744
86.985 29.3803 1.51771
87.0836 29.3857 1.51799
87.1822 29.3912 1.51827
87.2808 29.3967 1.51854
87.3794 29.4021 1.51882
87.478 29.4075 1.51909
87.5766 29.413 1.51936
87.6752 29.4184 1.51964
87.7738 29.4238 1.51991
87.8724 29.4292 1.52019
87.971 29.4346 1.52046
88.0696 29.44 1.52073
88.1682 29.4454 1.521
88.2668 29.4508 1.52128
88.3654 29.4562 1.52155
88.464 29.4616 1.52182
88.5626 29.4669 1.52209
88.6612 29.4723 1.52236
88.7598 29.4776 1.52263
88.8584 29.483 1.5229
88.957 29.4883 1.52317
89.0556 29.4937 1.52344
89.1542 29.499 1.52371
89.2528 29.5043 1.52398
89.3514 29.5096 1.52425
89.4499 29.5149 1.52452
89.5485 29.5202 1.52478
89.6471 29.5255 1.52505
89.7457 29.5308 1.52532
89.8443 29.536 1.52558
89.9429 29.5413 1.52585
90.0415 29.5466 1.52612
90.1401 29.5518 1.52638
90.2387 29.5571 1.52665
90.3373 29.5623 1.52691
90.4359 29.5675 1.52718
90.5345 29.5728 1.52744
90.6331 29.578 1.52771
90.7317 29.5832 1.52797
90.8303 29.5884 1.52824
90.9289 29.5936 1.5285
91.0275 29.5988 1.52876
91.1261 29.604 1.52903
91.2247 29.6092 1.52929
91.3233 29.6144 1.52955
91.4219 29.6195 1.52981
91.5205 29.6247 1.53007
91.6191 29.6299 1.53033
91.7177 29.635 1.5306
91.8163 29.6401 1.53086
91.9149 29.6453 1.53112
92.0135 29.6504 1.53138
92.1121 29.6555 1.53164
92.2107 29.6607 1.5319
92.3093 29.6658 1.53215
92.4079 29.6709 1.53241
92.5065 29.676 1.53267
92.6051 29.6811 1.53293
92.7037 29.6861 1.53319
92.8023 29.6912 1.53345
92.9009 29.6963 1.5337
92.9995 29.7014 1.53396
93.0981 29.7064 1.53422
93.1967 29.7115 1.53447
93.2953 29.7165 1.53473
93.3939 29.7216 1.53499
93.4925 29.7266 1.53524
93.5911 29.7316 1.5355
93.6897 29.7367 1.53575
93.7883 29.7417 1.53601
93.8869 29.7467 1.53626
93.9855 29.7517 1.53651
94.0841 29.7567 1.53677
94.1827 29.7617 1.53702
94.2813 29.7667 1.53727
94.3799 29.7717 1.53753
94.4785 29.7766 1.53778
94.5771 29.7816 1.53803
94.6757 29.7866 1.53828
94.7743 29.7915 1.53854
94.8729 29.7965 1.53879
94.9715 29.8014 1.53904
95.0701 29.8064 1.53929
95.1687 29.8113 1.53954
95.2673 29.8162 1.53979
95.3659 29.8211 1.54004
95.4645 29.826 1.54029
95.5631 29.831 1.54054
95.6617 29.8359 1.54079
95.7603 29.8408 1.54104
95.8589 29.8457 1.54129
95.9575 29.8505 1.54154
96.0561 29.8554 1.54178
96.1547 29.8603 1.54203
96.2533 29.8652 1.54228
96.3519 29.87 1.54253
96.4505 29.8749 1.54277
96.549 29.8797 1.54302
96.6476 29.8846 1.54327
96.7462 29.8894 1.54351
96.8448 29.8942 1.54376
96.9434 29.8991 1.544
97.042 29.9039 1.54425
97.1406 29.9087 1.5445
97.2392 29.9135 1.54474
97.3378 29.9183 1.54498
97.4364 29.9231 1.54523
97.535 29.9279 1.54547
97.6336 29.9327 1.54572
97.7322 29.9375 1.54596
97.8308 29.9423 1.5462
97.9294 29.947 1.54645
98.028 29.9518 1.54669
98.1266 29.9566 1.54693
98.2252 29.9613 1.54717
98.3238 29.9661 1.54742
98.4224 29.9708 1.54766
98.521 29.9756 1.5479
98.6196 29.9803 1.54814
98.7182 29.985 1.54838
98.8168 29.9897 1.54862
98.9154 29.9944 1.54886
99.014 29.9992 1.5491
99.1126 30.0039 1.54934
99.2112 30.0086 1.54958
99.3098 30.0133 1.54982
99.4084 30.0179 1.55006
99.507 30.0226 1.5503
99.6056 30.0273 1.55054
99.7042 30.032 1.55077
99.8028 30.0366 1.55101
99.9014 30.0413 1.55125
100 30.046 1.55149
