1e-05 71.2118 3.1522
0.00101099 17.0153 0.928904
0.00201198 13.2114 0.791707
0.00301297 11.2922 0.728935
0.00401396 10.0526 0.692032
0.00501495 9.15515 0.66772
0.00601595 8.4617 0.65063
0.00701694 7.90037 0.638068
0.00801793 7.43249 0.62861
0.00901892 7.03343 0.621351
0.0100199 6.68604 0.615671
0.0110209 6.37987 0.611212
0.0120219 6.10724 0.607717
0.0130229 5.86141 0.604951
0.0140239 5.63803 0.602775
0.0150249 5.43375 0.601083
0.0160259 5.24599 0.599801
0.0170268 5.07248 0.598856
0.0180278 4.91106 0.59817
0.0190288 4.76033 0.597707
0.0200298 4.61917 0.597438
0.0210308 4.48657 0.59733
0.0220318 4.36176 0.597368
0.0230328 4.24393 0.597533
0.0240338 4.13232 0.597795
0.0250348 4.0263 0.598132
0.0260358 3.92544 0.598543
0.0270368 3.82933 0.599019
0.0280377 3.73761 0.599549
0.0290387 3.64994 0.600121
0.0300397 3.56606 0.600742
0.0310407 3.48568 0.601401
0.0320417 3.40853 0.602088
0.0330427 3.33438 0.602791
0.0340437 3.26301 0.603508
0.0350447 3.19428 0.604244
0.0360457 3.12802 0.604994
0.0370467 3.06411 0.605752
0.0380477 3.00239 0.606516
0.0390486 2.94276 0.607282
0.0400496 2.88511 0.608057
0.0410506 2.82933 0.608839
0.0420516 2.77531 0.60962
0.0430526 2.72296 0.610396
0.0440536 2.67219 0.611163
0.0450546 2.62292 0.611921
0.0460556 2.57508 0.612676
0.0470566 2.52861 0.613427
0.0480576 2.48345 0.61417
0.0490586 2.43955 0.614905
0.0500595 2.39685 0.615629
0.0510605 2.35531 0.616342
0.0520615 2.31487 0.61705
0.0530625 2.2755 0.617752
0.0540635 2.23714 0.618445
0.0550645 2.19976 0.619127
0.0560655 2.16331 0.619796
0.0570665 2.12776 0.620449
0.0580675 2.09307 0.621085
0.0590685 2.05922 0.621712
0.0600695 2.02616 0.622328
0.0610705 1.99389 0.622932
0.0620714 1.96236 0.623524
0.0630724 1.93155 0.624101
0.0640734 1.90145 0.624662
0.0650744 1.87202 0.625208
0.0660754 1.84324 0.625741
0.0670764 1.8151 0.626264
0.0680774 1.78758 0.626775
0.0690784 1.76064 0.627274
0.0700794 1.73428 0.627758
0.0710804 1.70848 0.628227
0.0720814 1.68322 0.628679
0.0730823 1.65847 0.629114
0.0740833 1.63424 0.629534
0.0750843 1.61049 0.629941
0.0760853 1.58723 0.630337
0.0770863 1.56444 0.630718
0.0780873 1.54209 0.631086
0.0790883 1.52019 0.631439
0.0800893 1.49871 0.631777
0.0810903 1.47764 0.632099
0.0820913 1.45698 0.632405
0.0830923 1.43671 0.6327
0.0840932 1.41682 0.632983
0.0850942 1.39731 0.633253
0.0860952 1.37817 0.633511
0.0870962 1.35938 0.633755
0.0880972 1.34093 0.633984
0.0890982 1.32282 0.634197
0.0900992 1.30503 0.634395
0.0911002 1.28756 0.634576
0.0921012 1.27041 0.634743
0.0931022 1.25356 0.634899
0.0941032 1.23701 0.635042
0.0951041 1.22076 0.635171
0.0961051 1.20479 0.635288
0.0971061 1.18909 0.63539
0.0981071 1.17366 0.635479
0.0991081 1.15849 0.635552
0.100109 1.14358 0.635611
0.10111 1.12891 0.635654
0.102111 1.1145 0.635686
0.103112 1.10032 0.635706
0.104113 1.08638 0.635715
0.105114 1.07268 0.635711
0.106115 1.0592 0.635694
0.107116 1.04593 0.635663
0.108117 1.03289 0.635619
0.109118 1.02005 0.635561
0.110119 1.00742 0.635488
0.11112 0.994981 0.6354
0.112121 0.982748 0.635301
0.113122 0.970713 0.63519
0.114123 0.958871 0.635067
0.115124 0.947217 0.634932
0.116125 0.935746 0.634785
0.117126 0.924452 0.634626
0.118127 0.913332 0.634453
0.119128 0.90238 0.634268
0.120129 0.891591 0.634069
0.12113 0.880962 0.633856
0.122131 0.87049 0.63363
0.123132 0.860178 0.633393
0.124133 0.850023 0.633146
0.125134 0.84002 0.632887
0.126135 0.830168 0.632616
0.127136 0.820461 0.632334
0.128137 0.810898 0.63204
0.129138 0.801474 0.631734
0.130139 0.792186 0.631415
0.13114 0.783032 0.631084
0.132141 0.774008 0.630739
0.133142 0.765112 0.630382
0.134143 0.756347 0.630014
0.135144 0.747712 0.629636
0.136145 0.739203 0.629247
0.137146 0.730816 0.628848
0.138147 0.722549 0.628437
0.139148 0.714399 0.628015
0.140149 0.706363 0.627581
0.14115 0.698438 0.627136
0.142151 0.69062 0.626679
0.143152 0.682909 0.62621
0.144153 0.6753 0.625729
0.145154 0.667794 0.625237
0.146155 0.660395 0.624735
0.147156 0.653098 0.624222
0.148157 0.645903 0.6237
0.149158 0.638807 0.623167
0.150159 0.631807 0.622624
0.15116 0.624901 0.62207
0.152161 0.618087 0.621506
0.153162 0.611364 0.62093
0.154163 0.604728 0.620344
0.155164 0.598179 0.619746
0.156165 0.591713 0.619138
0.157166 0.585332 0.618519
0.158167 0.579039 0.61789
0.159168 0.572831 0.617252
0.160169 0.566707 0.616604
0.16117 0.560663 0.615947
0.162171 0.554698 0.61528
0.163172 0.548811 0.614603
0.164173 0.542999 0.613916
0.165174 0.53726 0.613218
0.166175 0.531593 0.612511
0.167175 0.525996 0.611793
0.168176 0.520467 0.611065
0.169177 0.515006 0.610327
0.170178 0.509615 0.60958
0.171179 0.504295 0.608824
0.17218 0.499042 0.608058
0.173181 0.493857 0.607284
0.174182 0.488737 0.6065
0.175183 0.483681 0.605707
0.176184 0.478688 0.604905
0.177185 0.473756 0.604094
0.178186 0.468883 0.603274
0.179187 0.46407 0.602444
0.180188 0.459313 0.601605
0.181189 0.454613 0.600757
0.18219 0.44997 0.5999
0.183191 0.445386 0.599034
0.184192 0.44086 0.598161
0.185193 0.43639 0.597279
0.186194 0.431976 0.596389
0.187195 0.427615 0.59549
0.188196 0.423307 0.594583
0.189197 0.41905 0.593668
0.190198 0.414842 0.592744
0.191199 0.410684 0.591811
0.1922 0.406573 0.59087
0.193201 0.402508 0.589921
0.194202 0.398489 0.588963
0.195203 0.394515 0.587996
0.196204 0.390589 0.587021
0.197205 0.386711 0.586039
0.198206 0.382878 0.585048
0.199207 0.379091 0.58405
0.200208 0.375348 0.583044
0.201209 0.371648 0.58203
0.20221 0.367991 0.581009
0.203211 0.364376 0.57998
0.204212 0.360801 0.578944
0.205213 0.357267 0.5779
0.206214 0.353771 0.576848
0.207215 0.350314 0.575789
0.208216 0.346896 0.574723
0.209217 0.343517 0.57365
0.210218 0.340179 0.57257
0.211219 0.33688 0.571483
0.21222 0.333619 0.57039
0.213221 0.330396 0.569289
0.214222 0.327209 0.568181
0.215223 0.324058 0.567067
0.216224 0.320942 0.565945
0.217225 0.31786 0.564817
0.218226 0.314811 0.563682
0.219227 0.311794 0.56254
0.220228 0.308809 0.561391
0.221229 0.305855 0.560236
0.22223 0.302932 0.559073
0.223231 0.300042 0.557904
0.224232 0.297185 0.556728
0.225233 0.29436 0.555546
0.226234 0.291566 0.554358
0.227235 0.288803 0.553163
0.228236 0.28607 0.551962
0.229237 0.283366 0.550754
0.230238 0.280692 0.549541
0.231239 0.278045 0.548322
0.23224 0.275427 0.547098
0.233241 0.272836 0.545867
0.234242 0.270271 0.544631
0.235243 0.267732 0.543389
0.236244 0.265221 0.542142
0.237245 0.262737 0.540889
0.238246 0.260281 0.539631
0.239247 0.257853 0.538367
0.240248 0.25545 0.537098
0.241249 0.253074 0.535823
0.24225 0.250723 0.534543
0.243251 0.248396 0.533257
0.244252 0.246094 0.531967
0.245253 0.243814 0.530671
0.246254 0.241558 0.52937
0.247255 0.239325 0.528064
0.248256 0.237113 0.526754
0.249257 0.234923 0.525438
0.250258 0.232754 0.524117
0.251259 0.230608 0.522791
0.25226 0.228486 0.521459
0.253261 0.226385 0.520123
0.254262 0.224307 0.518781
0.255263 0.22225 0.517435
0.256264 0.220215 0.516084
0.257265 0.2182 0.514729
0.258266 0.216206 0.51337
0.259267 0.214231 0.512006
0.260268 0.212276 0.510638
0.261269 0.210341 0.509266
0.26227 0.208424 0.50789
0.263271 0.206526 0.506511
0.264272 0.204646 0.505128
0.265273 0.202786 0.503741
0.266274 0.200946 0.50235
0.267275 0.199125 0.500955
0.268276 0.197323 0.499555
0.269277 0.195539 0.498152
0.270278 0.193774 0.496745
0.271279 0.192026 0.495335
0.27228 0.190296 0.493921
0.273281 0.188582 0.492503
0.274282 0.186885 0.491082
0.275283 0.185204 0.489657
0.276284 0.183539 0.488229
0.277285 0.18189 0.486798
0.278285 0.180255 0.485364
0.279286 0.178635 0.483926
0.280287 0.177032 0.482485
0.281288 0.175445 0.48104
0.282289 0.173874 0.479591
0.28329 0.172319 0.478139
0.284291 0.170779 0.476683
0.285292 0.169254 0.475225
0.286293 0.167744 0.473763
0.287294 0.166249 0.472299
0.288295 0.164767 0.470832
0.289296 0.1633 0.469363
0.290297 0.161846 0.467891
0.291298 0.160405 0.466417
0.292299 0.158978 0.464941
0.2933 0.157563 0.463464
0.294301 0.156162 0.461984
0.295302 0.154775 0.460501
0.296303 0.153402 0.459016
0.297304 0.152042 0.457528
0.298305 0.150695 0.456037
0.299306 0.149362 0.454545
0.300307 0.148041 0.45305
0.301308 0.146733 0.451553
0.302309 0.145437 0.450054
0.30331 0.144153 0.448553
0.304311 0.142881 0.44705
0.305312 0.141621 0.445546
0.306313 0.140371 0.44404
0.307314 0.139133 0.442532
0.308315 0.137905 0.441023
0.309316 0.136688 0.439512
0.310317 0.135483 0.437999
0.311318 0.13429 0.436484
0.312319 0.133108 0.434966
0.31332 0.131937 0.433446
0.314321 0.130777 0.431925
0.315322 0.129628 0.430402
0.316323 0.12849 0.428878
0.317324 0.127362 0.427352
0.318325 0.126245 0.425825
0.319326 0.125137 0.424298
0.320327 0.12404 0.42277
0.321328 0.122952 0.421241
0.322329 0.121874 0.419712
0.32333 0.120805 0.418183
0.324331 0.119746 0.416653
0.325332 0.118697 0.415123
0.326333 0.117658 0.413591
0.327334 0.116629 0.412058
0.328335 0.11561 0.410524
0.329336 0.114601 0.40899
0.330337 0.1136 0.407454
0.331338 0.112609 0.405918
0.332339 0.111627 0.404382
0.33334 0.110654 0.402845
0.334341 0.109689 0.401308
0.335342 0.108733 0.39977
0.336343 0.107785 0.398233
0.337344 0.106845 0.396695
0.338345 0.105912 0.395157
0.339346 0.104988 0.39362
0.340347 0.104071 0.392082
0.341348 0.103164 0.390543
0.342349 0.102264 0.389004
0.34335 0.101373 0.387464
0.344351 0.10049 0.385923
0.345352 0.0996144 0.384382
0.346353 0.0987471 0.382841
0.347354 0.0978874 0.3813
0.348355 0.0970354 0.379759
0.349356 0.0961908 0.378219
0.350357 0.0953535 0.376679
0.351358 0.0945233 0.37514
0.352359 0.0937003 0.373602
0.35336 0.0928842 0.372065
0.354361 0.0920749 0.370529
0.355362 0.0912724 0.368995
0.356363 0.0904774 0.36746
0.357364 0.0896898 0.365926
0.358365 0.0889094 0.364392
0.359366 0.0881362 0.362858
0.360367 0.08737 0.361325
0.361368 0.0866107 0.359792
0.362369 0.085858 0.35826
0.36337 0.0851119 0.356729
0.364371 0.0843723 0.355199
0.365372 0.083639 0.353669
0.366373 0.0829118 0.352141
0.367374 0.0821907 0.350614
0.368375 0.0814755 0.349089
0.369376 0.080766 0.347565
0.370377 0.0800622 0.346042
0.371378 0.0793642 0.344521
0.372379 0.0786725 0.343
0.37338 0.0779869 0.34148
0.374381 0.0773074 0.33996
0.375382 0.076634 0.338441
0.376383 0.0759664 0.336923
0.377384 0.0753046 0.335406
0.378385 0.0746486 0.33389
0.379386 0.0739982 0.332376
0.380387 0.0733533 0.330864
0.381388 0.0727138 0.329353
0.382389 0.0720797 0.327844
0.38339 0.0714509 0.326338
0.384391 0.0708272 0.324833
0.385392 0.0702086 0.323331
0.386393 0.0695951 0.321832
0.387394 0.0689867 0.320335
0.388395 0.0683839 0.318839
0.389395 0.0677865 0.317345
0.390396 0.0671945 0.315852
0.391397 0.0666077 0.314361
0.392398 0.0660261 0.312872
0.393399 0.0654496 0.311384
0.3944 0.0648779 0.309899
0.395401 0.0643111 0.308415
0.396402 0.0637491 0.306934
0.397403 0.0631917 0.305455
0.398404 0.0626389 0.303978
0.399405 0.0620905 0.302504
0.400406 0.0615464 0.301032
0.401407 0.0610067 0.299563
0.402408 0.0604711 0.298097
0.403409 0.0599398 0.296632
0.40441 0.0594132 0.29517
0.405411 0.0588912 0.293709
0.406412 0.0583736 0.292249
0.407413 0.0578606 0.290792
0.408414 0.0573519 0.289337
0.409415 0.0568475 0.287884
0.410416 0.0563474 0.286434
0.411417 0.0558515 0.284986
0.412418 0.0553597 0.28354
0.413419 0.054872 0.282098
0.41442 0.0543882 0.280659
0.415421 0.0539084 0.279223
0.416422 0.0534324 0.27779
0.417423 0.0529603 0.27636
0.418424 0.0524919 0.274934
0.419425 0.0520273 0.273512
0.420426 0.0515668 0.272092
0.421427 0.0511104 0.270675
0.422428 0.050658 0.26926
0.423429 0.0502096 0.267848
0.42443 0.0497651 0.266439
0.425431 0.0493243 0.265033
0.426432 0.0488873 0.263629
0.427433 0.0484539 0.262229
0.428434 0.048024 0.260832
0.429435 0.0475977 0.259438
0.430436 0.0471748 0.258047
0.431437 0.0467552 0.25666
0.432438 0.0463389 0.255276
0.433439 0.0459258 0.253895
0.43444 0.0455158 0.252518
0.435441 0.045109 0.251144
0.436442 0.0447055 0.249773
0.437443 0.0443055 0.248405
0.438444 0.0439089 0.247039
0.439445 0.0435156 0.245676
0.440446 0.0431256 0.244317
0.441447 0.0427389 0.24296
0.442448 0.0423555 0.241606
0.443449 0.0419751 0.240256
0.44445 0.0415979 0.238909
0.445451 0.0412238 0.237566
0.446452 0.0408527 0.236227
0.447453 0.0404845 0.234891
0.448454 0.0401193 0.23356
0.449455 0.039757 0.232232
0.450456 0.0393976 0.230909
0.451457 0.0390409 0.229589
0.452458 0.0386872 0.228274
0.453459 0.0383366 0.226962
0.45446 0.0379891 0.225654
0.455461 0.0376446 0.224349
0.456462 0.037303 0.223047
0.457463 0.0369644 0.221749
0.458464 0.0366286 0.220455
0.459465 0.0362955 0.219164
0.460466 0.0359653 0.217878
0.461467 0.0356377 0.216594
0.462468 0.0353127 0.215315
0.463469 0.0349903 0.21404
0.46447 0.0346704 0.212769
0.465471 0.034353 0.211501
0.466472 0.034038 0.210238
0.467473 0.0337254 0.208979
0.468474 0.0334152 0.207724
0.469475 0.0331075 0.206473
0.470476 0.0328024 0.205225
0.471477 0.0324999 0.20398
0.472478 0.0321999 0.202739
0.473479 0.0319025 0.201502
0.47448 0.0316075 0.200268
0.475481 0.0313149 0.199038
0.476482 0.0310247 0.197812
0.477483 0.0307369 0.19659
0.478484 0.0304515 0.195372
0.479485 0.0301683 0.194159
0.480486 0.0298875 0.19295
0.481487 0.0296088 0.191745
0.482488 0.0293324 0.190545
0.483489 0.0290581 0.189349
0.48449 0.028786 0.188158
0.485491 0.0285161 0.186971
0.486492 0.0282486 0.185789
0.487493 0.0279834 0.18461
0.488494 0.0277205 0.183436
0.489495 0.0274599 0.182265
0.490496 0.0272016 0.181099
0.491497 0.0269454 0.179937
0.492498 0.0266913 0.178779
0.493499 0.0264393 0.177625
0.4945 0.0261894 0.176475
0.495501 0.0259415 0.17533
0.496502 0.0256956 0.174188
0.497503 0.0254516 0.173052
0.498504 0.0252095 0.171919
0.499505 0.0249692 0.170791
0.500505 0.0247308 0.169667
0.501506 0.0244941 0.168548
0.502507 0.0242593 0.167433
0.503508 0.0240265 0.166321
0.504509 0.0237957 0.165214
0.50551 0.0235668 0.16411
0.506511 0.0233398 0.16301
0.507512 0.0231148 0.161915
0.508513 0.0228915 0.160823
0.509514 0.0226702 0.159736
0.510515 0.0224506 0.158653
0.511516 0.0222329 0.157575
0.512517 0.0220169 0.156501
0.513518 0.0218027 0.155431
0.514519 0.0215902 0.154366
0.51552 0.0213793 0.153306
0.516521 0.0211702 0.15225
0.517522 0.0209627 0.1512
0.518523 0.0207568 0.150154
0.519524 0.0205527 0.149112
0.520525 0.0203504 0.148075
0.521526 0.0201499 0.147042
0.522527 0.0199511 0.146013
0.523528 0.019754 0.144989
0.524529 0.0195587 0.143969
0.52553 0.019365 0.142953
0.526531 0.0191729 0.141942
0.527532 0.0189824 0.140935
0.528533 0.0187934 0.139933
0.529534 0.0186061 0.138935
0.530535 0.0184202 0.137941
0.531536 0.0182357 0.136952
0.532537 0.0180528 0.135967
0.533538 0.0178712 0.134987
0.534539 0.0176911 0.134011
0.53554 0.0175123 0.133039
0.536541 0.0173349 0.132072
0.537542 0.0171592 0.131109
0.538543 0.0169849 0.13015
0.539544 0.0168121 0.129195
0.540545 0.0166408 0.128244
0.541546 0.0164709 0.127297
0.542547 0.0163025 0.126355
0.543548 0.0161355 0.125417
0.544549 0.0159699 0.124483
0.54555 0.0158057 0.123554
0.546551 0.0156428 0.122629
0.547552 0.0154813 0.121709
0.548553 0.0153211 0.120793
0.549554 0.0151622 0.119882
0.550555 0.0150046 0.118976
0.551556 0.0148483 0.118074
0.552557 0.0146933 0.117177
0.553558 0.0145397 0.116285
0.554559 0.0143874 0.115396
0.55556 0.0142365 0.114512
0.556561 0.014087 0.113633
0.557562 0.0139388 0.112758
0.558563 0.013792 0.111887
0.559564 0.0136464 0.111021
0.560565 0.013502 0.110158
0.561566 0.0133589 0.109301
0.562567 0.0132171 0.108447
0.563568 0.0130764 0.107598
0.564569 0.0129368 0.106753
0.56557 0.0127984 0.105913
0.566571 0.0126612 0.105077
0.567572 0.012525 0.104245
0.568573 0.0123899 0.103417
0.569574 0.0122558 0.102594
0.570575 0.0121229 0.101775
0.571576 0.0119912 0.10096
0.572577 0.0118606 0.100149
0.573578 0.0117312 0.0993424
0.574579 0.0116029 0.0985397
0.57558 0.0114758 0.0977412
0.576581 0.0113498 0.0969468
0.577582 0.0112249 0.0961567
0.578583 0.011101 0.0953708
0.579584 0.0109783 0.0945891
0.580585 0.0108566 0.0938118
0.581586 0.0107359 0.0930388
0.582587 0.0106163 0.0922701
0.583588 0.0104977 0.0915058
0.584589 0.0103801 0.0907459
0.58559 0.0102635 0.0899904
0.586591 0.0101479 0.0892394
0.587592 0.0100334 0.0884927
0.588593 0.00991989 0.0877503
0.589594 0.00980749 0.0870121
0.590595 0.00969616 0.0862782
0.591596 0.00958587 0.0855485
0.592597 0.0094766 0.0848229
0.593598 0.00936834 0.0841015
0.594599 0.00926106 0.0833843
0.5956 0.00915475 0.0826712
0.596601 0.00904939 0.0819623
0.597602 0.00894497 0.0812574
0.598603 0.00884146 0.0805566
0.599604 0.00873884 0.0798599
0.600605 0.00863711 0.0791673
0.601606 0.00853624 0.0784787
0.602607 0.00843622 0.0777941
0.603608 0.00833702 0.0771135
0.604609 0.00823867 0.0764369
0.60561 0.00814125 0.0757642
0.606611 0.00804475 0.0750954
0.607612 0.00794915 0.0744305
0.608613 0.00785446 0.0737695
0.609614 0.00776065 0.0731124
0.610615 0.00766772 0.0724593
0.611615 0.00757565 0.0718102
0.612616 0.00748444 0.071165
0.613617 0.00739408 0.0705237
0.614618 0.00730454 0.0698865
0.615619 0.00721583 0.0692532
0.61662 0.00712793 0.0686239
0.617621 0.00704084 0.0679987
0.618622 0.00695453 0.0673774
0.619623 0.00686901 0.0667602
0.620624 0.00678425 0.0661471
0.621625 0.00670027 0.0655379
0.622626 0.00661712 0.0649328
0.623627 0.00653483 0.0643316
0.624628 0.00645337 0.0637345
0.625629 0.00637274 0.0631412
0.62663 0.00629292 0.0625519
0.627631 0.00621389 0.0619664
0.628632 0.00613564 0.0613848
0.629633 0.00605815 0.060807
0.630634 0.00598142 0.060233
0.631635 0.00590542 0.0596628
0.632636 0.00583015 0.0590963
0.633637 0.00575559 0.0585336
0.634638 0.00568172 0.0579745
0.635639 0.00560854 0.0574192
0.63664 0.00553603 0.0568675
0.637641 0.00546418 0.0563194
0.638642 0.00539297 0.0557749
0.639643 0.00532244 0.055234
0.640644 0.00525264 0.0546968
0.641645 0.00518357 0.0541632
0.642646 0.0051152 0.0536332
0.643647 0.00504754 0.0531068
0.644648 0.00498057 0.052584
0.645649 0.00491428 0.0520648
0.64665 0.00484867 0.0515492
0.647651 0.00478372 0.0510372
0.648652 0.00471943 0.0505288
0.649653 0.00465578 0.0500239
0.650654 0.00459278 0.0495227
0.651655 0.0045304 0.049025
0.652656 0.00446865 0.0485308
0.653657 0.0044075 0.0480402
0.654658 0.00434696 0.0475532
0.655659 0.00428702 0.0470697
0.65666 0.00422768 0.0465898
0.657661 0.004169 0.0461134
0.658662 0.00411098 0.0456407
0.659663 0.00405361 0.0451716
0.660664 0.00399689 0.044706
0.661665 0.00394079 0.0442439
0.662666 0.00388532 0.0437852
0.663667 0.00383044 0.04333
0.664668 0.00377616 0.0428782
0.665669 0.00372247 0.0424298
0.66667 0.00366934 0.0419847
0.667671 0.00361678 0.0415429
0.668672 0.00356476 0.0411044
0.669673 0.00351328 0.0406691
0.670674 0.00346233 0.040237
0.671675 0.0034119 0.0398081
0.672676 0.00336197 0.0393824
0.673677 0.00331254 0.0389598
0.674678 0.00326363 0.0385403
0.675679 0.0032153 0.0381241
0.67668 0.00316752 0.0377112
0.677681 0.0031203 0.0373014
0.678682 0.00307363 0.0368949
0.679683 0.00302749 0.0364915
0.680684 0.00298189 0.0360913
0.681685 0.00293681 0.0356943
0.682686 0.00289224 0.0353004
0.683687 0.00284818 0.0349096
0.684688 0.00280461 0.0345219
0.685689 0.00276154 0.0341374
0.68669 0.00271896 0.0337559
0.687691 0.00267685 0.0333774
0.688692 0.00263521 0.0330021
0.689693 0.00259403 0.0326297
0.690694 0.00255331 0.0322604
0.691695 0.00251304 0.0318941
0.692696 0.00247329 0.0315309
0.693697 0.00243405 0.031171
0.694698 0.00239532 0.0308141
0.695699 0.00235708 0.0304603
0.6967 0.00231933 0.0301096
0.697701 0.00228206 0.0297619
0.698702 0.00224526 0.0294172
0.699703 0.00220891 0.0290753
0.700704 0.00217301 0.0287364
0.701705 0.00213755 0.0284004
0.702706 0.00210252 0.0280672
0.703707 0.0020679 0.0277367
0.704708 0.0020337 0.0274091
0.705709 0.00199989 0.0270841
0.70671 0.00196647 0.0267618
0.707711 0.00193344 0.0264422
0.708712 0.00190078 0.0261252
0.709713 0.0018685 0.0258108
0.710714 0.00183666 0.0254992
0.711715 0.00180525 0.0251905
0.712716 0.00177428 0.0248845
0.713717 0.00174372 0.0245812
0.714718 0.00171357 0.0242807
0.715719 0.00168383 0.0239829
0.71672 0.00165448 0.0236877
0.717721 0.00162552 0.0233952
0.718722 0.00159695 0.0231054
0.719723 0.00156875 0.0228181
0.720724 0.00154093 0.0225335
0.721725 0.00151346 0.0222514
0.722725 0.00148635 0.0219718
0.723726 0.00145959 0.0216948
0.724727 0.00143317 0.0214203
0.725728 0.00140708 0.0211483
0.726729 0.00138133 0.0208788
0.72773 0.00135594 0.0206118
0.728731 0.00133094 0.0203475
0.729732 0.00130633 0.0200859
0.730733 0.0012821 0.0198269
0.731734 0.00125824 0.0195704
0.732735 0.00123473 0.0193165
0.733736 0.00121158 0.0190651
0.734737 0.00118876 0.0188161
0.735738 0.00116629 0.0185696
0.736739 0.00114413 0.0183254
0.73774 0.00112229 0.0180836
0.738741 0.00110076 0.017844
0.739742 0.00107953 0.0176068
0.740743 0.0010586 0.0173717
0.741744 0.00103794 0.0171388
0.742745 0.00101756 0.0169081
0.743746 0.000997444 0.0166796
0.744747 0.000977592 0.0164531
0.745748 0.000958054 0.0162289
0.746749 0.000938841 0.016007
0.74775 0.000919948 0.0157874
0.748751 0.000901366 0.0155702
0.749752 0.00088309 0.0153552
0.750753 0.000865111 0.0151424
0.751754 0.000847423 0.0149318
0.752755 0.000830019 0.0147234
0.753756 0.000812892 0.0145171
0.754757 0.000796035 0.014313
0.755758 0.000779442 0.0141109
0.756759 0.000763106 0.0139109
0.75776 0.000747019 0.013713
0.758761 0.000731177 0.0135171
0.759762 0.000715572 0.0133232
0.760763 0.000700197 0.0131312
0.761764 0.000685046 0.0129412
0.762765 0.000670123 0.0127531
0.763766 0.000655478 0.0125672
0.764767 0.000641113 0.0123835
0.765768 0.000627021 0.0122019
0.766769 0.000613193 0.0120224
0.76777 0.000599623 0.011845
0.768771 0.000586303 0.0116695
0.769772 0.000573225 0.0114961
0.770773 0.000560382 0.0113246
0.771774 0.000547766 0.011155
0.772775 0.00053537 0.0109872
0.773776 0.000523188 0.0108213
0.774777 0.000511211 0.0106572
0.775778 0.000499433 0.0104949
0.776779 0.000487847 0.0103343
0.77778 0.000476445 0.0101753
0.778781 0.000465221 0.0100181
0.779782 0.000454167 0.00986242
0.780783 0.000443294 0.00970844
0.781784 0.000432647 0.00955633
0.782785 0.000422226 0.00940607
0.783786 0.000412023 0.00925765
0.784787 0.000402033 0.00911104
0.785788 0.000392249 0.0089662
0.786789 0.000382665 0.0088231
0.78779 0.000373274 0.00868173
0.788791 0.000364071 0.00854205
0.789792 0.000355049 0.00840403
0.790793 0.000346202 0.00826765
0.791794 0.000337524 0.00813288
0.792795 0.000329009 0.00799969
0.793796 0.000320652 0.00786806
0.794797 0.000312445 0.00773796
0.795798 0.000304384 0.00760937
0.796799 0.000296463 0.00748225
0.7978 0.000288675 0.00735659
0.798801 0.000281036 0.00723245
0.799802 0.000273585 0.00711001
0.800803 0.000266319 0.00698926
0.801804 0.00025923 0.00687015
0.802805 0.000252312 0.00675266
0.803806 0.00024556 0.00663674
0.804807 0.000238966 0.00652237
0.805808 0.000232525 0.0064095
0.806809 0.00022623 0.00629811
0.80781 0.000220075 0.00618817
0.808811 0.000214055 0.00607963
0.809812 0.000208163 0.00597248
0.810813 0.000202393 0.00586666
0.811814 0.00019674 0.00576216
0.812815 0.000191196 0.00565894
0.813816 0.000185758 0.00555696
0.814817 0.000180418 0.0054562
0.815818 0.000175171 0.00535662
0.816819 0.000170034 0.00525832
0.81782 0.000165041 0.00516146
0.818821 0.000160189 0.00506601
0.819822 0.00015547 0.00497196
0.820823 0.000150881 0.00487927
0.821824 0.000146416 0.00478792
0.822825 0.000142071 0.00469788
0.823826 0.000137839 0.00460913
0.824827 0.000133716 0.00452163
0.825828 0.000129697 0.00443536
0.826829 0.000125776 0.00435029
0.82783 0.00012195 0.0042664
0.828831 0.000118213 0.00418367
0.829832 0.000114559 0.00410205
0.830833 0.000110985 0.00402154
0.831834 0.000107486 0.00394211
0.832835 0.000104056 0.00386372
0.833835 0.00010069 0.00378635
0.834836 9.74067e-05 0.00371011
0.835837 9.42327e-05 0.00363514
0.836838 9.1164e-05 0.00356141
0.837839 8.81959e-05 0.0034889
0.83884 8.53238e-05 0.00341757
0.839841 8.2543e-05 0.00334739
0.840842 7.98491e-05 0.00327834
0.841843 7.72375e-05 0.00321039
0.842844 7.47036e-05 0.0031435
0.843845 7.22431e-05 0.00307764
0.844846 6.98515e-05 0.0030128
0.845847 6.75243e-05 0.00294893
0.846848 6.52573e-05 0.00288601
0.847849 6.3046e-05 0.00282401
0.84885 6.08862e-05 0.00276291
0.849851 5.87735e-05 0.00270267
0.850852 5.67037e-05 0.00264327
0.851853 5.46726e-05 0.00258468
0.852854 5.26942e-05 0.002527
0.853855 5.07918e-05 0.00247036
0.854856 4.89619e-05 0.00241475
0.855857 4.72013e-05 0.00236014
0.856858 4.55062e-05 0.0023065
0.857859 4.38733e-05 0.00225382
0.85886 4.22991e-05 0.00220207
0.859861 4.07803e-05 0.00215123
0.860862 3.93134e-05 0.00210126
0.861863 3.7895e-05 0.00205215
0.862864 3.65218e-05 0.00200387
0.863865 3.51905e-05 0.0019564
0.864866 3.38978e-05 0.00190972
0.865867 3.26403e-05 0.0018638
0.866868 3.14149e-05 0.00181862
0.867869 3.02183e-05 0.00177415
0.86887 2.90473e-05 0.00173038
0.869871 2.78987e-05 0.00168728
0.870872 2.67828e-05 0.00164494
0.871873 2.57176e-05 0.00160348
0.872874 2.47008e-05 0.0015629
0.873875 2.37297e-05 0.00152316
0.874876 2.28015e-05 0.00148424
0.875877 2.19137e-05 0.00144611
0.876878 2.10637e-05 0.00140876
0.877879 2.02488e-05 0.00137214
0.87888 1.94665e-05 0.00133625
0.879881 1.87142e-05 0.00130105
0.880882 1.79893e-05 0.00126652
0.881883 1.72893e-05 0.00123264
0.882884 1.66117e-05 0.00119939
0.883885 1.5954e-05 0.00116673
0.884886 1.53137e-05 0.00113465
0.885887 1.46884e-05 0.00110312
0.886888 1.40756e-05 0.00107212
0.887889 1.34728e-05 0.00104162
0.88889 1.28865e-05 0.0010117
0.889891 1.23304e-05 0.000982492
0.890892 1.18029e-05 0.000953978
0.891893 1.13025e-05 0.000926137
0.892894 1.08273e-05 0.000898948
0.893895 1.03757e-05 0.000872391
0.894896 9.94603e-06 0.000846444
0.895897 9.53662e-06 0.000821088
0.896898 9.1458e-06 0.000796302
0.897899 8.77195e-06 0.000772066
0.8989 8.41341e-06 0.000748359
0.899901 8.06858e-06 0.000725162
0.900902 7.73583e-06 0.000702455
0.901903 7.41357e-06 0.000680218
0.902904 7.10021e-06 0.000658431
0.903905 6.79417e-06 0.000637075
0.904906 6.49388e-06 0.000616131
0.905907 6.19777e-06 0.000595579
0.906908 5.90957e-06 0.000575478
0.907909 5.63813e-06 0.000555956
0.90891 5.38263e-06 0.000536996
0.909911 5.14204e-06 0.000518577
0.910912 4.91532e-06 0.00050068
0.911913 4.70144e-06 0.000483284
0.912914 4.49937e-06 0.000466369
0.913915 4.30809e-06 0.000449914
0.914916 4.12661e-06 0.000433902
0.915917 3.95391e-06 0.00041831
0.916918 3.789e-06 0.000403121
0.917919 3.63088e-06 0.000388314
0.91892 3.47857e-06 0.000373871
0.919921 3.3311e-06 0.000359772
0.920922 3.18749e-06 0.000345997
0.921923 3.04677e-06 0.000332529
0.922924 2.908e-06 0.000319349
0.923925 2.7702e-06 0.000306436
0.924926 2.63549e-06 0.000293847
0.925927 2.50889e-06 0.000281697
0.926928 2.39e-06 0.000269974
0.927929 2.27831e-06 0.00025866
0.92893 2.17331e-06 0.000247738
0.929931 2.07446e-06 0.00023719
0.930932 1.98128e-06 0.000226999
0.931933 1.89325e-06 0.000217148
0.932934 1.80986e-06 0.000207621
0.933935 1.73062e-06 0.0001984
0.934936 1.65504e-06 0.00018947
0.935937 1.58261e-06 0.000180813
0.936938 1.51285e-06 0.000172413
0.937939 1.44527e-06 0.000164253
0.93894 1.37939e-06 0.000156318
0.939941 1.31472e-06 0.000148592
0.940942 1.25078e-06 0.000141057
0.941943 1.18711e-06 0.000133699
0.942944 1.12512e-06 0.000126582
0.943945 1.06697e-06 0.000119796
0.944945 1.0124e-06 0.000113325
0.945946 9.61181e-07 0.000107155
0.946947 9.13053e-07 0.000101269
0.947948 8.67776e-07 9.56516e-05
0.948949 8.25104e-07 9.02877e-05
0.94995 7.84796e-07 8.51618e-05
0.950951 7.46611e-07 8.02588e-05
0.951952 7.1031e-07 7.55634e-05
0.952953 6.75655e-07 7.10606e-05
0.953954 6.42409e-07 6.67355e-05
0.954955 6.10338e-07 6.25732e-05
0.955956 5.79209e-07 5.85589e-05
0.956957 5.48789e-07 5.4678e-05
0.957958 5.18849e-07 5.09159e-05
0.958959 4.89158e-07 4.72581e-05
0.95996 4.59581e-07 4.36979e-05
0.960961 4.31383e-07 4.03441e-05
0.961962 4.04947e-07 3.72247e-05
0.962963 3.80154e-07 3.43248e-05
0.963964 3.56887e-07 3.16292e-05
0.964965 3.3503e-07 2.91232e-05
0.965966 3.14466e-07 2.6792e-05
0.966967 2.9508e-07 2.46209e-05
0.967968 2.76758e-07 2.25953e-05
0.968969 2.59386e-07 2.07008e-05
0.96997 2.42851e-07 1.89228e-05
0.970971 2.2704e-07 1.72471e-05
0.971972 2.11842e-07 1.56595e-05
0.972973 1.97145e-07 1.41457e-05
0.973974 1.8284e-07 1.26917e-05
0.974975 1.68816e-07 1.12836e-05
0.975976 1.54965e-07 9.90747e-06
0.976977 1.41311e-07 8.56886e-06
0.977978 1.28631e-07 7.38064e-06
0.978979 1.16988e-07 6.34988e-06
0.97998 1.06291e-07 5.46043e-06
0.980981 9.64469e-08 4.69625e-06
0.981982 8.73634e-08 4.0414e-06
0.982983 7.89494e-08 3.48003e-06
0.983984 7.11141e-08 2.99637e-06
0.984985 6.37672e-08 2.57478e-06
0.985986 5.68191e-08 2.19969e-06
0.986987 5.01806e-08 1.85562e-06
0.987988 4.3763e-08 1.5272e-06
0.988989 3.74784e-08 1.19916e-06
0.98999 3.1239e-08 8.5629e-07
0.990991 2.53293e-08 5.38364e-07
0.991992 2.03715e-08 3.35095e-07
0.992993 1.61987e-08 2.19735e-07
0.993994 1.26214e-08 1.622e-07
0.994995 9.4514e-09 1.32587e-07
0.995996 6.50136e-09 1.01175e-07
0.996997 3.73875e-09 5.09557e-08
0.997998 1.92493e-09 3.96183e-08
0.998999 5.80094e-10 3.50103e-08
1 1.45217e-26 0
