1.5 2.09626 0.397956
1.5986 2.602 0.414319
1.6972 3.08543 0.430105
1.7958 3.54579 0.445263
1.89439 3.98601 0.459862
1.99299 4.40682 0.473911
2.09159 4.80846 0.487407
2.19019 5.19303 0.500404
2.28879 5.56202 0.512939
2.38739 5.91593 0.525023
2.48599 6.25531 0.53667
2.58458 6.58137 0.547913
2.68318 6.89555 0.558791
2.78178 7.19837 0.569318
2.88038 7.49032 0.579508
2.97898 7.77186 0.589373
3.07758 8.04351 0.598929
3.17618 8.30632 0.608206
3.27477 8.56086 0.61722
3.37337 8.80749 0.625982
3.47197 9.04655 0.634501
3.57057 9.27836 0.642788
3.66917 9.50323 0.650851
3.76777 9.72144 0.6587
3.86637 9.93431 0.666349
3.96496 10.1426 0.673813
4.06356 10.346 0.681097
4.16216 10.5441 0.688211
4.26076 10.7368 0.69516
4.35936 10.9237 0.70195
4.45796 11.1048 0.708588
4.55656 11.28 0.715078
4.65516 11.4491 0.721426
4.75375 11.6121 0.727638
4.85235 11.7693 0.733722
4.95095 11.9213 0.739685
5.04955 12.0685 0.74553
5.14815 12.2113 0.751263
5.24675 12.3502 0.756887
5.34535 12.4855 0.762404
5.44394 12.6175 0.767819
5.54254 12.7466 0.773134
5.64114 12.873 0.778353
5.73974 12.9969 0.783478
5.83834 13.1186 0.788512
5.93694 13.2384 0.793458
6.03554 13.3563 0.798318
6.13413 13.4726 0.803095
6.23273 13.5871 0.807793
6.33133 13.6997 0.812416
6.42993 13.8103 0.816966
6.52853 13.9191 0.821445
6.62713 14.0261 0.825855
6.72573 14.1313 0.830198
6.82432 14.2349 0.834476
6.92292 14.3368 0.83869
7.02152 14.437 0.842842
7.12012 14.5357 0.846934
7.21872 14.6329 0.850967
7.31732 14.7286 0.854943
7.41592 14.8228 0.858863
7.51451 14.9156 0.862729
7.61311 15.0071 0.866541
7.71171 15.0971 0.870301
7.81031 15.1859 0.874011
7.90891 15.2734 0.877671
8.00751 15.3596 0.881283
8.10611 15.4447 0.884847
8.2047 15.5285 0.888366
8.3033 15.6113 0.891842
8.4019 15.6929 0.895275
8.5005 15.7735 0.898667
8.5991 15.853 0.902018
8.6977 15.9316 0.905329
8.7963 16.0091 0.908601
8.89489 16.0857 0.911835
8.99349 16.1613 0.915031
9.09209 16.236 0.918191
9.19069 16.3097 0.921315
9.28929 16.3826 0.924404
9.38789 16.4546 0.927459
9.48649 16.5257 0.93048
9.58509 16.596 0.933468
9.68368 16.6655 0.936423
9.78228 16.7342 0.939347
9.88088 16.8021 0.94224
9.97948 16.8692 0.945102
10.0781 16.9356 0.947934
10.1767 17.0012 0.950736
10.2753 17.0661 0.95351
10.3739 17.1302 0.956255
10.4725 17.1937 0.958972
10.5711 17.2565 0.961663
10.6697 17.3186 0.964326
10.7683 17.38 0.966963
10.8669 17.4408 0.969574
10.9655 17.5009 0.972159
11.0641 17.5605 0.97472
11.1627 17.6194 0.977258
11.2613 17.6778 0.979771
11.3599 17.7356 0.982262
11.4585 17.7928 0.984731
11.5571 17.8494 0.987177
11.6557 17.9055 0.989601
11.7543 17.9611 0.992003
11.8529 18.0162 0.994385
11.9515 18.0707 0.996745
12.0501 18.1247 0.999085
12.1486 18.1783 1.0014
12.2472 18.2313 1.0037
12.3458 18.2838 1.00599
12.4444 18.3359 1.00825
12.543 18.3875 1.01049
12.6416 18.4386 1.01271
12.7402 18.4893 1.01492
12.8388 18.5395 1.0171
12.9374 18.5893 1.01927
13.036 18.6387 1.02142
13.1346 18.6876 1.02356
13.2332 18.7361 1.02568
13.3318 18.7842 1.02778
13.4304 18.8319 1.02986
13.529 18.8792 1.03193
13.6276 18.926 1.03398
13.7262 18.9725 1.03601
13.8248 19.0186 1.03803
13.9234 19.0644 1.04004
14.022 19.1097 1.04203
14.1206 19.1547 1.044
14.2192 19.1993 1.04596
14.3178 19.2436 1.0479
14.4164 19.2875 1.04983
14.515 19.331 1.05175
14.6136 19.3742 1.05365
14.7122 19.4171 1.05554
14.8108 19.4596 1.05741
14.9094 19.5018 1.05927
15.008 19.5437 1.06112
15.1066 19.5853 1.06295
15.2052 19.6265 1.06478
15.3038 19.6675 1.06659
15.4024 19.7081 1.06838
15.501 19.7484 1.07017
15.5996 19.7885 1.07194
15.6982 19.8283 1.0737
15.7968 19.8677 1.07545
15.8954 19.9069 1.07719
15.994 19.9459 1.07891
16.0926 19.9845 1.08063
16.1912 20.0229 1.08233
16.2898 20.061 1.08402
16.3884 20.0989 1.0857
16.487 20.1364 1.08737
16.5856 20.1738 1.08903
16.6842 20.2108 1.09068
16.7828 20.2477 1.09232
16.8814 20.2843 1.09395
16.98 20.3206 1.09557
17.0786 20.3567 1.09718
17.1772 20.3925 1.09878
17.2758 20.4281 1.10037
17.3744 20.4635 1.10195
17.473 20.4987 1.10352
17.5716 20.5336 1.10508
17.6702 20.5683 1.10663
17.7688 20.6028 1.10817
17.8674 20.637 1.1097
17.966 20.6711 1.11123
18.0646 20.7049 1.11274
18.1632 20.7385 1.11425
18.2618 20.7719 1.11575
18.3604 20.8051 1.11723
18.459 20.8381 1.11871
18.5576 20.8709 1.12018
18.6562 20.9034 1.12165
18.7548 20.9358 1.1231
18.8534 20.968 1.12455
18.952 21 1.12599
19.0506 21.0318 1.12742
19.1491 21.0634 1.12884
19.2477 21.0948 1.13025
19.3463 21.126 1.13166
19.4449 21.1571 1.13306
19.5435 21.188 1.13445
19.6421 21.2186 1.13583
19.7407 21.2491 1.13721
19.8393 21.2795 1.13858
19.9379 21.3096 1.13994
20.0365 21.3396 1.14129
20.1351 21.3694 1.14264
20.2337 21.399 1.14398
20.3323 21.4285 1.14531
20.4309 21.4578 1.14663
20.5295 21.4869 1.14795
20.6281 21.5159 1.14926
20.7267 21.5447 1.15057
20.8253 21.5734 1.15187
20.9239 21.6019 1.15316
21.0225 21.6302 1.15444
21.1211 21.6584 1.15572
21.2197 21.6864 1.15699
21.3183 21.7143 1.15826
21.4169 21.742 1.15952
21.5155 21.7696 1.16077
21.6141 21.797 1.16202
21.7127 21.8243 1.16326
21.8113 21.8514 1.16449
21.9099 21.8784 1.16572
22.0085 21.9053 1.16694
22.1071 21.932 1.16816
22.2057 21.9586 1.16937
22.3043 21.985 1.17057
22.4029 22.0113 1.17177
22.5015 22.0375 1.17297
22.6001 22.0636 1.17415
22.6987 22.0895 1.17534
22.7973 22.1153 1.17651
22.8959 22.141 1.17768
22.9945 22.1665 1.17885
23.0931 22.1919 1.18001
23.1917 22.2172 1.18117
23.2903 22.2423 1.18232
23.3889 22.2674 1.18346
23.4875 22.2923 1.1846
23.5861 22.3171 1.18574
23.6847 22.3418 1.18687
23.7833 22.3663 1.18799
23.8819 22.3908 1.18911
23.9805 22.4151 1.19023
24.0791 22.4393 1.19134
24.1777 22.4634 1.19244
24.2763 22.4874 1.19354
24.3749 22.5113 1.19464
24.4735 22.535 1.19573
24.5721 22.5587 1.19681
24.6707 22.5822 1.19789
24.7693 22.6057 1.19897
24.8679 22.629 1.20004
24.9665 22.6522 1.20111
25.0651 22.6753 1.20217
25.1637 22.6983 1.20323
25.2623 22.7212 1.20428
25.3609 22.744 1.20533
25.4595 22.7667 1.20638
25.5581 22.7893 1.20742
25.6567 22.8118 1.20845
25.7553 22.8342 1.20949
25.8539 22.8565 1.21051
25.9525 22.8787 1.21154
26.0511 22.9008 1.21256
26.1496 22.9228 1.21357
26.2482 22.9447 1.21458
26.3468 22.9665 1.21559
26.4454 22.9882 1.21659
26.544 23.0099 1.21759
26.6426 23.0314 1.21859
26.7412 23.0528 1.21958
26.8398 23.0742 1.22056
26.9384 23.0954 1.22155
27.037 23.1166 1.22253
27.1356 23.1377 1.2235
27.2342 23.1587 1.22447
27.3328 23.1796 1.22544
27.4314 23.2004 1.2264
27.53 23.2211 1.22736
27.6286 23.2417 1.22832
27.7272 23.2623 1.22927
27.8258 23.2827 1.23022
27.9244 23.3031 1.23117
28.023 23.3234 1.23211
28.1216 23.3436 1.23305
28.2202 23.3638 1.23398
28.3188 23.3838 1.23491
28.4174 23.4038 1.23584
28.516 23.4237 1.23676
28.6146 23.4435 1.23768
28.7132 23.4632 1.2386
28.8118 23.4828 1.23951
28.9104 23.5024 1.24042
29.009 23.5219 1.24133
29.1076 23.5413 1.24223
29.2062 23.5607 1.24313
29.3048 23.5799 1.24403
29.4034 23.5991 1.24492
29.502 23.6182 1.24581
29.6006 23.6373 1.2467
29.6992 23.6562 1.24758
29.7978 23.6751 1.24847
29.8964 23.6939 1.24934
29.995 23.7127 1.25022
30.0936 23.7313 1.25109
30.1922 23.7499 1.25196
30.2908 23.7685 1.25282
30.3894 23.7869 1.25368
30.488 23.8053 1.25454
30.5866 23.8236 1.2554
30.6852 23.8419 1.25625
30.7838 23.8601 1.2571
30.8824 23.8782 1.25795
30.981 23.8962 1.25879
31.0796 23.9142 1.25963
31.1782 23.9321 1.26047
31.2768 23.95 1.2613
31.3754 23.9677 1.26214
31.474 23.9854 1.26297
31.5726 24.0031 1.26379
31.6712 24.0207 1.26462
31.7698 24.0382 1.26544
31.8684 24.0556 1.26625
31.967 24.073 1.26707
32.0656 24.0904 1.26788
32.1642 24.1076 1.26869
32.2628 24.1249 1.2695
32.3614 24.142 1.2703
32.46 24.1591 1.27111
32.5586 24.1761 1.27191
32.6572 24.1931 1.2727
32.7558 24.21 1.2735
32.8544 24.2269 1.27429
32.953 24.2437 1.27508
33.0516 24.2604 1.27587
33.1502 24.2771 1.27665
33.2487 24.2937 1.27743
33.3473 24.3103 1.27821
33.4459 24.3268 1.27899
33.5445 24.3432 1.27976
33.6431 24.3596 1.28053
33.7417 24.376 1.2813
33.8403 24.3923 1.28207
33.9389 24.4085 1.28283
34.0375 24.4247 1.2836
34.1361 24.4408 1.28436
34.2347 24.4569 1.28511
34.3333 24.4729 1.28587
34.4319 24.4888 1.28662
34.5305 24.5047 1.28737
34.6291 24.5206 1.28812
34.7277 24.5364 1.28886
34.8263 24.5522 1.28961
34.9249 24.5679 1.29035
35.0235 24.5835 1.29109
35.1221 24.5991 1.29182
35.2207 24.6147 1.29256
35.3193 24.6302 1.29329
35.4179 24.6456 1.29402
35.5165 24.661 1.29475
35.6151 24.6763 1.29547
35.7137 24.6916 1.2962
35.8123 24.7069 1.29692
35.9109 24.7221 1.29764
36.0095 24.7373 1.29836
36.1081 24.7524 1.29907
36.2067 24.7674 1.29978
36.3053 24.7824 1.30049
36.4039 24.7974 1.3012
36.5025 24.8123 1.30191
36.6011 24.8272 1.30261
36.6997 24.842 1.30332
36.7983 24.8568 1.30402
36.8969 24.8715 1.30472
36.9955 24.8862 1.30541
37.0941 24.9008 1.30611
37.1927 24.9154 1.3068
37.2913 24.93 1.30749
37.3899 24.9445 1.30818
37.4885 24.959 1.30886
37.5871 24.9734 1.30955
37.6857 24.9877 1.31023
37.7843 25.0021 1.31091
37.8829 25.0164 1.31159
37.9815 25.0306 1.31227
38.0801 25.0448 1.31294
38.1787 25.059 1.31362
38.2773 25.0731 1.31429
38.3759 25.0872 1.31496
38.4745 25.1012 1.31562
38.5731 25.1152 1.31629
38.6717 25.1291 1.31695
38.7703 25.143 1.31761
38.8689 25.1569 1.31827
38.9675 25.1707 1.31893
39.0661 25.1845 1.31959
39.1647 25.1982 1.32024
39.2633 25.2119 1.3209
39.3619 25.2256 1.32155
39.4605 25.2392 1.3222
39.5591 25.2528 1.32284
39.6577 25.2664 1.32349
39.7563 25.2799 1.32413
39.8549 25.2933 1.32478
39.9535 25.3068 1.32542
40.0521 25.3202 1.32606
40.1507 25.3335 1.32669
40.2492 25.3468 1.32733
40.3478 25.3601 1.32796
40.4464 25.3733 1.32859
40.545 25.3865 1.32922
40.6436 25.3997 1.32985
40.7422 25.4128 1.33048
40.8408 25.4259 1.3311
40.9394 25.439 1.33173
41.038 25.452 1.33235
41.1366 25.465 1.33297
41.2352 25.4779 1.33359
41.3338 25.4908 1.33421
41.4324 25.5037 1.33482
41.531 25.5165 1.33544
41.6296 25.5293 1.33605
41.7282 25.5421 1.33666
41.8268 25.5548 1.33727
41.9254 25.5675 1.33788
42.024 25.5801 1.33848
42.1226 25.5928 1.33909
42.2212 25.6054 1.33969
42.3198 25.6179 1.34029
42.4184 25.6304 1.34089
42.517 25.6429 1.34149
42.6156 25.6554 1.34209
42.7142 25.6678 1.34268
42.8128 25.6802 1.34328
42.9114 25.6925 1.34387
43.01 25.7049 1.34446
43.1086 25.7171 1.34505
43.2072 25.7294 1.34564
43.3058 25.7416 1.34623
43.4044 25.7538 1.34681
43.503 25.766 1.3474
43.6016 25.7781 1.34798
43.7002 25.7902 1.34856
43.7988 25.8022 1.34914
43.8974 25.8143 1.34972
43.996 25.8263 1.35029
44.0946 25.8382 1.35087
44.1932 25.8502 1.35144
44.2918 25.8621 1.35201
44.3904 25.8739 1.35258
44.489 25.8858 1.35315
44.5876 25.8976 1.35372
44.6862 25.9094 1.35429
44.7848 25.9211 1.35485
44.8834 25.9329 1.35542
44.982 25.9445 1.35598
45.0806 25.9562 1.35654
45.1792 25.9678 1.3571
45.2778 25.9794 1.35766
45.3764 25.991 1.35822
45.475 26.0025 1.35877
45.5736 26.0141 1.35933
45.6722 26.0255 1.35988
45.7708 26.037 1.36044
45.8694 26.0484 1.36099
45.968 26.0598 1.36154
46.0666 26.0712 1.36208
46.1652 26.0825 1.36263
46.2638 26.0938 1.36318
46.3624 26.1051 1.36372
46.461 26.1164 1.36426
46.5596 26.1276 1.36481
46.6582 26.1388 1.36535
46.7568 26.15 1.36589
46.8554 26.1611 1.36642
46.954 26.1722 1.36696
47.0526 26.1833 1.3675
47.1512 26.1944 1.36803
47.2497 26.2054 1.36856
47.3483 26.2164 1.3691
47.4469 26.2274 1.36963
47.5455 26.2384 1.37016
47.6441 26.2493 1.37068
47.7427 26.2602 1.37121
47.8413 26.2711 1.37174
47.9399 26.2819 1.37226
48.0385 26.2927 1.37279
48.1371 26.3035 1.37331
48.2357 26.3143 1.37383
48.3343 26.325 1.37435
48.4329 26.3358 1.37487
48.5315 26.3465 1.37539
48.6301 26.3571 1.3759
48.7287 26.3678 1.37642
48.8273 26.3784 1.37693
48.9259 26.389 1.37745
49.0245 26.3996 1.37796
49.1231 26.4101 1.37847
49.2217 26.4206 1.37898
49.3203 26.4311 1.37949
49.4189 26.4416 1.38
49.5175 26.452 1.3805
49.6161 26.4625 1.38101
49.7147 26.4729 1.38151
49.8133 26.4832 1.38202
49.9119 26.4936 1.38252
50.0105 26.5039 1.38302
50.1091 26.5142 1.38352
50.2077 26.5245 1.38402
50.3063 26.5348 1.38452
50.4049 26.545 1.38502
50.5035 26.5552 1.38551
50.6021 26.5654 1.38601
50.7007 26.5756 1.3865
50.7993 26.5857 1.38699
50.8979 26.5958 1.38748
50.9965 26.6059 1.38798
51.0951 26.616 1.38847
51.1937 26.6261 1.38895
51.2923 26.6361 1.38944
51.3909 26.6461 1.38993
51.4895 26.6561 1.39041
51.5881 26.6661 1.3909
51.6867 26.676 1.39138
51.7853 26.6859 1.39187
51.8839 26.6958 1.39235
51.9825 26.7057 1.39283
52.0811 26.7156 1.39331
52.1797 26.7254 1.39379
52.2783 26.7352 1.39426
52.3769 26.745 1.39474
52.4755 26.7548 1.39522
52.5741 26.7645 1.39569
52.6727 26.7742 1.39617
52.7713 26.7839 1.39664
52.8699 26.7936 1.39711
52.9685 26.8033 1.39758
53.0671 26.8129 1.39805
53.1657 26.8226 1.39852
53.2643 26.8322 1.39899
53.3629 26.8417 1.39946
53.4615 26.8513 1.39992
53.5601 26.8608 1.40039
53.6587 26.8704 1.40085
53.7573 26.8799 1.40132
53.8559 26.8893 1.40178
53.9545 26.8988 1.40224
54.0531 26.9082 1.4027
54.1517 26.9176 1.40316
54.2503 26.927 1.40362
54.3488 26.9364 1.40408
54.4474 26.9458 1.40454
54.546 26.9551 1.40499
54.6446 26.9644 1.40545
54.7432 26.9737 1.4059
54.8418 26.983 1.40636
54.9404 26.9923 1.40681
55.039 27.0015 1.40726
55.1376 27.0108 1.40771
55.2362 27.02 1.40816
55.3348 27.0291 1.40861
55.4334 27.0383 1.40906
55.532 27.0475 1.40951
55.6306 27.0566 1.40995
55.7292 27.0657 1.4104
55.8278 27.0748 1.41085
55.9264 27.0839 1.41129
56.025 27.0929 1.41173
56.1236 27.1019 1.41217
56.2222 27.111 1.41262
56.3208 27.12 1.41306
56.4194 27.1289 1.4135
56.518 27.1379 1.41394
56.6166 27.1468 1.41437
56.7152 27.1558 1.41481
56.8138 27.1647 1.41525
56.9124 27.1736 1.41568
57.011 27.1824 1.41612
57.1096 27.1913 1.41655
57.2082 27.2001 1.41699
57.3068 27.2089 1.41742
57.4054 27.2177 1.41785
57.504 27.2265 1.41828
57.6026 27.2353 1.41871
57.7012 27.244 1.41914
57.7998 27.2528 1.41957
57.8984 27.2615 1.42
57.997 27.2702 1.42042
58.0956 27.2789 1.42085
58.1942 27.2875 1.42128
58.2928 27.2962 1.4217
58.3914 27.3048 1.42212
58.49 27.3134 1.42255
58.5886 27.322 1.42297
58.6872 27.3306 1.42339
58.7858 27.3391 1.42381
58.8844 27.3477 1.42423
58.983 27.3562 1.42465
59.0816 27.3647 1.42507
59.1802 27.3732 1.42549
59.2788 27.3817 1.4259
59.3774 27.3902 1.42632
59.476 27.3986 1.42673
59.5746 27.407 1.42715
59.6732 27.4154 1.42756
59.7718 27.4238 1.42798
59.8704 27.4322 1.42839
59.969 27.4406 1.4288
60.0676 27.4489 1.42921
60.1662 27.4573 1.42962
60.2648 27.4656 1.43003
60.3634 27.4739 1.43044
60.462 27.4822 1.43085
60.5606 27.4904 1.43125
60.6592 27.4987 1.43166
60.7578 27.5069 1.43207
60.8564 27.5152 1.43247
60.955 27.5234 1.43288
61.0536 27.5316 1.43328
61.1522 27.5397 1.43368
61.2508 27.5479 1.43408
61.3493 27.556 1.43449
61.4479 27.5642 1.43489
61.5465 27.5723 1.43529
61.6451 27.5804 1.43569
61.7437 27.5885 1.43609
61.8423 27.5965 1.43648
61.9409 27.6046 1.43688
62.0395 27.6126 1.43728
62.1381 27.6207 1.43767
62.2367 27.6287 1.43807
62.3353 27.6367 1.43846
62.4339 27.6446 1.43886
62.5325 27.6526 1.43925
62.6311 27.6606 1.43964
62.7297 27.6685 1.44003
62.8283 27.6764 1.44043
62.9269 27.6843 1.44082
63.0255 27.6922 1.44121
63.1241 27.7001 1.4416
63.2227 27.708 1.44198
63.3213 27.7158 1.44237
63.4199 27.7237 1.44276
63.5185 27.7315 1.44315
63.6171 27.7393 1.44353
63.7157 27.7471 1.44392
63.8143 27.7549 1.4443
63.9129 27.7626 1.44469
64.0115 27.7704 1.44507
64.1101 27.7781 1.44545
64.2087 27.7858 1.44583
64.3073 27.7935 1.44622
64.4059 27.8012 1.4466
64.5045 27.8089 1.44698
64.6031 27.8166 1.44736
64.7017 27.8242 1.44773
64.8003 27.8319 1.44811
64.8989 27.8395 1.44849
64.9975 27.8471 1.44887
65.0961 27.8547 1.44924
65.1947 27.8623 1.44962
65.2933 27.8699 1.45
65.3919 27.8775 1.45037
65.4905 27.885 1.45074
65.5891 27.8925 1.45112
65.6877 27.9001 1.45149
65.7863 27.9076 1.45186
65.8849 27.9151 1.45223
65.9835 27.9225 1.4526
66.0821 27.93 1.45297
66.1807 27.9375 1.45334
66.2793 27.9449 1.45371
66.3779 27.9523 1.45408
66.4765 27.9598 1.45445
66.5751 27.9672 1.45482
66.6737 27.9746 1.45518
66.7723 27.9819 1.45555
66.8709 27.9893 1.45591
66.9695 27.9967 1.45628
67.0681 28.004 1.45664
67.1667 28.0113 1.45701
67.2653 28.0186 1.45737
67.3639 28.0259 1.45773
67.4625 28.0332 1.45809
67.5611 28.0405 1.45846
67.6597 28.0478 1.45882
67.7583 28.055 1.45918
67.8569 28.0623 1.45954
67.9555 28.0695 1.4599
68.0541 28.0767 1.46025
68.1527 28.0839 1.46061
68.2513 28.0911 1.46097
68.3498 28.0983 1.46133
68.4484 28.1055 1.46168
68.547 28.1126 1.46204
68.6456 28.1198 1.46239
68.7442 28.1269 1.46275
68.8428 28.134 1.4631
68.9414 28.1411 1.46346
69.04 28.1482 1.46381
69.1386 28.1553 1.46416
69.2372 28.1624 1.46451
69.3358 28.1694 1.46486
69.4344 28.1765 1.46521
69.533 28.1835 1.46556
69.6316 28.1905 1.46591
69.7302 28.1976 1.46626
69.8288 28.2046 1.46661
69.9274 28.2116 1.46696
70.026 28.2185 1.46731
70.1246 28.2255 1.46765
70.2232 28.2325 1.468
70.3218 28.2394 1.46835
70.4204 28.2463 1.46869
70.519 28.2533 1.46904
70.6176 28.2602 1.46938
70.7162 28.2671 1.46972
70.8148 28.274 1.47007
70.9134 28.2808 1.47041
71.012 28.2877 1.47075
71.1106 28.2946 1.47109
71.2092 28.3014 1.47144
71.3078 28.3082 1.47178
71.4064 28.3151 1.47212
71.505 28.3219 1.47246
71.6036 28.3287 1.47279
71.7022 28.3355 1.47313
71.8008 28.3422 1.47347
71.8994 28.349 1.47381
71.998 28.3558 1.47415
72.0966 28.3625 1.47448
72.1952 28.3692 1.47482
72.2938 28.376 1.47515
72.3924 28.3827 1.47549
72.491 28.3894 1.47582
72.5896 28.3961 1.47616
72.6882 28.4027 1.47649
72.7868 28.4094 1.47682
72.8854 28.4161 1.47716
72.984 28.4227 1.47749
73.0826 28.4294 1.47782
73.1812 28.436 1.47815
73.2798 28.4426 1.47848
73.3784 28.4492 1.47881
73.477 28.4558 1.47914
73.5756 28.4624 1.47947
73.6742 28.469 1.4798
73.7728 28.4755 1.48013
73.8714 28.4821 1.48045
73.97 28.4886 1.48078
74.0686 28.4952 1.48111
74.1672 28.5017 1.48143
74.2658 28.5082 1.48176
74.3644 28.5147 1.48209
74.463 28.5212 1.48241
74.5616 28.5277 1.48273
74.6602 28.5342 1.48306
74.7588 28.5406 1.48338
74.8574 28.5471 1.4837
74.956 28.5535 1.48403
75.0546 28.56 1.48435
75.1532 28.5664 1.48467
75.2518 28.5728 1.48499
75.3504 28.5792 1.48531
75.4489 28.5856 1.48563
75.5475 28.592 1.48595
75.6461 28.5984 1.48627
75.7447 28.6048 1.48659
75.8433 28.6111 1.48691
75.9419 28.6175 1.48723
76.0405 28.6238 1.48754
76.1391 28.6301 1.48786
76.2377 28.6364 1.48818
76.3363 28.6428 1.48849
76.4349 28.6491 1.48881
76.5335 28.6553 1.48912
76.6321 28.6616 1.48944
76.7307 28.6679 1.48975
76.8293 28.6742 1.49007
76.9279 28.6804 1.49038
77.0265 28.6867 1.49069
77.1251 28.6929 1.49101
77.2237 28.6991 1.49132
77.3223 28.7053 1.49163
77.4209 28.7115 1.49194
77.5195 28.7177 1.49225
77.6181 28.7239 1.49256
77.7167 28.7301 1.49287
77.8153 28.7363 1.49318
77.9139 28.7424 1.49349
78.0125 28.7486 1.4938
78.1111 28.7547 1.49411
78.2097 28.7609 1.49442
78.3083 28.767 1.49472
78.4069 28.7731 1.49503
78.5055 28.7792 1.49534
78.6041 28.7853 1.49564
78.7027 28.7914 1.49595
78.8013 28.7975 1.49626
78.8999 28.8036 1.49656
78.9985 28.8096 1.49687
79.0971 28.8157 1.49717
79.1957 28.8217 1.49747
79.2943 28.8278 1.49778
79.3929 28.8338 1.49808
79.4915 28.8398 1.49838
79.5901 28.8458 1.49868
79.6887 28.8518 1.49899
79.7873 28.8578 1.49929
79.8859 28.8638 1.49959
79.9845 28.8698 1.49989
80.0831 28.8758 1.50019
80.1817 28.8817 1.50049
80.2803 28.8877 1.50079
80.3789 28.8936 1.50109
80.4775 28.8996 1.50139
80.5761 28.9055 1.50168
80.6747 28.9114 1.50198
80.7733 28.9173 1.50228
80.8719 28.9232 1.50258
80.9705 28.9291 1.50287
81.0691 28.935 1.50317
81.1677 28.9409 1.50346
81.2663 28.9467 1.50376
81.3649 28.9526 1.50405
81.4635 28.9584 1.50435
81.5621 28.9643 1.50464
81.6607 28.9701 1.50494
81.7593 28.9759 1.50523
81.8579 28.9818 1.50552
81.9565 28.9876 1.50582
82.0551 28.9934 1.50611
82.1537 28.9992 1.5064
82.2523 29.005 1.50669
82.3509 29.0107 1.50698
82.4494 29.0165 1.50727
82.548 29.0223 1.50756
82.6466 29.028 1.50785
82.7452 29.0338 1.50814
82.8438 29.0395 1.50843
82.9424 29.0452 1.50872
83.041 29.051 1.50901
83.1396 29.0567 1.5093
83.2382 29.0624 1.50959
83.3368 29.0681 1.50987
83.4354 29.0738 1.51016
83.534 29.0794 1.51045
83.6326 29.0851 1.51073
83.7312 29.0908 1.51102
83.8298 29.0965 1.5113
83.9284 29.1021 1.51159
84.027 29.1077 1.51187
84.1256 29.1134 1.51216
84.2242 29.119 1.51244
84.3228 29.1246 1.51273
84.4214 29.1303 1.51301
84.52 29.1359 1.51329
84.6186 29.1415 1.51358
84.7172 29.147 1.51386
84.8158 29.1526 1.51414
84.9144 29.1582 1.51442
85.013 29.1638 1.5147
85.1116 29.1693 1.51498
85.2102 29.1749 1.51527
85.3088 29.1804 1.51555
85.4074 29.186 1.51583
85.506 29.1915 1.5161
85.6046 29.197 1.51638
85.7032 29.2025 1.51666
85.8018 29.2081 1.51694
85.9004 29.2136 1.51722
85.999 29.219 1.5175
86.0976 29.2245 1.51777
86.1962 29.23 1.51805
86.2948 29.2355 1.51833
86.3934 29.241 1.5186
86.492 29.2464 1.51888
86.5906 29.2519 1.51916
86.6892 29.2573 1.51943
86.7878 29.2627 1.51971
86.8864 29.2682 1.51998
86.985 29.2736 1.52026
87.0836 29.279 1.52053
87.1822 29.2844 1.5208
87.2808 29.2898 1.52108
87.3794 29.2952 1.52135
87.478 29.3006 1.52162
87.5766 29.306 1.52189
87.6752 29.3113 1.52217
87.7738 29.3167 1.52244
87.8724 29.3221 1.52271
87.971 29.3274 1.52298
88.0696 29.3328 1.52325
88.1682 29.3381 1.52352
88.2668 29.3434 1.52379
88.3654 29.3488 1.52406
88.464 29.3541 1.52433
88.5626 29.3594 1.5246
88.6612 29.3647 1.52487
88.7598 29.37 1.52514
88.8584 29.3753 1.5254
88.957 29.3806 1.52567
89.0556 29.3858 1.52594
89.1542 29.3911 1.52621
89.2528 29.3964 1.52647
89.3514 29.4016 1.52674
89.4499 29.4069 1.52701
89.5485 29.4121 1.52727
89.6471 29.4173 1.52754
89.7457 29.4226 1.5278
89.8443 29.4278 1.52807
89.9429 29.433 1.52833
90.0415 29.4382 1.5286
90.1401 29.4434 1.52886
90.2387 29.4486 1.52912
90.3373 29.4538 1.52939
90.4359 29.459 1.52965
90.5345 29.4642 1.52991
90.6331 29.4693 1.53017
90.7317 29.4745 1.53044
90.8303 29.4797 1.5307
90.9289 29.4848 1.53096
91.0275 29.4899 1.53122
91.1261 29.4951 1.53148
91.2247 29.5002 1.53174
91.3233 29.5053 1.532
91.4219 29.5105 1.53226
91.5205 29.5156 1.53252
91.6191 29.5207 1.53278
91.7177 29.5258 1.53304
91.8163 29.5309 1.5333
91.9149 29.5359 1.53356
92.0135 29.541 1.53381
92.1121 29.5461 1.53407
92.2107 29.5512 1.53433
92.3093 29.5562 1.53459
92.4079 29.5613 1.53484
92.5065 29.5663 1.5351
92.6051 29.5714 1.53536
92.7037 29.5764 1.53561
92.8023 29.5814 1.53587
92.9009 29.5865 1.53612
92.9995 29.5915 1.53638
93.0981 29.5965 1.53663
93.1967 29.6015 1.53689
93.2953 29.6065 1.53714
93.3939 29.6115 1.5374
93.4925 29.6165 1.53765
93.5911 29.6214 1.5379
93.6897 29.6264 1.53816
93.7883 29.6314 1.53841
93.8869 29.6363 1.53866
93.9855 29.6413 1.53891
94.0841 29.6462 1.53917
94.1827 29.6512 1.53942
94.2813 29.6561 1.53967
94.3799 29.6611 1.53992
94.4785 29.666 1.54017
94.5771 29.6709 1.54042
94.6757 29.6758 1.54067
94.7743 29.6807 1.54092
94.8729 29.6856 1.54117
94.9715 29.6905 1.54142
95.0701 29.6954 1.54167
95.1687 29.7003 1.54192
95.2673 29.7052 1.54217
95.3659 29.71 1.54241
95.4645 29.7149 1.54266
95.5631 29.7198 1.54291
95.6617 29.7246 1.54316
95.7603 29.7295 1.5434
95.8589 29.7343 1.54365
95.9575 29.7392 1.5439
96.0561 29.744 1.54414
96.1547 29.7488 1.54439
96.2533 29.7536 1.54463
96.3519 29.7584 1.54488
96.4505 29.7633 1.54513
96.549 29.7681 1.54537
96.6476 29.7729 1.54561
96.7462 29.7776 1.54586
96.8448 29.7824 1.5461
96.9434 29.7872 1.54635
97.042 29.792 1.54659
97.1406 29.7968 1.54683
97.2392 29.8015 1.54708
97.3378 29.8063 1.54732
97.4364 29.811 1.54756
97.535 29.8158 1.5478
97.6336 29.8205 1.54805
97.7322 29.8252 1.54829
97.8308 29.83 1.54853
97.9294 29.8347 1.54877
98.028 29.8394 1.54901
98.1266 29.8441 1.54925
98.2252 29.8488 1.54949
98.3238 29.8535 1.54973
98.4224 29.8582 1.54997
98.521 29.8629 1.55021
98.6196 29.8676 1.55045
98.7182 29.8723 1.55069
98.8168 29.877 1.55093
98.9154 29.8816 1.55117
99.014 29.8863 1.5514
99.1126 29.891 1.55164
99.2112 29.8956 1.55188
99.3098 29.9003 1.55212
99.4084 29.9049 1.55235
99.507 29.9095 1.55259
99.6056 29.9142 1.55283
99.7042 29.9188 1.55306
99.8028 29.9234 1.5533
99.9014 29.928 1.55354
100 29.9326 1.55377
