1e-05 70.4348 3.15613
0.00101099 16.9853 0.934114
0.00201198 13.2206 0.796208
0.00301297 11.3074 0.732557
0.00401396 10.0645 0.694901
0.00501495 9.16049 0.669982
0.00601595 8.45945 0.652412
0.00701694 7.89039 0.639481
0.00801793 7.41504 0.62974
0.00901892 7.00891 0.622267
0.0100199 6.65496 0.616431
0.0110209 6.34276 0.611864
0.0120219 6.06458 0.608301
0.0130229 5.81374 0.6055
0.0140239 5.58578 0.603315
0.0150249 5.37737 0.601638
0.0160259 5.18589 0.60039
0.0170268 5.00899 0.599494
0.0180278 4.84458 0.59887
0.0190288 4.69116 0.598481
0.0200298 4.54761 0.598295
0.0210308 4.4129 0.598276
0.0220318 4.28622 0.59841
0.0230328 4.16675 0.598676
0.0240338 4.05372 0.599042
0.0250348 3.94648 0.599486
0.0260358 3.84458 0.600007
0.0270368 3.7476 0.600596
0.0280377 3.65516 0.601237
0.0290387 3.56693 0.601921
0.0300397 3.48262 0.602652
0.0310407 3.40193 0.603422
0.0320417 3.32458 0.604219
0.0330427 3.25034 0.60503
0.0340437 3.17898 0.605853
0.0350447 3.11035 0.606694
0.0360457 3.04428 0.607547
0.0370467 2.98063 0.608408
0.0380477 2.91924 0.60927
0.0390486 2.86001 0.610132
0.0400496 2.80281 0.611002
0.0410506 2.74754 0.611876
0.0420516 2.69408 0.612747
0.0430526 2.64234 0.61361
0.0440536 2.59222 0.614461
0.0450546 2.54363 0.6153
0.0460556 2.49652 0.616133
0.0470566 2.45082 0.616959
0.0480576 2.40646 0.617776
0.0490586 2.36338 0.618581
0.0500595 2.32153 0.619372
0.0510605 2.28085 0.620149
0.0520615 2.2413 0.620918
0.0530625 2.20283 0.62168
0.0540635 2.1654 0.62243
0.0550645 2.12896 0.623166
0.0560655 2.09346 0.623886
0.0570665 2.05887 0.624587
0.0580675 2.02515 0.625269
0.0590685 1.99227 0.625938
0.0600695 1.96021 0.626594
0.0610705 1.92892 0.627236
0.0620714 1.8984 0.627863
0.0630724 1.8686 0.628473
0.0640734 1.8395 0.629065
0.0650744 1.81107 0.629639
0.0660754 1.7833 0.630197
0.0670764 1.75617 0.630744
0.0680774 1.72965 0.631277
0.0690784 1.70373 0.631795
0.0700794 1.67838 0.632296
0.0710804 1.65358 0.63278
0.0720814 1.62932 0.633246
0.0730823 1.60556 0.633691
0.0740833 1.58231 0.634119
0.0750843 1.55956 0.634534
0.0760853 1.53728 0.634934
0.0770863 1.51547 0.635319
0.0780873 1.4941 0.635689
0.0790883 1.47316 0.636041
0.0800893 1.45264 0.636377
0.0810903 1.43252 0.636695
0.0820913 1.4128 0.636996
0.0830923 1.39347 0.637283
0.0840932 1.37451 0.637557
0.0850942 1.35593 0.637817
0.0860952 1.3377 0.638063
0.0870962 1.31982 0.638293
0.0880972 1.30228 0.638508
0.0890982 1.28506 0.638705
0.0900992 1.26816 0.638885
0.0911002 1.25156 0.639048
0.0921012 1.23527 0.639195
0.0931022 1.21927 0.639329
0.0941032 1.20358 0.63945
0.0951041 1.18816 0.639556
0.0961051 1.17302 0.639648
0.0971061 1.15815 0.639725
0.0981071 1.14353 0.639786
0.0991081 1.12917 0.639832
0.100109 1.11505 0.639862
0.10111 1.10117 0.639876
0.102111 1.08752 0.639877
0.103112 1.07412 0.639866
0.104113 1.06094 0.639842
0.105114 1.04799 0.639804
0.106115 1.03525 0.639753
0.107116 1.02272 0.639688
0.108117 1.0104 0.639608
0.109118 0.99828 0.639513
0.110119 0.986352 0.639404
0.11112 0.974613 0.639278
0.112121 0.963067 0.639141
0.113122 0.951711 0.638991
0.114123 0.94054 0.638828
0.115124 0.929548 0.638653
0.116125 0.918731 0.638466
0.117126 0.908083 0.638265
0.118127 0.897599 0.638051
0.119128 0.887275 0.637823
0.120129 0.877106 0.637582
0.12113 0.867088 0.637326
0.122131 0.857219 0.637057
0.123132 0.847501 0.636777
0.124133 0.837933 0.636485
0.125134 0.82851 0.636182
0.126135 0.81923 0.635866
0.127136 0.810088 0.635539
0.128137 0.801081 0.6352
0.129138 0.792206 0.634848
0.130139 0.783459 0.634484
0.13114 0.774837 0.634106
0.132141 0.766338 0.633716
0.133142 0.757959 0.633313
0.134143 0.749703 0.6329
0.135144 0.74157 0.632475
0.136145 0.733556 0.63204
0.137146 0.725658 0.631593
0.138147 0.717872 0.631136
0.139148 0.710196 0.630667
0.140149 0.702627 0.630186
0.14115 0.695161 0.629694
0.142151 0.687798 0.629191
0.143152 0.680532 0.628675
0.144153 0.673363 0.628148
0.145154 0.666291 0.627609
0.146155 0.659318 0.62706
0.147156 0.652442 0.626501
0.148157 0.645661 0.625932
0.149158 0.638973 0.625352
0.150159 0.632375 0.624762
0.15116 0.625866 0.624162
0.152161 0.619442 0.623551
0.153162 0.613102 0.622929
0.154163 0.606845 0.622297
0.155164 0.600667 0.621653
0.156165 0.594567 0.620999
0.157166 0.588547 0.620335
0.158167 0.582608 0.619661
0.159168 0.576749 0.618978
0.160169 0.570967 0.618285
0.16117 0.565261 0.617583
0.162171 0.559629 0.616872
0.163172 0.554069 0.61615
0.164173 0.548579 0.615419
0.165174 0.543158 0.614678
0.166175 0.537802 0.613927
0.167175 0.532512 0.613167
0.168176 0.527285 0.612396
0.169177 0.522121 0.611615
0.170178 0.517023 0.610826
0.171179 0.51199 0.610028
0.17218 0.507021 0.60922
0.173181 0.502114 0.608404
0.174182 0.497267 0.60758
0.175183 0.49248 0.606746
0.176184 0.487752 0.605903
0.177185 0.48308 0.605052
0.178186 0.478464 0.604192
0.179187 0.473902 0.603323
0.180188 0.469393 0.602445
0.181189 0.464936 0.601558
0.18219 0.460531 0.600663
0.183191 0.456182 0.59976
0.184192 0.451887 0.598848
0.185193 0.447644 0.597929
0.186194 0.443452 0.597002
0.187195 0.43931 0.596067
0.188196 0.435217 0.595124
0.189197 0.431171 0.594173
0.190198 0.427171 0.593214
0.191199 0.423217 0.592246
0.1922 0.419306 0.591271
0.193201 0.415439 0.590287
0.194202 0.411613 0.589295
0.195203 0.407829 0.588296
0.196204 0.40409 0.587288
0.197205 0.400395 0.586274
0.198206 0.396742 0.585251
0.199207 0.393131 0.584222
0.200208 0.389562 0.583185
0.201209 0.386032 0.58214
0.20221 0.382542 0.581089
0.203211 0.379091 0.58003
0.204212 0.375677 0.578964
0.205213 0.3723 0.577891
0.206214 0.36896 0.576812
0.207215 0.365655 0.575725
0.208216 0.362385 0.574632
0.209217 0.359153 0.573532
0.210218 0.355958 0.572425
0.211219 0.3528 0.571312
0.21222 0.349677 0.570193
0.213221 0.346588 0.569067
0.214222 0.343534 0.567934
0.215223 0.340512 0.566795
0.216224 0.337523 0.56565
0.217225 0.334565 0.564498
0.218226 0.331638 0.56334
0.219227 0.32874 0.562175
0.220228 0.325872 0.561004
0.221229 0.323033 0.559827
0.22223 0.320223 0.558643
0.223231 0.317443 0.557454
0.224232 0.314694 0.556258
0.225233 0.311974 0.555055
0.226234 0.309284 0.553847
0.227235 0.306622 0.552633
0.228236 0.303987 0.551414
0.229237 0.30138 0.550188
0.230238 0.2988 0.548958
0.231239 0.296246 0.547721
0.23224 0.293718 0.54648
0.233241 0.291215 0.545233
0.234242 0.288736 0.543981
0.235243 0.286282 0.542724
0.236244 0.283853 0.541462
0.237245 0.28145 0.540195
0.238246 0.279072 0.538922
0.239247 0.276719 0.537645
0.240248 0.274391 0.536362
0.241249 0.272087 0.535074
0.24225 0.269806 0.533782
0.243251 0.267548 0.532485
0.244252 0.265312 0.531182
0.245253 0.263098 0.529876
0.246254 0.260906 0.528564
0.247255 0.258734 0.527248
0.248256 0.256583 0.525927
0.249257 0.254451 0.524602
0.250258 0.25234 0.523273
0.251259 0.25025 0.521938
0.25226 0.248182 0.520598
0.253261 0.246134 0.519254
0.254262 0.244106 0.517906
0.255263 0.242099 0.516553
0.256264 0.240111 0.515195
0.257265 0.238143 0.513834
0.258266 0.236193 0.512469
0.259267 0.234262 0.5111
0.260268 0.23235 0.509727
0.261269 0.230455 0.50835
0.26227 0.228578 0.506971
0.263271 0.226718 0.505588
0.264272 0.224875 0.504201
0.265273 0.22305 0.502811
0.266274 0.221244 0.501418
0.267275 0.219456 0.50002
0.268276 0.217685 0.498619
0.269277 0.215932 0.497214
0.270278 0.214195 0.495806
0.271279 0.212475 0.494395
0.27228 0.210771 0.492981
0.273281 0.209083 0.491563
0.274282 0.20741 0.490142
0.275283 0.205752 0.488718
0.276284 0.204109 0.487291
0.277285 0.20248 0.485861
0.278285 0.200865 0.484429
0.279286 0.199265 0.482993
0.280287 0.197679 0.481554
0.281288 0.196109 0.480112
0.282289 0.194553 0.478666
0.28329 0.193013 0.477217
0.284291 0.191486 0.475766
0.285292 0.189974 0.474311
0.286293 0.188475 0.472854
0.287294 0.18699 0.471395
0.288295 0.185518 0.469933
0.289296 0.184059 0.468469
0.290297 0.182612 0.467003
0.291298 0.181179 0.465535
0.292299 0.179757 0.464065
0.2933 0.178348 0.462593
0.294301 0.176951 0.46112
0.295302 0.175567 0.459645
0.296303 0.174197 0.458166
0.297304 0.172838 0.456686
0.298305 0.171493 0.455204
0.299306 0.170159 0.453719
0.300307 0.168838 0.452233
0.301308 0.167528 0.450744
0.302309 0.166229 0.449254
0.30331 0.164942 0.447762
0.304311 0.163666 0.446269
0.305312 0.1624 0.444774
0.306313 0.161145 0.443278
0.307314 0.159901 0.441781
0.308315 0.158666 0.440282
0.309316 0.157442 0.438782
0.310317 0.156229 0.43728
0.311318 0.155026 0.435776
0.312319 0.153834 0.43427
0.31332 0.152653 0.432762
0.314321 0.151482 0.431253
0.315322 0.150321 0.429743
0.316323 0.14917 0.428231
0.317324 0.148029 0.426718
0.318325 0.146898 0.425205
0.319326 0.145776 0.423691
0.320327 0.144664 0.422176
0.321328 0.14356 0.420661
0.322329 0.142466 0.419146
0.32333 0.141381 0.41763
0.324331 0.140304 0.416115
0.325332 0.139237 0.414599
0.326333 0.13818 0.413081
0.327334 0.137132 0.411563
0.328335 0.136093 0.410044
0.329336 0.135063 0.408524
0.330337 0.134042 0.407004
0.331338 0.13303 0.405484
0.332339 0.132026 0.403962
0.33334 0.13103 0.402441
0.334341 0.130042 0.40092
0.335342 0.129063 0.399398
0.336343 0.128091 0.397876
0.337344 0.127126 0.396355
0.338345 0.126169 0.394834
0.339346 0.125219 0.393313
0.340347 0.124277 0.391791
0.341348 0.123343 0.390269
0.342349 0.122417 0.388746
0.34335 0.121498 0.387222
0.344351 0.120588 0.385699
0.345352 0.119684 0.384175
0.346353 0.118788 0.382651
0.347354 0.1179 0.381127
0.348355 0.117018 0.379604
0.349356 0.116144 0.378081
0.350357 0.115276 0.376559
0.351358 0.114415 0.375038
0.352359 0.113561 0.373517
0.35336 0.112714 0.371998
0.354361 0.111873 0.37048
0.355362 0.111038 0.368963
0.356363 0.110211 0.367447
0.357364 0.10939 0.36593
0.358365 0.108577 0.364414
0.359366 0.10777 0.362899
0.360367 0.10697 0.361384
0.361368 0.106176 0.35987
0.362369 0.105388 0.358356
0.36337 0.104607 0.356844
0.364371 0.103832 0.355332
0.365372 0.103063 0.353821
0.366373 0.1023 0.352312
0.367374 0.101542 0.350804
0.368375 0.10079 0.349297
0.369376 0.100044 0.347791
0.370377 0.0993026 0.346288
0.371378 0.0985669 0.344785
0.372379 0.0978372 0.343283
0.37338 0.0971134 0.341781
0.374381 0.0963953 0.34028
0.375382 0.0956828 0.338779
0.376383 0.094976 0.33728
0.377384 0.0942747 0.335782
0.378385 0.0935788 0.334285
0.379386 0.0928882 0.332789
0.380387 0.0922029 0.331296
0.381388 0.0915228 0.329804
0.382389 0.0908478 0.328313
0.38339 0.0901778 0.326825
0.384391 0.0895127 0.325339
0.385392 0.0888525 0.323856
0.386393 0.0881971 0.322375
0.387394 0.0875467 0.320896
0.388395 0.0869015 0.319418
0.389395 0.0862615 0.317942
0.390396 0.0856266 0.316468
0.391397 0.0849968 0.314995
0.392398 0.0843718 0.313524
0.393399 0.0837516 0.312055
0.3944 0.0831361 0.310587
0.395401 0.0825253 0.309122
0.396402 0.081919 0.307659
0.397403 0.0813171 0.306197
0.398404 0.0807195 0.304738
0.399405 0.0801262 0.303282
0.400406 0.0795371 0.301828
0.401407 0.078952 0.300376
0.402408 0.078371 0.298927
0.403409 0.077794 0.297479
0.40441 0.0772215 0.296034
0.405411 0.0766533 0.29459
0.406412 0.0760894 0.293147
0.407413 0.0755297 0.291707
0.408414 0.0749743 0.290269
0.409415 0.0744229 0.288832
0.410416 0.0738757 0.287398
0.411417 0.0733324 0.285967
0.412418 0.072793 0.284538
0.413419 0.0722576 0.283112
0.41442 0.071726 0.281688
0.415421 0.0711982 0.280268
0.416422 0.0706741 0.278851
0.417423 0.0701536 0.277437
0.418424 0.0696368 0.276026
0.419425 0.0691236 0.274619
0.420426 0.0686145 0.273214
0.421427 0.0681092 0.271812
0.422428 0.0676078 0.270412
0.423429 0.0671102 0.269015
0.42443 0.0666163 0.267621
0.425431 0.066126 0.266229
0.426432 0.0656393 0.26484
0.427433 0.0651561 0.263454
0.428434 0.0646763 0.262071
0.429435 0.0641999 0.260691
0.430436 0.0637268 0.259313
0.431437 0.0632569 0.257939
0.432438 0.0627901 0.256569
0.433439 0.0623264 0.255201
0.43444 0.0618658 0.253837
0.435441 0.0614081 0.252476
0.436442 0.0609537 0.251118
0.437443 0.0605026 0.249762
0.438444 0.0600547 0.248408
0.439445 0.05961 0.247058
0.440446 0.0591685 0.24571
0.441447 0.0587301 0.244365
0.442448 0.0582949 0.243023
0.443449 0.0578626 0.241684
0.44445 0.0574334 0.240348
0.445451 0.0570072 0.239016
0.446452 0.0565839 0.237687
0.447453 0.0561634 0.236362
0.448454 0.0557459 0.235041
0.449455 0.0553311 0.233724
0.450456 0.0549192 0.23241
0.451457 0.0545099 0.231101
0.452458 0.0541035 0.229795
0.453459 0.0537002 0.228493
0.45446 0.0532998 0.227194
0.455461 0.0529023 0.225898
0.456462 0.0525077 0.224605
0.457463 0.052116 0.223316
0.458464 0.0517269 0.22203
0.459465 0.0513406 0.220747
0.460466 0.0509569 0.219469
0.461467 0.0505758 0.218193
0.462468 0.0501973 0.216922
0.463469 0.0498213 0.215654
0.46447 0.0494477 0.21439
0.465471 0.0490766 0.21313
0.466472 0.0487078 0.211874
0.467473 0.0483413 0.210621
0.468474 0.0479771 0.209373
0.469475 0.0476153 0.208128
0.470476 0.0472561 0.206886
0.471477 0.0468993 0.205647
0.472478 0.0465451 0.204411
0.473479 0.0461932 0.203179
0.47448 0.0458437 0.201951
0.475481 0.0454966 0.200726
0.476482 0.0451519 0.199505
0.477483 0.0448094 0.198288
0.478484 0.0444693 0.197075
0.479485 0.0441314 0.195865
0.480486 0.0437957 0.19466
0.481487 0.0434622 0.193459
0.482488 0.043131 0.192263
0.483489 0.0428018 0.191071
0.48449 0.0424748 0.189883
0.485491 0.04215 0.188699
0.486492 0.0418276 0.18752
0.487493 0.0415074 0.186344
0.488494 0.0411895 0.185172
0.489495 0.0408738 0.184004
0.490496 0.0405603 0.18284
0.491497 0.040249 0.181679
0.492498 0.0399397 0.180523
0.493499 0.0396325 0.179371
0.4945 0.0393273 0.178223
0.495501 0.0390241 0.177078
0.496502 0.0387229 0.175938
0.497503 0.0384235 0.174802
0.498504 0.0381261 0.17367
0.499505 0.0378304 0.172543
0.500505 0.0375366 0.171419
0.501506 0.0372445 0.1703
0.502507 0.0369542 0.169185
0.503508 0.0366659 0.168073
0.504509 0.0363796 0.166965
0.50551 0.0360951 0.165861
0.506511 0.0358125 0.164761
0.507512 0.0355318 0.163664
0.508513 0.0352529 0.162572
0.509514 0.0349759 0.161483
0.510515 0.0347006 0.160399
0.511516 0.0344271 0.159319
0.512517 0.0341555 0.158243
0.513518 0.0338855 0.157172
0.514519 0.0336173 0.156105
0.51552 0.0333508 0.155042
0.516521 0.033086 0.153984
0.517522 0.0328228 0.152931
0.518523 0.0325614 0.151882
0.519524 0.0323017 0.150838
0.520525 0.0320438 0.149798
0.521526 0.0317876 0.148762
0.522527 0.0315333 0.14773
0.523528 0.0312806 0.146702
0.524529 0.0310296 0.145679
0.52553 0.0307803 0.14466
0.526531 0.0305326 0.143645
0.527532 0.0302866 0.142634
0.528533 0.0300421 0.141627
0.529534 0.0297991 0.140625
0.530535 0.0295577 0.139627
0.531536 0.0293178 0.138633
0.532537 0.0290793 0.137644
0.533538 0.0288423 0.136659
0.534539 0.0286067 0.135678
0.53554 0.0283725 0.134702
0.536541 0.0281398 0.133729
0.537542 0.0279086 0.132761
0.538543 0.0276789 0.131796
0.539544 0.0274506 0.130836
0.540545 0.0272239 0.129879
0.541546 0.0269986 0.128927
0.542547 0.0267748 0.127979
0.543548 0.0265525 0.127035
0.544549 0.0263315 0.126095
0.54555 0.026112 0.12516
0.546551 0.0258939 0.124229
0.547552 0.0256772 0.123302
0.548553 0.0254618 0.12238
0.549554 0.0252479 0.121462
0.550555 0.0250353 0.120549
0.551556 0.024824 0.11964
0.552557 0.0246141 0.118736
0.553558 0.0244056 0.117837
0.554559 0.0241986 0.116942
0.55556 0.0239929 0.116051
0.556561 0.0237887 0.115164
0.557562 0.0235858 0.114281
0.558563 0.0233843 0.113403
0.559564 0.0231841 0.112529
0.560565 0.0229852 0.111659
0.561566 0.0227876 0.110794
0.562567 0.0225913 0.109933
0.563568 0.0223962 0.109076
0.564569 0.0222024 0.108223
0.56557 0.0220097 0.107374
0.566571 0.0218183 0.10653
0.567572 0.021628 0.10569
0.568573 0.0214388 0.104855
0.569574 0.0212507 0.104023
0.570575 0.0210639 0.103196
0.571576 0.0208782 0.102372
0.572577 0.0206938 0.101553
0.573578 0.0205106 0.100737
0.574579 0.0203285 0.099926
0.57558 0.0201476 0.0991187
0.576581 0.0199679 0.0983156
0.577582 0.0197894 0.0975165
0.578583 0.019612 0.0967217
0.579584 0.0194358 0.0959311
0.580585 0.0192607 0.0951447
0.581586 0.0190868 0.0943626
0.582587 0.018914 0.0935848
0.583588 0.0187423 0.0928113
0.584589 0.0185718 0.0920422
0.58559 0.0184023 0.0912775
0.586591 0.0182339 0.0905172
0.587592 0.0180667 0.0897612
0.588593 0.0179007 0.0890095
0.589594 0.0177358 0.0882619
0.590595 0.017572 0.0875185
0.591596 0.0174094 0.0867792
0.592597 0.0172478 0.0860441
0.593598 0.0170874 0.0853131
0.594599 0.0169281 0.0845862
0.5956 0.0167698 0.0838634
0.596601 0.0166125 0.0831448
0.597602 0.0164563 0.0824301
0.598603 0.0163011 0.0817196
0.599604 0.0161469 0.0810131
0.600605 0.0159937 0.0803107
0.601606 0.0158415 0.0796122
0.602607 0.0156902 0.0789178
0.603608 0.0155398 0.0782274
0.604609 0.0153905 0.0775409
0.60561 0.0152421 0.0768583
0.606611 0.0150947 0.0761795
0.607612 0.0149483 0.0755047
0.608613 0.0148029 0.0748337
0.609614 0.0146585 0.0741666
0.610615 0.014515 0.0735034
0.611615 0.0143725 0.0728442
0.612616 0.014231 0.0721889
0.613617 0.0140905 0.0715376
0.614618 0.0139509 0.0708902
0.615619 0.0138122 0.0702468
0.61662 0.0136745 0.0696075
0.617621 0.0135378 0.0689721
0.618622 0.013402 0.0683408
0.619623 0.0132671 0.0677135
0.620624 0.0131331 0.0670903
0.621625 0.0130001 0.0664711
0.622626 0.012868 0.0658559
0.623627 0.012737 0.0652447
0.624628 0.0126068 0.0646375
0.625629 0.0124776 0.0640341
0.62663 0.0123494 0.0634347
0.627631 0.012222 0.0628392
0.628632 0.0120956 0.0622475
0.629633 0.0119701 0.0616596
0.630634 0.0118455 0.0610756
0.631635 0.0117217 0.0604953
0.632636 0.0115988 0.0599188
0.633637 0.0114768 0.059346
0.634638 0.0113556 0.058777
0.635639 0.0112353 0.0582117
0.63664 0.0111158 0.05765
0.637641 0.0109971 0.057092
0.638642 0.0108792 0.0565376
0.639643 0.0107621 0.0559869
0.640644 0.0106459 0.0554397
0.641645 0.0105305 0.0548962
0.642646 0.010416 0.0543564
0.643647 0.0103023 0.0538201
0.644648 0.0101894 0.0532875
0.645649 0.0100773 0.0527585
0.64665 0.00996611 0.052233
0.647651 0.00985571 0.0517113
0.648652 0.00974612 0.0511931
0.649653 0.00963735 0.0506785
0.650654 0.0095294 0.0501675
0.651655 0.00942225 0.0496601
0.652656 0.0093159 0.0491564
0.653657 0.00921036 0.0486562
0.654658 0.00910562 0.0481596
0.655659 0.00900167 0.0476667
0.65666 0.00889852 0.0471773
0.657661 0.00879619 0.0466915
0.658662 0.00869469 0.0462094
0.659663 0.008594 0.0457309
0.660664 0.00849411 0.045256
0.661665 0.00839501 0.0447845
0.662666 0.0082967 0.0443166
0.663667 0.00819917 0.0438522
0.664668 0.00810242 0.0433912
0.665669 0.00800642 0.0429336
0.66667 0.00791118 0.0424794
0.667671 0.00781668 0.0420285
0.668672 0.00772292 0.0415809
0.669673 0.00762989 0.0411367
0.670674 0.00753758 0.0406957
0.671675 0.00744599 0.0402579
0.672676 0.0073551 0.0398234
0.673677 0.00726491 0.039392
0.674678 0.00717543 0.0389638
0.675679 0.00708668 0.0385389
0.67668 0.00699865 0.0381173
0.677681 0.00691134 0.037699
0.678682 0.00682475 0.0372838
0.679683 0.00673888 0.0368719
0.680684 0.00665372 0.0364633
0.681685 0.00656928 0.0360578
0.682686 0.00648554 0.0356555
0.683687 0.00640251 0.0352564
0.684688 0.00632019 0.0348604
0.685689 0.00623856 0.0344676
0.68669 0.00615764 0.034078
0.687691 0.00607741 0.0336914
0.688692 0.00599788 0.033308
0.689693 0.00591904 0.0329277
0.690694 0.0058409 0.0325505
0.691695 0.00576344 0.0321763
0.692696 0.00568669 0.0318054
0.693697 0.00561066 0.0314377
0.694698 0.00553534 0.0310731
0.695699 0.00546072 0.0307117
0.6967 0.00538678 0.0303534
0.697701 0.00531353 0.0299981
0.698702 0.00524096 0.0296459
0.699703 0.00516905 0.0292967
0.700704 0.0050978 0.0289505
0.701705 0.00502721 0.0286071
0.702706 0.00495726 0.0282667
0.703707 0.00488796 0.0279291
0.704708 0.00481928 0.0275943
0.705709 0.00475122 0.0272623
0.70671 0.00468379 0.0269331
0.707711 0.00461696 0.0266065
0.708712 0.00455074 0.0262827
0.709713 0.00448512 0.0259616
0.710714 0.00442014 0.0256433
0.711715 0.00435579 0.0253279
0.712716 0.00429206 0.0250153
0.713717 0.00422897 0.0247055
0.714718 0.00416649 0.0243985
0.715719 0.00410464 0.0240943
0.71672 0.0040434 0.0237928
0.717721 0.00398277 0.023494
0.718722 0.00392275 0.023198
0.719723 0.00386333 0.0229046
0.720724 0.00380452 0.0226139
0.721725 0.0037463 0.0223258
0.722725 0.00368868 0.0220403
0.723726 0.00363165 0.0217574
0.724727 0.00357522 0.0214771
0.725728 0.00351936 0.0211994
0.726729 0.00346409 0.0209242
0.72773 0.00340943 0.0206517
0.728731 0.00335538 0.0203819
0.729732 0.00330195 0.0201148
0.730733 0.00324912 0.0198504
0.731734 0.00319689 0.0195887
0.732735 0.00314525 0.0193295
0.733736 0.00309419 0.0190729
0.734737 0.0030437 0.0188188
0.735738 0.00299377 0.0185672
0.736739 0.0029444 0.0183181
0.73774 0.00289559 0.0180713
0.738741 0.00284731 0.0178269
0.739742 0.00279957 0.0175849
0.740743 0.00275235 0.0173451
0.741744 0.00270566 0.0171076
0.742745 0.00265948 0.0168724
0.743746 0.0026138 0.0166393
0.744747 0.00256862 0.0164084
0.745748 0.00252398 0.0161798
0.746749 0.00247989 0.0159537
0.74775 0.00243634 0.0157299
0.748751 0.00239333 0.0155085
0.749752 0.00235085 0.0152894
0.750753 0.0023089 0.0150726
0.751754 0.00226746 0.014858
0.752755 0.00222654 0.0146457
0.753756 0.00218613 0.0144356
0.754757 0.00214622 0.0142277
0.755758 0.0021068 0.014022
0.756759 0.00206788 0.0138184
0.75776 0.00202945 0.0136169
0.758761 0.0019915 0.0134175
0.759762 0.00195402 0.0132202
0.760763 0.00191702 0.0130249
0.761764 0.00188048 0.0128316
0.762765 0.0018444 0.0126403
0.763766 0.00180885 0.0124513
0.764767 0.00177381 0.0122645
0.765768 0.00173927 0.0120799
0.766769 0.00170523 0.0118974
0.76777 0.00167168 0.0117171
0.768771 0.00163861 0.0115389
0.769772 0.00160601 0.0113627
0.770773 0.00157388 0.0111885
0.771774 0.0015422 0.0110163
0.772775 0.00151096 0.010846
0.773776 0.00148016 0.0106776
0.774777 0.00144979 0.0105111
0.775778 0.00141984 0.0103463
0.776779 0.00139031 0.0101834
0.77778 0.00136117 0.0100223
0.778781 0.00133244 0.00986282
0.779782 0.00130409 0.00970506
0.780783 0.00127614 0.00954903
0.781784 0.00124864 0.00939492
0.782785 0.0012216 0.00924275
0.783786 0.00119499 0.00909247
0.784787 0.00116881 0.00894406
0.785788 0.00114306 0.00879748
0.786789 0.00111773 0.00865272
0.78779 0.00109281 0.00850973
0.788791 0.00106829 0.0083685
0.789792 0.00104416 0.00822899
0.790793 0.00102042 0.00809117
0.791794 0.000997064 0.00795502
0.792795 0.000974075 0.00782051
0.793796 0.000951451 0.00768762
0.794797 0.000929184 0.0075563
0.795798 0.000907267 0.00742655
0.796799 0.000885692 0.00729832
0.7978 0.000864452 0.0071716
0.798801 0.000843569 0.00704645
0.799802 0.000823095 0.00692308
0.800803 0.000803024 0.00680144
0.801804 0.000783345 0.0066815
0.802805 0.000764049 0.00656324
0.803806 0.000745125 0.00644661
0.804807 0.000726563 0.00633158
0.805808 0.000708354 0.00621811
0.806809 0.000690488 0.00610616
0.80781 0.000672955 0.00599571
0.808811 0.000655746 0.00588673
0.809812 0.000638851 0.00577916
0.810813 0.000622261 0.00567299
0.811814 0.000605966 0.00556818
0.812815 0.000589957 0.00546469
0.813816 0.000574225 0.00536249
0.814817 0.00055876 0.00526155
0.815818 0.000543554 0.00516183
0.816819 0.000528635 0.00506343
0.81782 0.000514058 0.00496653
0.818821 0.000499816 0.0048711
0.819822 0.000485899 0.00477712
0.820823 0.000472297 0.00468454
0.821824 0.000459002 0.00459336
0.822825 0.000446004 0.00450353
0.823826 0.000433294 0.00441502
0.824827 0.000420862 0.00432782
0.825828 0.000408701 0.00424189
0.826829 0.000396799 0.0041572
0.82783 0.00038515 0.00407372
0.828831 0.000373743 0.00399144
0.829832 0.000362571 0.00391032
0.830833 0.000351623 0.00383033
0.831834 0.000340892 0.00375144
0.832835 0.000330369 0.00367364
0.833835 0.000320046 0.00359689
0.834836 0.000309955 0.00352129
0.835837 0.00030015 0.00344701
0.836838 0.000290622 0.00337402
0.837839 0.000281361 0.00330228
0.83884 0.000272357 0.00323177
0.839841 0.0002636 0.00316245
0.840842 0.00025508 0.00309428
0.841843 0.000246787 0.00302725
0.842844 0.000238712 0.00296132
0.843845 0.000230845 0.00289645
0.844846 0.000223176 0.00283262
0.845847 0.000215696 0.00276979
0.846848 0.000208396 0.00270795
0.847849 0.000201266 0.00264704
0.84885 0.000194296 0.00258706
0.849851 0.000187478 0.00252796
0.850852 0.000180803 0.00246972
0.851853 0.00017426 0.00241231
0.852854 0.000167884 0.00235582
0.853855 0.000161726 0.00230042
0.854856 0.000155778 0.00224608
0.855857 0.000150031 0.00219278
0.856858 0.000144477 0.00214048
0.857859 0.000139108 0.00208916
0.85886 0.000133913 0.00203879
0.859861 0.000128886 0.00198935
0.860862 0.000124017 0.00194082
0.861863 0.000119298 0.00189316
0.862864 0.00011472 0.00184635
0.863865 0.000110276 0.00180037
0.864866 0.000105957 0.00175519
0.865867 0.000101755 0.00171078
0.866868 9.7661e-05 0.00166712
0.867869 9.36679e-05 0.00162419
0.86887 8.97673e-05 0.00158196
0.869871 8.59512e-05 0.00154041
0.870872 8.22474e-05 0.00149962
0.871873 7.8704e-05 0.00145975
0.872874 7.53138e-05 0.00142077
0.873875 7.2069e-05 0.00138265
0.874876 6.89618e-05 0.00134537
0.875877 6.59847e-05 0.0013089
0.876878 6.31299e-05 0.00127322
0.877879 6.039e-05 0.00123829
0.87888 5.77574e-05 0.00120409
0.879881 5.52247e-05 0.00117059
0.880882 5.27845e-05 0.00113778
0.881883 5.04293e-05 0.00110562
0.882884 4.81519e-05 0.00107408
0.883885 4.5945e-05 0.00104315
0.884886 4.38014e-05 0.00101279
0.885887 4.17139e-05 0.000982982
0.886888 3.96755e-05 0.000953703
0.887889 3.7679e-05 0.000924925
0.88889 3.57446e-05 0.000896723
0.889891 3.3914e-05 0.000869247
0.890892 3.21824e-05 0.000842476
0.891893 3.0544e-05 0.000816387
0.892894 2.89931e-05 0.000790959
0.893895 2.75241e-05 0.000766168
0.894896 2.61312e-05 0.000741992
0.895897 2.4809e-05 0.000718408
0.896898 2.35519e-05 0.000695396
0.897899 2.23544e-05 0.000672931
0.8989 2.1211e-05 0.000650994
0.899901 2.01163e-05 0.000629561
0.900902 1.90648e-05 0.000608612
0.901903 1.80512e-05 0.000588125
0.902904 1.70702e-05 0.000568079
0.903905 1.61164e-05 0.000548452
0.904906 1.51846e-05 0.000529224
0.905907 1.42696e-05 0.000510373
0.906908 1.33846e-05 0.000491963
0.907909 1.25605e-05 0.000474132
0.90891 1.17941e-05 0.000456863
0.909911 1.10817e-05 0.000440133
0.910912 1.04192e-05 0.000423921
0.911913 9.80294e-06 0.000408206
0.912914 9.229e-06 0.000392965
0.913915 8.69361e-06 0.000378177
0.914916 8.19298e-06 0.000363822
0.915917 7.72336e-06 0.000349878
0.916918 7.28103e-06 0.000336324
0.917919 6.86228e-06 0.00032314
0.91892 6.46344e-06 0.000310304
0.919921 6.08084e-06 0.000297797
0.920922 5.71086e-06 0.000285598
0.921923 5.34989e-06 0.000273686
0.922924 4.99434e-06 0.000262042
0.923925 4.64066e-06 0.000250645
0.924926 4.29697e-06 0.000239553
0.925927 3.98248e-06 0.000228893
0.926928 3.6956e-06 0.00021865
0.927929 3.43426e-06 0.000208804
0.92893 3.19639e-06 0.000199338
0.929931 2.97993e-06 0.000190233
0.930932 2.78283e-06 0.00018147
0.931933 2.60308e-06 0.000173033
0.932934 2.43864e-06 0.000164903
0.933935 2.28753e-06 0.000157061
0.934936 2.14775e-06 0.000149491
0.935937 2.01731e-06 0.000142175
0.936938 1.89427e-06 0.000135094
0.937939 1.77665e-06 0.000128233
0.93894 1.66253e-06 0.000121572
0.939941 1.54998e-06 0.000115096
0.940942 1.43707e-06 0.000108787
0.941943 1.32191e-06 0.000102628
0.942944 1.21001e-06 9.66878e-05
0.943945 1.10976e-06 9.10604e-05
0.944945 1.02028e-06 8.573e-05
0.945946 9.40658e-07 8.06804e-05
0.946947 8.69993e-07 7.58953e-05
0.947948 8.07387e-07 7.13588e-05
0.948949 7.51948e-07 6.70547e-05
0.94995 7.02787e-07 6.29672e-05
0.950951 6.59025e-07 5.90805e-05
0.951952 6.19785e-07 5.53789e-05
0.952953 5.84196e-07 5.18469e-05
0.953954 5.51395e-07 4.84688e-05
0.954955 5.20521e-07 4.52294e-05
0.955956 4.90721e-07 4.21132e-05
0.956957 4.61145e-07 3.91052e-05
0.957958 4.30951e-07 3.61901e-05
0.958959 3.99299e-07 3.33529e-05
0.95996 3.65655e-07 3.05864e-05
0.960961 3.34115e-07 2.79982e-05
0.961962 3.06003e-07 2.56167e-05
0.962963 2.81025e-07 2.34275e-05
0.963964 2.58887e-07 2.14163e-05
0.964965 2.39299e-07 1.95691e-05
0.965966 2.21972e-07 1.78717e-05
0.966967 2.06617e-07 1.63102e-05
0.967968 1.92949e-07 1.48707e-05
0.968969 1.80685e-07 1.35394e-05
0.96997 1.69541e-07 1.23025e-05
0.970971 1.59238e-07 1.11465e-05
0.971972 1.49496e-07 1.00577e-05
0.972973 1.40039e-07 9.02267e-06
0.973974 1.30591e-07 8.02807e-06
0.974975 1.20878e-07 7.06057e-06
0.975976 1.1063e-07 6.10694e-06
0.976977 9.98225e-08 5.17113e-06
0.977978 8.98802e-08 4.3522e-06
0.978979 8.09846e-08 3.65714e-06
0.97998 7.30285e-08 3.0726e-06
0.980981 6.59055e-08 2.58529e-06
0.981982 5.95096e-08 2.18201e-06
0.982983 5.37355e-08 1.84964e-06
0.983984 4.84787e-08 1.57513e-06
0.984985 4.36351e-08 1.34552e-06
0.985986 3.91014e-08 1.14793e-06
0.986987 3.47748e-08 9.69547e-07
0.987988 3.05533e-08 7.97643e-07
0.988989 2.63354e-08 6.19566e-07
0.98999 2.20201e-08 4.2274e-07
0.990991 1.78346e-08 2.35291e-07
0.991992 1.43319e-08 1.23889e-07
0.992993 1.13936e-08 7.02627e-08
0.993994 8.88135e-09 5.36795e-08
0.994995 6.65772e-09 5.35319e-08
0.995996 4.58607e-09 4.93366e-08
0.996997 2.63958e-09 2.82826e-08
0.997998 1.35888e-09 2.51214e-08
0.998999 4.0938e-10 2.4303e-08
1 4.88598e-27 0
