1.5 1.94082 0.424858
1.5986 2.45094 0.44084
1.6972 2.93889 0.456303
1.7958 3.40376 0.471183
1.89439 3.84849 0.485543
1.99299 4.27375 0.499383
2.09159 4.67972 0.512695
2.19019 5.06853 0.525529
2.28879 5.44165 0.537921
2.38739 5.79957 0.549878
2.48599 6.14282 0.561411
2.58458 6.47263 0.572551
2.68318 6.79046 0.583336
2.78178 7.09682 0.593781
2.88038 7.39219 0.603896
2.97898 7.67704 0.613693
3.07758 7.95187 0.623186
3.17618 8.21779 0.632406
3.27477 8.47534 0.641368
3.37337 8.72489 0.650083
3.47197 8.96679 0.65856
3.57057 9.20135 0.666807
3.66917 9.42889 0.674834
3.76777 9.64969 0.682649
3.86637 9.86507 0.690267
3.96496 10.0758 0.697702
4.06356 10.2816 0.704961
4.16216 10.4821 0.71205
4.26076 10.677 0.718977
4.35936 10.8662 0.725747
4.45796 11.0494 0.732366
4.55656 11.2267 0.738839
4.65516 11.3978 0.745172
4.75375 11.5628 0.751369
4.85235 11.7219 0.757438
4.95095 11.8757 0.763389
5.04955 12.0247 0.769224
5.14815 12.1693 0.774946
5.24675 12.3099 0.780561
5.34535 12.4469 0.78607
5.44394 12.5805 0.791477
5.54254 12.7112 0.796785
5.64114 12.8391 0.801997
5.73974 12.9646 0.807117
5.83834 13.0878 0.812145
5.93694 13.209 0.817086
6.03554 13.3284 0.821942
6.13413 13.4461 0.826715
6.23273 13.562 0.831409
6.33133 13.6759 0.836028
6.42993 13.7879 0.840575
6.52853 13.8981 0.845052
6.62713 14.0063 0.84946
6.72573 14.1129 0.853801
6.82432 14.2176 0.858077
6.92292 14.3208 0.86229
7.02152 14.4222 0.866442
7.12012 14.5221 0.870533
7.21872 14.6205 0.874566
7.31732 14.7173 0.878542
7.41592 14.8126 0.882461
7.51451 14.9066 0.886327
7.61311 14.9991 0.890139
7.71171 15.0902 0.8939
7.81031 15.1801 0.89761
7.90891 15.2686 0.901271
8.00751 15.3558 0.904883
8.10611 15.4419 0.908448
8.2047 15.5267 0.911969
8.3033 15.6104 0.915445
8.4019 15.693 0.91888
8.5005 15.7746 0.922273
8.5991 15.855 0.925625
8.6977 15.9345 0.928937
8.7963 16.0129 0.932211
8.89489 16.0904 0.935447
8.99349 16.1669 0.938645
9.09209 16.2424 0.941807
9.19069 16.317 0.944933
9.28929 16.3908 0.948024
9.38789 16.4636 0.95108
9.48649 16.5356 0.954104
9.58509 16.6067 0.957094
9.68368 16.677 0.960051
9.78228 16.7464 0.962977
9.88088 16.8151 0.965872
9.97948 16.883 0.968737
10.0781 16.9501 0.971571
10.1767 17.0165 0.974377
10.2753 17.0821 0.977153
10.3739 17.147 0.979901
10.4725 17.2112 0.982621
10.5711 17.2747 0.985314
10.6697 17.3375 0.98798
10.7683 17.3996 0.99062
10.8669 17.4611 0.993234
10.9655 17.5219 0.995822
11.0641 17.5821 0.998387
11.1627 17.6417 1.00093
11.2613 17.7007 1.00344
11.3599 17.7591 1.00594
11.4585 17.817 1.00841
11.5571 17.8743 1.01086
11.6557 17.931 1.01329
11.7543 17.9872 1.01569
11.8529 18.0429 1.01808
11.9515 18.098 1.02044
12.0501 18.1527 1.02279
12.1486 18.2068 1.02511
12.2472 18.2604 1.02741
12.3458 18.3135 1.0297
12.4444 18.3662 1.03196
12.543 18.4183 1.03421
12.6416 18.47 1.03643
12.7402 18.5213 1.03864
12.8388 18.572 1.04083
12.9374 18.6224 1.04301
13.036 18.6723 1.04516
13.1346 18.7217 1.0473
13.2332 18.7708 1.04942
13.3318 18.8194 1.05152
13.4304 18.8676 1.05361
13.529 18.9154 1.05568
13.6276 18.9628 1.05774
13.7262 19.0098 1.05978
13.8248 19.0564 1.0618
13.9234 19.1026 1.06381
14.022 19.1484 1.0658
14.1206 19.1939 1.06778
14.2192 19.239 1.06974
14.3178 19.2837 1.07169
14.4164 19.3281 1.07362
14.515 19.3721 1.07554
14.6136 19.4158 1.07745
14.7122 19.4591 1.07934
14.8108 19.5021 1.08122
14.9094 19.5448 1.08308
15.008 19.5871 1.08493
15.1066 19.6291 1.08677
15.2052 19.6708 1.08859
15.3038 19.7122 1.09041
15.4024 19.7533 1.09221
15.501 19.794 1.09399
15.5996 19.8345 1.09577
15.6982 19.8747 1.09753
15.7968 19.9146 1.09929
15.8954 19.9542 1.10103
15.994 19.9936 1.10276
16.0926 20.0326 1.10447
16.1912 20.0714 1.10618
16.2898 20.1099 1.10788
16.3884 20.1482 1.10956
16.487 20.1862 1.11124
16.5856 20.2239 1.1129
16.6842 20.2614 1.11455
16.7828 20.2986 1.1162
16.8814 20.3355 1.11783
16.98 20.3723 1.11945
17.0786 20.4087 1.12106
17.1772 20.445 1.12267
17.2758 20.481 1.12426
17.3744 20.5167 1.12584
17.473 20.5522 1.12741
17.5716 20.5875 1.12898
17.6702 20.6226 1.13053
17.7688 20.6574 1.13208
17.8674 20.692 1.13361
17.966 20.7264 1.13514
18.0646 20.7606 1.13666
18.1632 20.7946 1.13817
18.2618 20.8283 1.13967
18.3604 20.8619 1.14116
18.459 20.8952 1.14264
18.5576 20.9283 1.14412
18.6562 20.9612 1.14558
18.7548 20.994 1.14704
18.8534 21.0265 1.14849
18.952 21.0588 1.14993
19.0506 21.0909 1.15136
19.1491 21.1229 1.15279
19.2477 21.1546 1.15421
19.3463 21.1861 1.15562
19.4449 21.2175 1.15702
19.5435 21.2487 1.15841
19.6421 21.2797 1.1598
19.7407 21.3105 1.16118
19.8393 21.3412 1.16255
19.9379 21.3716 1.16391
20.0365 21.4019 1.16527
20.1351 21.432 1.16662
20.2337 21.462 1.16796
20.3323 21.4917 1.1693
20.4309 21.5213 1.17063
20.5295 21.5508 1.17195
20.6281 21.58 1.17326
20.7267 21.6091 1.17457
20.8253 21.6381 1.17587
20.9239 21.6669 1.17716
21.0225 21.6955 1.17845
21.1211 21.7239 1.17973
21.2197 21.7523 1.18101
21.3183 21.7804 1.18228
21.4169 21.8084 1.18354
21.5155 21.8363 1.18479
21.6141 21.864 1.18604
21.7127 21.8915 1.18729
21.8113 21.9189 1.18852
21.9099 21.9462 1.18975
22.0085 21.9733 1.19098
22.1071 22.0003 1.1922
22.2057 22.0272 1.19341
22.3043 22.0539 1.19462
22.4029 22.0805 1.19582
22.5015 22.1069 1.19702
22.6001 22.1333 1.19821
22.6987 22.1594 1.1994
22.7973 22.1855 1.20058
22.8959 22.2114 1.20175
22.9945 22.2372 1.20292
23.0931 22.2629 1.20408
23.1917 22.2884 1.20524
23.2903 22.3138 1.20639
23.3889 22.3391 1.20754
23.4875 22.3643 1.20869
23.5861 22.3893 1.20982
23.6847 22.4143 1.21096
23.7833 22.4391 1.21208
23.8819 22.4637 1.21321
23.9805 22.4883 1.21432
24.0791 22.5128 1.21544
24.1777 22.5371 1.21654
24.2763 22.5613 1.21765
24.3749 22.5854 1.21874
24.4735 22.6094 1.21984
24.5721 22.6333 1.22093
24.6707 22.6571 1.22201
24.7693 22.6808 1.22309
24.8679 22.7043 1.22416
24.9665 22.7278 1.22523
25.0651 22.7511 1.2263
25.1637 22.7743 1.22736
25.2623 22.7975 1.22842
25.3609 22.8205 1.22947
25.4595 22.8434 1.23052
25.5581 22.8662 1.23156
25.6567 22.889 1.2326
25.7553 22.9116 1.23363
25.8539 22.9341 1.23466
25.9525 22.9565 1.23569
26.0511 22.9788 1.23671
26.1496 23.001 1.23773
26.2482 23.0232 1.23874
26.3468 23.0452 1.23975
26.4454 23.0671 1.24076
26.544 23.0889 1.24176
26.6426 23.1107 1.24276
26.7412 23.1323 1.24375
26.8398 23.1539 1.24474
26.9384 23.1753 1.24573
27.037 23.1967 1.24671
27.1356 23.218 1.24768
27.2342 23.2392 1.24866
27.3328 23.2603 1.24963
27.4314 23.2813 1.2506
27.53 23.3022 1.25156
27.6286 23.3231 1.25252
27.7272 23.3438 1.25347
27.8258 23.3645 1.25442
27.9244 23.385 1.25537
28.023 23.4055 1.25631
28.1216 23.4259 1.25726
28.2202 23.4463 1.25819
28.3188 23.4665 1.25913
28.4174 23.4867 1.26006
28.516 23.5068 1.26098
28.6146 23.5268 1.26191
28.7132 23.5467 1.26282
28.8118 23.5665 1.26374
28.9104 23.5863 1.26465
29.009 23.606 1.26556
29.1076 23.6256 1.26647
29.2062 23.6451 1.26737
29.3048 23.6645 1.26827
29.4034 23.6839 1.26917
29.502 23.7032 1.27006
29.6006 23.7224 1.27095
29.6992 23.7416 1.27183
29.7978 23.7606 1.27272
29.8964 23.7796 1.2736
29.995 23.7986 1.27447
30.0936 23.8174 1.27535
30.1922 23.8362 1.27622
30.2908 23.8549 1.27708
30.3894 23.8735 1.27795
30.488 23.8921 1.27881
30.5866 23.9106 1.27967
30.6852 23.929 1.28052
30.7838 23.9474 1.28138
30.8824 23.9656 1.28222
30.981 23.9839 1.28307
31.0796 24.002 1.28391
31.1782 24.0201 1.28475
31.2768 24.0381 1.28559
31.3754 24.0561 1.28643
31.474 24.0739 1.28726
31.5726 24.0917 1.28809
31.6712 24.1095 1.28891
31.7698 24.1272 1.28974
31.8684 24.1448 1.29056
31.967 24.1624 1.29137
32.0656 24.1799 1.29219
32.1642 24.1973 1.293
32.2628 24.2147 1.29381
32.3614 24.232 1.29462
32.46 24.2492 1.29542
32.5586 24.2664 1.29622
32.6572 24.2836 1.29702
32.7558 24.3006 1.29782
32.8544 24.3177 1.29861
32.953 24.3346 1.29941
33.0516 24.3515 1.30019
33.1502 24.3683 1.30098
33.2487 24.3851 1.30176
33.3473 24.4018 1.30255
33.4459 24.4185 1.30332
33.5445 24.4351 1.3041
33.6431 24.4517 1.30488
33.7417 24.4682 1.30565
33.8403 24.4846 1.30642
33.9389 24.501 1.30718
34.0375 24.5173 1.30795
34.1361 24.5336 1.30871
34.2347 24.5498 1.30947
34.3333 24.566 1.31023
34.4319 24.5821 1.31098
34.5305 24.5981 1.31173
34.6291 24.6142 1.31248
34.7277 24.6301 1.31323
34.8263 24.646 1.31398
34.9249 24.6619 1.31472
35.0235 24.6777 1.31546
35.1221 24.6934 1.3162
35.2207 24.7091 1.31694
35.3193 24.7247 1.31767
35.4179 24.7403 1.3184
35.5165 24.7559 1.31913
35.6151 24.7714 1.31986
35.7137 24.7868 1.32059
35.8123 24.8022 1.32131
35.9109 24.8175 1.32203
36.0095 24.8328 1.32275
36.1081 24.8481 1.32347
36.2067 24.8633 1.32418
36.3053 24.8784 1.3249
36.4039 24.8935 1.32561
36.5025 24.9086 1.32632
36.6011 24.9236 1.32702
36.6997 24.9386 1.32773
36.7983 24.9535 1.32843
36.8969 24.9683 1.32913
36.9955 24.9832 1.32983
37.0941 24.9979 1.33053
37.1927 25.0127 1.33122
37.2913 25.0274 1.33191
37.3899 25.042 1.3326
37.4885 25.0566 1.33329
37.5871 25.0712 1.33398
37.6857 25.0857 1.33466
37.7843 25.1001 1.33534
37.8829 25.1145 1.33603
37.9815 25.1289 1.3367
38.0801 25.1432 1.33738
38.1787 25.1575 1.33806
38.2773 25.1718 1.33873
38.3759 25.186 1.3394
38.4745 25.2001 1.34007
38.5731 25.2143 1.34074
38.6717 25.2283 1.3414
38.7703 25.2424 1.34207
38.8689 25.2564 1.34273
38.9675 25.2703 1.34339
39.0661 25.2842 1.34405
39.1647 25.2981 1.3447
39.2633 25.3119 1.34536
39.3619 25.3257 1.34601
39.4605 25.3395 1.34666
39.5591 25.3532 1.34731
39.6577 25.3668 1.34796
39.7563 25.3805 1.34861
39.8549 25.3941 1.34925
39.9535 25.4076 1.34989
40.0521 25.4211 1.35053
40.1507 25.4346 1.35117
40.2492 25.448 1.35181
40.3478 25.4614 1.35245
40.4464 25.4748 1.35308
40.545 25.4881 1.35371
40.6436 25.5014 1.35434
40.7422 25.5146 1.35497
40.8408 25.5279 1.3556
40.9394 25.541 1.35623
41.038 25.5542 1.35685
41.1366 25.5673 1.35747
41.2352 25.5803 1.35809
41.3338 25.5933 1.35871
41.4324 25.6063 1.35933
41.531 25.6193 1.35995
41.6296 25.6322 1.36056
41.7282 25.6451 1.36117
41.8268 25.6579 1.36178
41.9254 25.6707 1.36239
42.024 25.6835 1.363
42.1226 25.6962 1.36361
42.2212 25.7089 1.36421
42.3198 25.7216 1.36482
42.4184 25.7342 1.36542
42.517 25.7468 1.36602
42.6156 25.7594 1.36662
42.7142 25.7719 1.36722
42.8128 25.7844 1.36781
42.9114 25.7969 1.36841
43.01 25.8093 1.369
43.1086 25.8217 1.36959
43.2072 25.8341 1.37018
43.3058 25.8464 1.37077
43.4044 25.8587 1.37136
43.503 25.871 1.37194
43.6016 25.8832 1.37252
43.7002 25.8954 1.37311
43.7988 25.9076 1.37369
43.8974 25.9197 1.37427
43.996 25.9318 1.37485
44.0946 25.9439 1.37542
44.1932 25.956 1.376
44.2918 25.968 1.37657
44.3904 25.98 1.37715
44.489 25.9919 1.37772
44.5876 26.0038 1.37829
44.6862 26.0157 1.37886
44.7848 26.0276 1.37942
44.8834 26.0394 1.37999
44.982 26.0512 1.38055
45.0806 26.063 1.38112
45.1792 26.0747 1.38168
45.2778 26.0864 1.38224
45.3764 26.0981 1.3828
45.475 26.1097 1.38336
45.5736 26.1213 1.38391
45.6722 26.1329 1.38447
45.7708 26.1445 1.38502
45.8694 26.156 1.38557
45.968 26.1675 1.38613
46.0666 26.179 1.38668
46.1652 26.1904 1.38722
46.2638 26.2018 1.38777
46.3624 26.2132 1.38832
46.461 26.2246 1.38886
46.5596 26.2359 1.38941
46.6582 26.2472 1.38995
46.7568 26.2584 1.39049
46.8554 26.2697 1.39103
46.954 26.2809 1.39157
47.0526 26.2921 1.39211
47.1512 26.3033 1.39264
47.2497 26.3144 1.39318
47.3483 26.3255 1.39371
47.4469 26.3366 1.39424
47.5455 26.3476 1.39477
47.6441 26.3586 1.3953
47.7427 26.3696 1.39583
47.8413 26.3806 1.39636
47.9399 26.3916 1.39689
48.0385 26.4025 1.39741
48.1371 26.4134 1.39794
48.2357 26.4242 1.39846
48.3343 26.4351 1.39898
48.4329 26.4459 1.3995
48.5315 26.4567 1.40002
48.6301 26.4674 1.40054
48.7287 26.4782 1.40106
48.8273 26.4889 1.40157
48.9259 26.4996 1.40209
49.0245 26.5103 1.4026
49.1231 26.5209 1.40311
49.2217 26.5315 1.40363
49.3203 26.5421 1.40414
49.4189 26.5527 1.40465
49.5175 26.5632 1.40515
49.6161 26.5737 1.40566
49.7147 26.5842 1.40617
49.8133 26.5947 1.40667
49.9119 26.6051 1.40718
50.0105 26.6155 1.40768
50.1091 26.6259 1.40818
50.2077 26.6363 1.40868
50.3063 26.6467 1.40918
50.4049 26.657 1.40968
50.5035 26.6673 1.41018
50.6021 26.6776 1.41067
50.7007 26.6878 1.41117
50.7993 26.6981 1.41166
50.8979 26.7083 1.41216
50.9965 26.7185 1.41265
51.0951 26.7286 1.41314
51.1937 26.7388 1.41363
51.2923 26.7489 1.41412
51.3909 26.759 1.41461
51.4895 26.7691 1.4151
51.5881 26.7791 1.41558
51.6867 26.7891 1.41607
51.7853 26.7991 1.41655
51.8839 26.8091 1.41704
51.9825 26.8191 1.41752
52.0811 26.829 1.418
52.1797 26.8389 1.41848
52.2783 26.8488 1.41896
52.3769 26.8587 1.41944
52.4755 26.8686 1.41992
52.5741 26.8784 1.42039
52.6727 26.8882 1.42087
52.7713 26.898 1.42134
52.8699 26.9078 1.42182
52.9685 26.9175 1.42229
53.0671 26.9273 1.42276
53.1657 26.937 1.42323
53.2643 26.9466 1.4237
53.3629 26.9563 1.42417
53.4615 26.966 1.42464
53.5601 26.9756 1.4251
53.6587 26.9852 1.42557
53.7573 26.9948 1.42603
53.8559 27.0043 1.4265
53.9545 27.0139 1.42696
54.0531 27.0234 1.42742
54.1517 27.0329 1.42789
54.2503 27.0424 1.42835
54.3488 27.0518 1.42881
54.4474 27.0613 1.42926
54.546 27.0707 1.42972
54.6446 27.0801 1.43018
54.7432 27.0895 1.43064
54.8418 27.0988 1.43109
54.9404 27.1082 1.43154
55.039 27.1175 1.432
55.1376 27.1268 1.43245
55.2362 27.1361 1.4329
55.3348 27.1453 1.43335
55.4334 27.1546 1.4338
55.532 27.1638 1.43425
55.6306 27.173 1.4347
55.7292 27.1822 1.43515
55.8278 27.1914 1.43559
55.9264 27.2005 1.43604
56.025 27.2097 1.43648
56.1236 27.2188 1.43693
56.2222 27.2279 1.43737
56.3208 27.2369 1.43781
56.4194 27.246 1.43825
56.518 27.255 1.43869
56.6166 27.2641 1.43913
56.7152 27.2731 1.43957
56.8138 27.282 1.44001
56.9124 27.291 1.44045
57.011 27.3 1.44088
57.1096 27.3089 1.44132
57.2082 27.3178 1.44175
57.3068 27.3267 1.44219
57.4054 27.3356 1.44262
57.504 27.3444 1.44305
57.6026 27.3533 1.44349
57.7012 27.3621 1.44392
57.7998 27.3709 1.44435
57.8984 27.3797 1.44478
57.997 27.3885 1.4452
58.0956 27.3972 1.44563
58.1942 27.406 1.44606
58.2928 27.4147 1.44648
58.3914 27.4234 1.44691
58.49 27.4321 1.44733
58.5886 27.4407 1.44776
58.6872 27.4494 1.44818
58.7858 27.458 1.4486
58.8844 27.4666 1.44902
58.983 27.4752 1.44944
59.0816 27.4838 1.44986
59.1802 27.4924 1.45028
59.2788 27.5009 1.4507
59.3774 27.5095 1.45112
59.476 27.518 1.45153
59.5746 27.5265 1.45195
59.6732 27.535 1.45237
59.7718 27.5434 1.45278
59.8704 27.5519 1.45319
59.969 27.5603 1.45361
60.0676 27.5687 1.45402
60.1662 27.5771 1.45443
60.2648 27.5855 1.45484
60.3634 27.5939 1.45525
60.462 27.6023 1.45566
60.5606 27.6106 1.45607
60.6592 27.6189 1.45648
60.7578 27.6272 1.45688
60.8564 27.6355 1.45729
60.955 27.6438 1.4577
61.0536 27.6521 1.4581
61.1522 27.6603 1.45851
61.2508 27.6685 1.45891
61.3493 27.6768 1.45931
61.4479 27.685 1.45971
61.5465 27.6931 1.46012
61.6451 27.7013 1.46052
61.7437 27.7095 1.46092
61.8423 27.7176 1.46132
61.9409 27.7257 1.46171
62.0395 27.7338 1.46211
62.1381 27.7419 1.46251
62.2367 27.75 1.46291
62.3353 27.7581 1.4633
62.4339 27.7661 1.4637
62.5325 27.7741 1.46409
62.6311 27.7822 1.46449
62.7297 27.7902 1.46488
62.8283 27.7982 1.46527
62.9269 27.8061 1.46566
63.0255 27.8141 1.46606
63.1241 27.822 1.46645
63.2227 27.83 1.46684
63.3213 27.8379 1.46722
63.4199 27.8458 1.46761
63.5185 27.8537 1.468
63.6171 27.8615 1.46839
63.7157 27.8694 1.46878
63.8143 27.8772 1.46916
63.9129 27.8851 1.46955
64.0115 27.8929 1.46993
64.1101 27.9007 1.47031
64.2087 27.9085 1.4707
64.3073 27.9163 1.47108
64.4059 27.924 1.47146
64.5045 27.9318 1.47184
64.6031 27.9395 1.47223
64.7017 27.9472 1.47261
64.8003 27.9549 1.47298
64.8989 27.9626 1.47336
64.9975 27.9703 1.47374
65.0961 27.978 1.47412
65.1947 27.9856 1.4745
65.2933 27.9933 1.47487
65.3919 28.0009 1.47525
65.4905 28.0085 1.47562
65.5891 28.0161 1.476
65.6877 28.0237 1.47637
65.7863 28.0312 1.47675
65.8849 28.0388 1.47712
65.9835 28.0463 1.47749
66.0821 28.0539 1.47786
66.1807 28.0614 1.47823
66.2793 28.0689 1.4786
66.3779 28.0764 1.47897
66.4765 28.0839 1.47934
66.5751 28.0913 1.47971
66.6737 28.0988 1.48008
66.7723 28.1062 1.48045
66.8709 28.1137 1.48081
66.9695 28.1211 1.48118
67.0681 28.1285 1.48154
67.1667 28.1359 1.48191
67.2653 28.1432 1.48227
67.3639 28.1506 1.48264
67.4625 28.158 1.483
67.5611 28.1653 1.48336
67.6597 28.1726 1.48372
67.7583 28.1799 1.48409
67.8569 28.1872 1.48445
67.9555 28.1945 1.48481
68.0541 28.2018 1.48517
68.1527 28.2091 1.48553
68.2513 28.2163 1.48588
68.3498 28.2236 1.48624
68.4484 28.2308 1.4866
68.547 28.238 1.48696
68.6456 28.2452 1.48731
68.7442 28.2524 1.48767
68.8428 28.2596 1.48802
68.9414 28.2667 1.48838
69.04 28.2739 1.48873
69.1386 28.281 1.48909
69.2372 28.2882 1.48944
69.3358 28.2953 1.48979
69.4344 28.3024 1.49014
69.533 28.3095 1.49049
69.6316 28.3166 1.49085
69.7302 28.3237 1.4912
69.8288 28.3307 1.49155
69.9274 28.3378 1.49189
70.026 28.3448 1.49224
70.1246 28.3518 1.49259
70.2232 28.3588 1.49294
70.3218 28.3658 1.49329
70.4204 28.3728 1.49363
70.519 28.3798 1.49398
70.6176 28.3868 1.49432
70.7162 28.3937 1.49467
70.8148 28.4007 1.49501
70.9134 28.4076 1.49536
71.012 28.4145 1.4957
71.1106 28.4214 1.49604
71.2092 28.4283 1.49638
71.3078 28.4352 1.49673
71.4064 28.4421 1.49707
71.505 28.449 1.49741
71.6036 28.4558 1.49775
71.7022 28.4627 1.49809
71.8008 28.4695 1.49843
71.8994 28.4763 1.49877
71.998 28.4832 1.4991
72.0966 28.49 1.49944
72.1952 28.4967 1.49978
72.2938 28.5035 1.50012
72.3924 28.5103 1.50045
72.491 28.517 1.50079
72.5896 28.5238 1.50112
72.6882 28.5305 1.50146
72.7868 28.5373 1.50179
72.8854 28.544 1.50213
72.984 28.5507 1.50246
73.0826 28.5574 1.50279
73.1812 28.564 1.50312
73.2798 28.5707 1.50345
73.3784 28.5774 1.50379
73.477 28.584 1.50412
73.5756 28.5907 1.50445
73.6742 28.5973 1.50478
73.7728 28.6039 1.50511
73.8714 28.6105 1.50543
73.97 28.6171 1.50576
74.0686 28.6237 1.50609
74.1672 28.6303 1.50642
74.2658 28.6369 1.50674
74.3644 28.6434 1.50707
74.463 28.65 1.5074
74.5616 28.6565 1.50772
74.6602 28.663 1.50805
74.7588 28.6696 1.50837
74.8574 28.6761 1.5087
74.956 28.6826 1.50902
75.0546 28.6891 1.50934
75.1532 28.6955 1.50966
75.2518 28.702 1.50999
75.3504 28.7085 1.51031
75.4489 28.7149 1.51063
75.5475 28.7213 1.51095
75.6461 28.7278 1.51127
75.7447 28.7342 1.51159
75.8433 28.7406 1.51191
75.9419 28.747 1.51223
76.0405 28.7534 1.51255
76.1391 28.7598 1.51287
76.2377 28.7661 1.51318
76.3363 28.7725 1.5135
76.4349 28.7789 1.51382
76.5335 28.7852 1.51413
76.6321 28.7915 1.51445
76.7307 28.7978 1.51476
76.8293 28.8042 1.51508
76.9279 28.8105 1.51539
77.0265 28.8168 1.51571
77.1251 28.823 1.51602
77.2237 28.8293 1.51634
77.3223 28.8356 1.51665
77.4209 28.8418 1.51696
77.5195 28.8481 1.51727
77.6181 28.8543 1.51758
77.7167 28.8606 1.5179
77.8153 28.8668 1.51821
77.9139 28.873 1.51852
78.0125 28.8792 1.51883
78.1111 28.8854 1.51914
78.2097 28.8916 1.51944
78.3083 28.8978 1.51975
78.4069 28.9039 1.52006
78.5055 28.9101 1.52037
78.6041 28.9162 1.52068
78.7027 28.9224 1.52098
78.8013 28.9285 1.52129
78.8999 28.9346 1.5216
78.9985 28.9407 1.5219
79.0971 28.9468 1.52221
79.1957 28.9529 1.52251
79.2943 28.959 1.52282
79.3929 28.9651 1.52312
79.4915 28.9712 1.52342
79.5901 28.9772 1.52373
79.6887 28.9833 1.52403
79.7873 28.9893 1.52433
79.8859 28.9953 1.52463
79.9845 29.0014 1.52493
80.0831 29.0074 1.52524
80.1817 29.0134 1.52554
80.2803 29.0194 1.52584
80.3789 29.0254 1.52614
80.4775 29.0314 1.52644
80.5761 29.0373 1.52674
80.6747 29.0433 1.52703
80.7733 29.0493 1.52733
80.8719 29.0552 1.52763
80.9705 29.0612 1.52793
81.0691 29.0671 1.52822
81.1677 29.073 1.52852
81.2663 29.0789 1.52882
81.3649 29.0848 1.52911
81.4635 29.0907 1.52941
81.5621 29.0966 1.5297
81.6607 29.1025 1.53
81.7593 29.1084 1.53029
81.8579 29.1142 1.53059
81.9565 29.1201 1.53088
82.0551 29.1259 1.53117
82.1537 29.1318 1.53147
82.2523 29.1376 1.53176
82.3509 29.1434 1.53205
82.4494 29.1493 1.53234
82.548 29.1551 1.53264
82.6466 29.1609 1.53293
82.7452 29.1667 1.53322
82.8438 29.1724 1.53351
82.9424 29.1782 1.5338
83.041 29.184 1.53409
83.1396 29.1897 1.53438
83.2382 29.1955 1.53466
83.3368 29.2012 1.53495
83.4354 29.207 1.53524
83.534 29.2127 1.53553
83.6326 29.2184 1.53582
83.7312 29.2241 1.5361
83.8298 29.2298 1.53639
83.9284 29.2355 1.53668
84.027 29.2412 1.53696
84.1256 29.2469 1.53725
84.2242 29.2526 1.53753
84.3228 29.2583 1.53782
84.4214 29.2639 1.5381
84.52 29.2696 1.53839
84.6186 29.2752 1.53867
84.7172 29.2808 1.53895
84.8158 29.2865 1.53924
84.9144 29.2921 1.53952
85.013 29.2977 1.5398
85.1116 29.3033 1.54008
85.2102 29.3089 1.54036
85.3088 29.3145 1.54064
85.4074 29.3201 1.54093
85.506 29.3256 1.54121
85.6046 29.3312 1.54149
85.7032 29.3368 1.54177
85.8018 29.3423 1.54204
85.9004 29.3479 1.54232
85.999 29.3534 1.5426
86.0976 29.3589 1.54288
86.1962 29.3645 1.54316
86.2948 29.37 1.54344
86.3934 29.3755 1.54371
86.492 29.381 1.54399
86.5906 29.3865 1.54427
86.6892 29.392 1.54454
86.7878 29.3975 1.54482
86.8864 29.4029 1.5451
86.985 29.4084 1.54537
87.0836 29.4138 1.54565
87.1822 29.4193 1.54592
87.2808 29.4247 1.54619
87.3794 29.4302 1.54647
87.478 29.4356 1.54674
87.5766 29.441 1.54702
87.6752 29.4464 1.54729
87.7738 29.4518 1.54756
87.8724 29.4573 1.54783
87.971 29.4626 1.54811
88.0696 29.468 1.54838
88.1682 29.4734 1.54865
88.2668 29.4788 1.54892
88.3654 29.4841 1.54919
88.464 29.4895 1.54946
88.5626 29.4949 1.54973
88.6612 29.5002 1.55
88.7598 29.5055 1.55027
88.8584 29.5109 1.55054
88.957 29.5162 1.55081
89.0556 29.5215 1.55107
89.1542 29.5268 1.55134
89.2528 29.5321 1.55161
89.3514 29.5374 1.55188
89.4499 29.5427 1.55214
89.5485 29.548 1.55241
89.6471 29.5533 1.55268
89.7457 29.5585 1.55294
89.8443 29.5638 1.55321
89.9429 29.5691 1.55347
90.0415 29.5743 1.55374
90.1401 29.5796 1.554
90.2387 29.5848 1.55427
90.3373 29.59 1.55453
90.4359 29.5952 1.5548
90.5345 29.6005 1.55506
90.6331 29.6057 1.55532
90.7317 29.6109 1.55559
90.8303 29.6161 1.55585
90.9289 29.6213 1.55611
91.0275 29.6264 1.55637
91.1261 29.6316 1.55664
91.2247 29.6368 1.5569
91.3233 29.642 1.55716
91.4219 29.6471 1.55742
91.5205 29.6523 1.55768
91.6191 29.6574 1.55794
91.7177 29.6625 1.5582
91.8163 29.6677 1.55846
91.9149 29.6728 1.55872
92.0135 29.6779 1.55898
92.1121 29.683 1.55924
92.2107 29.6881 1.55949
92.3093 29.6932 1.55975
92.4079 29.6983 1.56001
92.5065 29.7034 1.56027
92.6051 29.7085 1.56052
92.7037 29.7136 1.56078
92.8023 29.7186 1.56104
92.9009 29.7237 1.56129
92.9995 29.7288 1.56155
93.0981 29.7338 1.56181
93.1967 29.7389 1.56206
93.2953 29.7439 1.56232
93.3939 29.7489 1.56257
93.4925 29.7539 1.56283
93.5911 29.759 1.56308
93.6897 29.764 1.56333
93.7883 29.769 1.56359
93.8869 29.774 1.56384
93.9855 29.779 1.56409
94.0841 29.784 1.56435
94.1827 29.7889 1.5646
94.2813 29.7939 1.56485
94.3799 29.7989 1.5651
94.4785 29.8039 1.56535
94.5771 29.8088 1.56561
94.6757 29.8138 1.56586
94.7743 29.8187 1.56611
94.8729 29.8236 1.56636
94.9715 29.8286 1.56661
95.0701 29.8335 1.56686
95.1687 29.8384 1.56711
95.2673 29.8433 1.56736
95.3659 29.8483 1.56761
95.4645 29.8532 1.56785
95.5631 29.8581 1.5681
95.6617 29.8629 1.56835
95.7603 29.8678 1.5686
95.8589 29.8727 1.56885
95.9575 29.8776 1.56909
96.0561 29.8825 1.56934
96.1547 29.8873 1.56959
96.2533 29.8922 1.56983
96.3519 29.897 1.57008
96.4505 29.9019 1.57033
96.549 29.9067 1.57057
96.6476 29.9116 1.57082
96.7462 29.9164 1.57106
96.8448 29.9212 1.57131
96.9434 29.926 1.57155
97.042 29.9308 1.5718
97.1406 29.9356 1.57204
97.2392 29.9404 1.57228
97.3378 29.9452 1.57253
97.4364 29.95 1.57277
97.535 29.9548 1.57301
97.6336 29.9596 1.57326
97.7322 29.9643 1.5735
97.8308 29.9691 1.57374
97.9294 29.9739 1.57398
98.028 29.9786 1.57423
98.1266 29.9834 1.57447
98.2252 29.9881 1.57471
98.3238 29.9929 1.57495
98.4224 29.9976 1.57519
98.521 30.0023 1.57543
98.6196 30.007 1.57567
98.7182 30.0118 1.57591
98.8168 30.0165 1.57615
98.9154 30.0212 1.57639
99.014 30.0259 1.57663
99.1126 30.0306 1.57687
99.2112 30.0353 1.57711
99.3098 30.0399 1.57734
99.4084 30.0446 1.57758
99.507 30.0493 1.57782
99.6056 30.054 1.57806
99.7042 30.0586 1.57829
99.8028 30.0633 1.57853
99.9014 30.0679 1.57877
100 30.0726 1.579
