1e-05 70.2426 3.14319
0.00101099 16.9161 0.935248
0.00201198 13.1525 0.797135
0.00301297 11.242 0.733303
0.00401396 10.0022 0.695481
0.00501495 9.10144 0.670407
0.00601595 8.40352 0.652686
0.00701694 7.83746 0.639609
0.00801793 7.36496 0.629724
0.00901892 6.96153 0.62211
0.0100199 6.6101 0.616135
0.0110209 6.30028 0.611434
0.0120219 6.02434 0.607738
0.0130229 5.77561 0.604808
0.0140239 5.54963 0.602498
0.0150249 5.3431 0.600698
0.0160259 5.15338 0.59933
0.0170268 4.97816 0.598318
0.0180278 4.81533 0.597581
0.0190288 4.66341 0.597083
0.0200298 4.52127 0.596791
0.0210308 4.38792 0.596669
0.0220318 4.26252 0.596705
0.0230328 4.14427 0.596874
0.0240338 4.0324 0.597148
0.0250348 3.92627 0.597502
0.0260358 3.82543 0.597937
0.0270368 3.72945 0.598441
0.0280377 3.63798 0.599002
0.0290387 3.55066 0.599609
0.0300397 3.46721 0.600267
0.0310407 3.38736 0.600966
0.0320417 3.31081 0.601695
0.0330427 3.23733 0.602441
0.0340437 3.1667 0.603202
0.0350447 3.09876 0.603983
0.0360457 3.03336 0.604779
0.0370467 2.97034 0.605585
0.0380477 2.90957 0.606395
0.0390486 2.85092 0.607208
0.0400496 2.79428 0.60803
0.0410506 2.73955 0.608859
0.0420516 2.68661 0.609687
0.0430526 2.63537 0.61051
0.0440536 2.58572 0.611323
0.0450546 2.53759 0.612127
0.0460556 2.49092 0.612929
0.0470566 2.44563 0.613725
0.0480576 2.40168 0.614514
0.0490586 2.35898 0.615293
0.0500595 2.3175 0.61606
0.0510605 2.27718 0.616814
0.0520615 2.23797 0.617563
0.0530625 2.19984 0.618306
0.0540635 2.16272 0.619038
0.0550645 2.12658 0.619759
0.0560655 2.09138 0.620464
0.0570665 2.05707 0.621153
0.0580675 2.02361 0.621825
0.0590685 1.991 0.622485
0.0600695 1.95918 0.623135
0.0610705 1.92814 0.623772
0.0620714 1.89785 0.624394
0.0630724 1.86827 0.625002
0.0640734 1.83938 0.625593
0.0650744 1.81116 0.626167
0.0660754 1.78358 0.626727
0.0670764 1.75664 0.627277
0.0680774 1.7303 0.627814
0.0690784 1.70455 0.628337
0.0700794 1.67937 0.628845
0.0710804 1.65473 0.629337
0.0720814 1.63062 0.629811
0.0730823 1.60701 0.630267
0.0740833 1.58391 0.630706
0.0750843 1.56129 0.631133
0.0760853 1.53914 0.631547
0.0770863 1.51745 0.631946
0.0780873 1.4962 0.63233
0.0790883 1.47538 0.632699
0.0800893 1.45497 0.633051
0.0810903 1.43496 0.633387
0.0820913 1.41534 0.633706
0.0830923 1.39611 0.634013
0.0840932 1.37725 0.634307
0.0850942 1.35875 0.634588
0.0860952 1.34061 0.634855
0.0870962 1.32281 0.635108
0.0880972 1.30534 0.635345
0.0890982 1.2882 0.635566
0.0900992 1.27137 0.635771
0.0911002 1.25484 0.635957
0.0921012 1.23861 0.63613
0.0931022 1.22268 0.63629
0.0941032 1.20704 0.636437
0.0951041 1.19169 0.63657
0.0961051 1.1766 0.636689
0.0971061 1.16178 0.636794
0.0981071 1.14721 0.636883
0.0991081 1.13289 0.636957
0.100109 1.11882 0.637016
0.10111 1.10498 0.637059
0.102111 1.09138 0.63709
0.103112 1.07801 0.637108
0.104113 1.06487 0.637115
0.105114 1.05195 0.637108
0.106115 1.03924 0.637087
0.107116 1.02675 0.637053
0.108117 1.01445 0.637004
0.109118 1.00236 0.636941
0.110119 0.990452 0.636863
0.11112 0.978736 0.636769
0.112121 0.967211 0.636663
0.113122 0.955875 0.636545
0.114123 0.944722 0.636415
0.115124 0.933747 0.636273
0.116125 0.922944 0.636117
0.117126 0.91231 0.635949
0.118127 0.901839 0.635767
0.119128 0.891527 0.635572
0.120129 0.881368 0.635363
0.12113 0.87136 0.63514
0.122131 0.861498 0.634904
0.123132 0.851788 0.634655
0.124133 0.842226 0.634396
0.125134 0.832808 0.634125
0.126135 0.823532 0.633843
0.127136 0.814393 0.633548
0.128137 0.805388 0.633241
0.129138 0.796514 0.632921
0.130139 0.787767 0.632589
0.13114 0.779145 0.632243
0.132141 0.770645 0.631885
0.133142 0.762264 0.631513
0.134143 0.754006 0.631131
0.135144 0.74587 0.630738
0.136145 0.737852 0.630333
0.137146 0.729949 0.629918
0.138147 0.722157 0.629491
0.139148 0.714475 0.629053
0.140149 0.7069 0.628603
0.14115 0.699427 0.628142
0.142151 0.692056 0.627668
0.143152 0.684783 0.627182
0.144153 0.677605 0.626684
0.145154 0.670524 0.626174
0.146155 0.663542 0.625655
0.147156 0.656656 0.625125
0.148157 0.649865 0.624584
0.149158 0.643166 0.624033
0.150159 0.636557 0.623472
0.15116 0.630036 0.622899
0.152161 0.6236 0.622316
0.153162 0.617248 0.621722
0.154163 0.610978 0.621116
0.155164 0.604787 0.6205
0.156165 0.598674 0.619872
0.157166 0.59264 0.619233
0.158167 0.586687 0.618585
0.159168 0.580814 0.617928
0.160169 0.575018 0.61726
0.16117 0.569297 0.616583
0.162171 0.56365 0.615896
0.163172 0.558074 0.615198
0.164173 0.552568 0.614491
0.165174 0.547131 0.613774
0.166175 0.54176 0.613046
0.167175 0.536453 0.612308
0.168176 0.53121 0.611559
0.169177 0.526029 0.610801
0.170178 0.520915 0.610033
0.171179 0.515865 0.609256
0.17218 0.510878 0.60847
0.173181 0.505954 0.607674
0.174182 0.501091 0.60687
0.175183 0.496286 0.606056
0.176184 0.49154 0.605233
0.177185 0.486851 0.604401
0.178186 0.482217 0.60356
0.179187 0.477637 0.602709
0.180188 0.47311 0.601849
0.181189 0.468635 0.60098
0.18219 0.464212 0.600101
0.183191 0.459845 0.599215
0.184192 0.455531 0.59832
0.185193 0.45127 0.597417
0.186194 0.44706 0.596506
0.187195 0.442899 0.595586
0.188196 0.438787 0.594658
0.189197 0.434723 0.593721
0.190198 0.430704 0.592776
0.191199 0.426731 0.591823
0.1922 0.422801 0.590861
0.193201 0.418915 0.58989
0.194202 0.41507 0.588911
0.195203 0.411268 0.587924
0.196204 0.40751 0.586928
0.197205 0.403796 0.585925
0.198206 0.400124 0.584914
0.199207 0.396495 0.583895
0.200208 0.392906 0.582868
0.201209 0.389358 0.581834
0.20221 0.385849 0.580792
0.203211 0.382378 0.579743
0.204212 0.378946 0.578686
0.205213 0.37555 0.577622
0.206214 0.372191 0.576551
0.207215 0.368867 0.575472
0.208216 0.365579 0.574386
0.209217 0.362328 0.573292
0.210218 0.359114 0.572192
0.211219 0.355937 0.571085
0.21222 0.352795 0.569972
0.213221 0.349687 0.568851
0.214222 0.346614 0.567724
0.215223 0.343574 0.566589
0.216224 0.340566 0.565448
0.217225 0.337589 0.5643
0.218226 0.334643 0.563146
0.219227 0.331727 0.561984
0.220228 0.328841 0.560816
0.221229 0.325983 0.559642
0.22223 0.323154 0.558461
0.223231 0.320356 0.557273
0.224232 0.317588 0.556078
0.225233 0.31485 0.554877
0.226234 0.312141 0.55367
0.227235 0.309461 0.552457
0.228236 0.306808 0.551237
0.229237 0.304183 0.550012
0.230238 0.301585 0.548781
0.231239 0.299013 0.547544
0.23224 0.296466 0.546301
0.233241 0.293945 0.545053
0.234242 0.291449 0.543799
0.235243 0.288977 0.542541
0.236244 0.28653 0.541276
0.237245 0.284109 0.540006
0.238246 0.281714 0.538731
0.239247 0.279344 0.537451
0.240248 0.276999 0.536165
0.241249 0.274677 0.534873
0.24225 0.272379 0.533577
0.243251 0.270104 0.532275
0.244252 0.267851 0.530969
0.245253 0.265621 0.529657
0.246254 0.263411 0.528341
0.247255 0.261223 0.527019
0.248256 0.259055 0.525693
0.249257 0.256906 0.524362
0.250258 0.254778 0.523026
0.251259 0.252672 0.521684
0.25226 0.250587 0.520338
0.253261 0.248522 0.518986
0.254262 0.246478 0.51763
0.255263 0.244455 0.516269
0.256264 0.242451 0.514904
0.257265 0.240466 0.513534
0.258266 0.2385 0.512161
0.259267 0.236553 0.510783
0.260268 0.234625 0.509401
0.261269 0.232714 0.508016
0.26227 0.230821 0.506626
0.263271 0.228945 0.505234
0.264272 0.227086 0.503838
0.265273 0.225246 0.502438
0.266274 0.223424 0.501034
0.267275 0.22162 0.499626
0.268276 0.219834 0.498215
0.269277 0.218065 0.496799
0.270278 0.216314 0.495381
0.271279 0.214578 0.493958
0.27228 0.212859 0.492532
0.273281 0.211156 0.491103
0.274282 0.209468 0.48967
0.275283 0.207795 0.488235
0.276284 0.206137 0.486796
0.277285 0.204493 0.485354
0.278285 0.202864 0.483909
0.279286 0.201249 0.482461
0.280287 0.199649 0.481009
0.281288 0.198064 0.479553
0.282289 0.196494 0.478095
0.28329 0.194939 0.476632
0.284291 0.193398 0.475167
0.285292 0.191872 0.473699
0.286293 0.190359 0.472228
0.287294 0.188859 0.470754
0.288295 0.187374 0.469278
0.289296 0.185901 0.4678
0.290297 0.184441 0.46632
0.291298 0.182993 0.464837
0.292299 0.181558 0.463353
0.2933 0.180135 0.461867
0.294301 0.178725 0.460379
0.295302 0.177328 0.458889
0.296303 0.175944 0.457396
0.297304 0.174572 0.455901
0.298305 0.173213 0.454403
0.299306 0.171866 0.452903
0.300307 0.170532 0.451401
0.301308 0.169209 0.449898
0.302309 0.167897 0.448392
0.30331 0.166597 0.446885
0.304311 0.165308 0.445376
0.305312 0.16403 0.443865
0.306313 0.162762 0.442354
0.307314 0.161505 0.44084
0.308315 0.160258 0.439326
0.309316 0.159021 0.43781
0.310317 0.157796 0.436291
0.311318 0.156581 0.434771
0.312319 0.155377 0.433248
0.31332 0.154183 0.431724
0.314321 0.153 0.430198
0.315322 0.151827 0.42867
0.316323 0.150665 0.427142
0.317324 0.149512 0.425612
0.318325 0.148368 0.424082
0.319326 0.147235 0.422551
0.320327 0.146111 0.421019
0.321328 0.144996 0.419487
0.322329 0.14389 0.417955
0.32333 0.142793 0.416422
0.324331 0.141705 0.41489
0.325332 0.140627 0.413357
0.326333 0.139558 0.411823
0.327334 0.138499 0.410287
0.328335 0.137449 0.408752
0.329336 0.136408 0.407215
0.330337 0.135376 0.405678
0.331338 0.134352 0.40414
0.332339 0.133338 0.402602
0.33334 0.132331 0.401064
0.334341 0.131333 0.399525
0.335342 0.130342 0.397987
0.336343 0.12936 0.396448
0.337344 0.128385 0.39491
0.338345 0.127417 0.393372
0.339346 0.126457 0.391834
0.340347 0.125504 0.390295
0.341348 0.12456 0.388756
0.342349 0.123623 0.387216
0.34335 0.122695 0.385676
0.344351 0.121774 0.384135
0.345352 0.12086 0.382594
0.346353 0.119954 0.381053
0.347354 0.119056 0.379512
0.348355 0.118164 0.377972
0.349356 0.11728 0.376433
0.350357 0.116403 0.374894
0.351358 0.115532 0.373356
0.352359 0.114669 0.371819
0.35336 0.113811 0.370283
0.354361 0.112961 0.368748
0.355362 0.112117 0.367215
0.356363 0.11128 0.365682
0.357364 0.11045 0.36415
0.358365 0.109627 0.362618
0.359366 0.108811 0.361086
0.360367 0.108002 0.359556
0.361368 0.107199 0.358025
0.362369 0.106402 0.356496
0.36337 0.105612 0.354968
0.364371 0.104828 0.35344
0.365372 0.10405 0.351914
0.366373 0.103278 0.350389
0.367374 0.102511 0.348866
0.368375 0.101751 0.347343
0.369376 0.100995 0.345823
0.370377 0.100246 0.344304
0.371378 0.0995014 0.342786
0.372379 0.0987631 0.341269
0.37338 0.0980307 0.339753
0.374381 0.0973042 0.338237
0.375382 0.0965834 0.336722
0.376383 0.0958682 0.335208
0.377384 0.0951586 0.333695
0.378385 0.0944544 0.332184
0.379386 0.0937557 0.330675
0.380387 0.0930623 0.329167
0.381388 0.0923741 0.327661
0.382389 0.091691 0.326157
0.38339 0.091013 0.324655
0.384391 0.09034 0.323156
0.385392 0.089672 0.321659
0.386393 0.0890087 0.320165
0.387394 0.0883505 0.318673
0.388395 0.0876976 0.317183
0.389395 0.08705 0.315694
0.390396 0.0864075 0.314207
0.391397 0.0857701 0.312722
0.392398 0.0851376 0.311238
0.393399 0.0845099 0.309757
0.3944 0.083887 0.308277
0.395401 0.0832688 0.3068
0.396402 0.0826551 0.305325
0.397403 0.082046 0.303852
0.398404 0.0814412 0.302382
0.399405 0.0808407 0.300914
0.400406 0.0802444 0.299448
0.401407 0.0796523 0.297986
0.402408 0.0790641 0.296526
0.403409 0.0784802 0.295068
0.40441 0.0779006 0.293613
0.405411 0.0773255 0.292158
0.406412 0.0767547 0.290706
0.407413 0.0761883 0.289256
0.408414 0.075626 0.287808
0.409415 0.0750679 0.286362
0.410416 0.0745139 0.284919
0.411417 0.0739639 0.283478
0.412418 0.073418 0.28204
0.413419 0.072876 0.280605
0.41442 0.0723378 0.279173
0.415421 0.0718035 0.277744
0.416422 0.0712729 0.276319
0.417423 0.0707461 0.274897
0.418424 0.0702229 0.273479
0.419425 0.0697034 0.272064
0.420426 0.0691879 0.270652
0.421427 0.0686765 0.269243
0.422428 0.0681689 0.267836
0.423429 0.0676651 0.266432
0.42443 0.0671651 0.265031
0.425431 0.0666688 0.263633
0.426432 0.066176 0.262237
0.427433 0.0656868 0.260845
0.428434 0.0652011 0.259456
0.429435 0.0647188 0.25807
0.430436 0.0642398 0.256688
0.431437 0.0637641 0.255308
0.432438 0.0632915 0.253933
0.433439 0.0628221 0.25256
0.43444 0.0623558 0.251191
0.435441 0.0618924 0.249826
0.436442 0.0614324 0.248464
0.437443 0.0609757 0.247104
0.438444 0.0605222 0.245747
0.439445 0.0600721 0.244393
0.440446 0.0596251 0.243041
0.441447 0.0591813 0.241693
0.442448 0.0587407 0.240348
0.443449 0.0583031 0.239007
0.44445 0.0578686 0.237669
0.445451 0.0574371 0.236334
0.446452 0.0570085 0.235003
0.447453 0.0565829 0.233677
0.448454 0.0561602 0.232354
0.449455 0.0557403 0.231035
0.450456 0.0553232 0.22972
0.451457 0.0549089 0.22841
0.452458 0.0544975 0.227104
0.453459 0.0540892 0.2258
0.45446 0.0536839 0.224501
0.455461 0.0532815 0.223205
0.456462 0.052882 0.221912
0.457463 0.0524853 0.220623
0.458464 0.0520915 0.219337
0.459465 0.0517004 0.218056
0.460466 0.0513119 0.216778
0.461467 0.0509261 0.215504
0.462468 0.0505429 0.214233
0.463469 0.0501623 0.212967
0.46447 0.0497841 0.211705
0.465471 0.0494084 0.210446
0.466472 0.049035 0.209192
0.467473 0.048664 0.207942
0.468474 0.0482953 0.206696
0.469475 0.0479291 0.205453
0.470476 0.0475655 0.204214
0.471477 0.0472043 0.202979
0.472478 0.0468457 0.201746
0.473479 0.0464895 0.200518
0.47448 0.0461358 0.199293
0.475481 0.0457844 0.198072
0.476482 0.0454354 0.196855
0.477483 0.0450888 0.195642
0.478484 0.0447445 0.194433
0.479485 0.0444025 0.193229
0.480486 0.0440627 0.192028
0.481487 0.0437252 0.190832
0.482488 0.0433899 0.189641
0.483489 0.0430568 0.188454
0.48449 0.0427258 0.187272
0.485491 0.0423971 0.186094
0.486492 0.0420707 0.184921
0.487493 0.0417467 0.183751
0.488494 0.041425 0.182585
0.489495 0.0411055 0.181424
0.490496 0.0407882 0.180266
0.491497 0.0404731 0.179112
0.492498 0.0401601 0.177963
0.493499 0.0398492 0.176818
0.4945 0.0395404 0.175677
0.495501 0.0392336 0.17454
0.496502 0.0389288 0.173408
0.497503 0.0386259 0.172279
0.498504 0.0383248 0.171155
0.499505 0.0380257 0.170036
0.500505 0.0377284 0.168921
0.501506 0.0374328 0.16781
0.502507 0.0371391 0.166703
0.503508 0.0368474 0.1656
0.504509 0.0365577 0.164501
0.50551 0.0362699 0.163406
0.506511 0.035984 0.162315
0.507512 0.0357 0.161227
0.508513 0.0354178 0.160144
0.509514 0.0351375 0.159065
0.510515 0.0348591 0.157991
0.511516 0.0345825 0.156921
0.512517 0.0343076 0.155855
0.513518 0.0340345 0.154793
0.514519 0.0337632 0.153737
0.51552 0.0334937 0.152684
0.516521 0.0332258 0.151637
0.517522 0.0329597 0.150594
0.518523 0.0326952 0.149556
0.519524 0.0324325 0.148523
0.520525 0.0321717 0.147493
0.521526 0.0319127 0.146469
0.522527 0.0316554 0.145448
0.523528 0.0313999 0.144431
0.524529 0.0311461 0.143419
0.52553 0.030894 0.142412
0.526531 0.0306435 0.141408
0.527532 0.0303947 0.140409
0.528533 0.0301475 0.139415
0.529534 0.0299019 0.138424
0.530535 0.0296578 0.137438
0.531536 0.0294152 0.136457
0.532537 0.0291741 0.13548
0.533538 0.0289345 0.134507
0.534539 0.0286963 0.133538
0.53554 0.0284596 0.132575
0.536541 0.0282243 0.131615
0.537542 0.0279906 0.130659
0.538543 0.0277584 0.129707
0.539544 0.0275278 0.128759
0.540545 0.0272986 0.127816
0.541546 0.0270709 0.126877
0.542547 0.0268448 0.125941
0.543548 0.02662 0.125011
0.544549 0.0263968 0.124084
0.54555 0.026175 0.123162
0.546551 0.0259546 0.122244
0.547552 0.0257356 0.121331
0.548553 0.025518 0.120422
0.549554 0.0253019 0.119518
0.550555 0.0250871 0.118619
0.551556 0.0248737 0.117724
0.552557 0.0246616 0.116834
0.553558 0.024451 0.115948
0.554559 0.0242418 0.115066
0.55556 0.0240341 0.114189
0.556561 0.0238279 0.113316
0.557562 0.023623 0.112448
0.558563 0.0234195 0.111584
0.559564 0.0232173 0.110724
0.560565 0.0230165 0.109868
0.561566 0.022817 0.109017
0.562567 0.0226187 0.10817
0.563568 0.0224218 0.107327
0.564569 0.0222261 0.106489
0.56557 0.0220316 0.105655
0.566571 0.0218383 0.104825
0.567572 0.0216462 0.103999
0.568573 0.0214552 0.103178
0.569574 0.0212654 0.102361
0.570575 0.0210768 0.101548
0.571576 0.0208895 0.100739
0.572577 0.0207034 0.0999337
0.573578 0.0205184 0.0991328
0.574579 0.0203347 0.0983359
0.57558 0.0201522 0.0975432
0.576581 0.0199709 0.0967546
0.577582 0.0197908 0.0959702
0.578583 0.0196119 0.09519
0.579584 0.0194341 0.094414
0.580585 0.0192575 0.0936423
0.581586 0.0190821 0.0928748
0.582587 0.0189078 0.0921117
0.583588 0.0187346 0.0913528
0.584589 0.0185626 0.0905983
0.58559 0.0183918 0.0898482
0.586591 0.018222 0.0891025
0.587592 0.0180534 0.0883611
0.588593 0.017886 0.087624
0.589594 0.0177197 0.086891
0.590595 0.0175547 0.0861622
0.591596 0.0173907 0.0854376
0.592597 0.0172279 0.0847171
0.593598 0.0170662 0.0840008
0.594599 0.0169056 0.0832886
0.5956 0.0167461 0.0825804
0.596601 0.0165877 0.0818764
0.597602 0.0164303 0.0811763
0.598603 0.0162739 0.0804804
0.599604 0.0161185 0.0797884
0.600605 0.0159642 0.0791005
0.601606 0.0158109 0.0784165
0.602607 0.0156585 0.0777366
0.603608 0.0155071 0.0770605
0.604609 0.0153567 0.0763884
0.60561 0.0152073 0.0757202
0.606611 0.0150588 0.0750557
0.607612 0.0149115 0.0743952
0.608613 0.0147651 0.0737385
0.609614 0.0146197 0.0730857
0.610615 0.0144753 0.0724368
0.611615 0.0143319 0.0717918
0.612616 0.0141894 0.0711507
0.613617 0.014048 0.0705136
0.614618 0.0139075 0.0698804
0.615619 0.013768 0.0692511
0.61662 0.0136295 0.0686258
0.617621 0.0134919 0.0680044
0.618622 0.0133553 0.067387
0.619623 0.0132196 0.0667736
0.620624 0.0130849 0.0661642
0.621625 0.0129511 0.0655588
0.622626 0.0128183 0.0649573
0.623627 0.0126865 0.0643598
0.624628 0.0125557 0.0637663
0.625629 0.0124258 0.0631765
0.62663 0.0122969 0.0625907
0.627631 0.0121689 0.0620087
0.628632 0.0120418 0.0614305
0.629633 0.0119157 0.0608561
0.630634 0.0117905 0.0602854
0.631635 0.0116661 0.0597185
0.632636 0.0115427 0.0591553
0.633637 0.0114201 0.0585958
0.634638 0.0112984 0.0580399
0.635639 0.0111775 0.0574876
0.63664 0.0110575 0.056939
0.637641 0.0109383 0.0563939
0.638642 0.0108199 0.0558524
0.639643 0.0107024 0.0553145
0.640644 0.0105857 0.0547802
0.641645 0.0104699 0.0542494
0.642646 0.0103549 0.0537222
0.643647 0.0102408 0.0531985
0.644648 0.0101275 0.0526785
0.645649 0.0100151 0.052162
0.64665 0.00990353 0.051649
0.647651 0.00979279 0.0511396
0.648652 0.00968287 0.0506337
0.649653 0.00957379 0.0501314
0.650654 0.00946552 0.0496326
0.651655 0.00935809 0.0491373
0.652656 0.00925146 0.0486455
0.653657 0.00914566 0.0481573
0.654658 0.00904066 0.0476726
0.655659 0.00893647 0.0471913
0.65666 0.0088331 0.0467136
0.657661 0.00873056 0.0462395
0.658662 0.00862885 0.0457689
0.659663 0.00852797 0.0453019
0.660664 0.00842791 0.0448383
0.661665 0.00832866 0.0443782
0.662666 0.00823021 0.0439216
0.663667 0.00813255 0.0434683
0.664668 0.00803567 0.0430184
0.665669 0.00793956 0.0425718
0.66667 0.00784423 0.0421285
0.667671 0.00774965 0.0416885
0.668672 0.00765581 0.0412518
0.669673 0.00756272 0.0408182
0.670674 0.00747037 0.0403878
0.671675 0.00737873 0.0399606
0.672676 0.00728781 0.0395364
0.673677 0.00719761 0.0391154
0.674678 0.00710812 0.0386975
0.675679 0.00701937 0.0382828
0.67668 0.00693136 0.0378713
0.677681 0.00684408 0.0374629
0.678682 0.00675753 0.0370578
0.679683 0.00667171 0.0366558
0.680684 0.00658662 0.0362569
0.681685 0.00650225 0.0358611
0.682686 0.0064186 0.0354684
0.683687 0.00633566 0.0350789
0.684688 0.00625344 0.0346923
0.685689 0.00617193 0.0343089
0.68669 0.00609113 0.0339285
0.687691 0.00601104 0.0335511
0.688692 0.00593164 0.0331768
0.689693 0.00585295 0.0328055
0.690694 0.00577496 0.0324371
0.691695 0.00569767 0.0320717
0.692696 0.0056211 0.0317095
0.693697 0.00554525 0.0313504
0.694698 0.00547012 0.0309944
0.695699 0.0053957 0.0306414
0.6967 0.00532198 0.0302914
0.697701 0.00524896 0.0299445
0.698702 0.00517661 0.0296004
0.699703 0.00510495 0.0292593
0.700704 0.00503395 0.028921
0.701705 0.00496361 0.0285856
0.702706 0.00489393 0.0282529
0.703707 0.00482489 0.0279231
0.704708 0.00475649 0.0275959
0.705709 0.00468872 0.0272714
0.70671 0.00462157 0.0269496
0.707711 0.00455504 0.0266304
0.708712 0.00448911 0.0263138
0.709713 0.0044238 0.0259999
0.710714 0.00435914 0.0256887
0.711715 0.00429511 0.0253802
0.712716 0.00423172 0.0250745
0.713717 0.00416896 0.0247715
0.714718 0.00410684 0.0244712
0.715719 0.00404533 0.0241736
0.71672 0.00398445 0.0238787
0.717721 0.00392419 0.0235863
0.718722 0.00386454 0.0232966
0.719723 0.0038055 0.0230095
0.720724 0.00374707 0.0227249
0.721725 0.00368924 0.0224429
0.722725 0.00363201 0.0221633
0.723726 0.00357538 0.0218864
0.724727 0.00351934 0.0216118
0.725728 0.00346388 0.0213398
0.726729 0.00340902 0.0210702
0.72773 0.00335476 0.0208032
0.728731 0.00330113 0.0205388
0.729732 0.00324812 0.020277
0.730733 0.00319572 0.0200179
0.731734 0.00314392 0.0197613
0.732735 0.00309271 0.0195071
0.733736 0.00304209 0.0192555
0.734737 0.00299204 0.0190063
0.735738 0.00294256 0.0187595
0.736739 0.00289365 0.018515
0.73774 0.00284528 0.0182729
0.738741 0.00279746 0.018033
0.739742 0.00275018 0.0177954
0.740743 0.00270343 0.0175599
0.741744 0.00265719 0.0173267
0.742745 0.00261147 0.0170956
0.743746 0.00256626 0.0168666
0.744747 0.00252155 0.0166397
0.745748 0.00247738 0.016415
0.746749 0.00243376 0.0161927
0.74775 0.00239068 0.0159726
0.748751 0.00234815 0.0157548
0.749752 0.00230615 0.0155392
0.750753 0.00226468 0.0153259
0.751754 0.00222373 0.0151147
0.752755 0.0021833 0.0149057
0.753756 0.00214338 0.0146988
0.754757 0.00210396 0.014494
0.755758 0.00206504 0.0142914
0.756759 0.00202661 0.0140907
0.75776 0.00198867 0.0138921
0.758761 0.0019512 0.0136955
0.759762 0.00191422 0.0135009
0.760763 0.0018777 0.0133082
0.761764 0.00184165 0.0131174
0.762765 0.00180606 0.0129286
0.763766 0.00177099 0.012742
0.764767 0.00173644 0.0125575
0.765768 0.0017024 0.0123751
0.766769 0.00166885 0.0121948
0.76777 0.00163579 0.0120165
0.768771 0.00160321 0.0118403
0.769772 0.00157111 0.011666
0.770773 0.00153946 0.0114936
0.771774 0.00150827 0.0113231
0.772775 0.00147753 0.0111545
0.773776 0.00144722 0.0109877
0.774777 0.00141733 0.0108227
0.775778 0.00138787 0.0106594
0.776779 0.00135881 0.0104979
0.77778 0.00133016 0.0103381
0.778781 0.0013019 0.0101798
0.779782 0.00127403 0.0100233
0.780783 0.00124655 0.00986833
0.781784 0.00121952 0.00971525
0.782785 0.00119294 0.00956402
0.783786 0.00116681 0.00941461
0.784787 0.0011411 0.00926699
0.785788 0.00111582 0.00912114
0.786789 0.00109095 0.00897703
0.78779 0.00106649 0.00883462
0.788791 0.00104243 0.0086939
0.789792 0.00101876 0.00855484
0.790793 0.000995477 0.0084174
0.791794 0.000972569 0.00828157
0.792795 0.000950029 0.00814732
0.793796 0.00092785 0.00801462
0.794797 0.000906025 0.00788345
0.795798 0.000884545 0.00775377
0.796799 0.000863403 0.00762557
0.7978 0.000842592 0.00749882
0.798801 0.000822133 0.00737359
0.799802 0.000802082 0.00725006
0.800803 0.00078243 0.0071282
0.801804 0.000763169 0.00700798
0.802805 0.000744286 0.00688936
0.803806 0.000725773 0.00677232
0.804807 0.000707619 0.00665681
0.805808 0.000689815 0.00654281
0.806809 0.00067235 0.00643028
0.80781 0.000655214 0.00631919
0.808811 0.000638398 0.0062095
0.809812 0.000621892 0.00610119
0.810813 0.000605687 0.00599423
0.811814 0.000589772 0.00588857
0.812815 0.000574139 0.00578419
0.813816 0.000558777 0.00568106
0.814817 0.000543678 0.00557914
0.815818 0.000528833 0.00547841
0.816819 0.000514269 0.00537895
0.81782 0.000500045 0.00528092
0.818821 0.000486151 0.00518431
0.819822 0.000472578 0.00508909
0.820823 0.000459316 0.00499523
0.821824 0.000446357 0.0049027
0.822825 0.000433691 0.00481149
0.823826 0.000421308 0.00472155
0.824827 0.0004092 0.00463287
0.825828 0.000397357 0.00454542
0.826829 0.00038577 0.00445917
0.82783 0.00037443 0.00437411
0.828831 0.000363327 0.00429019
0.829832 0.000352455 0.0042074
0.830833 0.000341802 0.00412572
0.831834 0.000331361 0.00404511
0.832835 0.000321123 0.00396556
0.833835 0.000311079 0.00388703
0.834836 0.000301262 0.00380963
0.835837 0.000291727 0.0037335
0.836838 0.000282464 0.00365861
0.837839 0.000273463 0.00358493
0.83884 0.000264714 0.00351245
0.839841 0.000256207 0.00344111
0.840842 0.000247933 0.0033709
0.841843 0.000239882 0.00330179
0.842844 0.000232044 0.00323375
0.843845 0.000224409 0.00316674
0.844846 0.000216968 0.00310075
0.845847 0.000209711 0.00303574
0.846848 0.000202629 0.00297168
0.847849 0.000195713 0.00290855
0.84885 0.000188953 0.00284632
0.849851 0.00018234 0.00278496
0.850852 0.000175864 0.00272444
0.851853 0.000169518 0.00266474
0.852854 0.000163333 0.00260594
0.853855 0.000157361 0.0025482
0.854856 0.000151594 0.00249148
0.855857 0.000146025 0.00243577
0.856858 0.000140643 0.00238104
0.857859 0.00013544 0.00232727
0.85886 0.000130409 0.00227443
0.859861 0.00012554 0.0022225
0.860862 0.000120826 0.00217145
0.861863 0.000116257 0.00212127
0.862864 0.000111826 0.00207192
0.863865 0.000107524 0.00202339
0.864866 0.000103343 0.00197565
0.865867 9.92752e-05 0.00192868
0.866868 9.53125e-05 0.00188246
0.867869 9.14468e-05 0.00183696
0.86887 8.76702e-05 0.00179217
0.869871 8.39748e-05 0.00174805
0.870872 8.03878e-05 0.0017047
0.871873 7.69566e-05 0.00166224
0.872874 7.36741e-05 0.00162066
0.873875 7.05327e-05 0.00157993
0.874876 6.75248e-05 0.00154002
0.875877 6.46431e-05 0.00150091
0.876878 6.188e-05 0.00146258
0.877879 5.92281e-05 0.001425
0.87888 5.66801e-05 0.00138815
0.879881 5.42287e-05 0.001352
0.880882 5.18667e-05 0.00131652
0.881883 4.95868e-05 0.00128171
0.882884 4.73819e-05 0.00124752
0.883885 4.52449e-05 0.00121394
0.884886 4.31688e-05 0.00118095
0.885887 4.11465e-05 0.00114852
0.886888 3.9171e-05 0.00111662
0.887889 3.72356e-05 0.00108524
0.88889 3.53597e-05 0.00105444
0.889891 3.35841e-05 0.00102437
0.890892 3.19039e-05 0.00099499
0.891893 3.03136e-05 0.000966293
0.892894 2.88078e-05 0.000938257
0.893895 2.73809e-05 0.000910859
0.894896 2.60274e-05 0.000884081
0.895897 2.47421e-05 0.0008579
0.896898 2.35196e-05 0.000832299
0.897899 2.23544e-05 0.000807255
0.8989 2.12413e-05 0.000782751
0.899901 2.01751e-05 0.000758765
0.900902 1.91505e-05 0.000735278
0.901903 1.81624e-05 0.000712271
0.902904 1.72055e-05 0.000689724
0.903905 1.62747e-05 0.000667618
0.904906 1.5365e-05 0.000645934
0.905907 1.44713e-05 0.000624653
0.906908 1.36064e-05 0.000603833
0.907909 1.27999e-05 0.0005836
0.90891 1.20489e-05 0.000563939
0.909911 1.13498e-05 0.000544828
0.910912 1.06987e-05 0.000526247
0.911913 1.00921e-05 0.000508177
0.912914 9.52616e-06 0.000490597
0.913915 8.99732e-06 0.000473487
0.914916 8.50195e-06 0.000456828
0.915917 8.03645e-06 0.0004406
0.916918 7.59725e-06 0.000424783
0.917919 7.18079e-06 0.000409359
0.91892 6.78355e-06 0.000394307
0.919921 6.40203e-06 0.000379609
0.920922 6.03274e-06 0.000365246
0.921923 5.67223e-06 0.000351198
0.922924 5.31705e-06 0.000337448
0.923925 4.9638e-06 0.000323976
0.924926 4.62023e-06 0.000310836
0.925927 4.30473e-06 0.000298146
0.926928 4.01577e-06 0.000285892
0.927929 3.75139e-06 0.000274056
0.92893 3.50962e-06 0.000262622
0.929931 3.28849e-06 0.000251571
0.930932 3.08606e-06 0.000240887
0.931933 2.9004e-06 0.000230553
0.932934 2.7296e-06 0.000220551
0.933935 2.57174e-06 0.000210866
0.934936 2.42493e-06 0.000201479
0.935937 2.2873e-06 0.000192376
0.936938 2.15696e-06 0.000183538
0.937939 2.03206e-06 0.000174951
0.93894 1.91076e-06 0.000166597
0.939941 1.79121e-06 0.00015846
0.940942 1.67161e-06 0.000150525
0.941943 1.55012e-06 0.000142775
0.942944 1.43202e-06 0.000135276
0.943945 1.3253e-06 0.000128118
0.944945 1.22911e-06 0.000121286
0.945946 1.14258e-06 0.000114763
0.946947 1.06486e-06 0.000108534
0.947948 9.9508e-07 0.000102583
0.948949 9.32388e-07 9.68949e-05
0.94995 8.75935e-07 9.14536e-05
0.950951 8.24877e-07 8.62439e-05
0.951952 7.78378e-07 8.12505e-05
0.952953 7.35604e-07 7.64583e-05
0.953954 6.95727e-07 7.18521e-05
0.954955 6.57925e-07 6.74169e-05
0.955956 6.21381e-07 6.31377e-05
0.956957 5.85282e-07 5.89997e-05
0.957958 5.48823e-07 5.49882e-05
0.958959 5.11199e-07 5.10886e-05
0.95996 4.71903e-07 4.7294e-05
0.960961 4.34905e-07 4.37157e-05
0.961962 4.0148e-07 4.03822e-05
0.962963 3.71333e-07 3.72779e-05
0.963964 3.4417e-07 3.43875e-05
0.964965 3.197e-07 3.16956e-05
0.965966 2.97633e-07 2.91871e-05
0.966967 2.77682e-07 2.68468e-05
0.967968 2.5956e-07 2.46597e-05
0.968969 2.42983e-07 2.26109e-05
0.96997 2.27669e-07 2.06855e-05
0.970971 2.13336e-07 1.88688e-05
0.971972 1.99706e-07 1.71462e-05
0.972973 1.865e-07 1.5503e-05
0.973974 1.73444e-07 1.39247e-05
0.974975 1.60263e-07 1.23971e-05
0.975976 1.46685e-07 1.09057e-05
0.976977 1.32702e-07 9.45669e-06
0.977978 1.19813e-07 8.16784e-06
0.978979 1.082e-07 7.04642e-06
0.97998 9.77351e-08 6.07539e-06
0.980981 8.8293e-08 5.23784e-06
0.981982 7.97487e-08 4.51696e-06
0.982983 7.1978e-08 3.89602e-06
0.983984 6.48577e-08 3.35842e-06
0.984985 5.82649e-08 2.88763e-06
0.985986 5.20779e-08 2.46725e-06
0.986987 4.61754e-08 2.08096e-06
0.987988 4.0437e-08 1.71255e-06
0.988989 3.4743e-08 1.3459e-06
0.98999 2.89744e-08 9.6499e-07
0.990991 2.34279e-08 6.12739e-07
0.991992 1.88021e-08 3.85332e-07
0.992993 1.49345e-08 2.53789e-07
0.993994 1.16373e-08 1.85551e-07
0.994995 8.724e-09 1.48252e-07
0.995996 6.00908e-09 1.09724e-07
0.996997 3.45364e-09 5.1832e-08
0.997998 1.77798e-09 3.82906e-08
0.998999 5.35862e-10 3.26082e-08
1 0 0
