1e-05 70.3746 3.11142
0.00101099 16.817 0.943192
0.00201198 13.0311 0.804829
0.00301297 11.1166 0.740654
0.00401396 9.87857 0.702472
0.00501495 8.98173 0.677033
0.00601595 8.28863 0.658949
0.00701694 7.72774 0.645509
0.00801793 7.26049 0.635266
0.00901892 6.86223 0.627302
0.0100199 6.51586 0.620985
0.0110209 6.2109 0.615951
0.0120219 5.93962 0.611931
0.0130229 5.69533 0.608686
0.0140239 5.47362 0.60607
0.0150249 5.27114 0.603974
0.0160259 5.0853 0.602319
0.0170268 4.91378 0.601028
0.0180278 4.75447 0.600023
0.0190288 4.6059 0.599265
0.0200298 4.46697 0.598721
0.0210308 4.33665 0.598358
0.0220318 4.21416 0.598159
0.0230328 4.09869 0.598101
0.0240338 3.98947 0.598156
0.0250348 3.88585 0.598301
0.0260358 3.78742 0.598533
0.0270368 3.69376 0.598842
0.0280377 3.60449 0.599214
0.0290387 3.51927 0.599639
0.0300397 3.43784 0.600121
0.0310407 3.35992 0.600651
0.0320417 3.28522 0.601215
0.0330427 3.21351 0.601805
0.0340437 3.14457 0.602416
0.0350447 3.07825 0.603052
0.0360457 3.0144 0.603709
0.0370467 2.95287 0.604381
0.0380477 2.89352 0.605064
0.0390486 2.83624 0.605754
0.0400496 2.78091 0.606458
0.0410506 2.72744 0.607173
0.0420516 2.6757 0.607892
0.0430526 2.62561 0.608611
0.0440536 2.57707 0.609325
0.0450546 2.53 0.610033
0.0460556 2.48434 0.610742
0.0470566 2.44004 0.61145
0.0480576 2.39702 0.612154
0.0490586 2.35523 0.612852
0.0500595 2.31461 0.613543
0.0510605 2.27511 0.614226
0.0520615 2.2367 0.614906
0.0530625 2.19932 0.615584
0.0540635 2.16294 0.616255
0.0550645 2.1275 0.616917
0.0560655 2.09297 0.617568
0.0570665 2.0593 0.618204
0.0580675 2.02647 0.618827
0.0590685 1.99444 0.619441
0.0600695 1.96319 0.620046
0.0610705 1.93269 0.620641
0.0620714 1.90292 0.621225
0.0630724 1.87384 0.621796
0.0640734 1.84543 0.622353
0.0650744 1.81766 0.622896
0.0660754 1.79053 0.623427
0.0670764 1.76401 0.623949
0.0680774 1.73808 0.624462
0.0690784 1.71271 0.624962
0.0700794 1.6879 0.62545
0.0710804 1.66361 0.625923
0.0720814 1.63984 0.62638
0.0730823 1.61656 0.626821
0.0740833 1.59376 0.627248
0.0750843 1.57143 0.627664
0.0760853 1.54956 0.628068
0.0770863 1.52813 0.628459
0.0780873 1.50714 0.628838
0.0790883 1.48656 0.629202
0.0800893 1.46638 0.629551
0.0810903 1.44659 0.629886
0.0820913 1.42718 0.630205
0.0830923 1.40814 0.630512
0.0840932 1.38947 0.630809
0.0850942 1.37115 0.631095
0.0860952 1.35318 0.631367
0.0870962 1.33554 0.631627
0.0880972 1.31823 0.631871
0.0890982 1.30122 0.632101
0.0900992 1.28453 0.632316
0.0911002 1.26813 0.632513
0.0921012 1.25202 0.632698
0.0931022 1.2362 0.632871
0.0941032 1.22067 0.633032
0.0951041 1.20541 0.63318
0.0961051 1.19041 0.633315
0.0971061 1.17568 0.633437
0.0981071 1.16119 0.633544
0.0991081 1.14694 0.633637
0.100109 1.13294 0.633714
0.10111 1.11916 0.633777
0.102111 1.10562 0.633829
0.103112 1.0923 0.633869
0.104113 1.0792 0.633897
0.105114 1.06632 0.633913
0.106115 1.05365 0.633916
0.107116 1.04119 0.633906
0.108117 1.02892 0.633882
0.109118 1.01685 0.633844
0.110119 1.00497 0.633792
0.11112 0.993267 0.633724
0.112121 0.981755 0.633645
0.113122 0.970427 0.633554
0.114123 0.959279 0.633452
0.115124 0.948305 0.633338
0.116125 0.937501 0.633212
0.117126 0.926862 0.633073
0.118127 0.916382 0.63292
0.119128 0.906059 0.632755
0.120129 0.895887 0.632576
0.12113 0.885863 0.632384
0.122131 0.875984 0.632178
0.123132 0.866253 0.631961
0.124133 0.856667 0.631733
0.125134 0.847224 0.631494
0.126135 0.837919 0.631244
0.127136 0.828749 0.630982
0.128137 0.819711 0.630707
0.129138 0.810803 0.63042
0.130139 0.80202 0.630121
0.13114 0.79336 0.629809
0.132141 0.78482 0.629484
0.133142 0.776399 0.629145
0.134143 0.768098 0.628796
0.135144 0.759917 0.628437
0.136145 0.751852 0.628066
0.137146 0.743901 0.627685
0.138147 0.736061 0.627292
0.139148 0.728328 0.626888
0.140149 0.7207 0.626473
0.14115 0.713174 0.626045
0.142151 0.705748 0.625606
0.143152 0.69842 0.625154
0.144153 0.691186 0.62469
0.145154 0.684048 0.624215
0.146155 0.677007 0.62373
0.147156 0.670062 0.623234
0.148157 0.66321 0.622728
0.149158 0.65645 0.622212
0.150159 0.649778 0.621685
0.15116 0.643193 0.621147
0.152161 0.636694 0.620598
0.153162 0.630277 0.620038
0.154163 0.623941 0.619467
0.155164 0.617685 0.618884
0.156165 0.611507 0.618291
0.157166 0.605406 0.617686
0.158167 0.599387 0.617072
0.159168 0.593446 0.616448
0.160169 0.587581 0.615814
0.16117 0.581792 0.615171
0.162171 0.576075 0.614517
0.163172 0.57043 0.613853
0.164173 0.564854 0.61318
0.165174 0.559346 0.612495
0.166175 0.553904 0.611801
0.167175 0.548527 0.611095
0.168176 0.543213 0.61038
0.169177 0.537962 0.609653
0.170178 0.532775 0.608918
0.171179 0.527653 0.608173
0.17218 0.522595 0.607419
0.173181 0.517598 0.606655
0.174182 0.512662 0.605883
0.175183 0.507784 0.6051
0.176184 0.502965 0.604309
0.177185 0.498202 0.603508
0.178186 0.493495 0.602697
0.179187 0.488842 0.601877
0.180188 0.484242 0.601048
0.181189 0.479694 0.600209
0.18219 0.475199 0.599361
0.183191 0.470759 0.598505
0.184192 0.466372 0.59764
0.185193 0.462038 0.596766
0.186194 0.457754 0.595885
0.187195 0.453521 0.594994
0.188196 0.449336 0.594095
0.189197 0.445198 0.593187
0.190198 0.441107 0.592271
0.191199 0.437061 0.591345
0.1922 0.433059 0.590411
0.193201 0.4291 0.589468
0.194202 0.425183 0.588517
0.195203 0.421309 0.587556
0.196204 0.417479 0.586588
0.197205 0.413693 0.585611
0.198206 0.409949 0.584626
0.199207 0.406248 0.583634
0.200208 0.402588 0.582633
0.201209 0.398968 0.581624
0.20221 0.395387 0.580608
0.203211 0.391846 0.579584
0.204212 0.388342 0.578552
0.205213 0.384876 0.577512
0.206214 0.381447 0.576464
0.207215 0.378053 0.57541
0.208216 0.374695 0.574347
0.209217 0.371374 0.573278
0.210218 0.368091 0.572201
0.211219 0.364844 0.571117
0.21222 0.361633 0.570026
0.213221 0.358457 0.568928
0.214222 0.355315 0.567822
0.215223 0.352206 0.56671
0.216224 0.34913 0.565591
0.217225 0.346086 0.564465
0.218226 0.343072 0.563331
0.219227 0.340089 0.562191
0.220228 0.337136 0.561043
0.221229 0.334212 0.559889
0.22223 0.331317 0.558728
0.223231 0.328453 0.55756
0.224232 0.325619 0.556385
0.225233 0.322816 0.555203
0.226234 0.320042 0.554015
0.227235 0.317296 0.55282
0.228236 0.314579 0.55162
0.229237 0.311889 0.550412
0.230238 0.309227 0.549199
0.231239 0.306591 0.54798
0.23224 0.303981 0.546755
0.233241 0.301397 0.545523
0.234242 0.298838 0.544287
0.235243 0.296304 0.543044
0.236244 0.293795 0.541796
0.237245 0.291312 0.540542
0.238246 0.288855 0.539282
0.239247 0.286424 0.538017
0.240248 0.284018 0.536746
0.241249 0.281635 0.535469
0.24225 0.279277 0.534187
0.243251 0.276942 0.5329
0.244252 0.274629 0.531607
0.245253 0.272339 0.530309
0.246254 0.27007 0.529006
0.247255 0.267823 0.527698
0.248256 0.265596 0.526384
0.249257 0.26339 0.525066
0.250258 0.261204 0.523742
0.251259 0.25904 0.522413
0.25226 0.256897 0.521079
0.253261 0.254776 0.519739
0.254262 0.252675 0.518395
0.255263 0.250595 0.517045
0.256264 0.248535 0.515691
0.257265 0.246495 0.514332
0.258266 0.244474 0.512969
0.259267 0.242472 0.511602
0.260268 0.240488 0.51023
0.261269 0.238523 0.508855
0.26227 0.236576 0.507475
0.263271 0.234646 0.506092
0.264272 0.232734 0.504705
0.265273 0.230841 0.503315
0.266274 0.228967 0.501919
0.267275 0.22711 0.50052
0.268276 0.225272 0.499117
0.269277 0.223452 0.49771
0.270278 0.221648 0.496299
0.271279 0.219862 0.494884
0.27228 0.218092 0.493466
0.273281 0.216338 0.492044
0.274282 0.2146 0.490618
0.275283 0.212877 0.489189
0.276284 0.21117 0.487757
0.277285 0.209477 0.486321
0.278285 0.207799 0.484883
0.279286 0.206135 0.483441
0.280287 0.204487 0.481995
0.281288 0.202854 0.480545
0.282289 0.201236 0.479091
0.28329 0.199634 0.477634
0.284291 0.198046 0.476174
0.285292 0.196472 0.474711
0.286293 0.194913 0.473244
0.287294 0.193367 0.471775
0.288295 0.191836 0.470304
0.289296 0.190317 0.46883
0.290297 0.188812 0.467353
0.291298 0.187319 0.465874
0.292299 0.18584 0.464394
0.2933 0.184373 0.462912
0.294301 0.182918 0.461427
0.295302 0.181477 0.45994
0.296303 0.180049 0.45845
0.297304 0.178635 0.456958
0.298305 0.177233 0.455463
0.299306 0.175844 0.453966
0.300307 0.174467 0.452467
0.301308 0.173102 0.450965
0.302309 0.171748 0.449462
0.30331 0.170407 0.447957
0.304311 0.169077 0.44645
0.305312 0.167757 0.444941
0.306313 0.166449 0.443431
0.307314 0.165152 0.441919
0.308315 0.163864 0.440406
0.309316 0.162588 0.438891
0.310317 0.161323 0.437374
0.311318 0.160068 0.435855
0.312319 0.158825 0.434333
0.31332 0.157593 0.43281
0.314321 0.156372 0.431285
0.315322 0.15516 0.429758
0.316323 0.15396 0.42823
0.317324 0.152769 0.426701
0.318325 0.151588 0.425171
0.319326 0.150418 0.42364
0.320327 0.149257 0.422108
0.321328 0.148105 0.420576
0.322329 0.146963 0.419044
0.32333 0.14583 0.417511
0.324331 0.144706 0.415979
0.325332 0.143592 0.414445
0.326333 0.142488 0.41291
0.327334 0.141394 0.411375
0.328335 0.140309 0.409838
0.329336 0.139234 0.408301
0.330337 0.138167 0.406762
0.331338 0.13711 0.405224
0.332339 0.136061 0.403685
0.33334 0.135021 0.402145
0.334341 0.13399 0.400606
0.335342 0.132966 0.399066
0.336343 0.131951 0.397526
0.337344 0.130943 0.395986
0.338345 0.129943 0.394447
0.339346 0.128951 0.392908
0.340347 0.127966 0.391368
0.341348 0.12699 0.389828
0.342349 0.126022 0.388286
0.34335 0.125063 0.386745
0.344351 0.124111 0.385203
0.345352 0.123166 0.38366
0.346353 0.12223 0.382118
0.347354 0.121301 0.380576
0.348355 0.12038 0.379034
0.349356 0.119465 0.377493
0.350357 0.118559 0.375953
0.351358 0.117659 0.374413
0.352359 0.116766 0.372875
0.35336 0.11588 0.371337
0.354361 0.115001 0.369801
0.355362 0.114128 0.368267
0.356363 0.113263 0.366732
0.357364 0.112405 0.365198
0.358365 0.111554 0.363664
0.359366 0.11071 0.362131
0.360367 0.109873 0.360598
0.361368 0.109043 0.359066
0.362369 0.10822 0.357535
0.36337 0.107403 0.356005
0.364371 0.106592 0.354475
0.365372 0.105788 0.352947
0.366373 0.104989 0.35142
0.367374 0.104197 0.349895
0.368375 0.103411 0.348371
0.369376 0.10263 0.346849
0.370377 0.101855 0.345328
0.371378 0.101085 0.343808
0.372379 0.100322 0.342289
0.37338 0.0995649 0.340771
0.374381 0.0988138 0.339253
0.375382 0.0980686 0.337737
0.376383 0.0973292 0.336221
0.377384 0.0965956 0.334706
0.378385 0.0958677 0.333193
0.379386 0.0951453 0.331682
0.380387 0.0944284 0.330172
0.381388 0.093717 0.328665
0.382389 0.0930109 0.327159
0.38339 0.09231 0.325656
0.384391 0.0916144 0.324155
0.385392 0.0909238 0.322656
0.386393 0.0902382 0.32116
0.387394 0.0895579 0.319667
0.388395 0.088883 0.318175
0.389395 0.0882136 0.316684
0.390396 0.0875495 0.315195
0.391397 0.0868906 0.313708
0.392398 0.0862368 0.312223
0.393399 0.0855881 0.31074
0.3944 0.0849443 0.309259
0.395401 0.0843054 0.30778
0.396402 0.0836711 0.306303
0.397403 0.0830416 0.304829
0.398404 0.0824166 0.303357
0.399405 0.081796 0.301888
0.400406 0.0811798 0.300421
0.401407 0.0805679 0.298957
0.402408 0.0799602 0.297496
0.403409 0.0793569 0.296037
0.40441 0.0787581 0.294579
0.405411 0.0781639 0.293124
0.406412 0.0775742 0.29167
0.407413 0.0769889 0.290219
0.408414 0.076408 0.288769
0.409415 0.0758315 0.287322
0.410416 0.0752592 0.285878
0.411417 0.0746911 0.284436
0.412418 0.0741272 0.282997
0.413419 0.0735673 0.28156
0.41442 0.0730115 0.280127
0.415421 0.0724597 0.278698
0.416422 0.0719118 0.277271
0.417423 0.0713677 0.275848
0.418424 0.0708275 0.274429
0.419425 0.0702911 0.273013
0.420426 0.0697589 0.2716
0.421427 0.0692308 0.27019
0.422428 0.0687068 0.268782
0.423429 0.0681868 0.267377
0.42443 0.0676707 0.265975
0.425431 0.0671584 0.264576
0.426432 0.0666498 0.26318
0.427433 0.0661449 0.261787
0.428434 0.0656437 0.260397
0.429435 0.0651459 0.259011
0.430436 0.0646517 0.257628
0.431437 0.0641608 0.256248
0.432438 0.0636733 0.254871
0.433439 0.063189 0.253499
0.43444 0.0627079 0.252129
0.435441 0.06223 0.250763
0.436442 0.0617554 0.2494
0.437443 0.0612844 0.24804
0.438444 0.0608167 0.246683
0.439445 0.0603525 0.245328
0.440446 0.0598916 0.243976
0.441447 0.059434 0.242628
0.442448 0.0589797 0.241282
0.443449 0.0585285 0.239941
0.44445 0.0580806 0.238602
0.445451 0.0576358 0.237268
0.446452 0.0571941 0.235937
0.447453 0.0567554 0.23461
0.448454 0.0563197 0.233287
0.449455 0.0558871 0.231968
0.450456 0.0554574 0.230653
0.451457 0.0550305 0.229343
0.452458 0.0546067 0.228036
0.453459 0.0541861 0.226733
0.45446 0.0537686 0.225433
0.455461 0.0533542 0.224137
0.456462 0.0529428 0.222845
0.457463 0.0525344 0.221556
0.458464 0.0521289 0.220271
0.459465 0.0517262 0.218989
0.460466 0.0513264 0.217711
0.461467 0.0509293 0.216437
0.462468 0.0505349 0.215168
0.463469 0.0501431 0.213901
0.46447 0.049754 0.21264
0.465471 0.0493674 0.211382
0.466472 0.0489833 0.210128
0.467473 0.0486017 0.208878
0.468474 0.0482225 0.207633
0.469475 0.0478459 0.206391
0.470476 0.047472 0.205152
0.471477 0.0471007 0.203917
0.472478 0.0467321 0.202685
0.473479 0.0463659 0.201458
0.47448 0.0460024 0.200233
0.475481 0.0456413 0.199013
0.476482 0.0452827 0.197797
0.477483 0.0449266 0.196585
0.478484 0.0445729 0.195377
0.479485 0.0442216 0.194173
0.480486 0.0438726 0.192974
0.481487 0.043526 0.191779
0.482488 0.0431818 0.190588
0.483489 0.0428398 0.189402
0.48449 0.0425001 0.188221
0.485491 0.0421627 0.187045
0.486492 0.0418277 0.185872
0.487493 0.0414953 0.184704
0.488494 0.0411652 0.183539
0.489495 0.0408374 0.182379
0.490496 0.040512 0.181223
0.491497 0.0401889 0.18007
0.492498 0.039868 0.178922
0.493499 0.0395492 0.177779
0.4945 0.0392327 0.176639
0.495501 0.0389182 0.175504
0.496502 0.0386058 0.174373
0.497503 0.0382955 0.173246
0.498504 0.0379871 0.172124
0.499505 0.0376807 0.171006
0.500505 0.0373762 0.169893
0.501506 0.0370735 0.168784
0.502507 0.0367729 0.167679
0.503508 0.0364743 0.166578
0.504509 0.0361778 0.16548
0.50551 0.0358833 0.164387
0.506511 0.0355907 0.163298
0.507512 0.0353002 0.162213
0.508513 0.0350117 0.161132
0.509514 0.0347251 0.160055
0.510515 0.0344404 0.158983
0.511516 0.0341576 0.157915
0.512517 0.0338767 0.156851
0.513518 0.0335977 0.155792
0.514519 0.0333205 0.154738
0.51552 0.0330451 0.153688
0.516521 0.0327716 0.152643
0.517522 0.0324998 0.151603
0.518523 0.0322298 0.150567
0.519524 0.0319617 0.149536
0.520525 0.0316955 0.14851
0.521526 0.0314312 0.147487
0.522527 0.0311688 0.14647
0.523528 0.0309082 0.145456
0.524529 0.0306494 0.144447
0.52553 0.0303923 0.143442
0.526531 0.030137 0.142441
0.527532 0.0298835 0.141445
0.528533 0.0296316 0.140453
0.529534 0.0293813 0.139466
0.530535 0.0291327 0.138483
0.531536 0.0288857 0.137505
0.532537 0.0286403 0.136531
0.533538 0.0283964 0.135561
0.534539 0.0281541 0.134596
0.53554 0.0279132 0.133635
0.536541 0.0276739 0.132679
0.537542 0.0274362 0.131726
0.538543 0.0272002 0.130778
0.539544 0.0269657 0.129834
0.540545 0.0267329 0.128894
0.541546 0.0265016 0.127958
0.542547 0.0262718 0.127027
0.543548 0.0260436 0.126099
0.544549 0.025817 0.125177
0.54555 0.0255918 0.124258
0.546551 0.0253682 0.123344
0.547552 0.025146 0.122435
0.548553 0.0249253 0.12153
0.549554 0.0247061 0.12063
0.550555 0.0244884 0.119734
0.551556 0.0242721 0.118843
0.552557 0.0240572 0.117957
0.553558 0.0238438 0.117075
0.554559 0.023632 0.116197
0.55556 0.0234217 0.115324
0.556561 0.0232129 0.114456
0.557562 0.0230056 0.113591
0.558563 0.0227997 0.112731
0.559564 0.0225952 0.111876
0.560565 0.0223921 0.111024
0.561566 0.0221905 0.110177
0.562567 0.0219901 0.109334
0.563568 0.0217911 0.108496
0.564569 0.0215935 0.107662
0.56557 0.0213971 0.106832
0.566571 0.0212019 0.106007
0.567572 0.0210081 0.105185
0.568573 0.0208154 0.104368
0.569574 0.020624 0.103556
0.570575 0.0204338 0.102747
0.571576 0.0202449 0.101943
0.572577 0.0200574 0.101142
0.573578 0.0198711 0.100346
0.574579 0.0196861 0.0995537
0.57558 0.0195023 0.0987656
0.576581 0.0193199 0.0979817
0.577582 0.0191386 0.0972019
0.578583 0.0189586 0.0964264
0.579584 0.0187799 0.0956551
0.580585 0.0186024 0.0948881
0.581586 0.0184261 0.0941253
0.582587 0.018251 0.0933668
0.583588 0.0180771 0.0926127
0.584589 0.0179044 0.0918629
0.58559 0.0177329 0.0911175
0.586591 0.0175625 0.0903765
0.587592 0.0173934 0.0896399
0.588593 0.0172255 0.0889074
0.589594 0.0170589 0.0881792
0.590595 0.0168935 0.0874552
0.591596 0.0167293 0.0867354
0.592597 0.0165663 0.0860197
0.593598 0.0164044 0.0853081
0.594599 0.0162437 0.0846007
0.5956 0.0160841 0.0838973
0.596601 0.0159257 0.0831981
0.597602 0.0157684 0.0825028
0.598603 0.0156121 0.0818116
0.599604 0.0154569 0.0811245
0.600605 0.0153028 0.0804413
0.601606 0.0151498 0.0797621
0.602607 0.0149977 0.0790868
0.603608 0.0148467 0.0784155
0.604609 0.0146967 0.0777481
0.60561 0.0145478 0.0770845
0.606611 0.0143999 0.0764248
0.607612 0.0142531 0.075769
0.608613 0.0141074 0.075117
0.609614 0.0139627 0.0744689
0.610615 0.0138191 0.0738247
0.611615 0.0136765 0.0731844
0.612616 0.0135349 0.072548
0.613617 0.0133944 0.0719155
0.614618 0.0132549 0.0712869
0.615619 0.0131164 0.0706623
0.61662 0.0129789 0.0700415
0.617621 0.0128424 0.0694247
0.618622 0.0127069 0.0688119
0.619623 0.0125724 0.068203
0.620624 0.0124389 0.067598
0.621625 0.0123064 0.066997
0.622626 0.0121749 0.0663999
0.623627 0.0120445 0.0658068
0.624628 0.011915 0.0652176
0.625629 0.0117866 0.0646323
0.62663 0.0116592 0.0640508
0.627631 0.0115327 0.0634731
0.628632 0.0114073 0.0628992
0.629633 0.0112827 0.062329
0.630634 0.0111592 0.0617626
0.631635 0.0110366 0.0611998
0.632636 0.0109149 0.0606408
0.633637 0.0107941 0.0600853
0.634638 0.0106742 0.0595335
0.635639 0.0105552 0.0589853
0.63664 0.0104371 0.0584406
0.637641 0.0103198 0.0578994
0.638642 0.0102034 0.0573618
0.639643 0.0100879 0.0568276
0.640644 0.00997326 0.056297
0.641645 0.00985955 0.05577
0.642646 0.00974673 0.0552465
0.643647 0.0096348 0.0547265
0.644648 0.00952375 0.0542101
0.645649 0.00941359 0.0536971
0.64665 0.0093043 0.0531877
0.647651 0.00919589 0.0526817
0.648652 0.00908833 0.0521793
0.649653 0.00898164 0.0516803
0.650654 0.00887581 0.0511849
0.651655 0.00877083 0.0506928
0.652656 0.00866669 0.0502043
0.653657 0.0085634 0.0497192
0.654658 0.00846095 0.0492375
0.655659 0.00835932 0.0487593
0.65666 0.00825854 0.0482845
0.657661 0.00815862 0.0478133
0.658662 0.00805958 0.0473456
0.659663 0.0079614 0.0468814
0.660664 0.00786406 0.0464206
0.661665 0.00776757 0.0459632
0.662666 0.0076719 0.0455092
0.663667 0.00757706 0.0450585
0.664668 0.00748303 0.0446111
0.665669 0.00738979 0.044167
0.66667 0.00729735 0.0437262
0.667671 0.00720569 0.0432885
0.668672 0.0071148 0.042854
0.669673 0.00702468 0.0424226
0.670674 0.00693531 0.0419944
0.671675 0.00684668 0.0415692
0.672676 0.00675879 0.041147
0.673677 0.00667162 0.0407279
0.674678 0.0065852 0.0403118
0.675679 0.00649955 0.0398988
0.67668 0.00641466 0.039489
0.677681 0.00633053 0.0390823
0.678682 0.00624716 0.0386787
0.679683 0.00616454 0.0382782
0.680684 0.00608267 0.0378807
0.681685 0.00600154 0.0374863
0.682686 0.00592115 0.0370949
0.683687 0.00584149 0.0367065
0.684688 0.00576257 0.0363212
0.685689 0.00568437 0.0359388
0.68669 0.00560689 0.0355594
0.687691 0.00553013 0.0351829
0.688692 0.00545408 0.0348094
0.689693 0.00537875 0.0344388
0.690694 0.00530412 0.0340712
0.691695 0.00523019 0.0337064
0.692696 0.00515701 0.0333447
0.693697 0.00508457 0.032986
0.694698 0.00501287 0.0326304
0.695699 0.00494189 0.0322777
0.6967 0.00487163 0.031928
0.697701 0.00480207 0.0315812
0.698702 0.00473321 0.0312372
0.699703 0.00466504 0.0308961
0.700704 0.00459755 0.0305578
0.701705 0.00453072 0.0302222
0.702706 0.00446456 0.0298894
0.703707 0.00439905 0.0295592
0.704708 0.00433418 0.0292316
0.705709 0.00426995 0.0289067
0.70671 0.00420634 0.0285843
0.707711 0.00414335 0.0282645
0.708712 0.00408097 0.0279472
0.709713 0.0040192 0.0276324
0.710714 0.0039581 0.0273203
0.711715 0.00389764 0.0270109
0.712716 0.00383783 0.0267041
0.713717 0.00377866 0.0264
0.714718 0.00372013 0.0260985
0.715719 0.00366224 0.0257996
0.71672 0.00360496 0.0255032
0.717721 0.00354831 0.0252094
0.718722 0.00349227 0.0249181
0.719723 0.00343685 0.0246294
0.720724 0.00338202 0.0243431
0.721725 0.0033278 0.0240593
0.722725 0.00327418 0.0237779
0.723726 0.00322114 0.023499
0.724727 0.00316869 0.0232225
0.725728 0.00311681 0.0229483
0.726729 0.00306552 0.0226765
0.72773 0.00301483 0.0224072
0.728731 0.00296477 0.0221405
0.729732 0.00291533 0.0218763
0.730733 0.00286649 0.0216147
0.731734 0.00281826 0.0213555
0.732735 0.00277063 0.0210987
0.733736 0.00272357 0.0208443
0.734737 0.00267708 0.0205923
0.735738 0.00263116 0.0203426
0.736739 0.00258579 0.0200951
0.73774 0.00254097 0.0198499
0.738741 0.00249668 0.0196069
0.739742 0.00245291 0.0193661
0.740743 0.00240967 0.0191274
0.741744 0.00236693 0.0188908
0.742745 0.00232469 0.0186562
0.743746 0.00228294 0.0184237
0.744747 0.00224168 0.0181932
0.745748 0.00220095 0.0179648
0.746749 0.00216077 0.0177387
0.74775 0.00212113 0.0175148
0.748751 0.00208202 0.017293
0.749752 0.00204344 0.0170735
0.750753 0.00200538 0.016856
0.751754 0.00196783 0.0166407
0.752755 0.00193079 0.0164274
0.753756 0.00189424 0.0162162
0.754757 0.00185818 0.0160071
0.755758 0.0018226 0.0157999
0.756759 0.0017875 0.0155947
0.75776 0.00175287 0.0153915
0.758761 0.0017187 0.0151902
0.759762 0.00168498 0.0149909
0.760763 0.00165171 0.0147934
0.761764 0.00161888 0.0145978
0.762765 0.00158649 0.014404
0.763766 0.00155461 0.0142124
0.764767 0.00152323 0.0140228
0.765768 0.00149235 0.0138352
0.766769 0.00146194 0.0136497
0.76777 0.00143201 0.0134661
0.768771 0.00140255 0.0132845
0.769772 0.00137354 0.0131048
0.770773 0.00134497 0.0129269
0.771774 0.00131683 0.0127509
0.772775 0.00128912 0.0125766
0.773776 0.00126182 0.0124041
0.774777 0.00123493 0.0122333
0.775778 0.00120843 0.0120643
0.776779 0.00118232 0.0118969
0.77778 0.00115659 0.0117311
0.778781 0.00113122 0.0115669
0.779782 0.00110622 0.0114042
0.780783 0.00108158 0.0112431
0.781784 0.00105737 0.0110839
0.782785 0.0010336 0.0109264
0.783786 0.00101025 0.0107706
0.784787 0.000987305 0.0106166
0.785788 0.000964765 0.0104643
0.786789 0.00094262 0.0103137
0.78779 0.000920859 0.0101647
0.788791 0.000899475 0.0100173
0.789792 0.000878458 0.00987154
0.790793 0.000857801 0.00972736
0.791794 0.000837494 0.00958472
0.792795 0.000817529 0.00944362
0.793796 0.000797897 0.00930402
0.794797 0.000778591 0.0091659
0.795798 0.000759601 0.00902924
0.796799 0.000740921 0.00889402
0.7978 0.000722541 0.00876021
0.798801 0.000704483 0.00862787
0.799802 0.000686809 0.00849717
0.800803 0.00066951 0.0083681
0.801804 0.000652576 0.0082406
0.802805 0.000635995 0.00811467
0.803806 0.000619759 0.00799025
0.804807 0.000603855 0.00786733
0.805808 0.000588275 0.00774586
0.806809 0.000573007 0.00762582
0.80781 0.000558042 0.00750718
0.808811 0.00054337 0.00738991
0.809812 0.000528981 0.00727397
0.810813 0.000514864 0.00715934
0.811814 0.000501011 0.00704598
0.812815 0.00048741 0.00693387
0.813816 0.000474054 0.00682297
0.814817 0.000460931 0.00671327
0.815818 0.000448032 0.00660472
0.816819 0.000435387 0.0064974
0.81782 0.000423054 0.00639147
0.818821 0.000411025 0.00628691
0.819822 0.00039929 0.00618369
0.820823 0.000387839 0.00608179
0.821824 0.000376664 0.00598119
0.822825 0.000365755 0.00588185
0.823826 0.000355102 0.00578377
0.824827 0.000344696 0.00568692
0.825828 0.000334529 0.00559126
0.826829 0.000324591 0.00549679
0.82783 0.000314873 0.00540348
0.828831 0.000305367 0.0053113
0.829832 0.000296062 0.00522023
0.830833 0.000286951 0.00513025
0.831834 0.000278025 0.00504135
0.832835 0.000269275 0.00495348
0.833835 0.000260692 0.00486665
0.834836 0.000252309 0.00478092
0.835837 0.000244179 0.00469643
0.836838 0.000236292 0.00461316
0.837839 0.00022864 0.00453108
0.83884 0.000221213 0.00445016
0.839841 0.000214002 0.00437038
0.840842 0.000206997 0.0042917
0.841843 0.000200188 0.00421411
0.842844 0.000193568 0.00413757
0.843845 0.000187126 0.00406206
0.844846 0.000180853 0.00398756
0.845847 0.000174741 0.00391403
0.846848 0.00016878 0.00384144
0.847849 0.000162961 0.00376979
0.84885 0.000157277 0.00369903
0.849851 0.000151717 0.00362915
0.850852 0.000146273 0.00356011
0.851853 0.000140937 0.0034919
0.852854 0.000135739 0.00342459
0.853855 0.000130727 0.00335832
0.854856 0.000125895 0.00329305
0.855857 0.000121235 0.00322878
0.856858 0.000116738 0.00316547
0.857859 0.000112397 0.00310312
0.85886 0.000108204 0.00304169
0.859861 0.000104152 0.00298117
0.860862 0.000100232 0.00292154
0.861863 9.64368e-05 0.00286278
0.862864 9.27591e-05 0.00280486
0.863865 8.91912e-05 0.00274778
0.864866 8.57257e-05 0.0026915
0.865867 8.23551e-05 0.002636
0.866868 7.9072e-05 0.00258128
0.867869 7.58692e-05 0.00252731
0.86887 7.27393e-05 0.00247406
0.869871 6.96751e-05 0.00242153
0.870872 6.67011e-05 0.00236977
0.871873 6.38599e-05 0.00231892
0.872874 6.11453e-05 0.00226895
0.873875 5.85506e-05 0.00221984
0.874876 5.60692e-05 0.00217156
0.875877 5.36946e-05 0.00212409
0.876878 5.14202e-05 0.00207741
0.877879 4.92395e-05 0.0020315
0.87888 4.7146e-05 0.00198634
0.879881 4.51334e-05 0.00194191
0.880882 4.31953e-05 0.00189817
0.881883 4.13254e-05 0.00185512
0.882884 3.95173e-05 0.00181273
0.883885 3.77649e-05 0.00177098
0.884886 3.60619e-05 0.00172985
0.885887 3.44023e-05 0.00168932
0.886888 3.27798e-05 0.00164936
0.887889 3.11884e-05 0.00160996
0.88889 2.96451e-05 0.00157117
0.889891 2.81849e-05 0.00153312
0.890892 2.68038e-05 0.00149578
0.891893 2.54971e-05 0.00145914
0.892894 2.42603e-05 0.00142318
0.893895 2.30887e-05 0.00138789
0.894896 2.19778e-05 0.00135325
0.895897 2.09229e-05 0.00131923
0.896898 1.99195e-05 0.00128583
0.897899 1.89633e-05 0.00125303
0.8989 1.80496e-05 0.00122081
0.899901 1.71741e-05 0.00118914
0.900902 1.63323e-05 0.00115803
0.901903 1.55199e-05 0.00112745
0.902904 1.47326e-05 0.00109738
0.903905 1.39659e-05 0.00106781
0.904906 1.32157e-05 0.00103872
0.905907 1.24777e-05 0.00101009
0.906908 1.17623e-05 0.000981986
0.907909 1.10944e-05 0.000954501
0.90891 1.04714e-05 0.000927625
0.909911 9.89049e-06 0.00090134
0.910912 9.34854e-06 0.000875628
0.911913 8.84259e-06 0.000850471
0.912914 8.36965e-06 0.00082585
0.913915 7.92678e-06 0.000801749
0.914916 7.51103e-06 0.00077815
0.915917 7.11948e-06 0.000755035
0.916918 6.74925e-06 0.000732387
0.917919 6.39744e-06 0.000710188
0.91892 6.0612e-06 0.000688422
0.919921 5.73768e-06 0.000667072
0.920922 5.42407e-06 0.00064612
0.921923 5.11754e-06 0.00062555
0.922924 4.81533e-06 0.000605345
0.923925 4.51464e-06 0.000585489
0.924926 4.2217e-06 0.000566027
0.925927 3.95125e-06 0.000547063
0.926928 3.70212e-06 0.000528584
0.927929 3.47275e-06 0.000510574
0.92893 3.26159e-06 0.00049302
0.929931 3.0671e-06 0.000475905
0.930932 2.88775e-06 0.000459217
0.931933 2.72203e-06 0.000442939
0.932934 2.56843e-06 0.000427057
0.933935 2.42544e-06 0.000411558
0.934936 2.29158e-06 0.000396426
0.935937 2.16537e-06 0.000381648
0.936938 2.04534e-06 0.000367208
0.937939 1.93002e-06 0.000353094
0.93894 1.81797e-06 0.000339291
0.939941 1.70773e-06 0.000325785
0.940942 1.59788e-06 0.000312563
0.941943 1.487e-06 0.00029961
0.942944 1.37922e-06 0.000286983
0.943945 1.28085e-06 0.000274759
0.944945 1.19122e-06 0.000262924
0.945946 1.10964e-06 0.000251465
0.946947 1.03542e-06 0.000240368
0.947948 9.67894e-07 0.000229619
0.948949 9.06371e-07 0.000219207
0.94995 8.50185e-07 0.000209116
0.950951 7.98666e-07 0.000199334
0.951952 7.51152e-07 0.000189849
0.952953 7.06982e-07 0.000180646
0.953954 6.65502e-07 0.000171713
0.954955 6.26059e-07 0.000163037
0.955956 5.88006e-07 0.000154605
0.956957 5.50699e-07 0.000146405
0.957958 5.13501e-07 0.000138424
0.958959 4.75774e-07 0.000130649
0.95996 4.37124e-07 0.000123075
0.960961 4.00821e-07 0.000115809
0.961962 3.6789e-07 0.000108877
0.962963 3.38065e-07 0.000102262
0.963964 3.11081e-07 9.59497e-05
0.964965 2.86676e-07 8.99241e-05
0.965966 2.64588e-07 8.41698e-05
0.966967 2.44557e-07 7.86715e-05
0.967968 2.26326e-07 7.34138e-05
0.968969 2.09637e-07 6.83817e-05
0.96997 1.94237e-07 6.35601e-05
0.970971 1.7987e-07 5.8934e-05
0.971972 1.66286e-07 5.44884e-05
0.972973 1.53235e-07 5.02087e-05
0.973974 1.40466e-07 4.60801e-05
0.974975 1.27734e-07 4.20879e-05
0.975976 1.14793e-07 3.82178e-05
0.976977 1.01655e-07 3.44814e-05
0.977978 8.97994e-08 3.10334e-05
0.978979 7.93795e-08 2.78807e-05
0.97998 7.02464e-08 2.49985e-05
0.980981 6.22522e-08 2.23622e-05
0.981982 5.52498e-08 1.99472e-05
0.982983 4.90929e-08 1.77293e-05
0.983984 4.36363e-08 1.5684e-05
0.984985 3.87356e-08 1.37875e-05
0.985986 3.42471e-08 1.20158e-05
0.986987 3.00283e-08 1.0345e-05
0.987988 2.59373e-08 8.75164e-06
0.988989 2.18332e-08 7.21213e-06
0.98999 1.75759e-08 5.70315e-06
0.990991 1.34945e-08 4.31957e-06
0.991992 1.03676e-08 3.2552e-06
0.992993 7.9986e-09 2.44613e-06
0.993994 6.16221e-09 1.82116e-06
0.994995 4.63468e-09 1.30956e-06
0.995996 3.19356e-09 8.40987e-07
0.996997 1.74357e-09 3.91857e-07
0.997998 8.88129e-10 1.8142e-07
0.998999 2.66296e-10 5.27042e-08
1 0 2.11159e-27
