1e-05 71.2383 3.2679
0.00101099 17.0089 0.95026
0.00201198 13.208 0.806879
0.00301297 11.2806 0.74055
0.00401396 10.0308 0.701186
0.00501495 9.12328 0.675038
0.00601595 8.42052 0.656511
0.00701694 7.85076 0.642803
0.00801793 7.37534 0.632407
0.00901892 6.96957 0.62437
0.0100199 6.61624 0.618039
0.0110209 6.30484 0.613033
0.0120219 6.02756 0.609074
0.0130229 5.77769 0.605913
0.0140239 5.55074 0.603401
0.0150249 5.34336 0.601421
0.0160259 5.15292 0.599893
0.0170268 4.97707 0.598738
0.0180278 4.81368 0.597873
0.0190288 4.66127 0.59726
0.0200298 4.51871 0.596864
0.0210308 4.38498 0.596649
0.0220318 4.25924 0.596599
0.0230328 4.14069 0.596691
0.0240338 4.02855 0.596895
0.0250348 3.92219 0.597186
0.0260358 3.82113 0.597563
0.0270368 3.72498 0.598015
0.0280377 3.63334 0.598528
0.0290387 3.54588 0.599092
0.0300397 3.46231 0.59971
0.0310407 3.38234 0.600373
0.0320417 3.3057 0.60107
0.0330427 3.23213 0.601787
0.0340437 3.16142 0.602522
0.0350447 3.09343 0.60328
0.0360457 3.02797 0.604056
0.0370467 2.96491 0.604844
0.0380477 2.9041 0.605639
0.0390486 2.84542 0.606438
0.0400496 2.78876 0.607248
0.0410506 2.73401 0.608066
0.0420516 2.68106 0.608885
0.0430526 2.6298 0.609701
0.0440536 2.58015 0.610509
0.0450546 2.53202 0.611309
0.0460556 2.48535 0.612107
0.0470566 2.44008 0.612902
0.0480576 2.39613 0.61369
0.0490586 2.35346 0.61447
0.0500595 2.31199 0.615239
0.0510605 2.27169 0.615997
0.0520615 2.2325 0.616751
0.0530625 2.19439 0.617499
0.0540635 2.1573 0.618238
0.0550645 2.12119 0.618966
0.0560655 2.08601 0.619679
0.0570665 2.05173 0.620377
0.0580675 2.0183 0.621057
0.0590685 1.98572 0.621727
0.0600695 1.95394 0.622387
0.0610705 1.92293 0.623035
0.0620714 1.89267 0.623669
0.0630724 1.86313 0.624288
0.0640734 1.83427 0.624891
0.0650744 1.80609 0.625478
0.0660754 1.77855 0.626051
0.0670764 1.75165 0.626615
0.0680774 1.72535 0.627166
0.0690784 1.69964 0.627704
0.0700794 1.6745 0.628227
0.0710804 1.6499 0.628734
0.0720814 1.62582 0.629223
0.0730823 1.60226 0.629695
0.0740833 1.57919 0.63015
0.0750843 1.55661 0.630593
0.0760853 1.53451 0.631023
0.0770863 1.51285 0.631439
0.0780873 1.49165 0.63184
0.0790883 1.47086 0.632226
0.0800893 1.45049 0.632596
0.0810903 1.43052 0.63295
0.0820913 1.41094 0.633286
0.0830923 1.39175 0.63361
0.0840932 1.37293 0.633923
0.0850942 1.35447 0.634222
0.0860952 1.33637 0.634508
0.0870962 1.31861 0.634779
0.0880972 1.30118 0.635035
0.0890982 1.28408 0.635274
0.0900992 1.26729 0.635497
0.0911002 1.25079 0.635703
0.0921012 1.23461 0.635894
0.0931022 1.21872 0.636073
0.0941032 1.20311 0.636239
0.0951041 1.18779 0.636391
0.0961051 1.17274 0.636529
0.0971061 1.15796 0.636653
0.0981071 1.14343 0.636762
0.0991081 1.12915 0.636855
0.100109 1.11511 0.636933
0.10111 1.1013 0.636995
0.102111 1.08774 0.637045
0.103112 1.0744 0.637082
0.104113 1.0613 0.637108
0.105114 1.04841 0.63712
0.106115 1.03574 0.637119
0.107116 1.02328 0.637103
0.108117 1.01102 0.637074
0.109118 0.998952 0.63703
0.110119 0.987082 0.63697
0.11112 0.975399 0.636896
0.112121 0.963906 0.636809
0.113122 0.952602 0.63671
0.114123 0.94148 0.636598
0.115124 0.930537 0.636475
0.116125 0.919766 0.636339
0.117126 0.909163 0.636189
0.118127 0.898722 0.636026
0.119128 0.88844 0.63585
0.120129 0.878311 0.635659
0.12113 0.868332 0.635455
0.122131 0.8585 0.635236
0.123132 0.848819 0.635007
0.124133 0.839285 0.634765
0.125134 0.829896 0.634513
0.126135 0.820648 0.634248
0.127136 0.811537 0.633971
0.128137 0.802559 0.633682
0.129138 0.793712 0.633381
0.130139 0.784993 0.633066
0.13114 0.776398 0.632738
0.132141 0.767924 0.632397
0.133142 0.759569 0.632043
0.134143 0.751337 0.631678
0.135144 0.743226 0.631302
0.136145 0.735233 0.630915
0.137146 0.727355 0.630517
0.138147 0.719589 0.630107
0.139148 0.711931 0.629686
0.140149 0.70438 0.629253
0.14115 0.696931 0.628808
0.142151 0.689583 0.628351
0.143152 0.682333 0.627882
0.144153 0.675179 0.6274
0.145154 0.66812 0.626907
0.146155 0.661161 0.626404
0.147156 0.654297 0.62589
0.148157 0.647528 0.625365
0.149158 0.640851 0.62483
0.150159 0.634263 0.624285
0.15116 0.627763 0.623728
0.152161 0.621349 0.62316
0.153162 0.615017 0.622581
0.154163 0.608767 0.621991
0.155164 0.602597 0.62139
0.156165 0.596504 0.620777
0.157166 0.59049 0.620153
0.158167 0.584557 0.61952
0.159168 0.578704 0.618877
0.160169 0.572927 0.618224
0.16117 0.567225 0.617562
0.162171 0.561597 0.616889
0.163172 0.55604 0.616206
0.164173 0.550553 0.615513
0.165174 0.545133 0.614809
0.166175 0.53978 0.614095
0.167175 0.534492 0.613371
0.168176 0.529266 0.612636
0.169177 0.524103 0.611891
0.170178 0.519006 0.611136
0.171179 0.513973 0.610373
0.17218 0.509003 0.6096
0.173181 0.504096 0.608817
0.174182 0.499248 0.608026
0.175183 0.49446 0.607225
0.176184 0.48973 0.606415
0.177185 0.485056 0.605595
0.178186 0.480438 0.604766
0.179187 0.475874 0.603927
0.180188 0.471362 0.60308
0.181189 0.466902 0.602223
0.18219 0.462495 0.601356
0.183191 0.458142 0.600482
0.184192 0.453843 0.599599
0.185193 0.449596 0.598708
0.186194 0.4454 0.597808
0.187195 0.441254 0.5969
0.188196 0.437156 0.595983
0.189197 0.433105 0.595058
0.190198 0.429101 0.594124
0.191199 0.425141 0.593181
0.1922 0.421225 0.59223
0.193201 0.417352 0.59127
0.194202 0.41352 0.590301
0.195203 0.409731 0.589324
0.196204 0.405986 0.588339
0.197205 0.402284 0.587346
0.198206 0.398625 0.586345
0.199207 0.395008 0.585336
0.200208 0.391432 0.584319
0.201209 0.387895 0.583294
0.20221 0.384398 0.582262
0.203211 0.38094 0.581222
0.204212 0.377519 0.580174
0.205213 0.374135 0.579119
0.206214 0.370787 0.578057
0.207215 0.367475 0.576987
0.208216 0.364197 0.57591
0.209217 0.360957 0.574825
0.210218 0.357754 0.573734
0.211219 0.354588 0.572635
0.21222 0.351457 0.57153
0.213221 0.34836 0.570418
0.214222 0.345297 0.569299
0.215223 0.342267 0.568173
0.216224 0.339269 0.56704
0.217225 0.336302 0.5659
0.218226 0.333366 0.564753
0.219227 0.33046 0.563599
0.220228 0.327584 0.562439
0.221229 0.324736 0.561272
0.22223 0.321916 0.560098
0.223231 0.319128 0.558917
0.224232 0.31637 0.55773
0.225233 0.313641 0.556536
0.226234 0.310942 0.555336
0.227235 0.30827 0.554129
0.228236 0.305627 0.552916
0.229237 0.303011 0.551698
0.230238 0.300421 0.550473
0.231239 0.297858 0.549242
0.23224 0.29532 0.548006
0.233241 0.292808 0.546764
0.234242 0.29032 0.545516
0.235243 0.287857 0.544264
0.236244 0.285418 0.543005
0.237245 0.283006 0.541741
0.238246 0.280619 0.540472
0.239247 0.278257 0.539196
0.240248 0.275919 0.537916
0.241249 0.273605 0.53663
0.24225 0.271315 0.535339
0.243251 0.269047 0.534043
0.244252 0.266802 0.532741
0.245253 0.264579 0.531434
0.246254 0.262377 0.530123
0.247255 0.260195 0.528806
0.248256 0.258034 0.527484
0.249257 0.255893 0.526158
0.250258 0.253773 0.524826
0.251259 0.251673 0.523489
0.25226 0.249595 0.522147
0.253261 0.247537 0.520799
0.254262 0.2455 0.519447
0.255263 0.243483 0.51809
0.256264 0.241486 0.516729
0.257265 0.239507 0.515363
0.258266 0.237548 0.513992
0.259267 0.235608 0.512618
0.260268 0.233685 0.51124
0.261269 0.231781 0.509858
0.26227 0.229894 0.508472
0.263271 0.228025 0.507082
0.264272 0.226172 0.505689
0.265273 0.224338 0.504293
0.266274 0.222522 0.502892
0.267275 0.220724 0.501487
0.268276 0.218944 0.500078
0.269277 0.217181 0.498666
0.270278 0.215435 0.49725
0.271279 0.213705 0.49583
0.27228 0.211992 0.494407
0.273281 0.210294 0.49298
0.274282 0.208612 0.49155
0.275283 0.206945 0.490117
0.276284 0.205292 0.48868
0.277285 0.203654 0.48724
0.278285 0.20203 0.485797
0.279286 0.20042 0.484351
0.280287 0.198825 0.482901
0.281288 0.197246 0.481447
0.282289 0.195681 0.47999
0.28329 0.194131 0.47853
0.284291 0.192596 0.477066
0.285292 0.191074 0.475599
0.286293 0.189566 0.474129
0.287294 0.188072 0.472657
0.288295 0.186591 0.471182
0.289296 0.185123 0.469705
0.290297 0.183667 0.468226
0.291298 0.182225 0.466744
0.292299 0.180794 0.465261
0.2933 0.179376 0.463776
0.294301 0.17797 0.462288
0.295302 0.176578 0.460799
0.296303 0.175198 0.459306
0.297304 0.173831 0.457811
0.298305 0.172477 0.456314
0.299306 0.171134 0.454814
0.300307 0.169804 0.453313
0.301308 0.168485 0.451809
0.302309 0.167178 0.450304
0.30331 0.165883 0.448796
0.304311 0.164598 0.447287
0.305312 0.163324 0.445777
0.306313 0.16206 0.444264
0.307314 0.160807 0.442751
0.308315 0.159564 0.441236
0.309316 0.158331 0.439719
0.310317 0.15711 0.438201
0.311318 0.155899 0.43668
0.312319 0.154699 0.435156
0.31332 0.153509 0.433631
0.314321 0.15233 0.432105
0.315322 0.151161 0.430577
0.316323 0.150002 0.429047
0.317324 0.148853 0.427517
0.318325 0.147714 0.425986
0.319326 0.146584 0.424453
0.320327 0.145463 0.422921
0.321328 0.144352 0.421388
0.322329 0.14325 0.419854
0.32333 0.142157 0.418321
0.324331 0.141072 0.416787
0.325332 0.139997 0.415252
0.326333 0.138932 0.413717
0.327334 0.137877 0.41218
0.328335 0.13683 0.410643
0.329336 0.135793 0.409104
0.330337 0.134764 0.407565
0.331338 0.133744 0.406026
0.332339 0.132733 0.404486
0.33334 0.131729 0.402946
0.334341 0.130734 0.401406
0.335342 0.129747 0.399865
0.336343 0.128768 0.398325
0.337344 0.127796 0.396784
0.338345 0.126832 0.395244
0.339346 0.125875 0.393704
0.340347 0.124925 0.392163
0.341348 0.123984 0.390622
0.342349 0.123051 0.38908
0.34335 0.122125 0.387537
0.344351 0.121207 0.385994
0.345352 0.120297 0.384451
0.346353 0.119394 0.382907
0.347354 0.118498 0.381364
0.348355 0.11761 0.379822
0.349356 0.116728 0.378279
0.350357 0.115854 0.376738
0.351358 0.114986 0.375197
0.352359 0.114125 0.373658
0.35336 0.113271 0.372119
0.354361 0.112424 0.370582
0.355362 0.111582 0.369046
0.356363 0.110748 0.367511
0.357364 0.109921 0.365975
0.358365 0.109101 0.36444
0.359366 0.108288 0.362906
0.360367 0.107481 0.361372
0.361368 0.106681 0.359839
0.362369 0.105887 0.358307
0.36337 0.105099 0.356775
0.364371 0.104318 0.355245
0.365372 0.103543 0.353715
0.366373 0.102773 0.352187
0.367374 0.102009 0.35066
0.368375 0.101251 0.349135
0.369376 0.100499 0.347611
0.370377 0.0997515 0.346089
0.371378 0.0990098 0.344568
0.372379 0.0982741 0.343047
0.37338 0.0975443 0.341527
0.374381 0.0968203 0.340007
0.375382 0.096102 0.338489
0.376383 0.0953893 0.336971
0.377384 0.0946821 0.335455
0.378385 0.0939805 0.33394
0.379386 0.0932842 0.332427
0.380387 0.0925931 0.330915
0.381388 0.0919074 0.329405
0.382389 0.0912267 0.327897
0.38339 0.0905511 0.326392
0.384391 0.0898805 0.324889
0.385392 0.0892148 0.323388
0.386393 0.0885539 0.32189
0.387394 0.0878981 0.320394
0.388395 0.0872475 0.318899
0.389395 0.0866022 0.317407
0.390396 0.085962 0.315915
0.391397 0.0853268 0.314426
0.392398 0.0846966 0.312938
0.393399 0.0840712 0.311452
0.3944 0.0834506 0.309969
0.395401 0.0828346 0.308487
0.396402 0.0822232 0.307008
0.397403 0.0816162 0.305531
0.398404 0.0810136 0.304056
0.399405 0.0804153 0.302584
0.400406 0.0798212 0.301114
0.401407 0.0792312 0.299647
0.402408 0.0786452 0.298183
0.403409 0.0780634 0.296721
0.40441 0.077486 0.29526
0.405411 0.076913 0.293801
0.406412 0.0763443 0.292344
0.407413 0.0757799 0.29089
0.408414 0.0752197 0.289437
0.409415 0.0746637 0.287986
0.410416 0.0741117 0.286538
0.411417 0.0735638 0.285093
0.412418 0.0730199 0.28365
0.413419 0.0724799 0.282211
0.41442 0.0719437 0.280774
0.415421 0.0714114 0.27934
0.416422 0.0708829 0.27791
0.417423 0.070358 0.276484
0.418424 0.0698368 0.275061
0.419425 0.0693193 0.273641
0.420426 0.0688058 0.272224
0.421427 0.0682963 0.27081
0.422428 0.0677907 0.269398
0.423429 0.0672889 0.267989
0.42443 0.0667908 0.266583
0.425431 0.0662965 0.26518
0.426432 0.0658057 0.263779
0.427433 0.0653184 0.262382
0.428434 0.0648346 0.260988
0.429435 0.0643542 0.259597
0.430436 0.0638771 0.25821
0.431437 0.0634033 0.256825
0.432438 0.0629326 0.255444
0.433439 0.0624651 0.254067
0.43444 0.0620006 0.252693
0.435441 0.0615391 0.251323
0.436442 0.0610809 0.249955
0.437443 0.060626 0.24859
0.438444 0.0601744 0.247228
0.439445 0.0597261 0.245868
0.440446 0.0592809 0.244512
0.441447 0.0588389 0.243158
0.442448 0.0584001 0.241808
0.443449 0.0579643 0.240461
0.44445 0.0575315 0.239118
0.445451 0.0571018 0.237778
0.446452 0.056675 0.236442
0.447453 0.0562511 0.23511
0.448454 0.0558301 0.233781
0.449455 0.0554119 0.232457
0.450456 0.0549966 0.231137
0.451457 0.054584 0.229822
0.452458 0.0541743 0.22851
0.453459 0.0537677 0.227201
0.45446 0.053364 0.225896
0.455461 0.0529633 0.224595
0.456462 0.0525655 0.223297
0.457463 0.0521705 0.222002
0.458464 0.0517783 0.220711
0.459465 0.0513889 0.219424
0.460466 0.0510021 0.21814
0.461467 0.050618 0.216861
0.462468 0.0502364 0.215585
0.463469 0.0498573 0.214313
0.46447 0.0494808 0.213045
0.465471 0.0491067 0.211781
0.466472 0.0487349 0.210522
0.467473 0.0483655 0.209266
0.468474 0.0479985 0.208014
0.469475 0.0476339 0.206766
0.470476 0.0472719 0.205522
0.471477 0.0469123 0.20428
0.472478 0.0465553 0.203043
0.473479 0.0462007 0.201808
0.47448 0.0458486 0.200578
0.475481 0.0454988 0.199351
0.476482 0.0451514 0.198129
0.477483 0.0448063 0.19691
0.478484 0.0444636 0.195696
0.479485 0.0441232 0.194485
0.480486 0.043785 0.193279
0.481487 0.043449 0.192078
0.482488 0.0431152 0.190881
0.483489 0.0427837 0.189688
0.48449 0.0424543 0.1885
0.485491 0.042127 0.187317
0.486492 0.0418022 0.186138
0.487493 0.0414797 0.184962
0.488494 0.0411594 0.183791
0.489495 0.0408414 0.182624
0.490496 0.0405257 0.181461
0.491497 0.0402121 0.180301
0.492498 0.0399006 0.179146
0.493499 0.0395912 0.177996
0.4945 0.0392838 0.176849
0.495501 0.0389785 0.175706
0.496502 0.0386751 0.174568
0.497503 0.0383736 0.173434
0.498504 0.0380741 0.172305
0.499505 0.0377764 0.17118
0.500505 0.0374805 0.170059
0.501506 0.0371864 0.168942
0.502507 0.0368942 0.16783
0.503508 0.0366039 0.166722
0.504509 0.0363156 0.165617
0.50551 0.0360292 0.164516
0.506511 0.0357447 0.163419
0.507512 0.0354621 0.162326
0.508513 0.0351814 0.161238
0.509514 0.0349025 0.160153
0.510515 0.0346255 0.159073
0.511516 0.0343503 0.157997
0.512517 0.0340768 0.156925
0.513518 0.0338051 0.155859
0.514519 0.0335352 0.154796
0.51552 0.033267 0.153738
0.516521 0.0330006 0.152685
0.517522 0.0327358 0.151637
0.518523 0.0324727 0.150593
0.519524 0.0322114 0.149554
0.520525 0.0319519 0.14852
0.521526 0.0316942 0.147489
0.522527 0.0314383 0.146463
0.523528 0.0311842 0.145441
0.524529 0.0309317 0.144423
0.52553 0.0306809 0.14341
0.526531 0.0304318 0.142401
0.527532 0.0301843 0.141397
0.528533 0.0299384 0.140396
0.529534 0.0296941 0.1394
0.530535 0.0294513 0.138409
0.531536 0.0292101 0.137422
0.532537 0.0289703 0.136439
0.533538 0.028732 0.135461
0.534539 0.0284951 0.134487
0.53554 0.0282596 0.133518
0.536541 0.0280257 0.132553
0.537542 0.0277933 0.131591
0.538543 0.0275624 0.130634
0.539544 0.027333 0.129681
0.540545 0.0271051 0.128732
0.541546 0.0268787 0.127787
0.542547 0.0266538 0.126847
0.543548 0.0264303 0.12591
0.544549 0.0262083 0.124979
0.54555 0.0259878 0.124051
0.546551 0.0257686 0.123128
0.547552 0.0255509 0.122209
0.548553 0.0253346 0.121295
0.549554 0.0251196 0.120386
0.550555 0.0249061 0.119481
0.551556 0.0246939 0.118581
0.552557 0.0244831 0.117685
0.553558 0.0242737 0.116794
0.554559 0.0240658 0.115907
0.55556 0.0238593 0.115025
0.556561 0.0236542 0.114147
0.557562 0.0234505 0.113273
0.558563 0.0232482 0.112404
0.559564 0.0230472 0.111539
0.560565 0.0228476 0.110678
0.561566 0.0226493 0.109821
0.562567 0.0224522 0.108969
0.563568 0.0222564 0.108121
0.564569 0.0220619 0.107278
0.56557 0.0218686 0.106438
0.566571 0.0216764 0.105603
0.567572 0.0214855 0.104773
0.568573 0.0212957 0.103946
0.569574 0.0211071 0.103124
0.570575 0.0209196 0.102306
0.571576 0.0207334 0.101492
0.572577 0.0205484 0.100682
0.573578 0.0203646 0.0998758
0.574579 0.0201821 0.099074
0.57558 0.0200007 0.0982763
0.576581 0.0198205 0.0974827
0.577582 0.0196415 0.0966933
0.578583 0.0194637 0.0959082
0.579584 0.019287 0.0951272
0.580585 0.0191116 0.0943506
0.581586 0.0189372 0.0935782
0.582587 0.018764 0.0928101
0.583588 0.018592 0.0920464
0.584589 0.0184211 0.0912871
0.58559 0.0182513 0.0905321
0.586591 0.0180826 0.0897816
0.587592 0.0179151 0.0890354
0.588593 0.0177488 0.0882935
0.589594 0.0175836 0.0875557
0.590595 0.0174196 0.0868222
0.591596 0.0172567 0.0860928
0.592597 0.017095 0.0853677
0.593598 0.0169343 0.0846466
0.594599 0.0167748 0.0839297
0.5956 0.0166163 0.0832169
0.596601 0.0164589 0.0825081
0.597602 0.0163025 0.0818035
0.598603 0.0161472 0.0811029
0.599604 0.0159929 0.0804064
0.600605 0.0158396 0.0797138
0.601606 0.0156873 0.0790253
0.602607 0.0155359 0.0783408
0.603608 0.0153855 0.0776602
0.604609 0.0152361 0.0769836
0.60561 0.0150877 0.0763109
0.606611 0.0149403 0.075642
0.607612 0.0147939 0.074977
0.608613 0.0146485 0.0743159
0.609614 0.0145041 0.0736587
0.610615 0.0143607 0.0730054
0.611615 0.0142183 0.072356
0.612616 0.0140768 0.0717106
0.613617 0.0139363 0.0710691
0.614618 0.0137968 0.0704315
0.615619 0.0136583 0.0697979
0.61662 0.0135207 0.0691683
0.617621 0.0133841 0.0685427
0.618622 0.0132484 0.0679211
0.619623 0.0131137 0.0673034
0.620624 0.0129799 0.0666898
0.621625 0.0128471 0.0660802
0.622626 0.0127152 0.0654746
0.623627 0.0125843 0.0648729
0.624628 0.0124544 0.0642751
0.625629 0.0123255 0.0636813
0.62663 0.0121975 0.0630914
0.627631 0.0120704 0.0625053
0.628632 0.0119442 0.061923
0.629633 0.011819 0.0613445
0.630634 0.0116947 0.0607698
0.631635 0.0115712 0.0601989
0.632636 0.0114487 0.0596317
0.633637 0.011327 0.0590682
0.634638 0.0112061 0.0585083
0.635639 0.0110861 0.0579521
0.63664 0.010967 0.0573996
0.637641 0.0108487 0.0568506
0.638642 0.0107312 0.0563053
0.639643 0.0106145 0.0557635
0.640644 0.0104987 0.0552253
0.641645 0.0103837 0.0546907
0.642646 0.0102696 0.0541597
0.643647 0.0101563 0.0536323
0.644648 0.0100439 0.0531084
0.645649 0.00993229 0.0525882
0.64665 0.00982154 0.0520715
0.647651 0.00971161 0.0515583
0.648652 0.00960252 0.0510488
0.649653 0.00949425 0.0505428
0.650654 0.0093868 0.0500403
0.651655 0.00928016 0.0495414
0.652656 0.00917434 0.0490461
0.653657 0.00906933 0.0485542
0.654658 0.00896513 0.0480659
0.655659 0.00886173 0.0475812
0.65666 0.00875914 0.0470999
0.657661 0.00865738 0.0466223
0.658662 0.00855645 0.0461482
0.659663 0.00845634 0.0456777
0.660664 0.00835705 0.0452107
0.661665 0.00825856 0.0447472
0.662666 0.00816087 0.0442871
0.663667 0.00806396 0.0438305
0.664668 0.00796783 0.0433772
0.665669 0.00787248 0.0429273
0.66667 0.00777788 0.0424807
0.667671 0.00768404 0.0420374
0.668672 0.00759094 0.0415973
0.669673 0.00749857 0.0411605
0.670674 0.00740694 0.0407269
0.671675 0.00731603 0.0402964
0.672676 0.00722582 0.0398691
0.673677 0.00713632 0.0394448
0.674678 0.00704754 0.0390237
0.675679 0.00695949 0.0386059
0.67668 0.00687217 0.0381912
0.677681 0.00678559 0.0377798
0.678682 0.00669973 0.0373715
0.679683 0.00661459 0.0369664
0.680684 0.00653017 0.0365645
0.681685 0.00644647 0.0361657
0.682686 0.00636349 0.03577
0.683687 0.00628122 0.0353774
0.684688 0.00619966 0.0349879
0.685689 0.0061188 0.0346015
0.68669 0.00603865 0.0342182
0.687691 0.0059592 0.0338379
0.688692 0.00588045 0.0334606
0.689693 0.0058024 0.0330864
0.690694 0.00572504 0.0327152
0.691695 0.00564837 0.032347
0.692696 0.00557242 0.0319819
0.693697 0.00549719 0.03162
0.694698 0.00542268 0.0312612
0.695699 0.00534887 0.0309054
0.6967 0.00527575 0.0305527
0.697701 0.00520332 0.030203
0.698702 0.00513157 0.0298563
0.699703 0.00506049 0.0295125
0.700704 0.00499008 0.0291715
0.701705 0.00492033 0.0288335
0.702706 0.00485122 0.0284982
0.703707 0.00478275 0.0281657
0.704708 0.00471492 0.0278359
0.705709 0.00464771 0.0275089
0.70671 0.00458112 0.0271845
0.707711 0.00451514 0.0268628
0.708712 0.00444977 0.0265437
0.709713 0.004385 0.0262272
0.710714 0.00432087 0.0259135
0.711715 0.00425738 0.0256026
0.712716 0.00419452 0.0252944
0.713717 0.00413229 0.024989
0.714718 0.00407069 0.0246863
0.715719 0.0040097 0.0243863
0.71672 0.00394934 0.0240889
0.717721 0.00388958 0.0237942
0.718722 0.00383044 0.0235021
0.719723 0.0037719 0.0232127
0.720724 0.00371396 0.0229258
0.721725 0.00365663 0.0226414
0.722725 0.00359988 0.0223597
0.723726 0.00354373 0.0220804
0.724727 0.00348817 0.0218037
0.725728 0.00343319 0.0215294
0.726729 0.00337879 0.0212576
0.72773 0.003325 0.0209884
0.728731 0.00327183 0.0207218
0.729732 0.00321927 0.0204579
0.730733 0.00316732 0.0201966
0.731734 0.00311596 0.0199379
0.732735 0.0030652 0.0196817
0.733736 0.00301501 0.019428
0.734737 0.0029654 0.0191767
0.735738 0.00291635 0.0189278
0.736739 0.00286786 0.0186813
0.73774 0.00281992 0.0184372
0.738741 0.00277251 0.0181953
0.739742 0.00272564 0.0179557
0.740743 0.00267929 0.0177183
0.741744 0.00263346 0.0174831
0.742745 0.00258814 0.0172501
0.743746 0.00254332 0.0170192
0.744747 0.002499 0.0167903
0.745748 0.00245521 0.0165638
0.746749 0.00241198 0.0163396
0.74775 0.00236928 0.0161177
0.748751 0.00232712 0.015898
0.749752 0.00228549 0.0156806
0.750753 0.00224439 0.0154655
0.751754 0.0022038 0.0152525
0.752755 0.00216373 0.0150417
0.753756 0.00212415 0.0148331
0.754757 0.00208508 0.0146266
0.755758 0.00204651 0.0144222
0.756759 0.00200842 0.0142198
0.75776 0.00197081 0.0140195
0.758761 0.00193368 0.0138212
0.759762 0.00189703 0.0136249
0.760763 0.00186083 0.0134306
0.761764 0.0018251 0.0132382
0.762765 0.00178983 0.0130478
0.763766 0.00175508 0.0128596
0.764767 0.00172083 0.0126735
0.765768 0.00168709 0.0124895
0.766769 0.00165384 0.0123077
0.76777 0.00162108 0.0121279
0.768771 0.00158879 0.0119501
0.769772 0.00155697 0.0117743
0.770773 0.00152561 0.0116004
0.771774 0.0014947 0.0114284
0.772775 0.00146423 0.0112584
0.773776 0.00143419 0.0110901
0.774777 0.00140458 0.0109237
0.775778 0.00137538 0.010759
0.776779 0.00134658 0.010596
0.77778 0.00131819 0.0104348
0.778781 0.00129019 0.0102752
0.779782 0.00126256 0.0101173
0.780783 0.00123533 0.00996096
0.781784 0.00120855 0.00980654
0.782785 0.00118221 0.00965398
0.783786 0.00115631 0.00950325
0.784787 0.00113083 0.00935433
0.785788 0.00110578 0.00920719
0.786789 0.00108114 0.0090618
0.78779 0.0010569 0.00891813
0.788791 0.00103306 0.00877616
0.789792 0.00100961 0.00863586
0.790793 0.000986533 0.00849721
0.791794 0.000963834 0.00836017
0.792795 0.000941499 0.00822472
0.793796 0.000919522 0.00809083
0.794797 0.000897896 0.00795848
0.795798 0.000876611 0.00782765
0.796799 0.000855662 0.0076983
0.7978 0.00083504 0.00757042
0.798801 0.000814768 0.00744406
0.799802 0.000794899 0.00731942
0.800803 0.000775427 0.00719646
0.801804 0.000756341 0.00707516
0.802805 0.000737631 0.00695547
0.803806 0.000719287 0.00683737
0.804807 0.000701299 0.00672082
0.805808 0.000683657 0.00660579
0.806809 0.000666351 0.00649224
0.80781 0.000649373 0.00638014
0.808811 0.000632711 0.00626946
0.809812 0.000616356 0.00616016
0.810813 0.000600299 0.00605222
0.811814 0.00058453 0.00594559
0.812815 0.000569039 0.00584026
0.813816 0.000553818 0.00573619
0.814817 0.000538858 0.00563334
0.815818 0.000524148 0.00553168
0.816819 0.000509717 0.00543131
0.81782 0.000495623 0.00533238
0.818821 0.000481856 0.00523489
0.819822 0.000468408 0.00513879
0.820823 0.000455268 0.00504406
0.821824 0.000442427 0.00495068
0.822825 0.000429877 0.00485862
0.823826 0.000417608 0.00476785
0.824827 0.00040561 0.00467834
0.825828 0.000393876 0.00459008
0.826829 0.000382394 0.00450303
0.82783 0.000371158 0.00441717
0.828831 0.000360158 0.00433247
0.829832 0.000349384 0.00424891
0.830833 0.000338829 0.00416646
0.831834 0.000328484 0.0040851
0.832835 0.000318339 0.0040048
0.833835 0.000308386 0.00392554
0.834836 0.000298659 0.00384741
0.835837 0.000289211 0.00377056
0.836838 0.000280032 0.00369497
0.837839 0.000271113 0.0036206
0.83884 0.000262444 0.00354743
0.839841 0.000254015 0.00347542
0.840842 0.000245817 0.00340455
0.841843 0.000237838 0.00333478
0.842844 0.000230071 0.00326609
0.843845 0.000222506 0.00319845
0.844846 0.000215132 0.00313183
0.845847 0.000207941 0.00306619
0.846848 0.000200924 0.00300153
0.847849 0.00019407 0.00293779
0.84885 0.000187371 0.00287496
0.849851 0.000180818 0.00281302
0.850852 0.000174401 0.00275192
0.851853 0.000168112 0.00269165
0.852854 0.000161982 0.00263229
0.853855 0.000156064 0.00257399
0.854856 0.00015035 0.00251673
0.855857 0.00014483 0.00246048
0.856858 0.000139496 0.00240522
0.857859 0.00013434 0.00235093
0.85886 0.000129354 0.00229758
0.859861 0.000124529 0.00224514
0.860862 0.000119856 0.0021936
0.861863 0.000115328 0.00214292
0.862864 0.000110936 0.0020931
0.863865 0.000106672 0.00204409
0.864866 0.000102528 0.00199589
0.865867 9.84966e-05 0.00194846
0.866868 9.45688e-05 0.00190179
0.867869 9.07372e-05 0.00185584
0.86887 8.69937e-05 0.00181061
0.869871 8.33307e-05 0.00176606
0.870872 7.97752e-05 0.00172228
0.871873 7.63739e-05 0.00167941
0.872874 7.312e-05 0.00163741
0.873875 7.00058e-05 0.00159628
0.874876 6.70239e-05 0.00155598
0.875877 6.4167e-05 0.00151648
0.876878 6.14275e-05 0.00147777
0.877879 5.87983e-05 0.00143982
0.87888 5.6272e-05 0.0014026
0.879881 5.38413e-05 0.00136609
0.880882 5.14992e-05 0.00133026
0.881883 4.92385e-05 0.0012951
0.882884 4.70521e-05 0.00126057
0.883885 4.4933e-05 0.00122665
0.884886 4.28742e-05 0.00119333
0.885887 4.08687e-05 0.00116057
0.886888 3.89096e-05 0.00112836
0.887889 3.69902e-05 0.00109666
0.88889 3.51299e-05 0.00106555
0.889891 3.33688e-05 0.00103517
0.890892 3.17022e-05 0.0010055
0.891893 3.01248e-05 0.000976514
0.892894 2.8631e-05 0.000948193
0.893895 2.72154e-05 0.000920518
0.894896 2.58726e-05 0.000893467
0.895897 2.45973e-05 0.00086702
0.896898 2.33841e-05 0.000841157
0.897899 2.22279e-05 0.000815858
0.8989 2.11233e-05 0.000791102
0.899901 2.00651e-05 0.00076687
0.900902 1.90481e-05 0.000743143
0.901903 1.80673e-05 0.000719899
0.902904 1.71175e-05 0.00069712
0.903905 1.61936e-05 0.000674787
0.904906 1.52906e-05 0.00065288
0.905907 1.44034e-05 0.00063138
0.906908 1.35448e-05 0.000610345
0.907909 1.27441e-05 0.000589903
0.90891 1.19984e-05 0.000570038
0.909911 1.13041e-05 0.000550729
0.910912 1.06575e-05 0.000531955
0.911913 1.00548e-05 0.000513696
0.912914 9.49255e-06 0.000495933
0.913915 8.96704e-06 0.000478644
0.914916 8.4747e-06 0.00046181
0.915917 8.01197e-06 0.000445411
0.916918 7.57533e-06 0.000429428
0.917919 7.16124e-06 0.000413841
0.91892 6.76622e-06 0.00039863
0.919921 6.38679e-06 0.000383777
0.920922 6.01952e-06 0.000369262
0.921923 5.66096e-06 0.000355065
0.922924 5.30772e-06 0.000341169
0.923925 4.95642e-06 0.000327555
0.924926 4.61475e-06 0.000314275
0.925927 4.3009e-06 0.000301451
0.926928 4.01339e-06 0.000289066
0.927929 3.75024e-06 0.000277104
0.92893 3.50951e-06 0.000265547
0.929931 3.28927e-06 0.000254378
0.930932 3.08757e-06 0.000243579
0.931933 2.90252e-06 0.000233133
0.932934 2.73221e-06 0.000223023
0.933935 2.57475e-06 0.000213233
0.934936 2.42827e-06 0.000203744
0.935937 2.29089e-06 0.000194542
0.936938 2.16077e-06 0.000185608
0.937939 2.03606e-06 0.000176927
0.93894 1.91494e-06 0.000168482
0.939941 1.79559e-06 0.000160257
0.940942 1.67619e-06 0.000152235
0.941943 1.55496e-06 0.0001444
0.942944 1.43712e-06 0.000136819
0.943945 1.33057e-06 0.000129583
0.944945 1.23449e-06 0.000122675
0.945946 1.14802e-06 0.00011608
0.946947 1.07029e-06 0.000109782
0.947948 1.00045e-06 0.000103765
0.948949 9.37662e-07 9.80129e-05
0.94995 8.81078e-07 9.25106e-05
0.950951 8.29862e-07 8.72425e-05
0.951952 7.83182e-07 8.21929e-05
0.952953 7.40213e-07 7.73466e-05
0.953954 7.00134e-07 7.26884e-05
0.954955 6.62128e-07 6.82029e-05
0.955956 6.25385e-07 6.38753e-05
0.956957 5.89099e-07 5.96904e-05
0.957958 5.52469e-07 5.56334e-05
0.958959 5.147e-07 5.16895e-05
0.95996 4.75287e-07 4.7852e-05
0.960961 4.38174e-07 4.42331e-05
0.961962 4.04624e-07 4.08616e-05
0.962963 3.74345e-07 3.77217e-05
0.963964 3.47044e-07 3.4798e-05
0.964965 3.22431e-07 3.2075e-05
0.965966 3.00218e-07 2.95373e-05
0.966967 2.80119e-07 2.71697e-05
0.967968 2.61848e-07 2.4957e-05
0.968969 2.45123e-07 2.2884e-05
0.96997 2.29662e-07 2.09359e-05
0.970971 2.15185e-07 1.90976e-05
0.971972 2.01415e-07 1.73545e-05
0.972973 1.88075e-07 1.56917e-05
0.973974 1.74891e-07 1.40947e-05
0.974975 1.6159e-07 1.25489e-05
0.975976 1.47901e-07 1.10399e-05
0.976977 1.33815e-07 9.57378e-06
0.977978 1.20833e-07 8.26964e-06
0.978979 1.09131e-07 7.13481e-06
0.97998 9.85837e-08 6.15208e-06
0.980981 8.90643e-08 5.30434e-06
0.981982 8.04474e-08 4.57458e-06
0.982983 7.26086e-08 3.94591e-06
0.983984 6.5424e-08 3.40154e-06
0.984985 5.87705e-08 2.92476e-06
0.985986 5.25258e-08 2.49899e-06
0.986987 4.65682e-08 2.10773e-06
0.987988 4.07769e-08 1.73458e-06
0.988989 3.50318e-08 1.36326e-06
0.98999 2.92135e-08 9.77557e-07
0.990991 2.36208e-08 6.20907e-07
0.991992 1.89567e-08 3.90596e-07
0.992993 1.50571e-08 2.57303e-07
0.993994 1.17328e-08 1.88084e-07
0.994995 8.79556e-09 1.5019e-07
0.995996 6.05834e-09 1.11073e-07
0.996997 3.48188e-09 5.2393e-08
0.997998 1.79252e-09 3.86532e-08
0.998999 5.40244e-10 3.28826e-08
1 0 0
