1.5 2.44883 0.377411
1.5986 2.98598 0.39533
1.6972 3.49772 0.412537
1.7958 3.9837 0.429
1.89439 4.44724 0.444802
1.99299 4.88936 0.459967
2.09159 5.31055 0.4745
2.19019 5.71312 0.488465
2.28879 6.09874 0.501907
2.38739 6.46808 0.514843
2.48599 6.82179 0.527292
2.58458 7.16122 0.539292
2.68318 7.48789 0.550886
2.78178 7.80242 0.562092
2.88038 8.10535 0.572927
2.97898 8.39723 0.583407
3.07758 8.67862 0.593548
3.17618 8.95064 0.603383
3.27477 9.21388 0.612931
3.37337 9.46875 0.622204
3.47197 9.71563 0.631214
3.57057 9.95488 0.639972
3.66917 10.1868 0.648487
3.76777 10.4118 0.656771
3.86637 10.6311 0.664839
3.96496 10.8456 0.672707
4.06356 11.055 0.680381
4.16216 11.2588 0.687871
4.26076 11.4569 0.695184
4.35936 11.6491 0.702327
4.45796 11.8351 0.709305
4.55656 12.015 0.716126
4.65516 12.1885 0.722795
4.75375 12.3557 0.729317
4.85235 12.5168 0.735703
4.95095 12.6724 0.741959
5.04955 12.8231 0.74809
5.14815 12.9692 0.754101
5.24675 13.1112 0.759994
5.34535 13.2495 0.765775
5.44394 13.3844 0.771446
5.54254 13.5163 0.777011
5.64114 13.6453 0.782473
5.73974 13.7718 0.787836
5.83834 13.896 0.793102
5.93694 14.0181 0.798274
6.03554 14.1384 0.803355
6.13413 14.2571 0.808348
6.23273 14.3738 0.813257
6.33133 14.4886 0.818086
6.42993 14.6014 0.822838
6.52853 14.7123 0.827515
6.62713 14.8213 0.832119
6.72573 14.9285 0.836651
6.82432 15.0339 0.841115
6.92292 15.1376 0.845511
7.02152 15.2397 0.849841
7.12012 15.3402 0.854108
7.21872 15.439 0.858313
7.31732 15.5364 0.862457
7.41592 15.6322 0.866542
7.51451 15.7266 0.870569
7.61311 15.8196 0.87454
7.71171 15.9111 0.878456
7.81031 16.0014 0.882319
7.90891 16.0903 0.88613
8.00751 16.1779 0.889889
8.10611 16.2643 0.893599
8.2047 16.3495 0.897261
8.3033 16.4335 0.900878
8.4019 16.5164 0.904449
8.5005 16.5983 0.907977
8.5991 16.679 0.911461
8.6977 16.7587 0.914904
8.7963 16.8374 0.918305
8.89489 16.9151 0.921667
8.99349 16.9918 0.924989
9.09209 17.0676 0.928272
9.19069 17.1424 0.931518
9.28929 17.2163 0.934727
9.38789 17.2893 0.9379
9.48649 17.3614 0.941037
9.58509 17.4327 0.94414
9.68368 17.5031 0.947208
9.78228 17.5727 0.950243
9.88088 17.6415 0.953246
9.97948 17.7095 0.956216
10.0781 17.7767 0.959155
10.1767 17.8432 0.962063
10.2753 17.9089 0.964941
10.3739 17.9739 0.967788
10.4725 18.0382 0.970607
10.5711 18.1018 0.973397
10.6697 18.1646 0.976159
10.7683 18.2268 0.978894
10.8669 18.2884 0.981601
10.9655 18.3492 0.984281
11.0641 18.4095 0.986936
11.1627 18.4691 0.989566
11.2613 18.5282 0.992172
11.3599 18.5866 0.994753
11.4585 18.6445 0.997311
11.5571 18.7018 0.999845
11.6557 18.7586 1.00236
11.7543 18.8148 1.00485
11.8529 18.8705 1.00731
11.9515 18.9256 1.00976
12.0501 18.9802 1.01218
12.1486 19.0343 1.01458
12.2472 19.0879 1.01696
12.3458 19.141 1.01932
12.4444 19.1937 1.02166
12.543 19.2458 1.02399
12.6416 19.2975 1.02629
12.7402 19.3487 1.02857
12.8388 19.3994 1.03083
12.9374 19.4497 1.03308
13.036 19.4996 1.0353
13.1346 19.549 1.03751
13.2332 19.598 1.0397
13.3318 19.6465 1.04187
13.4304 19.6947 1.04403
13.529 19.7424 1.04617
13.6276 19.7897 1.04829
13.7262 19.8367 1.05039
13.8248 19.8832 1.05248
13.9234 19.9294 1.05455
14.022 19.9752 1.05661
14.1206 20.0206 1.05865
14.2192 20.0656 1.06067
14.3178 20.1102 1.06268
14.4164 20.1545 1.06468
14.515 20.1985 1.06666
14.6136 20.2421 1.06862
14.7122 20.2853 1.07058
14.8108 20.3283 1.07251
14.9094 20.3708 1.07443
15.008 20.4131 1.07634
15.1066 20.455 1.07824
15.2052 20.4966 1.08012
15.3038 20.5379 1.08199
15.4024 20.5789 1.08384
15.501 20.6196 1.08569
15.5996 20.6599 1.08752
15.6982 20.7 1.08933
15.7968 20.7398 1.09114
15.8954 20.7794 1.09293
15.994 20.8186 1.09472
16.0926 20.8576 1.09649
16.1912 20.8962 1.09824
16.2898 20.9346 1.09999
16.3884 20.9728 1.10173
16.487 21.0107 1.10345
16.5856 21.0483 1.10516
16.6842 21.0857 1.10687
16.7828 21.1228 1.10856
16.8814 21.1596 1.11024
16.98 21.1962 1.11191
17.0786 21.2326 1.11357
17.1772 21.2687 1.11522
17.2758 21.3046 1.11686
17.3744 21.3402 1.11849
17.473 21.3756 1.12011
17.5716 21.4108 1.12172
17.6702 21.4457 1.12332
17.7688 21.4804 1.12491
17.8674 21.5149 1.12649
17.966 21.5492 1.12806
18.0646 21.5833 1.12962
18.1632 21.6171 1.13117
18.2618 21.6507 1.13272
18.3604 21.6842 1.13425
18.459 21.7174 1.13578
18.5576 21.7504 1.13729
18.6562 21.7831 1.1388
18.7548 21.8157 1.1403
18.8534 21.8481 1.14179
18.952 21.8803 1.14327
19.0506 21.9123 1.14475
19.1491 21.9441 1.14621
19.2477 21.9758 1.14767
19.3463 22.0072 1.14912
19.4449 22.0384 1.15056
19.5435 22.0695 1.15199
19.6421 22.1003 1.15342
19.7407 22.131 1.15483
19.8393 22.1615 1.15624
19.9379 22.1919 1.15765
20.0365 22.222 1.15904
20.1351 22.252 1.16043
20.2337 22.2818 1.16181
20.3323 22.3114 1.16318
20.4309 22.3409 1.16455
20.5295 22.3702 1.1659
20.6281 22.3994 1.16725
20.7267 22.4283 1.1686
20.8253 22.4571 1.16993
20.9239 22.4858 1.17126
21.0225 22.5143 1.17259
21.1211 22.5426 1.1739
21.2197 22.5708 1.17521
21.3183 22.5988 1.17651
21.4169 22.6267 1.17781
21.5155 22.6544 1.1791
21.6141 22.682 1.18038
21.7127 22.7094 1.18166
21.8113 22.7367 1.18293
21.9099 22.7638 1.1842
22.0085 22.7908 1.18545
22.1071 22.8177 1.18671
22.2057 22.8444 1.18795
22.3043 22.871 1.18919
22.4029 22.8974 1.19043
22.5015 22.9238 1.19165
22.6001 22.9499 1.19288
22.6987 22.976 1.19409
22.7973 23.0019 1.19531
22.8959 23.0277 1.19651
22.9945 23.0533 1.19771
23.0931 23.0789 1.19891
23.1917 23.1043 1.20009
23.2903 23.1296 1.20128
23.3889 23.1547 1.20246
23.4875 23.1797 1.20363
23.5861 23.2047 1.2048
23.6847 23.2294 1.20596
23.7833 23.2541 1.20711
23.8819 23.2787 1.20827
23.9805 23.3031 1.20941
24.0791 23.3274 1.21055
24.1777 23.3516 1.21169
24.2763 23.3757 1.21282
24.3749 23.3997 1.21395
24.4735 23.4235 1.21507
24.5721 23.4473 1.21619
24.6707 23.4709 1.2173
24.7693 23.4945 1.21841
24.8679 23.5179 1.21951
24.9665 23.5412 1.22061
25.0651 23.5644 1.2217
25.1637 23.5875 1.22279
25.2623 23.6105 1.22387
25.3609 23.6334 1.22495
25.4595 23.6561 1.22602
25.5581 23.6788 1.22709
25.6567 23.7014 1.22816
25.7553 23.7239 1.22922
25.8539 23.7463 1.23027
25.9525 23.7685 1.23133
26.0511 23.7907 1.23237
26.1496 23.8128 1.23342
26.2482 23.8348 1.23446
26.3468 23.8567 1.23549
26.4454 23.8785 1.23652
26.544 23.9002 1.23755
26.6426 23.9218 1.23857
26.7412 23.9433 1.23959
26.8398 23.9647 1.2406
26.9384 23.986 1.24161
27.037 24.0073 1.24262
27.1356 24.0284 1.24362
27.2342 24.0495 1.24462
27.3328 24.0704 1.24561
27.4314 24.0913 1.2466
27.53 24.1121 1.24759
27.6286 24.1328 1.24857
27.7272 24.1534 1.24955
27.8258 24.1739 1.25053
27.9244 24.1944 1.2515
28.023 24.2147 1.25246
28.1216 24.235 1.25343
28.2202 24.2552 1.25439
28.3188 24.2753 1.25534
28.4174 24.2953 1.2563
28.516 24.3153 1.25724
28.6146 24.3351 1.25819
28.7132 24.3549 1.25913
28.8118 24.3746 1.26007
28.9104 24.3943 1.261
29.009 24.4138 1.26194
29.1076 24.4333 1.26286
29.2062 24.4527 1.26379
29.3048 24.472 1.26471
29.4034 24.4912 1.26563
29.502 24.5104 1.26654
29.6006 24.5295 1.26745
29.6992 24.5485 1.26836
29.7978 24.5674 1.26926
29.8964 24.5863 1.27016
29.995 24.6051 1.27106
30.0936 24.6238 1.27196
30.1922 24.6424 1.27285
30.2908 24.661 1.27374
30.3894 24.6795 1.27462
30.488 24.698 1.2755
30.5866 24.7163 1.27638
30.6852 24.7346 1.27726
30.7838 24.7528 1.27813
30.8824 24.771 1.279
30.981 24.7891 1.27986
31.0796 24.8071 1.28073
31.1782 24.825 1.28159
31.2768 24.8429 1.28244
31.3754 24.8607 1.2833
31.474 24.8785 1.28415
31.5726 24.8962 1.285
31.6712 24.9138 1.28584
31.7698 24.9314 1.28668
31.8684 24.9489 1.28752
31.967 24.9663 1.28836
32.0656 24.9837 1.2892
32.1642 25.001 1.29003
32.2628 25.0182 1.29085
32.3614 25.0354 1.29168
32.46 25.0525 1.2925
32.5586 25.0696 1.29332
32.6572 25.0866 1.29414
32.7558 25.1035 1.29496
32.8544 25.1204 1.29577
32.953 25.1372 1.29658
33.0516 25.154 1.29739
33.1502 25.1707 1.29819
33.2487 25.1874 1.29899
33.3473 25.204 1.29979
33.4459 25.2205 1.30059
33.5445 25.237 1.30138
33.6431 25.2534 1.30217
33.7417 25.2698 1.30296
33.8403 25.2861 1.30375
33.9389 25.3024 1.30453
34.0375 25.3186 1.30532
34.1361 25.3347 1.3061
34.2347 25.3508 1.30687
34.3333 25.3668 1.30765
34.4319 25.3828 1.30842
34.5305 25.3988 1.30919
34.6291 25.4146 1.30996
34.7277 25.4305 1.31072
34.8263 25.4462 1.31148
34.9249 25.462 1.31224
35.0235 25.4776 1.313
35.1221 25.4933 1.31376
35.2207 25.5088 1.31451
35.3193 25.5243 1.31526
35.4179 25.5398 1.31601
35.5165 25.5552 1.31676
35.6151 25.5706 1.3175
35.7137 25.5859 1.31824
35.8123 25.6012 1.31898
35.9109 25.6164 1.31972
36.0095 25.6316 1.32045
36.1081 25.6467 1.32119
36.2067 25.6618 1.32192
36.3053 25.6768 1.32265
36.4039 25.6918 1.32337
36.5025 25.7067 1.3241
36.6011 25.7216 1.32482
36.6997 25.7364 1.32554
36.7983 25.7512 1.32626
36.8969 25.766 1.32697
36.9955 25.7807 1.32769
37.0941 25.7953 1.3284
37.1927 25.8099 1.32911
37.2913 25.8245 1.32982
37.3899 25.839 1.33052
37.4885 25.8535 1.33123
37.5871 25.8679 1.33193
37.6857 25.8823 1.33263
37.7843 25.8966 1.33333
37.8829 25.9109 1.33402
37.9815 25.9252 1.33471
38.0801 25.9394 1.33541
38.1787 25.9536 1.3361
38.2773 25.9677 1.33678
38.3759 25.9818 1.33747
38.4745 25.9958 1.33815
38.5731 26.0098 1.33884
38.6717 26.0238 1.33952
38.7703 26.0377 1.34019
38.8689 26.0516 1.34087
38.9675 26.0654 1.34154
39.0661 26.0792 1.34222
39.1647 26.0929 1.34289
39.2633 26.1067 1.34356
39.3619 26.1203 1.34422
39.4605 26.134 1.34489
39.5591 26.1475 1.34555
39.6577 26.1611 1.34621
39.7563 26.1746 1.34687
39.8549 26.1881 1.34753
39.9535 26.2015 1.34819
40.0521 26.2149 1.34884
40.1507 26.2283 1.3495
40.2492 26.2416 1.35015
40.3478 26.2549 1.3508
40.4464 26.2681 1.35144
40.545 26.2813 1.35209
40.6436 26.2945 1.35273
40.7422 26.3076 1.35338
40.8408 26.3207 1.35402
40.9394 26.3337 1.35466
41.038 26.3468 1.35529
41.1366 26.3597 1.35593
41.2352 26.3727 1.35656
41.3338 26.3856 1.35719
41.4324 26.3985 1.35783
41.531 26.4113 1.35845
41.6296 26.4241 1.35908
41.7282 26.4369 1.35971
41.8268 26.4496 1.36033
41.9254 26.4623 1.36095
42.024 26.4749 1.36157
42.1226 26.4876 1.36219
42.2212 26.5002 1.36281
42.3198 26.5127 1.36343
42.4184 26.5252 1.36404
42.517 26.5377 1.36466
42.6156 26.5502 1.36527
42.7142 26.5626 1.36588
42.8128 26.575 1.36648
42.9114 26.5873 1.36709
43.01 26.5996 1.3677
43.1086 26.6119 1.3683
43.2072 26.6242 1.3689
43.3058 26.6364 1.3695
43.4044 26.6486 1.3701
43.503 26.6607 1.3707
43.6016 26.6729 1.3713
43.7002 26.685 1.37189
43.7988 26.697 1.37248
43.8974 26.709 1.37308
43.996 26.721 1.37367
44.0946 26.733 1.37426
44.1932 26.7449 1.37484
44.2918 26.7568 1.37543
44.3904 26.7687 1.37601
44.489 26.7805 1.3766
44.5876 26.7923 1.37718
44.6862 26.8041 1.37776
44.7848 26.8159 1.37834
44.8834 26.8276 1.37892
44.982 26.8393 1.37949
45.0806 26.8509 1.38007
45.1792 26.8625 1.38064
45.2778 26.8741 1.38121
45.3764 26.8857 1.38178
45.475 26.8972 1.38235
45.5736 26.9088 1.38292
45.6722 26.9202 1.38349
45.7708 26.9317 1.38405
45.8694 26.9431 1.38461
45.968 26.9545 1.38518
46.0666 26.9658 1.38574
46.1652 26.9772 1.3863
46.2638 26.9885 1.38686
46.3624 26.9998 1.38741
46.461 27.011 1.38797
46.5596 27.0222 1.38852
46.6582 27.0334 1.38908
46.7568 27.0446 1.38963
46.8554 27.0557 1.39018
46.954 27.0668 1.39073
47.0526 27.0779 1.39128
47.1512 27.089 1.39182
47.2497 27.1 1.39237
47.3483 27.111 1.39291
47.4469 27.122 1.39346
47.5455 27.1329 1.394
47.6441 27.1438 1.39454
47.7427 27.1547 1.39508
47.8413 27.1656 1.39562
47.9399 27.1764 1.39615
48.0385 27.1872 1.39669
48.1371 27.198 1.39723
48.2357 27.2088 1.39776
48.3343 27.2195 1.39829
48.4329 27.2302 1.39882
48.5315 27.2409 1.39935
48.6301 27.2516 1.39988
48.7287 27.2622 1.40041
48.8273 27.2728 1.40093
48.9259 27.2834 1.40146
49.0245 27.294 1.40198
49.1231 27.3045 1.40251
49.2217 27.315 1.40303
49.3203 27.3255 1.40355
49.4189 27.336 1.40407
49.5175 27.3464 1.40459
49.6161 27.3568 1.4051
49.7147 27.3672 1.40562
49.8133 27.3776 1.40614
49.9119 27.3879 1.40665
50.0105 27.3982 1.40716
50.1091 27.4085 1.40767
50.2077 27.4188 1.40819
50.3063 27.4291 1.40869
50.4049 27.4393 1.4092
50.5035 27.4495 1.40971
50.6021 27.4597 1.41022
50.7007 27.4698 1.41072
50.7993 27.4799 1.41123
50.8979 27.4901 1.41173
50.9965 27.5001 1.41223
51.0951 27.5102 1.41273
51.1937 27.5202 1.41323
51.2923 27.5303 1.41373
51.3909 27.5403 1.41423
51.4895 27.5502 1.41473
51.5881 27.5602 1.41522
51.6867 27.5701 1.41572
51.7853 27.58 1.41621
51.8839 27.5899 1.4167
51.9825 27.5998 1.4172
52.0811 27.6096 1.41769
52.1797 27.6194 1.41818
52.2783 27.6292 1.41866
52.3769 27.639 1.41915
52.4755 27.6488 1.41964
52.5741 27.6585 1.42012
52.6727 27.6682 1.42061
52.7713 27.6779 1.42109
52.8699 27.6876 1.42158
52.9685 27.6972 1.42206
53.0671 27.7068 1.42254
53.1657 27.7164 1.42302
53.2643 27.726 1.4235
53.3629 27.7356 1.42397
53.4615 27.7451 1.42445
53.5601 27.7547 1.42493
53.6587 27.7642 1.4254
53.7573 27.7736 1.42588
53.8559 27.7831 1.42635
53.9545 27.7926 1.42682
54.0531 27.802 1.42729
54.1517 27.8114 1.42776
54.2503 27.8208 1.42823
54.3488 27.8301 1.4287
54.4474 27.8395 1.42917
54.546 27.8488 1.42963
54.6446 27.8581 1.4301
54.7432 27.8674 1.43056
54.8418 27.8766 1.43103
54.9404 27.8859 1.43149
55.039 27.8951 1.43195
55.1376 27.9043 1.43241
55.2362 27.9135 1.43287
55.3348 27.9227 1.43333
55.4334 27.9318 1.43379
55.532 27.941 1.43425
55.6306 27.9501 1.43471
55.7292 27.9592 1.43516
55.8278 27.9682 1.43562
55.9264 27.9773 1.43607
56.025 27.9863 1.43652
56.1236 27.9953 1.43698
56.2222 28.0043 1.43743
56.3208 28.0133 1.43788
56.4194 28.0223 1.43833
56.518 28.0312 1.43878
56.6166 28.0402 1.43922
56.7152 28.0491 1.43967
56.8138 28.058 1.44012
56.9124 28.0668 1.44056
57.011 28.0757 1.44101
57.1096 28.0845 1.44145
57.2082 28.0933 1.44189
57.3068 28.1021 1.44234
57.4054 28.1109 1.44278
57.504 28.1197 1.44322
57.6026 28.1284 1.44366
57.7012 28.1372 1.4441
57.7998 28.1459 1.44453
57.8984 28.1546 1.44497
57.997 28.1633 1.44541
58.0956 28.1719 1.44584
58.1942 28.1806 1.44628
58.2928 28.1892 1.44671
58.3914 28.1978 1.44714
58.49 28.2064 1.44758
58.5886 28.215 1.44801
58.6872 28.2235 1.44844
58.7858 28.2321 1.44887
58.8844 28.2406 1.4493
58.983 28.2491 1.44973
59.0816 28.2576 1.45015
59.1802 28.2661 1.45058
59.2788 28.2745 1.45101
59.3774 28.283 1.45143
59.476 28.2914 1.45186
59.5746 28.2998 1.45228
59.6732 28.3082 1.4527
59.7718 28.3166 1.45312
59.8704 28.3249 1.45355
59.969 28.3333 1.45397
60.0676 28.3416 1.45439
60.1662 28.3499 1.45481
60.2648 28.3582 1.45522
60.3634 28.3665 1.45564
60.462 28.3748 1.45606
60.5606 28.383 1.45647
60.6592 28.3912 1.45689
60.7578 28.3995 1.4573
60.8564 28.4077 1.45772
60.955 28.4159 1.45813
61.0536 28.424 1.45854
61.1522 28.4322 1.45896
61.2508 28.4403 1.45937
61.3493 28.4484 1.45978
61.4479 28.4566 1.46019
61.5465 28.4646 1.46059
61.6451 28.4727 1.461
61.7437 28.4808 1.46141
61.8423 28.4888 1.46182
61.9409 28.4969 1.46222
62.0395 28.5049 1.46263
62.1381 28.5129 1.46303
62.2367 28.5209 1.46344
62.3353 28.5289 1.46384
62.4339 28.5368 1.46424
62.5325 28.5448 1.46464
62.6311 28.5527 1.46504
62.7297 28.5606 1.46544
62.8283 28.5685 1.46584
62.9269 28.5764 1.46624
63.0255 28.5843 1.46664
63.1241 28.5921 1.46704
63.2227 28.6 1.46744
63.3213 28.6078 1.46783
63.4199 28.6156 1.46823
63.5185 28.6234 1.46862
63.6171 28.6312 1.46902
63.7157 28.639 1.46941
63.8143 28.6467 1.4698
63.9129 28.6545 1.4702
64.0115 28.6622 1.47059
64.1101 28.6699 1.47098
64.2087 28.6776 1.47137
64.3073 28.6853 1.47176
64.4059 28.693 1.47215
64.5045 28.7007 1.47254
64.6031 28.7083 1.47292
64.7017 28.7159 1.47331
64.8003 28.7236 1.4737
64.8989 28.7312 1.47408
64.9975 28.7388 1.47447
65.0961 28.7463 1.47485
65.1947 28.7539 1.47523
65.2933 28.7615 1.47562
65.3919 28.769 1.476
65.4905 28.7765 1.47638
65.5891 28.784 1.47676
65.6877 28.7915 1.47714
65.7863 28.799 1.47752
65.8849 28.8065 1.4779
65.9835 28.814 1.47828
66.0821 28.8214 1.47866
66.1807 28.8288 1.47904
66.2793 28.8363 1.47941
66.3779 28.8437 1.47979
66.4765 28.8511 1.48017
66.5751 28.8584 1.48054
66.6737 28.8658 1.48092
66.7723 28.8732 1.48129
66.8709 28.8805 1.48166
66.9695 28.8878 1.48203
67.0681 28.8952 1.48241
67.1667 28.9025 1.48278
67.2653 28.9098 1.48315
67.3639 28.917 1.48352
67.4625 28.9243 1.48389
67.5611 28.9316 1.48426
67.6597 28.9388 1.48463
67.7583 28.946 1.48499
67.8569 28.9533 1.48536
67.9555 28.9605 1.48573
68.0541 28.9677 1.48609
68.1527 28.9748 1.48646
68.2513 28.982 1.48682
68.3498 28.9892 1.48719
68.4484 28.9963 1.48755
68.547 29.0035 1.48791
68.6456 29.0106 1.48828
68.7442 29.0177 1.48864
68.8428 29.0248 1.489
68.9414 29.0319 1.48936
69.04 29.0389 1.48972
69.1386 29.046 1.49008
69.2372 29.053 1.49044
69.3358 29.0601 1.4908
69.4344 29.0671 1.49116
69.533 29.0741 1.49151
69.6316 29.0811 1.49187
69.7302 29.0881 1.49223
69.8288 29.0951 1.49258
69.9274 29.1021 1.49294
70.026 29.109 1.49329
70.1246 29.116 1.49365
70.2232 29.1229 1.494
70.3218 29.1298 1.49435
70.4204 29.1367 1.49471
70.519 29.1436 1.49506
70.6176 29.1505 1.49541
70.7162 29.1574 1.49576
70.8148 29.1643 1.49611
70.9134 29.1711 1.49646
71.012 29.178 1.49681
71.1106 29.1848 1.49716
71.2092 29.1916 1.49751
71.3078 29.1984 1.49786
71.4064 29.2052 1.4982
71.505 29.212 1.49855
71.6036 29.2188 1.4989
71.7022 29.2256 1.49924
71.8008 29.2323 1.49959
71.8994 29.2391 1.49993
71.998 29.2458 1.50027
72.0966 29.2525 1.50062
72.1952 29.2592 1.50096
72.2938 29.2659 1.5013
72.3924 29.2726 1.50165
72.491 29.2793 1.50199
72.5896 29.286 1.50233
72.6882 29.2926 1.50267
72.7868 29.2993 1.50301
72.8854 29.3059 1.50335
72.984 29.3125 1.50369
73.0826 29.3191 1.50402
73.1812 29.3257 1.50436
73.2798 29.3323 1.5047
73.3784 29.3389 1.50504
73.477 29.3455 1.50537
73.5756 29.3521 1.50571
73.6742 29.3586 1.50604
73.7728 29.3652 1.50638
73.8714 29.3717 1.50671
73.97 29.3782 1.50705
74.0686 29.3847 1.50738
74.1672 29.3912 1.50771
74.2658 29.3977 1.50805
74.3644 29.4042 1.50838
74.463 29.4107 1.50871
74.5616 29.4171 1.50904
74.6602 29.4236 1.50937
74.7588 29.43 1.5097
74.8574 29.4365 1.51003
74.956 29.4429 1.51036
75.0546 29.4493 1.51069
75.1532 29.4557 1.51102
75.2518 29.4621 1.51134
75.3504 29.4685 1.51167
75.4489 29.4748 1.512
75.5475 29.4812 1.51232
75.6461 29.4876 1.51265
75.7447 29.4939 1.51297
75.8433 29.5002 1.5133
75.9419 29.5066 1.51362
76.0405 29.5129 1.51395
76.1391 29.5192 1.51427
76.2377 29.5255 1.51459
76.3363 29.5318 1.51492
76.4349 29.538 1.51524
76.5335 29.5443 1.51556
76.6321 29.5506 1.51588
76.7307 29.5568 1.5162
76.8293 29.563 1.51652
76.9279 29.5693 1.51684
77.0265 29.5755 1.51716
77.1251 29.5817 1.51748
77.2237 29.5879 1.5178
77.3223 29.5941 1.51812
77.4209 29.6003 1.51843
77.5195 29.6065 1.51875
77.6181 29.6126 1.51907
77.7167 29.6188 1.51938
77.8153 29.6249 1.5197
77.9139 29.6311 1.52002
78.0125 29.6372 1.52033
78.1111 29.6433 1.52065
78.2097 29.6494 1.52096
78.3083 29.6555 1.52127
78.4069 29.6616 1.52159
78.5055 29.6677 1.5219
78.6041 29.6738 1.52221
78.7027 29.6798 1.52252
78.8013 29.6859 1.52284
78.8999 29.6919 1.52315
78.9985 29.698 1.52346
79.0971 29.704 1.52377
79.1957 29.71 1.52408
79.2943 29.7161 1.52439
79.3929 29.7221 1.5247
79.4915 29.7281 1.525
79.5901 29.734 1.52531
79.6887 29.74 1.52562
79.7873 29.746 1.52593
79.8859 29.7519 1.52623
79.9845 29.7579 1.52654
80.0831 29.7638 1.52685
80.1817 29.7698 1.52715
80.2803 29.7757 1.52746
80.3789 29.7816 1.52776
80.4775 29.7875 1.52807
80.5761 29.7934 1.52837
80.6747 29.7993 1.52868
80.7733 29.8052 1.52898
80.8719 29.8111 1.52928
80.9705 29.817 1.52958
81.0691 29.8228 1.52989
81.1677 29.8287 1.53019
81.2663 29.8345 1.53049
81.3649 29.8404 1.53079
81.4635 29.8462 1.53109
81.5621 29.852 1.53139
81.6607 29.8578 1.53169
81.7593 29.8636 1.53199
81.8579 29.8694 1.53229
81.9565 29.8752 1.53259
82.0551 29.881 1.53288
82.1537 29.8867 1.53318
82.2523 29.8925 1.53348
82.3509 29.8982 1.53378
82.4494 29.904 1.53407
82.548 29.9097 1.53437
82.6466 29.9155 1.53467
82.7452 29.9212 1.53496
82.8438 29.9269 1.53526
82.9424 29.9326 1.53555
83.041 29.9383 1.53584
83.1396 29.944 1.53614
83.2382 29.9497 1.53643
83.3368 29.9553 1.53672
83.4354 29.961 1.53702
83.534 29.9667 1.53731
83.6326 29.9723 1.5376
83.7312 29.978 1.53789
83.8298 29.9836 1.53818
83.9284 29.9892 1.53848
84.027 29.9948 1.53877
84.1256 30.0005 1.53906
84.2242 30.0061 1.53935
84.3228 30.0117 1.53964
84.4214 30.0172 1.53992
84.52 30.0228 1.54021
84.6186 30.0284 1.5405
84.7172 30.034 1.54079
84.8158 30.0395 1.54108
84.9144 30.0451 1.54136
85.013 30.0506 1.54165
85.1116 30.0562 1.54194
85.2102 30.0617 1.54222
85.3088 30.0672 1.54251
85.4074 30.0727 1.54279
85.506 30.0782 1.54308
85.6046 30.0837 1.54336
85.7032 30.0892 1.54365
85.8018 30.0947 1.54393
85.9004 30.1002 1.54421
85.999 30.1056 1.5445
86.0976 30.1111 1.54478
86.1962 30.1166 1.54506
86.2948 30.122 1.54535
86.3934 30.1274 1.54563
86.492 30.1329 1.54591
86.5906 30.1383 1.54619
86.6892 30.1437 1.54647
86.7878 30.1491 1.54675
86.8864 30.1545 1.54703
86.985 30.1599 1.54731
87.0836 30.1653 1.54759
87.1822 30.1707 1.54787
87.2808 30.1761 1.54815
87.3794 30.1815 1.54843
87.478 30.1868 1.5487
87.5766 30.1922 1.54898
87.6752 30.1975 1.54926
87.7738 30.2029 1.54954
87.8724 30.2082 1.54981
87.971 30.2135 1.55009
88.0696 30.2188 1.55036
88.1682 30.2241 1.55064
88.2668 30.2295 1.55092
88.3654 30.2348 1.55119
88.464 30.24 1.55146
88.5626 30.2453 1.55174
88.6612 30.2506 1.55201
88.7598 30.2559 1.55229
88.8584 30.2611 1.55256
88.957 30.2664 1.55283
89.0556 30.2717 1.55311
89.1542 30.2769 1.55338
89.2528 30.2821 1.55365
89.3514 30.2874 1.55392
89.4499 30.2926 1.55419
89.5485 30.2978 1.55446
89.6471 30.303 1.55473
89.7457 30.3082 1.555
89.8443 30.3134 1.55527
89.9429 30.3186 1.55554
90.0415 30.3238 1.55581
90.1401 30.329 1.55608
90.2387 30.3341 1.55635
90.3373 30.3393 1.55662
90.4359 30.3445 1.55689
90.5345 30.3496 1.55715
90.6331 30.3547 1.55742
90.7317 30.3599 1.55769
90.8303 30.365 1.55796
90.9289 30.3701 1.55822
91.0275 30.3753 1.55849
91.1261 30.3804 1.55875
91.2247 30.3855 1.55902
91.3233 30.3906 1.55928
91.4219 30.3957 1.55955
91.5205 30.4008 1.55981
91.6191 30.4058 1.56008
91.7177 30.4109 1.56034
91.8163 30.416 1.56061
91.9149 30.421 1.56087
92.0135 30.4261 1.56113
92.1121 30.4311 1.56139
92.2107 30.4362 1.56166
92.3093 30.4412 1.56192
92.4079 30.4462 1.56218
92.5065 30.4513 1.56244
92.6051 30.4563 1.5627
92.7037 30.4613 1.56296
92.8023 30.4663 1.56323
92.9009 30.4713 1.56349
92.9995 30.4763 1.56375
93.0981 30.4813 1.564
93.1967 30.4862 1.56426
93.2953 30.4912 1.56452
93.3939 30.4962 1.56478
93.4925 30.5011 1.56504
93.5911 30.5061 1.5653
93.6897 30.511 1.56556
93.7883 30.516 1.56581
93.8869 30.5209 1.56607
93.9855 30.5259 1.56633
94.0841 30.5308 1.56658
94.1827 30.5357 1.56684
94.2813 30.5406 1.5671
94.3799 30.5455 1.56735
94.4785 30.5504 1.56761
94.5771 30.5553 1.56786
94.6757 30.5602 1.56812
94.7743 30.5651 1.56837
94.8729 30.57 1.56863
94.9715 30.5748 1.56888
95.0701 30.5797 1.56914
95.1687 30.5845 1.56939
95.2673 30.5894 1.56964
95.3659 30.5942 1.56989
95.4645 30.5991 1.57015
95.5631 30.6039 1.5704
95.6617 30.6088 1.57065
95.7603 30.6136 1.5709
95.8589 30.6184 1.57116
95.9575 30.6232 1.57141
96.0561 30.628 1.57166
96.1547 30.6328 1.57191
96.2533 30.6376 1.57216
96.3519 30.6424 1.57241
96.4505 30.6472 1.57266
96.549 30.652 1.57291
96.6476 30.6567 1.57316
96.7462 30.6615 1.57341
96.8448 30.6663 1.57365
96.9434 30.671 1.5739
97.042 30.6758 1.57415
97.1406 30.6805 1.5744
97.2392 30.6852 1.57465
97.3378 30.69 1.57489
97.4364 30.6947 1.57514
97.535 30.6994 1.57539
97.6336 30.7041 1.57563
97.7322 30.7088 1.57588
97.8308 30.7135 1.57613
97.9294 30.7182 1.57637
98.028 30.7229 1.57662
98.1266 30.7276 1.57686
98.2252 30.7323 1.57711
98.3238 30.737 1.57735
98.4224 30.7417 1.5776
98.521 30.7463 1.57784
98.6196 30.751 1.57808
98.7182 30.7556 1.57833
98.8168 30.7603 1.57857
98.9154 30.7649 1.57881
99.014 30.7696 1.57906
99.1126 30.7742 1.5793
99.2112 30.7788 1.57954
99.3098 30.7835 1.57978
99.4084 30.7881 1.58002
99.507 30.7927 1.58026
99.6056 30.7973 1.58051
99.7042 30.8019 1.58075
99.8028 30.8065 1.58099
99.9014 30.8111 1.58123
100 30.8157 1.58147
