1.5 2.05417 0.374623
1.5986 2.56358 0.391171
1.6972 3.05131 0.407147
1.7958 3.51631 0.422497
1.89439 3.96147 0.437289
1.99299 4.38737 0.45153
2.09159 4.79415 0.465215
2.19019 5.18389 0.478399
2.28879 5.55806 0.491119
2.38739 5.91711 0.503385
2.48599 6.26154 0.51521
2.58458 6.59256 0.526626
2.68318 6.91166 0.537674
2.78178 7.21931 0.548368
2.88038 7.51599 0.558721
2.97898 7.80214 0.568746
3.07758 8.07829 0.578458
3.17618 8.34551 0.587887
3.27477 8.60437 0.59705
3.37337 8.85522 0.605958
3.47197 9.09841 0.614621
3.57057 9.33426 0.623048
3.66917 9.56306 0.631248
3.76777 9.78511 0.639231
3.86637 10.0017 0.647011
3.96496 10.2138 0.654602
4.06356 10.4208 0.662013
4.16216 10.6225 0.66925
4.26076 10.8186 0.67632
4.35936 11.0089 0.683229
4.45796 11.1934 0.689983
4.55656 11.3717 0.696588
4.65516 11.544 0.703048
4.75375 11.71 0.709369
4.85235 11.8701 0.71556
4.95095 12.0249 0.721629
5.04955 12.1748 0.727579
5.14815 12.3204 0.733414
5.24675 12.4619 0.739138
5.34535 12.5998 0.744754
5.44394 12.7343 0.750265
5.54254 12.8659 0.755676
5.64114 12.9947 0.760989
5.73974 13.121 0.766206
5.83834 13.245 0.771331
5.93694 13.3671 0.776366
6.03554 13.4872 0.781314
6.13413 13.6057 0.786177
6.23273 13.7225 0.79096
6.33133 13.8372 0.795667
6.42993 13.9499 0.8003
6.52853 14.0608 0.80486
6.62713 14.1699 0.809351
6.72573 14.2771 0.813774
6.82432 14.3826 0.81813
6.92292 14.4865 0.822421
7.02152 14.5887 0.826649
7.12012 14.6893 0.830817
7.21872 14.7883 0.834924
7.31732 14.8858 0.838973
7.41592 14.9819 0.842965
7.51451 15.0765 0.846901
7.61311 15.1697 0.850784
7.71171 15.2615 0.854613
7.81031 15.352 0.858391
7.90891 15.4411 0.862119
8.00751 15.529 0.865797
8.10611 15.6157 0.869427
8.2047 15.7011 0.873011
8.3033 15.7855 0.876551
8.4019 15.8687 0.880048
8.5005 15.9508 0.883502
8.5991 16.0319 0.886915
8.6977 16.1119 0.890287
8.7963 16.191 0.89362
8.89489 16.269 0.896914
8.99349 16.3461 0.900169
9.09209 16.4222 0.903388
9.19069 16.4974 0.90657
9.28929 16.5716 0.909716
9.38789 16.645 0.912828
9.48649 16.7175 0.915905
9.58509 16.7892 0.918948
9.68368 16.86 0.921958
9.78228 16.93 0.924937
9.88088 16.9992 0.927883
9.97948 17.0676 0.930798
10.0781 17.1352 0.933683
10.1767 17.2021 0.936537
10.2753 17.2682 0.939363
10.3739 17.3336 0.942159
10.4725 17.3983 0.944927
10.5711 17.4623 0.947667
10.6697 17.5256 0.95038
10.7683 17.5882 0.953066
10.8669 17.6501 0.955726
10.9655 17.7114 0.95836
11.0641 17.7721 0.960969
11.1627 17.8321 0.963554
11.2613 17.8916 0.966115
11.3599 17.9505 0.968652
11.4585 18.0088 0.971167
11.5571 18.0665 0.973658
11.6557 18.1237 0.976128
11.7543 18.1804 0.978575
11.8529 18.2365 0.981001
11.9515 18.292 0.983406
12.0501 18.3471 0.98579
12.1486 18.4016 0.988153
12.2472 18.4557 0.990497
12.3458 18.5092 0.99282
12.4444 18.5623 0.995123
12.543 18.6148 0.997408
12.6416 18.6669 0.999673
12.7402 18.7186 1.00192
12.8388 18.7698 1.00415
12.9374 18.8205 1.00636
13.036 18.8708 1.00855
13.1346 18.9206 1.01072
13.2332 18.9701 1.01288
13.3318 19.0191 1.01502
13.4304 19.0676 1.01714
13.529 19.1158 1.01925
13.6276 19.1636 1.02134
13.7262 19.2109 1.02341
13.8248 19.2579 1.02547
13.9234 19.3045 1.02751
14.022 19.3507 1.02954
14.1206 19.3965 1.03155
14.2192 19.442 1.03355
14.3178 19.4871 1.03553
14.4164 19.5318 1.03749
14.515 19.5762 1.03944
14.6136 19.6202 1.04138
14.7122 19.6639 1.04331
14.8108 19.7072 1.04521
14.9094 19.7502 1.04711
15.008 19.7929 1.04899
15.1066 19.8352 1.05086
15.2052 19.8773 1.05272
15.3038 19.919 1.05456
15.4024 19.9604 1.05639
15.501 20.0015 1.05821
15.5996 20.0423 1.06001
15.6982 20.0828 1.06181
15.7968 20.123 1.06359
15.8954 20.1629 1.06536
15.994 20.2026 1.06712
16.0926 20.242 1.06886
16.1912 20.2811 1.0706
16.2898 20.3199 1.07232
16.3884 20.3584 1.07404
16.487 20.3967 1.07574
16.5856 20.4348 1.07743
16.6842 20.4725 1.07911
16.7828 20.51 1.08078
16.8814 20.5473 1.08244
16.98 20.5843 1.08409
17.0786 20.6211 1.08573
17.1772 20.6576 1.08736
17.2758 20.6939 1.08898
17.3744 20.7299 1.09059
17.473 20.7657 1.09219
17.5716 20.8013 1.09378
17.6702 20.8366 1.09536
17.7688 20.8718 1.09693
17.8674 20.9067 1.09849
17.966 20.9413 1.10004
18.0646 20.9758 1.10159
18.1632 21.01 1.10312
18.2618 21.044 1.10465
18.3604 21.0778 1.10616
18.459 21.1114 1.10767
18.5576 21.1448 1.10917
18.6562 21.178 1.11066
18.7548 21.211 1.11214
18.8534 21.2438 1.11361
18.952 21.2764 1.11508
19.0506 21.3087 1.11654
19.1491 21.3409 1.11799
19.2477 21.3729 1.11943
19.3463 21.4047 1.12086
19.4449 21.4364 1.12228
19.5435 21.4678 1.1237
19.6421 21.499 1.12511
19.7407 21.5301 1.12651
19.8393 21.561 1.12791
19.9379 21.5917 1.12929
20.0365 21.6222 1.13067
20.1351 21.6526 1.13205
20.2337 21.6828 1.13341
20.3323 21.7128 1.13477
20.4309 21.7426 1.13612
20.5295 21.7723 1.13746
20.6281 21.8018 1.1388
20.7267 21.8311 1.14013
20.8253 21.8603 1.14145
20.9239 21.8893 1.14276
21.0225 21.9182 1.14407
21.1211 21.9469 1.14538
21.2197 21.9754 1.14667
21.3183 22.0038 1.14796
21.4169 22.032 1.14924
21.5155 22.0601 1.15052
21.6141 22.088 1.15179
21.7127 22.1158 1.15305
21.8113 22.1434 1.15431
21.9099 22.1709 1.15556
22.0085 22.1983 1.15681
22.1071 22.2255 1.15804
22.2057 22.2526 1.15928
22.3043 22.2795 1.16051
22.4029 22.3063 1.16173
22.5015 22.333 1.16294
22.6001 22.3595 1.16415
22.6987 22.3859 1.16536
22.7973 22.4122 1.16656
22.8959 22.4383 1.16775
22.9945 22.4643 1.16894
23.0931 22.4902 1.17012
23.1917 22.5159 1.1713
23.2903 22.5415 1.17247
23.3889 22.567 1.17364
23.4875 22.5924 1.1748
23.5861 22.6177 1.17596
23.6847 22.6428 1.17711
23.7833 22.6678 1.17825
23.8819 22.6927 1.17939
23.9805 22.7174 1.18053
24.0791 22.7421 1.18166
24.1777 22.7666 1.18279
24.2763 22.7911 1.18391
24.3749 22.8154 1.18502
24.4735 22.8396 1.18613
24.5721 22.8636 1.18724
24.6707 22.8876 1.18834
24.7693 22.9115 1.18944
24.8679 22.9352 1.19053
24.9665 22.9588 1.19162
25.0651 22.9824 1.1927
25.1637 23.0058 1.19378
25.2623 23.0291 1.19485
25.3609 23.0523 1.19592
25.4595 23.0754 1.19699
25.5581 23.0984 1.19805
25.6567 23.1213 1.1991
25.7553 23.1441 1.20015
25.8539 23.1668 1.2012
25.9525 23.1894 1.20224
26.0511 23.2119 1.20328
26.1496 23.2343 1.20432
26.2482 23.2566 1.20535
26.3468 23.2788 1.20637
26.4454 23.3009 1.20739
26.544 23.323 1.20841
26.6426 23.3449 1.20943
26.7412 23.3667 1.21043
26.8398 23.3884 1.21144
26.9384 23.4101 1.21244
27.037 23.4316 1.21344
27.1356 23.4531 1.21443
27.2342 23.4744 1.21542
27.3328 23.4957 1.21641
27.4314 23.5169 1.21739
27.53 23.538 1.21837
27.6286 23.559 1.21934
27.7272 23.5799 1.22031
27.8258 23.6007 1.22128
27.9244 23.6215 1.22224
28.023 23.6421 1.2232
28.1216 23.6627 1.22416
28.2202 23.6832 1.22511
28.3188 23.7036 1.22606
28.4174 23.7239 1.227
28.516 23.7442 1.22794
28.6146 23.7643 1.22888
28.7132 23.7844 1.22982
28.8118 23.8044 1.23075
28.9104 23.8243 1.23167
29.009 23.8442 1.2326
29.1076 23.8639 1.23352
29.2062 23.8836 1.23443
29.3048 23.9032 1.23535
29.4034 23.9228 1.23626
29.502 23.9422 1.23717
29.6006 23.9616 1.23807
29.6992 23.9809 1.23897
29.7978 24.0001 1.23987
29.8964 24.0193 1.24076
29.995 24.0383 1.24165
30.0936 24.0573 1.24254
30.1922 24.0763 1.24342
30.2908 24.0951 1.2443
30.3894 24.1139 1.24518
30.488 24.1326 1.24606
30.5866 24.1513 1.24693
30.6852 24.1699 1.2478
30.7838 24.1884 1.24866
30.8824 24.2068 1.24953
30.981 24.2252 1.25038
31.0796 24.2434 1.25124
31.1782 24.2617 1.25209
31.2768 24.2798 1.25295
31.3754 24.2979 1.25379
31.474 24.316 1.25464
31.5726 24.3339 1.25548
31.6712 24.3518 1.25632
31.7698 24.3696 1.25716
31.8684 24.3874 1.25799
31.967 24.4051 1.25882
32.0656 24.4227 1.25965
32.1642 24.4403 1.26047
32.2628 24.4578 1.2613
32.3614 24.4753 1.26212
32.46 24.4927 1.26293
32.5586 24.51 1.26375
32.6572 24.5273 1.26456
32.7558 24.5445 1.26537
32.8544 24.5616 1.26617
32.953 24.5787 1.26698
33.0516 24.5958 1.26778
33.1502 24.6127 1.26858
33.2487 24.6296 1.26937
33.3473 24.6465 1.27017
33.4459 24.6633 1.27096
33.5445 24.68 1.27175
33.6431 24.6967 1.27253
33.7417 24.7134 1.27332
33.8403 24.7299 1.2741
33.9389 24.7464 1.27488
34.0375 24.7629 1.27565
34.1361 24.7793 1.27643
34.2347 24.7957 1.2772
34.3333 24.812 1.27797
34.4319 24.8282 1.27874
34.5305 24.8444 1.2795
34.6291 24.8605 1.28026
34.7277 24.8766 1.28102
34.8263 24.8926 1.28178
34.9249 24.9086 1.28253
35.0235 24.9245 1.28329
35.1221 24.9404 1.28404
35.2207 24.9562 1.28479
35.3193 24.972 1.28553
35.4179 24.9877 1.28628
35.5165 25.0034 1.28702
35.6151 25.019 1.28776
35.7137 25.0346 1.28849
35.8123 25.0501 1.28923
35.9109 25.0655 1.28996
36.0095 25.081 1.29069
36.1081 25.0963 1.29142
36.2067 25.1117 1.29215
36.3053 25.1269 1.29287
36.4039 25.1422 1.29359
36.5025 25.1573 1.29431
36.6011 25.1725 1.29503
36.6997 25.1875 1.29574
36.7983 25.2026 1.29646
36.8969 25.2176 1.29717
36.9955 25.2325 1.29788
37.0941 25.2474 1.29859
37.1927 25.2622 1.29929
37.2913 25.2771 1.29999
37.3899 25.2918 1.3007
37.4885 25.3065 1.3014
37.5871 25.3212 1.30209
37.6857 25.3358 1.30279
37.7843 25.3504 1.30348
37.8829 25.3649 1.30417
37.9815 25.3794 1.30486
38.0801 25.3939 1.30555
38.1787 25.4083 1.30623
38.2773 25.4226 1.30692
38.3759 25.4369 1.3076
38.4745 25.4512 1.30828
38.5731 25.4654 1.30896
38.6717 25.4796 1.30963
38.7703 25.4938 1.31031
38.8689 25.5079 1.31098
38.9675 25.522 1.31165
39.0661 25.536 1.31232
39.1647 25.55 1.31299
39.2633 25.5639 1.31365
39.3619 25.5778 1.31431
39.4605 25.5917 1.31498
39.5591 25.6055 1.31564
39.6577 25.6193 1.31629
39.7563 25.633 1.31695
39.8549 25.6467 1.3176
39.9535 25.6603 1.31826
40.0521 25.674 1.31891
40.1507 25.6876 1.31956
40.2492 25.7011 1.3202
40.3478 25.7146 1.32085
40.4464 25.7281 1.32149
40.545 25.7415 1.32213
40.6436 25.7549 1.32278
40.7422 25.7682 1.32341
40.8408 25.7815 1.32405
40.9394 25.7948 1.32469
41.038 25.8081 1.32532
41.1366 25.8213 1.32595
41.2352 25.8344 1.32658
41.3338 25.8475 1.32721
41.4324 25.8606 1.32784
41.531 25.8737 1.32846
41.6296 25.8867 1.32909
41.7282 25.8997 1.32971
41.8268 25.9126 1.33033
41.9254 25.9256 1.33095
42.024 25.9384 1.33157
42.1226 25.9513 1.33218
42.2212 25.9641 1.3328
42.3198 25.9768 1.33341
42.4184 25.9896 1.33402
42.517 26.0023 1.33463
42.6156 26.015 1.33524
42.7142 26.0276 1.33585
42.8128 26.0402 1.33645
42.9114 26.0527 1.33705
43.01 26.0653 1.33766
43.1086 26.0778 1.33826
43.2072 26.0902 1.33886
43.3058 26.1027 1.33945
43.4044 26.1151 1.34005
43.503 26.1274 1.34064
43.6016 26.1398 1.34124
43.7002 26.1521 1.34183
43.7988 26.1643 1.34242
43.8974 26.1766 1.34301
43.996 26.1888 1.3436
44.0946 26.2009 1.34418
44.1932 26.2131 1.34477
44.2918 26.2252 1.34535
44.3904 26.2373 1.34593
44.489 26.2493 1.34651
44.5876 26.2613 1.34709
44.6862 26.2733 1.34767
44.7848 26.2852 1.34824
44.8834 26.2972 1.34882
44.982 26.3091 1.34939
45.0806 26.3209 1.34996
45.1792 26.3327 1.35053
45.2778 26.3445 1.3511
45.3764 26.3563 1.35167
45.475 26.368 1.35224
45.5736 26.3797 1.3528
45.6722 26.3914 1.35336
45.7708 26.4031 1.35393
45.8694 26.4147 1.35449
45.968 26.4263 1.35505
46.0666 26.4378 1.35561
46.1652 26.4494 1.35616
46.2638 26.4609 1.35672
46.3624 26.4724 1.35727
46.461 26.4838 1.35783
46.5596 26.4952 1.35838
46.6582 26.5066 1.35893
46.7568 26.518 1.35948
46.8554 26.5293 1.36003
46.954 26.5406 1.36057
47.0526 26.5519 1.36112
47.1512 26.5631 1.36166
47.2497 26.5743 1.36221
47.3483 26.5855 1.36275
47.4469 26.5967 1.36329
47.5455 26.6078 1.36383
47.6441 26.619 1.36437
47.7427 26.63 1.3649
47.8413 26.6411 1.36544
47.9399 26.6521 1.36597
48.0385 26.6631 1.36651
48.1371 26.6741 1.36704
48.2357 26.6851 1.36757
48.3343 26.696 1.3681
48.4329 26.7069 1.36863
48.5315 26.7178 1.36916
48.6301 26.7286 1.36968
48.7287 26.7395 1.37021
48.8273 26.7503 1.37073
48.9259 26.761 1.37125
49.0245 26.7718 1.37178
49.1231 26.7825 1.3723
49.2217 26.7932 1.37282
49.3203 26.8039 1.37333
49.4189 26.8145 1.37385
49.5175 26.8251 1.37437
49.6161 26.8357 1.37488
49.7147 26.8463 1.3754
49.8133 26.8569 1.37591
49.9119 26.8674 1.37642
50.0105 26.8779 1.37693
50.1091 26.8884 1.37744
50.2077 26.8988 1.37795
50.3063 26.9093 1.37846
50.4049 26.9197 1.37896
50.5035 26.9301 1.37947
50.6021 26.9404 1.37997
50.7007 26.9508 1.38048
50.7993 26.9611 1.38098
50.8979 26.9714 1.38148
50.9965 26.9816 1.38198
51.0951 26.9919 1.38248
51.1937 27.0021 1.38298
51.2923 27.0123 1.38347
51.3909 27.0225 1.38397
51.4895 27.0326 1.38446
51.5881 27.0428 1.38496
51.6867 27.0529 1.38545
51.7853 27.063 1.38594
51.8839 27.073 1.38643
51.9825 27.0831 1.38692
52.0811 27.0931 1.38741
52.1797 27.1031 1.3879
52.2783 27.1131 1.38839
52.3769 27.123 1.38887
52.4755 27.1329 1.38936
52.5741 27.1429 1.38984
52.6727 27.1528 1.39032
52.7713 27.1626 1.3908
52.8699 27.1725 1.39129
52.9685 27.1823 1.39177
53.0671 27.1921 1.39224
53.1657 27.2019 1.39272
53.2643 27.2116 1.3932
53.3629 27.2214 1.39367
53.4615 27.2311 1.39415
53.5601 27.2408 1.39462
53.6587 27.2505 1.3951
53.7573 27.2601 1.39557
53.8559 27.2698 1.39604
53.9545 27.2794 1.39651
54.0531 27.289 1.39698
54.1517 27.2986 1.39745
54.2503 27.3081 1.39792
54.3488 27.3177 1.39838
54.4474 27.3272 1.39885
54.546 27.3367 1.39931
54.6446 27.3461 1.39978
54.7432 27.3556 1.40024
54.8418 27.365 1.4007
54.9404 27.3744 1.40116
55.039 27.3838 1.40162
55.1376 27.3932 1.40208
55.2362 27.4026 1.40254
55.3348 27.4119 1.403
55.4334 27.4212 1.40346
55.532 27.4305 1.40391
55.6306 27.4398 1.40437
55.7292 27.4491 1.40482
55.8278 27.4583 1.40527
55.9264 27.4675 1.40573
56.025 27.4767 1.40618
56.1236 27.4859 1.40663
56.2222 27.4951 1.40708
56.3208 27.5042 1.40753
56.4194 27.5134 1.40798
56.518 27.5225 1.40842
56.6166 27.5316 1.40887
56.7152 27.5407 1.40931
56.8138 27.5497 1.40976
56.9124 27.5587 1.4102
57.011 27.5678 1.41065
57.1096 27.5768 1.41109
57.2082 27.5857 1.41153
57.3068 27.5947 1.41197
57.4054 27.6037 1.41241
57.504 27.6126 1.41285
57.6026 27.6215 1.41329
57.7012 27.6304 1.41372
57.7998 27.6393 1.41416
57.8984 27.6481 1.4146
57.997 27.657 1.41503
58.0956 27.6658 1.41546
58.1942 27.6746 1.4159
58.2928 27.6834 1.41633
58.3914 27.6922 1.41676
58.49 27.7009 1.41719
58.5886 27.7096 1.41762
58.6872 27.7184 1.41805
58.7858 27.7271 1.41848
58.8844 27.7358 1.41891
58.983 27.7444 1.41933
59.0816 27.7531 1.41976
59.1802 27.7617 1.42019
59.2788 27.7703 1.42061
59.3774 27.7789 1.42103
59.476 27.7875 1.42146
59.5746 27.7961 1.42188
59.6732 27.8046 1.4223
59.7718 27.8132 1.42272
59.8704 27.8217 1.42314
59.969 27.8302 1.42356
60.0676 27.8387 1.42398
60.1662 27.8471 1.4244
60.2648 27.8556 1.42481
60.3634 27.864 1.42523
60.462 27.8725 1.42565
60.5606 27.8809 1.42606
60.6592 27.8893 1.42648
60.7578 27.8976 1.42689
60.8564 27.906 1.4273
60.955 27.9143 1.42771
61.0536 27.9227 1.42812
61.1522 27.931 1.42853
61.2508 27.9393 1.42894
61.3493 27.9475 1.42935
61.4479 27.9558 1.42976
61.5465 27.9641 1.43017
61.6451 27.9723 1.43058
61.7437 27.9805 1.43098
61.8423 27.9887 1.43139
61.9409 27.9969 1.43179
62.0395 28.0051 1.4322
62.1381 28.0132 1.4326
62.2367 28.0214 1.433
62.3353 28.0295 1.4334
62.4339 28.0376 1.43381
62.5325 28.0457 1.43421
62.6311 28.0538 1.43461
62.7297 28.0618 1.43501
62.8283 28.0699 1.4354
62.9269 28.0779 1.4358
63.0255 28.086 1.4362
63.1241 28.094 1.43659
63.2227 28.102 1.43699
63.3213 28.1099 1.43739
63.4199 28.1179 1.43778
63.5185 28.1259 1.43817
63.6171 28.1338 1.43857
63.7157 28.1417 1.43896
63.8143 28.1496 1.43935
63.9129 28.1575 1.43974
64.0115 28.1654 1.44013
64.1101 28.1733 1.44052
64.2087 28.1811 1.44091
64.3073 28.1889 1.4413
64.4059 28.1968 1.44169
64.5045 28.2046 1.44208
64.6031 28.2124 1.44246
64.7017 28.2201 1.44285
64.8003 28.2279 1.44323
64.8989 28.2357 1.44362
64.9975 28.2434 1.444
65.0961 28.2511 1.44438
65.1947 28.2588 1.44477
65.2933 28.2665 1.44515
65.3919 28.2742 1.44553
65.4905 28.2819 1.44591
65.5891 28.2896 1.44629
65.6877 28.2972 1.44667
65.7863 28.3048 1.44705
65.8849 28.3124 1.44743
65.9835 28.3201 1.44781
66.0821 28.3276 1.44818
66.1807 28.3352 1.44856
66.2793 28.3428 1.44894
66.3779 28.3503 1.44931
66.4765 28.3579 1.44969
66.5751 28.3654 1.45006
66.6737 28.3729 1.45043
66.7723 28.3804 1.45081
66.8709 28.3879 1.45118
66.9695 28.3954 1.45155
67.0681 28.4028 1.45192
67.1667 28.4103 1.45229
67.2653 28.4177 1.45266
67.3639 28.4251 1.45303
67.4625 28.4325 1.4534
67.5611 28.4399 1.45377
67.6597 28.4473 1.45413
67.7583 28.4547 1.4545
67.8569 28.462 1.45487
67.9555 28.4694 1.45523
68.0541 28.4767 1.4556
68.1527 28.4841 1.45596
68.2513 28.4914 1.45633
68.3498 28.4987 1.45669
68.4484 28.5059 1.45705
68.547 28.5132 1.45742
68.6456 28.5205 1.45778
68.7442 28.5277 1.45814
68.8428 28.535 1.4585
68.9414 28.5422 1.45886
69.04 28.5494 1.45922
69.1386 28.5566 1.45958
69.2372 28.5638 1.45993
69.3358 28.571 1.46029
69.4344 28.5781 1.46065
69.533 28.5853 1.46101
69.6316 28.5924 1.46136
69.7302 28.5995 1.46172
69.8288 28.6066 1.46207
69.9274 28.6138 1.46243
70.026 28.6208 1.46278
70.1246 28.6279 1.46313
70.2232 28.635 1.46349
70.3218 28.6421 1.46384
70.4204 28.6491 1.46419
70.519 28.6561 1.46454
70.6176 28.6632 1.46489
70.7162 28.6702 1.46524
70.8148 28.6772 1.46559
70.9134 28.6842 1.46594
71.012 28.6911 1.46629
71.1106 28.6981 1.46664
71.2092 28.705 1.46699
71.3078 28.712 1.46733
71.4064 28.7189 1.46768
71.505 28.7258 1.46802
71.6036 28.7328 1.46837
71.7022 28.7397 1.46871
71.8008 28.7465 1.46906
71.8994 28.7534 1.4694
71.998 28.7603 1.46975
72.0966 28.7671 1.47009
72.1952 28.774 1.47043
72.2938 28.7808 1.47077
72.3924 28.7876 1.47111
72.491 28.7944 1.47145
72.5896 28.8012 1.47179
72.6882 28.808 1.47213
72.7868 28.8148 1.47247
72.8854 28.8216 1.47281
72.984 28.8283 1.47315
73.0826 28.8351 1.47349
73.1812 28.8418 1.47382
73.2798 28.8485 1.47416
73.3784 28.8552 1.4745
73.477 28.8619 1.47483
73.5756 28.8686 1.47517
73.6742 28.8753 1.4755
73.7728 28.882 1.47584
73.8714 28.8887 1.47617
73.97 28.8953 1.4765
74.0686 28.9019 1.47684
74.1672 28.9086 1.47717
74.2658 28.9152 1.4775
74.3644 28.9218 1.47783
74.463 28.9284 1.47816
74.5616 28.935 1.47849
74.6602 28.9416 1.47882
74.7588 28.9481 1.47915
74.8574 28.9547 1.47948
74.956 28.9612 1.47981
75.0546 28.9678 1.48014
75.1532 28.9743 1.48046
75.2518 28.9808 1.48079
75.3504 28.9873 1.48112
75.4489 28.9938 1.48144
75.5475 29.0003 1.48177
75.6461 29.0068 1.48209
75.7447 29.0133 1.48242
75.8433 29.0197 1.48274
75.9419 29.0262 1.48307
76.0405 29.0326 1.48339
76.1391 29.039 1.48371
76.2377 29.0455 1.48404
76.3363 29.0519 1.48436
76.4349 29.0583 1.48468
76.5335 29.0647 1.485
76.6321 29.071 1.48532
76.7307 29.0774 1.48564
76.8293 29.0838 1.48596
76.9279 29.0901 1.48628
77.0265 29.0965 1.4866
77.1251 29.1028 1.48692
77.2237 29.1091 1.48723
77.3223 29.1155 1.48755
77.4209 29.1218 1.48787
77.5195 29.1281 1.48819
77.6181 29.1343 1.4885
77.7167 29.1406 1.48882
77.8153 29.1469 1.48913
77.9139 29.1532 1.48945
78.0125 29.1594 1.48976
78.1111 29.1656 1.49008
78.2097 29.1719 1.49039
78.3083 29.1781 1.4907
78.4069 29.1843 1.49102
78.5055 29.1905 1.49133
78.6041 29.1967 1.49164
78.7027 29.2029 1.49195
78.8013 29.2091 1.49226
78.8999 29.2152 1.49257
78.9985 29.2214 1.49288
79.0971 29.2276 1.49319
79.1957 29.2337 1.4935
79.2943 29.2398 1.49381
79.3929 29.246 1.49412
79.4915 29.2521 1.49443
79.5901 29.2582 1.49474
79.6887 29.2643 1.49504
79.7873 29.2704 1.49535
79.8859 29.2764 1.49566
79.9845 29.2825 1.49596
80.0831 29.2886 1.49627
80.1817 29.2946 1.49657
80.2803 29.3007 1.49688
80.3789 29.3067 1.49718
80.4775 29.3128 1.49749
80.5761 29.3188 1.49779
80.6747 29.3248 1.49809
80.7733 29.3308 1.4984
80.8719 29.3368 1.4987
80.9705 29.3428 1.499
81.0691 29.3487 1.4993
81.1677 29.3547 1.4996
81.2663 29.3607 1.4999
81.3649 29.3666 1.5002
81.4635 29.3726 1.5005
81.5621 29.3785 1.5008
81.6607 29.3844 1.5011
81.7593 29.3903 1.5014
81.8579 29.3963 1.5017
81.9565 29.4022 1.502
82.0551 29.4081 1.5023
82.1537 29.4139 1.50259
82.2523 29.4198 1.50289
82.3509 29.4257 1.50319
82.4494 29.4315 1.50348
82.548 29.4374 1.50378
82.6466 29.4432 1.50407
82.7452 29.4491 1.50437
82.8438 29.4549 1.50466
82.9424 29.4607 1.50496
83.041 29.4665 1.50525
83.1396 29.4723 1.50554
83.2382 29.4781 1.50584
83.3368 29.4839 1.50613
83.4354 29.4897 1.50642
83.534 29.4955 1.50671
83.6326 29.5013 1.50701
83.7312 29.507 1.5073
83.8298 29.5128 1.50759
83.9284 29.5185 1.50788
84.027 29.5242 1.50817
84.1256 29.53 1.50846
84.2242 29.5357 1.50875
84.3228 29.5414 1.50904
84.4214 29.5471 1.50932
84.52 29.5528 1.50961
84.6186 29.5585 1.5099
84.7172 29.5641 1.51019
84.8158 29.5698 1.51048
84.9144 29.5755 1.51076
85.013 29.5811 1.51105
85.1116 29.5868 1.51133
85.2102 29.5924 1.51162
85.3088 29.5981 1.51191
85.4074 29.6037 1.51219
85.506 29.6093 1.51248
85.6046 29.6149 1.51276
85.7032 29.6205 1.51304
85.8018 29.6261 1.51333
85.9004 29.6317 1.51361
85.999 29.6373 1.51389
86.0976 29.6429 1.51418
86.1962 29.6484 1.51446
86.2948 29.654 1.51474
86.3934 29.6595 1.51502
86.492 29.6651 1.5153
86.5906 29.6706 1.51558
86.6892 29.6761 1.51586
86.7878 29.6817 1.51614
86.8864 29.6872 1.51642
86.985 29.6927 1.5167
87.0836 29.6982 1.51698
87.1822 29.7037 1.51726
87.2808 29.7092 1.51754
87.3794 29.7146 1.51782
87.478 29.7201 1.51809
87.5766 29.7256 1.51837
87.6752 29.731 1.51865
87.7738 29.7365 1.51892
87.8724 29.7419 1.5192
87.971 29.7473 1.51948
88.0696 29.7528 1.51975
88.1682 29.7582 1.52003
88.2668 29.7636 1.5203
88.3654 29.769 1.52058
88.464 29.7744 1.52085
88.5626 29.7798 1.52113
88.6612 29.7852 1.5214
88.7598 29.7906 1.52167
88.8584 29.7959 1.52195
88.957 29.8013 1.52222
89.0556 29.8067 1.52249
89.1542 29.812 1.52276
89.2528 29.8174 1.52303
89.3514 29.8227 1.52331
89.4499 29.828 1.52358
89.5485 29.8334 1.52385
89.6471 29.8387 1.52412
89.7457 29.844 1.52439
89.8443 29.8493 1.52466
89.9429 29.8546 1.52493
90.0415 29.8599 1.5252
90.1401 29.8652 1.52546
90.2387 29.8704 1.52573
90.3373 29.8757 1.526
90.4359 29.881 1.52627
90.5345 29.8862 1.52654
90.6331 29.8915 1.5268
90.7317 29.8967 1.52707
90.8303 29.902 1.52734
90.9289 29.9072 1.5276
91.0275 29.9124 1.52787
91.1261 29.9176 1.52813
91.2247 29.9228 1.5284
91.3233 29.928 1.52866
91.4219 29.9332 1.52893
91.5205 29.9384 1.52919
91.6191 29.9436 1.52946
91.7177 29.9488 1.52972
91.8163 29.954 1.52998
91.9149 29.9591 1.53025
92.0135 29.9643 1.53051
92.1121 29.9694 1.53077
92.2107 29.9746 1.53103
92.3093 29.9797 1.5313
92.4079 29.9848 1.53156
92.5065 29.99 1.53182
92.6051 29.9951 1.53208
92.7037 30.0002 1.53234
92.8023 30.0053 1.5326
92.9009 30.0104 1.53286
92.9995 30.0155 1.53312
93.0981 30.0206 1.53338
93.1967 30.0257 1.53364
93.2953 30.0307 1.5339
93.3939 30.0358 1.53416
93.4925 30.0409 1.53441
93.5911 30.0459 1.53467
93.6897 30.051 1.53493
93.7883 30.056 1.53519
93.8869 30.0611 1.53544
93.9855 30.0661 1.5357
94.0841 30.0711 1.53596
94.1827 30.0761 1.53621
94.2813 30.0812 1.53647
94.3799 30.0862 1.53673
94.4785 30.0912 1.53698
94.5771 30.0962 1.53724
94.6757 30.1012 1.53749
94.7743 30.1061 1.53775
94.8729 30.1111 1.538
94.9715 30.1161 1.53825
95.0701 30.1211 1.53851
95.1687 30.126 1.53876
95.2673 30.131 1.53901
95.3659 30.1359 1.53927
95.4645 30.1409 1.53952
95.5631 30.1458 1.53977
95.6617 30.1507 1.54002
95.7603 30.1556 1.54027
95.8589 30.1606 1.54052
95.9575 30.1655 1.54078
96.0561 30.1704 1.54103
96.1547 30.1753 1.54128
96.2533 30.1802 1.54153
96.3519 30.1851 1.54178
96.4505 30.1899 1.54203
96.549 30.1948 1.54228
96.6476 30.1997 1.54253
96.7462 30.2046 1.54277
96.8448 30.2094 1.54302
96.9434 30.2143 1.54327
97.042 30.2191 1.54352
97.1406 30.224 1.54377
97.2392 30.2288 1.54401
97.3378 30.2336 1.54426
97.4364 30.2384 1.54451
97.535 30.2433 1.54475
97.6336 30.2481 1.545
97.7322 30.2529 1.54525
97.8308 30.2577 1.54549
97.9294 30.2625 1.54574
98.028 30.2673 1.54598
98.1266 30.2721 1.54623
98.2252 30.2768 1.54647
98.3238 30.2816 1.54672
98.4224 30.2864 1.54696
98.521 30.2911 1.54721
98.6196 30.2959 1.54745
98.7182 30.3007 1.54769
98.8168 30.3054 1.54794
98.9154 30.3101 1.54818
99.014 30.3149 1.54842
99.1126 30.3196 1.54866
99.2112 30.3243 1.5489
99.3098 30.3291 1.54915
99.4084 30.3338 1.54939
99.507 30.3385 1.54963
99.6056 30.3432 1.54987
99.7042 30.3479 1.55011
99.8028 30.3526 1.55035
99.9014 30.3573 1.55059
100 30.3619 1.55083
