1e-05 70.7528 3.19181
0.00101099 16.9782 0.947071
0.00201198 13.1928 0.807136
0.00301297 11.2722 0.742438
0.00401396 10.0263 0.704069
0.00501495 9.12122 0.678594
0.00601595 8.42015 0.660558
0.00701694 7.85166 0.647215
0.00801793 7.37718 0.6371
0.00901892 6.97209 0.629281
0.0100199 6.61931 0.623119
0.0110209 6.30833 0.618244
0.0120219 6.03139 0.614387
0.0130229 5.78177 0.611304
0.0140239 5.55503 0.608848
0.0150249 5.34781 0.606908
0.0160259 5.15749 0.605406
0.0170268 4.98173 0.604264
0.0180278 4.81841 0.603401
0.0190288 4.66605 0.602779
0.0200298 4.52351 0.602366
0.0210308 4.38978 0.602127
0.0220318 4.26405 0.602047
0.0230328 4.14549 0.602104
0.0240338 4.03333 0.602266
0.0250348 3.92694 0.602512
0.0260358 3.82585 0.60284
0.0270368 3.72966 0.60324
0.0280377 3.63798 0.603697
0.0290387 3.55046 0.604201
0.0300397 3.46684 0.604757
0.0310407 3.38681 0.605355
0.0320417 3.31011 0.605984
0.0330427 3.23648 0.606632
0.0340437 3.16571 0.607296
0.0350447 3.09765 0.607982
0.0360457 3.03213 0.608683
0.0370467 2.969 0.609396
0.0380477 2.90813 0.610114
0.0390486 2.84938 0.610835
0.0400496 2.79266 0.611568
0.0410506 2.73784 0.612307
0.0420516 2.68482 0.613046
0.0430526 2.6335 0.613782
0.0440536 2.58378 0.614508
0.0450546 2.53558 0.615226
0.0460556 2.48885 0.615941
0.0470566 2.44351 0.616652
0.0480576 2.3995 0.617356
0.0490586 2.35676 0.618051
0.0500595 2.31523 0.618735
0.0510605 2.27486 0.619408
0.0520615 2.23561 0.620076
0.0530625 2.19744 0.620738
0.0540635 2.16028 0.621391
0.0550645 2.12411 0.622032
0.0560655 2.08887 0.622659
0.0570665 2.05453 0.623271
0.0580675 2.02105 0.623865
0.0590685 1.9884 0.62445
0.0600695 1.95656 0.625024
0.0610705 1.9255 0.625586
0.0620714 1.89518 0.626135
0.0630724 1.86559 0.626669
0.0640734 1.83668 0.627187
0.0650744 1.80844 0.627689
0.0660754 1.78085 0.628177
0.0670764 1.75389 0.628655
0.0680774 1.72755 0.629122
0.0690784 1.70179 0.629575
0.0700794 1.67659 0.630014
0.0710804 1.65195 0.630437
0.0720814 1.62782 0.630843
0.0730823 1.60421 0.631231
0.0740833 1.5811 0.631603
0.0750843 1.55847 0.631964
0.0760853 1.53632 0.632311
0.0770863 1.51463 0.632645
0.0780873 1.49337 0.632965
0.0790883 1.47255 0.633269
0.0800893 1.45214 0.633558
0.0810903 1.43213 0.633831
0.0820913 1.4125 0.634088
0.0830923 1.39327 0.634332
0.0840932 1.37441 0.634565
0.0850942 1.35592 0.634785
0.0860952 1.33778 0.634992
0.0870962 1.31998 0.635185
0.0880972 1.30252 0.635363
0.0890982 1.28538 0.635525
0.0900992 1.26855 0.635671
0.0911002 1.25203 0.6358
0.0921012 1.23581 0.635916
0.0931022 1.21988 0.636019
0.0941032 1.20425 0.636109
0.0951041 1.1889 0.636187
0.0961051 1.17381 0.636251
0.0971061 1.159 0.6363
0.0981071 1.14444 0.636336
0.0991081 1.13013 0.636356
0.100109 1.11606 0.636362
0.10111 1.10223 0.636352
0.102111 1.08863 0.63633
0.103112 1.07527 0.636297
0.104113 1.06214 0.636252
0.105114 1.04922 0.636194
0.106115 1.03653 0.636123
0.107116 1.02404 0.636039
0.108117 1.01175 0.635941
0.109118 0.999663 0.635829
0.110119 0.987769 0.635702
0.11112 0.976062 0.63556
0.112121 0.964546 0.635406
0.113122 0.953219 0.635241
0.114123 0.942076 0.635065
0.115124 0.931111 0.634876
0.116125 0.920319 0.634674
0.117126 0.909694 0.634461
0.118127 0.899234 0.634234
0.119128 0.888932 0.633994
0.120129 0.878784 0.633741
0.12113 0.868786 0.633474
0.122131 0.858935 0.633194
0.123132 0.849235 0.632904
0.124133 0.839684 0.632602
0.125134 0.830277 0.632289
0.126135 0.821011 0.631965
0.127136 0.811884 0.631628
0.128137 0.80289 0.631281
0.129138 0.794027 0.630921
0.130139 0.785292 0.630548
0.13114 0.776681 0.630163
0.132141 0.768192 0.629766
0.133142 0.759823 0.629356
0.134143 0.751576 0.628935
0.135144 0.743451 0.628504
0.136145 0.735445 0.628062
0.137146 0.727553 0.627609
0.138147 0.719773 0.627146
0.139148 0.712103 0.626671
0.140149 0.704539 0.626185
0.14115 0.697078 0.625688
0.142151 0.689718 0.625179
0.143152 0.682456 0.624659
0.144153 0.67529 0.624126
0.145154 0.668221 0.623582
0.146155 0.66125 0.623029
0.147156 0.654376 0.622465
0.148157 0.647597 0.621892
0.149158 0.640909 0.621308
0.150159 0.634312 0.620714
0.15116 0.627802 0.62011
0.152161 0.621378 0.619495
0.153162 0.615038 0.618869
0.154163 0.608779 0.618233
0.155164 0.6026 0.617586
0.156165 0.596499 0.616928
0.157166 0.590476 0.616259
0.158167 0.584535 0.615582
0.159168 0.578674 0.614895
0.160169 0.572889 0.614199
0.16117 0.56718 0.613493
0.162171 0.561545 0.612777
0.163172 0.555981 0.612052
0.164173 0.550487 0.611318
0.165174 0.545061 0.610573
0.166175 0.539701 0.609818
0.167175 0.534406 0.609054
0.168176 0.529175 0.608279
0.169177 0.524006 0.607495
0.170178 0.518902 0.606702
0.171179 0.513864 0.6059
0.17218 0.508889 0.605089
0.173181 0.503976 0.604269
0.174182 0.499123 0.60344
0.175183 0.49433 0.602603
0.176184 0.489595 0.601756
0.177185 0.484917 0.600901
0.178186 0.480294 0.600036
0.179187 0.475725 0.599163
0.180188 0.471209 0.598281
0.181189 0.466745 0.59739
0.18219 0.462334 0.59649
0.183191 0.457978 0.595582
0.184192 0.453675 0.594666
0.185193 0.449425 0.593742
0.186194 0.445225 0.59281
0.187195 0.441076 0.59187
0.188196 0.436975 0.590922
0.189197 0.432921 0.589966
0.190198 0.428913 0.589001
0.191199 0.424951 0.588028
0.1922 0.421032 0.587048
0.193201 0.417157 0.586058
0.194202 0.413323 0.585061
0.195203 0.409531 0.584056
0.196204 0.405784 0.583043
0.197205 0.40208 0.582022
0.198206 0.398419 0.580994
0.199207 0.3948 0.579958
0.200208 0.391222 0.578915
0.201209 0.387684 0.577865
0.20221 0.384185 0.576807
0.203211 0.380725 0.575742
0.204212 0.377302 0.57467
0.205213 0.373917 0.57359
0.206214 0.370568 0.572504
0.207215 0.367254 0.57141
0.208216 0.363976 0.570309
0.209217 0.360735 0.569202
0.210218 0.357531 0.568088
0.211219 0.354364 0.566967
0.21222 0.351231 0.56584
0.213221 0.348134 0.564705
0.214222 0.34507 0.563565
0.215223 0.34204 0.562418
0.216224 0.339041 0.561264
0.217225 0.336074 0.560104
0.218226 0.333138 0.558937
0.219227 0.330232 0.557764
0.220228 0.327355 0.556584
0.221229 0.324506 0.555398
0.22223 0.321687 0.554206
0.223231 0.318898 0.553008
0.224232 0.31614 0.551803
0.225233 0.313411 0.550592
0.226234 0.310712 0.549375
0.227235 0.30804 0.548152
0.228236 0.305397 0.546923
0.229237 0.302781 0.545689
0.230238 0.300192 0.544448
0.231239 0.297629 0.543203
0.23224 0.295091 0.541952
0.233241 0.292579 0.540695
0.234242 0.290092 0.539433
0.235243 0.287629 0.538167
0.236244 0.285191 0.536895
0.237245 0.282779 0.535617
0.238246 0.280393 0.534334
0.239247 0.278032 0.533046
0.240248 0.275695 0.531753
0.241249 0.273382 0.530455
0.24225 0.271093 0.529152
0.243251 0.268826 0.527844
0.244252 0.266582 0.526531
0.245253 0.26436 0.525213
0.246254 0.262159 0.523891
0.247255 0.259978 0.522564
0.248256 0.257819 0.521232
0.249257 0.255679 0.519895
0.250258 0.253559 0.518554
0.251259 0.251461 0.517208
0.25226 0.249384 0.515857
0.253261 0.247327 0.514502
0.254262 0.245291 0.513141
0.255263 0.243276 0.511776
0.256264 0.241279 0.510407
0.257265 0.239303 0.509034
0.258266 0.237345 0.507657
0.259267 0.235405 0.506276
0.260268 0.233484 0.504891
0.261269 0.231581 0.503503
0.26227 0.229696 0.502111
0.263271 0.227828 0.500716
0.264272 0.225977 0.499317
0.265273 0.224144 0.497916
0.266274 0.22233 0.49651
0.267275 0.220533 0.4951
0.268276 0.218755 0.493687
0.269277 0.216993 0.49227
0.270278 0.215249 0.49085
0.271279 0.213521 0.489427
0.27228 0.211809 0.488
0.273281 0.210113 0.48657
0.274282 0.208432 0.485137
0.275283 0.206767 0.483701
0.276284 0.205116 0.482262
0.277285 0.203479 0.48082
0.278285 0.201857 0.479375
0.279286 0.200249 0.477927
0.280287 0.198656 0.476475
0.281288 0.197078 0.47502
0.282289 0.195515 0.473562
0.28329 0.193967 0.472101
0.284291 0.192433 0.470636
0.285292 0.190913 0.469169
0.286293 0.189407 0.4677
0.287294 0.187914 0.466227
0.288295 0.186435 0.464753
0.289296 0.184968 0.463276
0.290297 0.183515 0.461798
0.291298 0.182074 0.460317
0.292299 0.180646 0.458835
0.2933 0.179229 0.457351
0.294301 0.177825 0.455866
0.295302 0.176434 0.454378
0.296303 0.175057 0.452888
0.297304 0.173691 0.451395
0.298305 0.172339 0.449901
0.299306 0.170998 0.448404
0.300307 0.16967 0.446906
0.301308 0.168353 0.445405
0.302309 0.167048 0.443903
0.30331 0.165754 0.4424
0.304311 0.164471 0.440895
0.305312 0.163199 0.439388
0.306313 0.161937 0.43788
0.307314 0.160686 0.436371
0.308315 0.159444 0.434861
0.309316 0.158214 0.433349
0.310317 0.156994 0.431835
0.311318 0.155785 0.430319
0.312319 0.154586 0.428801
0.31332 0.153399 0.427282
0.314321 0.152221 0.425761
0.315322 0.151054 0.424239
0.316323 0.149897 0.422716
0.317324 0.14875 0.421191
0.318325 0.147612 0.419667
0.319326 0.146484 0.418141
0.320327 0.145365 0.416615
0.321328 0.144256 0.415089
0.322329 0.143155 0.413563
0.32333 0.142064 0.412036
0.324331 0.140981 0.41051
0.325332 0.139908 0.408983
0.326333 0.138845 0.407455
0.327334 0.137791 0.405927
0.328335 0.136746 0.404397
0.329336 0.13571 0.402867
0.330337 0.134683 0.401337
0.331338 0.133665 0.399806
0.332339 0.132655 0.398275
0.33334 0.131654 0.396744
0.334341 0.13066 0.395213
0.335342 0.129675 0.393682
0.336343 0.128697 0.39215
0.337344 0.127727 0.390619
0.338345 0.126765 0.389089
0.339346 0.125809 0.387559
0.340347 0.124862 0.386028
0.341348 0.123922 0.384497
0.342349 0.12299 0.382965
0.34335 0.122066 0.381432
0.344351 0.12115 0.3799
0.345352 0.120241 0.378367
0.346353 0.11934 0.376835
0.347354 0.118446 0.375303
0.348355 0.117559 0.373771
0.349356 0.116679 0.37224
0.350357 0.115806 0.37071
0.351358 0.114941 0.369181
0.352359 0.114081 0.367653
0.35336 0.113229 0.366126
0.354361 0.112382 0.3646
0.355362 0.111543 0.363076
0.356363 0.11071 0.361553
0.357364 0.109885 0.36003
0.358365 0.109066 0.358507
0.359366 0.108254 0.356985
0.360367 0.107449 0.355464
0.361368 0.10665 0.353943
0.362369 0.105858 0.352424
0.36337 0.105072 0.350905
0.364371 0.104292 0.349388
0.365372 0.103518 0.347872
0.366373 0.10275 0.346357
0.367374 0.101988 0.344843
0.368375 0.101231 0.343331
0.369376 0.10048 0.341821
0.370377 0.0997342 0.340312
0.371378 0.098994 0.338805
0.372379 0.0982597 0.337298
0.37338 0.0975312 0.335792
0.374381 0.0968086 0.334286
0.375382 0.0960916 0.332782
0.376383 0.0953803 0.331279
0.377384 0.0946745 0.329777
0.378385 0.0939741 0.328277
0.379386 0.0932791 0.326778
0.380387 0.0925894 0.325281
0.381388 0.0919049 0.323786
0.382389 0.0912255 0.322293
0.38339 0.0905512 0.320802
0.384391 0.0898819 0.319314
0.385392 0.0892174 0.317828
0.386393 0.0885578 0.316345
0.387394 0.0879031 0.314864
0.388395 0.0872537 0.313385
0.389395 0.0866096 0.311908
0.390396 0.0859706 0.310432
0.391397 0.0853366 0.308958
0.392398 0.0847075 0.307486
0.393399 0.0840833 0.306016
0.3944 0.0834637 0.304548
0.395401 0.0828489 0.303082
0.396402 0.0822386 0.301619
0.397403 0.0816327 0.300158
0.398404 0.0810312 0.298699
0.399405 0.080434 0.297243
0.400406 0.0798409 0.295789
0.401407 0.079252 0.294339
0.402408 0.0786671 0.292891
0.403409 0.0780863 0.291445
0.40441 0.07751 0.290001
0.405411 0.076938 0.288559
0.406412 0.0763703 0.287119
0.407413 0.075807 0.28568
0.408414 0.0752478 0.284244
0.409415 0.0746928 0.282811
0.410416 0.0741418 0.28138
0.411417 0.0735949 0.279951
0.412418 0.0730519 0.278526
0.413419 0.0725129 0.277103
0.41442 0.0719777 0.275683
0.415421 0.0714463 0.274267
0.416422 0.0709187 0.272854
0.417423 0.0703948 0.271445
0.418424 0.0698745 0.270039
0.419425 0.0693578 0.268637
0.420426 0.0688452 0.267237
0.421427 0.0683365 0.26584
0.422428 0.0678317 0.264446
0.423429 0.0673307 0.263054
0.42443 0.0668334 0.261666
0.425431 0.0663398 0.26028
0.426432 0.0658498 0.258897
0.427433 0.0653633 0.257518
0.428434 0.0648802 0.256142
0.429435 0.0644006 0.254768
0.430436 0.0639242 0.253399
0.431437 0.0634511 0.252032
0.432438 0.0629811 0.250669
0.433439 0.0625143 0.24931
0.43444 0.0620505 0.247954
0.435441 0.0615897 0.246601
0.436442 0.0611321 0.245251
0.437443 0.0606779 0.243904
0.438444 0.060227 0.24256
0.439445 0.0597793 0.241219
0.440446 0.0593348 0.239881
0.441447 0.0588934 0.238545
0.442448 0.0584552 0.237213
0.443449 0.05802 0.235885
0.44445 0.0575878 0.23456
0.445451 0.0571587 0.233238
0.446452 0.0567325 0.231921
0.447453 0.0563092 0.230607
0.448454 0.0558888 0.229297
0.449455 0.0554712 0.227991
0.450456 0.0550564 0.226689
0.451457 0.0546443 0.225392
0.452458 0.0542352 0.224099
0.453459 0.0538291 0.222809
0.45446 0.053426 0.221522
0.455461 0.0530258 0.220239
0.456462 0.0526285 0.21896
0.457463 0.052234 0.217684
0.458464 0.0518423 0.216411
0.459465 0.0514533 0.215143
0.460466 0.051067 0.213878
0.461467 0.0506833 0.212617
0.462468 0.0503022 0.21136
0.463469 0.0499236 0.210106
0.46447 0.0495475 0.208857
0.465471 0.0491738 0.207612
0.466472 0.0488024 0.206371
0.467473 0.0484334 0.205134
0.468474 0.0480668 0.203901
0.469475 0.0477026 0.202671
0.470476 0.0473409 0.201445
0.471477 0.0469817 0.200223
0.472478 0.046625 0.199004
0.473479 0.0462708 0.197788
0.47448 0.045919 0.196576
0.475481 0.0455695 0.195368
0.476482 0.0452224 0.194165
0.477483 0.0448777 0.192965
0.478484 0.0445352 0.191769
0.479485 0.044195 0.190577
0.480486 0.0438571 0.18939
0.481487 0.0435214 0.188207
0.482488 0.0431879 0.187029
0.483489 0.0428566 0.185855
0.48449 0.0425274 0.184686
0.485491 0.0422005 0.183521
0.486492 0.0418758 0.18236
0.487493 0.0415535 0.181203
0.488494 0.0412335 0.180051
0.489495 0.0409157 0.178902
0.490496 0.0406001 0.177757
0.491497 0.0402867 0.176617
0.492498 0.0399754 0.17548
0.493499 0.0396662 0.174348
0.4945 0.039359 0.17322
0.495501 0.0390538 0.172096
0.496502 0.0387506 0.170976
0.497503 0.0384493 0.169861
0.498504 0.0381498 0.16875
0.499505 0.0378523 0.167643
0.500505 0.0375565 0.166541
0.501506 0.0372625 0.165443
0.502507 0.0369704 0.164349
0.503508 0.0366802 0.163259
0.504509 0.036392 0.162172
0.50551 0.0361057 0.16109
0.506511 0.0358213 0.160011
0.507512 0.0355388 0.158937
0.508513 0.0352581 0.157866
0.509514 0.0349793 0.1568
0.510515 0.0347023 0.155738
0.511516 0.0344271 0.154681
0.512517 0.0341537 0.153627
0.513518 0.033882 0.152579
0.514519 0.0336121 0.151534
0.51552 0.033344 0.150495
0.516521 0.0330775 0.14946
0.517522 0.0328127 0.148429
0.518523 0.0325496 0.147404
0.519524 0.0322883 0.146383
0.520525 0.0320288 0.145366
0.521526 0.0317711 0.144354
0.522527 0.0315152 0.143345
0.523528 0.031261 0.142341
0.524529 0.0310085 0.141341
0.52553 0.0307577 0.140346
0.526531 0.0305085 0.139355
0.527532 0.030261 0.138368
0.528533 0.030015 0.137386
0.529534 0.0297706 0.136407
0.530535 0.0295278 0.135434
0.531536 0.0292865 0.134464
0.532537 0.0290466 0.133499
0.533538 0.0288082 0.132538
0.534539 0.0285712 0.131582
0.53554 0.0283357 0.13063
0.536541 0.0281016 0.129682
0.537542 0.0278691 0.128738
0.538543 0.0276381 0.127799
0.539544 0.0274085 0.126863
0.540545 0.0271805 0.125931
0.541546 0.026954 0.125004
0.542547 0.026729 0.12408
0.543548 0.0265054 0.123161
0.544549 0.0262832 0.122247
0.54555 0.0260625 0.121336
0.546551 0.0258432 0.12043
0.547552 0.0256253 0.119529
0.548553 0.0254088 0.118632
0.549554 0.0251937 0.117739
0.550555 0.02498 0.116851
0.551556 0.0247676 0.115968
0.552557 0.0245566 0.115089
0.553558 0.024347 0.114214
0.554559 0.0241389 0.113344
0.55556 0.0239322 0.112479
0.556561 0.0237269 0.111617
0.557562 0.023523 0.11076
0.558563 0.0233205 0.109907
0.559564 0.0231193 0.109058
0.560565 0.0229195 0.108214
0.561566 0.0227209 0.107374
0.562567 0.0225237 0.106538
0.563568 0.0223277 0.105706
0.564569 0.0221329 0.104879
0.56557 0.0219393 0.104055
0.566571 0.021747 0.103237
0.567572 0.0215558 0.102422
0.568573 0.0213658 0.101611
0.569574 0.0211769 0.100805
0.570575 0.0209892 0.100003
0.571576 0.0208027 0.0992047
0.572577 0.0206175 0.0984105
0.573578 0.0204334 0.0976203
0.574579 0.0202506 0.0968342
0.57558 0.020069 0.0960522
0.576581 0.0198885 0.0952742
0.577582 0.0197093 0.0945004
0.578583 0.0195312 0.0937308
0.579584 0.0193542 0.0929653
0.580585 0.0191785 0.092204
0.581586 0.0190039 0.091447
0.582587 0.0188304 0.0906942
0.583588 0.0186581 0.0899457
0.584589 0.0184869 0.0892015
0.58559 0.0183168 0.0884616
0.586591 0.0181478 0.0877261
0.587592 0.01798 0.0869949
0.588593 0.0178133 0.0862678
0.589594 0.0176479 0.0855449
0.590595 0.0174835 0.0848262
0.591596 0.0173204 0.0841115
0.592597 0.0171583 0.083401
0.593598 0.0169973 0.0826945
0.594599 0.0168375 0.0819921
0.5956 0.0166787 0.0812938
0.596601 0.0165209 0.0805995
0.597602 0.0163643 0.0799092
0.598603 0.0162086 0.0792229
0.599604 0.016054 0.0785406
0.600605 0.0159003 0.0778622
0.601606 0.0157477 0.0771878
0.602607 0.015596 0.0765174
0.603608 0.0154453 0.0758508
0.604609 0.0152955 0.0751881
0.60561 0.0151467 0.0745293
0.606611 0.014999 0.0738742
0.607612 0.0148523 0.073223
0.608613 0.0147065 0.0725756
0.609614 0.0145618 0.071932
0.610615 0.014418 0.0712923
0.611615 0.0142753 0.0706565
0.612616 0.0141335 0.0700245
0.613617 0.0139927 0.0693965
0.614618 0.0138528 0.0687723
0.615619 0.0137139 0.068152
0.61662 0.013576 0.0675356
0.617621 0.013439 0.0669232
0.618622 0.013303 0.0663146
0.619623 0.0131679 0.06571
0.620624 0.0130338 0.0651094
0.621625 0.0129006 0.0645127
0.622626 0.0127684 0.0639199
0.623627 0.0126371 0.063331
0.624628 0.0125069 0.0627461
0.625629 0.0123775 0.0621649
0.62663 0.0122492 0.0615876
0.627631 0.0121217 0.061014
0.628632 0.0119952 0.0604443
0.629633 0.0118696 0.0598782
0.630634 0.0117449 0.0593159
0.631635 0.0116211 0.0587573
0.632636 0.0114982 0.0582023
0.633637 0.0113761 0.057651
0.634638 0.0112549 0.0571033
0.635639 0.0111345 0.0565592
0.63664 0.011015 0.0560186
0.637641 0.0108963 0.0554816
0.638642 0.0107785 0.0549481
0.639643 0.0106614 0.0544181
0.640644 0.0105452 0.0538917
0.641645 0.0104299 0.0533687
0.642646 0.0103154 0.0528494
0.643647 0.0102018 0.0523335
0.644648 0.010089 0.0518212
0.645649 0.00997703 0.0513124
0.64665 0.00986591 0.050807
0.647651 0.00975562 0.0503052
0.648652 0.00964615 0.0498069
0.649653 0.00953752 0.0493121
0.650654 0.0094297 0.0488208
0.651655 0.0093227 0.0483329
0.652656 0.00921651 0.0478486
0.653657 0.00911114 0.0473677
0.654658 0.00900657 0.0468902
0.655659 0.00890281 0.0464163
0.65666 0.00879985 0.0459458
0.657661 0.00869773 0.0454788
0.658662 0.00859644 0.0450153
0.659663 0.00849597 0.0445554
0.660664 0.00839631 0.0440988
0.661665 0.00829746 0.0436457
0.662666 0.0081994 0.043196
0.663667 0.00810213 0.0427497
0.664668 0.00800564 0.0423066
0.665669 0.00790992 0.0418669
0.66667 0.00781496 0.0414304
0.667671 0.00772076 0.0409971
0.668672 0.0076273 0.040567
0.669673 0.00753458 0.0401401
0.670674 0.00744259 0.0397163
0.671675 0.00735132 0.0392957
0.672676 0.00726076 0.038878
0.673677 0.00717091 0.0384635
0.674678 0.00708177 0.038052
0.675679 0.00699337 0.0376437
0.67668 0.00690571 0.0372386
0.677681 0.00681877 0.0368366
0.678682 0.00673256 0.0364377
0.679683 0.00664708 0.0360419
0.680684 0.00656231 0.0356492
0.681685 0.00647827 0.0352596
0.682686 0.00639494 0.034873
0.683687 0.00631233 0.0344895
0.684688 0.00623042 0.0341091
0.685689 0.00614923 0.0337316
0.68669 0.00606874 0.0333572
0.687691 0.00598895 0.0329857
0.688692 0.00590987 0.0326172
0.689693 0.00583148 0.0322517
0.690694 0.00575378 0.0318892
0.691695 0.00567679 0.0315295
0.692696 0.00560051 0.031173
0.693697 0.00552495 0.0308195
0.694698 0.00545011 0.0304691
0.695699 0.00537597 0.0301218
0.6967 0.00530254 0.0297773
0.697701 0.00522978 0.0294359
0.698702 0.00515772 0.0290973
0.699703 0.00508632 0.0287616
0.700704 0.00501559 0.0284287
0.701705 0.00494552 0.0280986
0.702706 0.0048761 0.0277712
0.703707 0.00480732 0.0274466
0.704708 0.00473917 0.0271247
0.705709 0.00467166 0.0268054
0.70671 0.00460476 0.0264887
0.707711 0.00453848 0.0261747
0.708712 0.0044728 0.0258631
0.709713 0.00440774 0.0255542
0.710714 0.00434331 0.025248
0.711715 0.00427952 0.0249445
0.712716 0.00421637 0.0246437
0.713717 0.00415384 0.0243456
0.714718 0.00409194 0.0240502
0.715719 0.00403067 0.0237573
0.71672 0.00397001 0.0234671
0.717721 0.00390997 0.0231795
0.718722 0.00385054 0.0228945
0.719723 0.00379172 0.022612
0.720724 0.0037335 0.0223321
0.721725 0.00367588 0.0220546
0.722725 0.00361886 0.0217797
0.723726 0.00356244 0.0215072
0.724727 0.0035066 0.0212371
0.725728 0.00345135 0.0209695
0.726729 0.00339669 0.0207043
0.72773 0.00334263 0.0204416
0.728731 0.00328919 0.0201816
0.729732 0.00323637 0.0199241
0.730733 0.00318416 0.0196692
0.731734 0.00313255 0.0194168
0.732735 0.00308153 0.0191669
0.733736 0.00303109 0.0189194
0.734737 0.00298122 0.0186742
0.735738 0.00293193 0.0184315
0.736739 0.00288319 0.0181911
0.73774 0.002835 0.0179529
0.738741 0.00278735 0.017717
0.739742 0.00274024 0.0174833
0.740743 0.00269365 0.0172518
0.741744 0.00264758 0.0170224
0.742745 0.00260203 0.0167951
0.743746 0.00255698 0.0165699
0.744747 0.00251242 0.0163468
0.745748 0.00246841 0.0161258
0.746749 0.00242495 0.0159072
0.74775 0.00238203 0.0156908
0.748751 0.00233965 0.0154767
0.749752 0.0022978 0.0152647
0.750753 0.00225648 0.0150549
0.751754 0.00221567 0.0148473
0.752755 0.00217538 0.0146418
0.753756 0.0021356 0.0144384
0.754757 0.00209632 0.014237
0.755758 0.00205754 0.0140377
0.756759 0.00201925 0.0138405
0.75776 0.00198144 0.0136452
0.758761 0.00194411 0.0134519
0.759762 0.00190725 0.0132606
0.760763 0.00187087 0.0130712
0.761764 0.00183494 0.0128836
0.762765 0.00179948 0.012698
0.763766 0.00176454 0.0125146
0.764767 0.00173011 0.0123332
0.765768 0.00169618 0.0121539
0.766769 0.00166275 0.0119767
0.76777 0.00162981 0.0118014
0.768771 0.00159735 0.0116282
0.769772 0.00156535 0.0114569
0.770773 0.00153382 0.0112874
0.771774 0.00150274 0.0111199
0.772775 0.0014721 0.0109541
0.773776 0.00144189 0.0107902
0.774777 0.00141212 0.010628
0.775778 0.00138276 0.0104676
0.776779 0.0013538 0.0103088
0.77778 0.00132525 0.0101517
0.778781 0.00129709 0.00999621
0.779782 0.00126932 0.00984232
0.780783 0.00124193 0.00969005
0.781784 0.001215 0.00953961
0.782785 0.00118852 0.00939099
0.783786 0.00116247 0.00924416
0.784787 0.00113685 0.00909909
0.785788 0.00111166 0.00895576
0.786789 0.00108688 0.00881414
0.78779 0.00106251 0.00867421
0.788791 0.00103853 0.00853593
0.789792 0.00101495 0.00839928
0.790793 0.000991745 0.00826423
0.791794 0.000968918 0.00813076
0.792795 0.000946458 0.00799885
0.793796 0.000924357 0.00786846
0.794797 0.000902609 0.00773957
0.795798 0.000881205 0.00761216
0.796799 0.000860138 0.0074862
0.7978 0.0008394 0.00736166
0.798801 0.000819014 0.00723862
0.799802 0.000799033 0.00711725
0.800803 0.000779451 0.00699753
0.801804 0.000760257 0.00687942
0.802805 0.000741441 0.00676289
0.803806 0.000722994 0.0066479
0.804807 0.000704904 0.00653443
0.805808 0.000687162 0.00642244
0.806809 0.000669759 0.00631189
0.80781 0.000652684 0.00620277
0.808811 0.000635927 0.00609502
0.809812 0.00061948 0.00598863
0.810813 0.000603332 0.00588356
0.811814 0.000587474 0.00577977
0.812815 0.000571896 0.00567724
0.813816 0.000556589 0.00557594
0.814817 0.000541544 0.00547584
0.815818 0.000526751 0.00537689
0.816819 0.000512239 0.0052792
0.81782 0.000498066 0.00518292
0.818821 0.000484221 0.00508803
0.819822 0.000470697 0.00499451
0.820823 0.000457483 0.00490233
0.821824 0.000444571 0.00481146
0.822825 0.00043195 0.00472187
0.823826 0.000419612 0.00463355
0.824827 0.000407547 0.00454646
0.825828 0.000395747 0.00446058
0.826829 0.000384201 0.00437588
0.82783 0.000372902 0.00429234
0.828831 0.00036184 0.00420994
0.829832 0.000351007 0.00412864
0.830833 0.000340393 0.00404843
0.831834 0.00032999 0.00396928
0.832835 0.000319789 0.00389116
0.833835 0.000309782 0.00381405
0.834836 0.000300001 0.00373805
0.835837 0.000290501 0.00366329
0.836838 0.000281272 0.00358976
0.837839 0.000272304 0.00351742
0.83884 0.000263588 0.00344625
0.839841 0.000255113 0.00337621
0.840842 0.000246869 0.00330728
0.841843 0.000238848 0.00323943
0.842844 0.000231039 0.00317263
0.843845 0.000223433 0.00310685
0.844846 0.000216019 0.00304206
0.845847 0.00020879 0.00297824
0.846848 0.000201735 0.00291535
0.847849 0.000194845 0.00285338
0.84885 0.00018811 0.00279229
0.849851 0.000181522 0.00273205
0.850852 0.000175072 0.00267264
0.851853 0.00016875 0.00261404
0.852854 0.000162588 0.00255632
0.853855 0.000156639 0.00249964
0.854856 0.000150895 0.00244397
0.855857 0.000145347 0.00238929
0.856858 0.000139986 0.00233557
0.857859 0.000134804 0.00228279
0.85886 0.000129793 0.00223092
0.859861 0.000124943 0.00217995
0.860862 0.000120247 0.00212985
0.861863 0.000115697 0.0020806
0.862864 0.000111283 0.00203217
0.863865 0.000106999 0.00198454
0.864866 0.000102835 0.00193769
0.865867 9.87836e-05 0.0018916
0.866868 9.4837e-05 0.00184624
0.867869 9.09871e-05 0.00180159
0.86887 8.72259e-05 0.00175762
0.869871 8.35457e-05 0.00171433
0.870872 7.99735e-05 0.00167179
0.871873 7.65565e-05 0.00163012
0.872874 7.32877e-05 0.00158932
0.873875 7.01595e-05 0.00154935
0.874876 6.71644e-05 0.00151019
0.875877 6.4295e-05 0.00147182
0.876878 6.15438e-05 0.00143421
0.877879 5.89034e-05 0.00139734
0.87888 5.63666e-05 0.00136118
0.879881 5.3926e-05 0.00132571
0.880882 5.15744e-05 0.00129091
0.881883 4.93047e-05 0.00125675
0.882884 4.71097e-05 0.00122321
0.883885 4.49824e-05 0.00119027
0.884886 4.29156e-05 0.0011579
0.885887 4.09025e-05 0.00112608
0.886888 3.89361e-05 0.00109479
0.887889 3.70095e-05 0.00106401
0.88889 3.51423e-05 0.0010338
0.889891 3.33749e-05 0.00100429
0.890892 3.17027e-05 0.000975473
0.891893 3.012e-05 0.000947324
0.892894 2.86214e-05 0.000919822
0.893895 2.72015e-05 0.000892949
0.894896 2.58549e-05 0.000866683
0.895897 2.4576e-05 0.000841004
0.896898 2.33597e-05 0.000815894
0.897899 2.22006e-05 0.000791331
0.8989 2.10933e-05 0.000767297
0.899901 2.00327e-05 0.000743773
0.900902 1.90136e-05 0.000720738
0.901903 1.80307e-05 0.000698174
0.902904 1.7079e-05 0.000676062
0.903905 1.61533e-05 0.000654383
0.904906 1.52486e-05 0.000633117
0.905907 1.43597e-05 0.000612247
0.906908 1.34995e-05 0.000591829
0.907909 1.26975e-05 0.000571988
0.90891 1.19508e-05 0.000552708
0.909911 1.12557e-05 0.000533968
0.910912 1.06085e-05 0.000515748
0.911913 1.00056e-05 0.000498029
0.912914 9.44316e-06 0.000480792
0.913915 8.91769e-06 0.000464016
0.914916 8.42554e-06 0.000447682
0.915917 7.96314e-06 0.000431772
0.916918 7.52691e-06 0.000416265
0.917919 7.11332e-06 0.000401142
0.91892 6.71885e-06 0.000386386
0.919921 6.34002e-06 0.000371976
0.920922 5.97335e-06 0.000357895
0.921923 5.6154e-06 0.000344124
0.922924 5.26273e-06 0.000330643
0.923925 4.91195e-06 0.000317436
0.924926 4.5708e-06 0.000304555
0.925927 4.25758e-06 0.000292115
0.926928 3.97079e-06 0.000280103
0.927929 3.70845e-06 0.000268502
0.92893 3.46861e-06 0.000257293
0.929931 3.24932e-06 0.000246462
0.930932 3.04863e-06 0.00023599
0.931933 2.86464e-06 0.000225862
0.932934 2.69541e-06 0.000216059
0.933935 2.53907e-06 0.000206567
0.934936 2.39371e-06 0.000197368
0.935937 2.25746e-06 0.000188447
0.936938 2.12847e-06 0.000179786
0.937939 2.00487e-06 0.000171371
0.93894 1.88483e-06 0.000163184
0.939941 1.76652e-06 0.000155211
0.940942 1.64813e-06 0.000147435
0.941943 1.52785e-06 0.00013984
0.942944 1.41092e-06 0.000132492
0.943945 1.30529e-06 0.000125478
0.944945 1.21013e-06 0.000118783
0.945946 1.12458e-06 0.000112392
0.946947 1.04777e-06 0.000106289
0.947948 9.78853e-07 0.000100459
0.948949 9.16975e-07 9.48859e-05
0.94995 8.61293e-07 8.95554e-05
0.950951 8.10966e-07 8.4452e-05
0.951952 7.65163e-07 7.95606e-05
0.952953 7.23053e-07 7.48664e-05
0.953954 6.83814e-07 7.03546e-05
0.954955 6.46627e-07 6.60103e-05
0.955956 6.10679e-07 6.18189e-05
0.956957 5.75161e-07 5.77658e-05
0.957958 5.39272e-07 5.38366e-05
0.958959 5.02212e-07 5.0017e-05
0.95996 4.63475e-07 4.63002e-05
0.960961 4.27008e-07 4.27954e-05
0.961962 3.9408e-07 3.95305e-05
0.962963 3.64398e-07 3.64903e-05
0.963964 3.3767e-07 3.36597e-05
0.964965 3.13608e-07 3.10238e-05
0.965966 2.91924e-07 2.85675e-05
0.966967 2.72332e-07 2.62761e-05
0.967968 2.54549e-07 2.41348e-05
0.968969 2.38293e-07 2.2129e-05
0.96997 2.23283e-07 2.02442e-05
0.970971 2.09241e-07 1.84658e-05
0.971972 1.9589e-07 1.67795e-05
0.972973 1.82954e-07 1.5171e-05
0.973974 1.7016e-07 1.36261e-05
0.974975 1.57236e-07 1.21307e-05
0.975976 1.43913e-07 1.06708e-05
0.976977 1.3018e-07 9.25218e-06
0.977978 1.17523e-07 7.99051e-06
0.978979 1.06122e-07 6.89283e-06
0.97998 9.58509e-08 5.94248e-06
0.980981 8.65862e-08 5.12286e-06
0.981982 7.82048e-08 4.41751e-06
0.982983 7.05843e-08 3.81004e-06
0.983984 6.36033e-08 3.28418e-06
0.984985 5.71407e-08 2.82374e-06
0.985986 5.10764e-08 2.41265e-06
0.986987 4.52911e-08 2.03492e-06
0.987988 3.9666e-08 1.67466e-06
0.988989 3.40832e-08 1.31607e-06
0.98999 2.84255e-08 9.43471e-07
0.990991 2.29841e-08 5.98873e-07
0.991992 1.8446e-08 3.76468e-07
0.992993 1.46517e-08 2.47889e-07
0.993994 1.1417e-08 1.81261e-07
0.994995 8.55887e-09 1.449e-07
0.995996 5.89539e-09 1.07315e-07
0.996997 3.38833e-09 5.07455e-08
0.997998 1.74436e-09 3.75275e-08
0.998999 5.25727e-10 3.19853e-08
1 2.21066e-26 0
