1.5 1.93966 0.380804
1.5986 2.45919 0.397317
1.6972 2.95565 0.413268
1.7958 3.42825 0.428598
1.89439 3.88002 0.443373
1.99299 4.31174 0.4576
2.09159 4.72365 0.471273
2.19019 5.11793 0.484445
2.28879 5.49613 0.497154
2.38739 5.85877 0.50941
2.48599 6.20642 0.521225
2.58458 6.54033 0.532631
2.68318 6.862 0.543669
2.78178 7.17197 0.554354
2.88038 7.47074 0.564697
2.97898 7.75879 0.574712
3.07758 8.03666 0.584413
3.17618 8.30544 0.593832
3.27477 8.5657 0.602985
3.37337 8.81783 0.611882
3.47197 9.06218 0.620534
3.57057 9.29907 0.62895
3.66917 9.52883 0.63714
3.76777 9.75175 0.645112
3.86637 9.96917 0.65288
3.96496 10.1819 0.660461
4.06356 10.3895 0.667861
4.16216 10.5918 0.675086
4.26076 10.7884 0.682145
4.35936 10.9792 0.689043
4.45796 11.1641 0.695785
4.55656 11.3428 0.702378
4.65516 11.5154 0.708827
4.75375 11.6818 0.715137
4.85235 11.8421 0.721317
4.95095 11.9972 0.727374
5.04955 12.1474 0.733313
5.14815 12.2931 0.739136
5.24675 12.4348 0.744849
5.34535 12.5728 0.750454
5.44394 12.7075 0.755954
5.54254 12.8392 0.761354
5.64114 12.9681 0.766655
5.73974 13.0945 0.771861
5.83834 13.2186 0.776975
5.93694 13.3407 0.781999
6.03554 13.4609 0.786936
6.13413 13.5794 0.791788
6.23273 13.6961 0.79656
6.33133 13.8108 0.801256
6.42993 13.9236 0.805877
6.52853 14.0344 0.810427
6.62713 14.1434 0.814907
6.72573 14.2507 0.819318
6.82432 14.3561 0.823664
6.92292 14.4599 0.827944
7.02152 14.562 0.832162
7.12012 14.6625 0.836318
7.21872 14.7615 0.840415
7.31732 14.8589 0.844453
7.41592 14.9548 0.848435
7.51451 15.0493 0.852361
7.61311 15.1424 0.856233
7.71171 15.2341 0.860052
7.81031 15.3245 0.86382
7.90891 15.4135 0.867537
8.00751 15.5013 0.871205
8.10611 15.5878 0.874825
8.2047 15.6731 0.878399
8.3033 15.7573 0.881929
8.4019 15.8404 0.885415
8.5005 15.9224 0.88886
8.5991 16.0033 0.892263
8.6977 16.0832 0.895625
8.7963 16.1621 0.898948
8.89489 16.24 0.902232
8.99349 16.3169 0.905478
9.09209 16.3928 0.908687
9.19069 16.4679 0.911859
9.28929 16.542 0.914996
9.38789 16.6152 0.918098
9.48649 16.6875 0.921165
9.58509 16.759 0.924199
9.68368 16.8297 0.9272
9.78228 16.8995 0.930169
9.88088 16.9685 0.933106
9.97948 17.0367 0.936012
10.0781 17.1042 0.938887
10.1767 17.1709 0.941733
10.2753 17.2368 0.944549
10.3739 17.3021 0.947337
10.4725 17.3666 0.950096
10.5711 17.4304 0.952827
10.6697 17.4935 0.955531
10.7683 17.5559 0.958208
10.8669 17.6177 0.960859
10.9655 17.6788 0.963484
11.0641 17.7393 0.966085
11.1627 17.7992 0.968661
11.2613 17.8584 0.971213
11.3599 17.9171 0.973742
11.4585 17.9753 0.976248
11.5571 18.0328 0.978732
11.6557 18.0898 0.981193
11.7543 18.1463 0.983632
11.8529 18.2022 0.98605
11.9515 18.2576 0.988446
12.0501 18.3124 0.990822
12.1486 18.3668 0.993177
12.2472 18.4207 0.995512
12.3458 18.474 0.997827
12.4444 18.5269 1.00012
12.543 18.5793 1.0024
12.6416 18.6312 1.00466
12.7402 18.6827 1.0069
12.8388 18.7337 1.00912
12.9374 18.7842 1.01132
13.036 18.8343 1.0135
13.1346 18.884 1.01567
13.2332 18.9332 1.01782
13.3318 18.982 1.01995
13.4304 19.0304 1.02206
13.529 19.0784 1.02416
13.6276 19.126 1.02625
13.7262 19.1732 1.02831
13.8248 19.22 1.03036
13.9234 19.2664 1.0324
14.022 19.3124 1.03441
14.1206 19.3581 1.03642
14.2192 19.4033 1.03841
14.3178 19.4483 1.04038
14.4164 19.4928 1.04234
14.515 19.537 1.04428
14.6136 19.5809 1.04621
14.7122 19.6244 1.04813
14.8108 19.6675 1.05003
14.9094 19.7103 1.05192
15.008 19.7528 1.0538
15.1066 19.795 1.05566
15.2052 19.8368 1.05751
15.3038 19.8784 1.05934
15.4024 19.9196 1.06116
15.501 19.9605 1.06298
15.5996 20.0012 1.06477
15.6982 20.0415 1.06656
15.7968 20.0815 1.06834
15.8954 20.1213 1.0701
15.994 20.1608 1.07185
16.0926 20.2 1.07359
16.1912 20.2389 1.07532
16.2898 20.2776 1.07704
16.3884 20.316 1.07874
16.487 20.3541 1.08044
16.5856 20.3919 1.08212
16.6842 20.4295 1.0838
16.7828 20.4669 1.08546
16.8814 20.504 1.08711
16.98 20.5408 1.08875
17.0786 20.5774 1.09039
17.1772 20.6138 1.09201
17.2758 20.6499 1.09362
17.3744 20.6858 1.09522
17.473 20.7214 1.09682
17.5716 20.7568 1.0984
17.6702 20.792 1.09997
17.7688 20.8269 1.10154
17.8674 20.8617 1.10309
17.966 20.8962 1.10464
18.0646 20.9305 1.10618
18.1632 20.9645 1.1077
18.2618 20.9984 1.10922
18.3604 21.032 1.11073
18.459 21.0655 1.11223
18.5576 21.0987 1.11373
18.6562 21.1317 1.11521
18.7548 21.1646 1.11669
18.8534 21.1972 1.11815
18.952 21.2296 1.11961
19.0506 21.2618 1.12106
19.1491 21.2939 1.12251
19.2477 21.3257 1.12394
19.3463 21.3574 1.12537
19.4449 21.3888 1.12679
19.5435 21.4201 1.1282
19.6421 21.4512 1.1296
19.7407 21.4821 1.131
19.8393 21.5128 1.13238
19.9379 21.5434 1.13377
20.0365 21.5738 1.13514
20.1351 21.604 1.1365
20.2337 21.634 1.13786
20.3323 21.6639 1.13921
20.4309 21.6935 1.14056
20.5295 21.7231 1.1419
20.6281 21.7524 1.14323
20.7267 21.7816 1.14455
20.8253 21.8106 1.14587
20.9239 21.8395 1.14718
21.0225 21.8682 1.14848
21.1211 21.8968 1.14978
21.2197 21.9252 1.15107
21.3183 21.9534 1.15235
21.4169 21.9815 1.15363
21.5155 22.0094 1.1549
21.6141 22.0372 1.15616
21.7127 22.0648 1.15742
21.8113 22.0923 1.15867
21.9099 22.1197 1.15992
22.0085 22.1469 1.16116
22.1071 22.1739 1.16239
22.2057 22.2009 1.16362
22.3043 22.2277 1.16484
22.4029 22.2543 1.16606
22.5015 22.2808 1.16727
22.6001 22.3072 1.16847
22.6987 22.3335 1.16967
22.7973 22.3596 1.17087
22.8959 22.3856 1.17206
22.9945 22.4115 1.17324
23.0931 22.4372 1.17442
23.1917 22.4628 1.17559
23.2903 22.4883 1.17676
23.3889 22.5137 1.17792
23.4875 22.5389 1.17907
23.5861 22.564 1.18022
23.6847 22.589 1.18137
23.7833 22.6139 1.18251
23.8819 22.6386 1.18365
23.9805 22.6633 1.18478
24.0791 22.6878 1.1859
24.1777 22.7122 1.18702
24.2763 22.7365 1.18814
24.3749 22.7606 1.18925
24.4735 22.7847 1.19036
24.5721 22.8086 1.19146
24.6707 22.8325 1.19255
24.7693 22.8562 1.19365
24.8679 22.8798 1.19473
24.9665 22.9033 1.19582
25.0651 22.9267 1.19689
25.1637 22.95 1.19797
25.2623 22.9732 1.19904
25.3609 22.9963 1.2001
25.4595 23.0193 1.20116
25.5581 23.0421 1.20221
25.6567 23.0649 1.20327
25.7553 23.0876 1.20431
25.8539 23.1101 1.20535
25.9525 23.1326 1.20639
26.0511 23.155 1.20743
26.1496 23.1773 1.20846
26.2482 23.1994 1.20948
26.3468 23.2215 1.2105
26.4454 23.2435 1.21152
26.544 23.2654 1.21253
26.6426 23.2872 1.21354
26.7412 23.3089 1.21455
26.8398 23.3305 1.21555
26.9384 23.352 1.21654
27.037 23.3734 1.21754
27.1356 23.3947 1.21853
27.2342 23.416 1.21951
27.3328 23.4371 1.22049
27.4314 23.4582 1.22147
27.53 23.4791 1.22244
27.6286 23.5 1.22341
27.7272 23.5208 1.22438
27.8258 23.5415 1.22534
27.9244 23.5622 1.2263
28.023 23.5827 1.22725
28.1216 23.6032 1.22821
28.2202 23.6235 1.22915
28.3188 23.6438 1.2301
28.4174 23.664 1.23104
28.516 23.6842 1.23197
28.6146 23.7042 1.23291
28.7132 23.7242 1.23384
28.8118 23.744 1.23476
28.9104 23.7638 1.23569
29.009 23.7836 1.23661
29.1076 23.8032 1.23752
29.2062 23.8228 1.23844
29.3048 23.8423 1.23934
29.4034 23.8617 1.24025
29.502 23.881 1.24115
29.6006 23.9003 1.24205
29.6992 23.9195 1.24295
29.7978 23.9386 1.24384
29.8964 23.9576 1.24473
29.995 23.9766 1.24562
30.0936 23.9955 1.2465
30.1922 24.0143 1.24738
30.2908 24.033 1.24826
30.3894 24.0517 1.24913
30.488 24.0703 1.25
30.5866 24.0888 1.25087
30.6852 24.1073 1.25173
30.7838 24.1257 1.2526
30.8824 24.144 1.25345
30.981 24.1623 1.25431
31.0796 24.1805 1.25516
31.1782 24.1986 1.25601
31.2768 24.2166 1.25686
31.3754 24.2346 1.2577
31.474 24.2525 1.25854
31.5726 24.2704 1.25938
31.6712 24.2882 1.26022
31.7698 24.3059 1.26105
31.8684 24.3235 1.26188
31.967 24.3411 1.2627
32.0656 24.3587 1.26353
32.1642 24.3761 1.26435
32.2628 24.3935 1.26517
32.3614 24.4109 1.26598
32.46 24.4282 1.2668
32.5586 24.4454 1.26761
32.6572 24.4626 1.26842
32.7558 24.4797 1.26922
32.8544 24.4967 1.27002
32.953 24.5137 1.27082
33.0516 24.5306 1.27162
33.1502 24.5475 1.27242
33.2487 24.5643 1.27321
33.3473 24.5811 1.274
33.4459 24.5978 1.27479
33.5445 24.6144 1.27557
33.6431 24.631 1.27635
33.7417 24.6475 1.27713
33.8403 24.664 1.27791
33.9389 24.6804 1.27869
34.0375 24.6968 1.27946
34.1361 24.7131 1.28023
34.2347 24.7293 1.281
34.3333 24.7455 1.28176
34.4319 24.7616 1.28252
34.5305 24.7777 1.28328
34.6291 24.7938 1.28404
34.7277 24.8097 1.2848
34.8263 24.8257 1.28555
34.9249 24.8416 1.2863
35.0235 24.8574 1.28705
35.1221 24.8732 1.2878
35.2207 24.8889 1.28854
35.3193 24.9045 1.28929
35.4179 24.9202 1.29003
35.5165 24.9357 1.29076
35.6151 24.9513 1.2915
35.7137 24.9667 1.29223
35.8123 24.9821 1.29296
35.9109 24.9975 1.29369
36.0095 25.0128 1.29442
36.1081 25.0281 1.29515
36.2067 25.0433 1.29587
36.3053 25.0585 1.29659
36.4039 25.0736 1.29731
36.5025 25.0887 1.29802
36.6011 25.1037 1.29874
36.6997 25.1187 1.29945
36.7983 25.1337 1.30016
36.8969 25.1486 1.30087
36.9955 25.1634 1.30157
37.0941 25.1782 1.30228
37.1927 25.193 1.30298
37.2913 25.2077 1.30368
37.3899 25.2223 1.30438
37.4885 25.237 1.30507
37.5871 25.2515 1.30577
37.6857 25.2661 1.30646
37.7843 25.2806 1.30715
37.8829 25.295 1.30783
37.9815 25.3094 1.30852
38.0801 25.3237 1.3092
38.1787 25.3381 1.30989
38.2773 25.3523 1.31057
38.3759 25.3666 1.31125
38.4745 25.3807 1.31192
38.5731 25.3949 1.3126
38.6717 25.409 1.31327
38.7703 25.423 1.31394
38.8689 25.437 1.31461
38.9675 25.451 1.31528
39.0661 25.4649 1.31594
39.1647 25.4788 1.3166
39.2633 25.4927 1.31727
39.3619 25.5065 1.31793
39.4605 25.5203 1.31858
39.5591 25.534 1.31924
39.6577 25.5477 1.31989
39.7563 25.5613 1.32055
39.8549 25.5749 1.3212
39.9535 25.5885 1.32185
40.0521 25.6021 1.32249
40.1507 25.6155 1.32314
40.2492 25.629 1.32378
40.3478 25.6424 1.32443
40.4464 25.6558 1.32507
40.545 25.6691 1.32571
40.6436 25.6824 1.32634
40.7422 25.6957 1.32698
40.8408 25.7089 1.32761
40.9394 25.7221 1.32824
41.038 25.7353 1.32888
41.1366 25.7484 1.3295
41.2352 25.7615 1.33013
41.3338 25.7745 1.33076
41.4324 25.7875 1.33138
41.531 25.8005 1.332
41.6296 25.8134 1.33262
41.7282 25.8263 1.33324
41.8268 25.8392 1.33386
41.9254 25.852 1.33448
42.024 25.8648 1.33509
42.1226 25.8775 1.3357
42.2212 25.8903 1.33631
42.3198 25.903 1.33692
42.4184 25.9156 1.33753
42.517 25.9282 1.33814
42.6156 25.9408 1.33874
42.7142 25.9534 1.33935
42.8128 25.9659 1.33995
42.9114 25.9784 1.34055
43.01 25.9908 1.34115
43.1086 26.0032 1.34175
43.2072 26.0156 1.34234
43.3058 26.028 1.34294
43.4044 26.0403 1.34353
43.503 26.0526 1.34412
43.6016 26.0648 1.34471
43.7002 26.077 1.3453
43.7988 26.0892 1.34589
43.8974 26.1014 1.34647
43.996 26.1135 1.34706
44.0946 26.1256 1.34764
44.1932 26.1376 1.34822
44.2918 26.1497 1.3488
44.3904 26.1617 1.34938
44.489 26.1736 1.34996
44.5876 26.1855 1.35053
44.6862 26.1974 1.35111
44.7848 26.2093 1.35168
44.8834 26.2212 1.35225
44.982 26.233 1.35282
45.0806 26.2448 1.35339
45.1792 26.2565 1.35396
45.2778 26.2682 1.35452
45.3764 26.2799 1.35509
45.475 26.2916 1.35565
45.5736 26.3032 1.35621
45.6722 26.3148 1.35678
45.7708 26.3264 1.35733
45.8694 26.3379 1.35789
45.968 26.3494 1.35845
46.0666 26.3609 1.35901
46.1652 26.3724 1.35956
46.2638 26.3838 1.36011
46.3624 26.3952 1.36066
46.461 26.4066 1.36121
46.5596 26.4179 1.36176
46.6582 26.4292 1.36231
46.7568 26.4405 1.36286
46.8554 26.4518 1.3634
46.954 26.463 1.36395
47.0526 26.4742 1.36449
47.1512 26.4854 1.36503
47.2497 26.4965 1.36557
47.3483 26.5076 1.36611
47.4469 26.5187 1.36665
47.5455 26.5298 1.36718
47.6441 26.5408 1.36772
47.7427 26.5518 1.36825
47.8413 26.5628 1.36879
47.9399 26.5738 1.36932
48.0385 26.5847 1.36985
48.1371 26.5956 1.37038
48.2357 26.6065 1.37091
48.3343 26.6173 1.37143
48.4329 26.6282 1.37196
48.5315 26.639 1.37248
48.6301 26.6497 1.37301
48.7287 26.6605 1.37353
48.8273 26.6712 1.37405
48.9259 26.6819 1.37457
49.0245 26.6926 1.37509
49.1231 26.7033 1.37561
49.2217 26.7139 1.37613
49.3203 26.7245 1.37664
49.4189 26.7351 1.37716
49.5175 26.7456 1.37767
49.6161 26.7561 1.37818
49.7147 26.7666 1.37869
49.8133 26.7771 1.3792
49.9119 26.7876 1.37971
50.0105 26.798 1.38022
50.1091 26.8084 1.38073
50.2077 26.8188 1.38123
50.3063 26.8292 1.38174
50.4049 26.8395 1.38224
50.5035 26.8498 1.38274
50.6021 26.8601 1.38324
50.7007 26.8704 1.38374
50.7993 26.8806 1.38424
50.8979 26.8908 1.38474
50.9965 26.901 1.38524
51.0951 26.9112 1.38574
51.1937 26.9214 1.38623
51.2923 26.9315 1.38673
51.3909 26.9416 1.38722
51.4895 26.9517 1.38771
51.5881 26.9618 1.3882
51.6867 26.9718 1.38869
51.7853 26.9818 1.38918
51.8839 26.9918 1.38967
51.9825 27.0018 1.39016
52.0811 27.0117 1.39064
52.1797 27.0217 1.39113
52.2783 27.0316 1.39161
52.3769 27.0415 1.39209
52.4755 27.0513 1.39258
52.5741 27.0612 1.39306
52.6727 27.071 1.39354
52.7713 27.0808 1.39402
52.8699 27.0906 1.3945
52.9685 27.1003 1.39497
53.0671 27.1101 1.39545
53.1657 27.1198 1.39592
53.2643 27.1295 1.3964
53.3629 27.1391 1.39687
53.4615 27.1488 1.39734
53.5601 27.1584 1.39782
53.6587 27.168 1.39829
53.7573 27.1776 1.39876
53.8559 27.1872 1.39923
53.9545 27.1968 1.39969
54.0531 27.2063 1.40016
54.1517 27.2158 1.40063
54.2503 27.2253 1.40109
54.3488 27.2348 1.40156
54.4474 27.2442 1.40202
54.546 27.2536 1.40248
54.6446 27.263 1.40294
54.7432 27.2724 1.4034
54.8418 27.2818 1.40386
54.9404 27.2912 1.40432
55.039 27.3005 1.40478
55.1376 27.3098 1.40524
55.2362 27.3191 1.40569
55.3348 27.3284 1.40615
55.4334 27.3376 1.4066
55.532 27.3469 1.40705
55.6306 27.3561 1.40751
55.7292 27.3653 1.40796
55.8278 27.3744 1.40841
55.9264 27.3836 1.40886
56.025 27.3927 1.40931
56.1236 27.4019 1.40976
56.2222 27.411 1.4102
56.3208 27.42 1.41065
56.4194 27.4291 1.4111
56.518 27.4382 1.41154
56.6166 27.4472 1.41198
56.7152 27.4562 1.41243
56.8138 27.4652 1.41287
56.9124 27.4742 1.41331
57.011 27.4831 1.41375
57.1096 27.4921 1.41419
57.2082 27.501 1.41463
57.3068 27.5099 1.41507
57.4054 27.5188 1.41551
57.504 27.5276 1.41594
57.6026 27.5365 1.41638
57.7012 27.5453 1.41681
57.7998 27.5541 1.41725
57.8984 27.5629 1.41768
57.997 27.5717 1.41811
58.0956 27.5805 1.41854
58.1942 27.5892 1.41898
58.2928 27.5979 1.41941
58.3914 27.6066 1.41983
58.49 27.6153 1.42026
58.5886 27.624 1.42069
58.6872 27.6327 1.42112
58.7858 27.6413 1.42154
58.8844 27.6499 1.42197
58.983 27.6585 1.42239
59.0816 27.6671 1.42282
59.1802 27.6757 1.42324
59.2788 27.6843 1.42366
59.3774 27.6928 1.42408
59.476 27.7013 1.4245
59.5746 27.7098 1.42492
59.6732 27.7183 1.42534
59.7718 27.7268 1.42576
59.8704 27.7353 1.42618
59.969 27.7437 1.4266
60.0676 27.7521 1.42701
60.1662 27.7605 1.42743
60.2648 27.7689 1.42784
60.3634 27.7773 1.42826
60.462 27.7857 1.42867
60.5606 27.794 1.42908
60.6592 27.8024 1.4295
60.7578 27.8107 1.42991
60.8564 27.819 1.43032
60.955 27.8273 1.43073
61.0536 27.8355 1.43114
61.1522 27.8438 1.43154
61.2508 27.852 1.43195
61.3493 27.8602 1.43236
61.4479 27.8684 1.43276
61.5465 27.8766 1.43317
61.6451 27.8848 1.43357
61.7437 27.893 1.43398
61.8423 27.9011 1.43438
61.9409 27.9092 1.43478
62.0395 27.9173 1.43518
62.1381 27.9254 1.43559
62.2367 27.9335 1.43599
62.3353 27.9416 1.43639
62.4339 27.9497 1.43679
62.5325 27.9577 1.43718
62.6311 27.9657 1.43758
62.7297 27.9737 1.43798
62.8283 27.9817 1.43837
62.9269 27.9897 1.43877
63.0255 27.9977 1.43916
63.1241 28.0056 1.43956
63.2227 28.0136 1.43995
63.3213 28.0215 1.44035
63.4199 28.0294 1.44074
63.5185 28.0373 1.44113
63.6171 28.0452 1.44152
63.7157 28.053 1.44191
63.8143 28.0609 1.4423
63.9129 28.0687 1.44269
64.0115 28.0765 1.44308
64.1101 28.0843 1.44346
64.2087 28.0921 1.44385
64.3073 28.0999 1.44424
64.4059 28.1077 1.44462
64.5045 28.1154 1.44501
64.6031 28.1232 1.44539
64.7017 28.1309 1.44578
64.8003 28.1386 1.44616
64.8989 28.1463 1.44654
64.9975 28.154 1.44692
65.0961 28.1617 1.44731
65.1947 28.1693 1.44769
65.2933 28.177 1.44807
65.3919 28.1846 1.44845
65.4905 28.1922 1.44882
65.5891 28.1998 1.4492
65.6877 28.2074 1.44958
65.7863 28.215 1.44996
65.8849 28.2225 1.45033
65.9835 28.2301 1.45071
66.0821 28.2376 1.45108
66.1807 28.2451 1.45146
66.2793 28.2527 1.45183
66.3779 28.2602 1.4522
66.4765 28.2676 1.45258
66.5751 28.2751 1.45295
66.6737 28.2826 1.45332
66.7723 28.29 1.45369
66.8709 28.2974 1.45406
66.9695 28.3049 1.45443
67.0681 28.3123 1.4548
67.1667 28.3197 1.45517
67.2653 28.327 1.45554
67.3639 28.3344 1.4559
67.4625 28.3418 1.45627
67.5611 28.3491 1.45664
67.6597 28.3564 1.457
67.7583 28.3638 1.45737
67.8569 28.3711 1.45773
67.9555 28.3784 1.45809
68.0541 28.3856 1.45846
68.1527 28.3929 1.45882
68.2513 28.4002 1.45918
68.3498 28.4074 1.45954
68.4484 28.4146 1.4599
68.547 28.4219 1.46026
68.6456 28.4291 1.46062
68.7442 28.4363 1.46098
68.8428 28.4435 1.46134
68.9414 28.4506 1.4617
69.04 28.4578 1.46206
69.1386 28.4649 1.46241
69.2372 28.4721 1.46277
69.3358 28.4792 1.46313
69.4344 28.4863 1.46348
69.533 28.4934 1.46383
69.6316 28.5005 1.46419
69.7302 28.5076 1.46454
69.8288 28.5146 1.4649
69.9274 28.5217 1.46525
70.026 28.5287 1.4656
70.1246 28.5357 1.46595
70.2232 28.5428 1.4663
70.3218 28.5498 1.46665
70.4204 28.5568 1.467
70.519 28.5638 1.46735
70.6176 28.5707 1.4677
70.7162 28.5777 1.46805
70.8148 28.5846 1.4684
70.9134 28.5916 1.46874
71.012 28.5985 1.46909
71.1106 28.6054 1.46943
71.2092 28.6123 1.46978
71.3078 28.6192 1.47013
71.4064 28.6261 1.47047
71.505 28.633 1.47081
71.6036 28.6398 1.47116
71.7022 28.6467 1.4715
71.8008 28.6535 1.47184
71.8994 28.6603 1.47218
71.998 28.6671 1.47253
72.0966 28.674 1.47287
72.1952 28.6807 1.47321
72.2938 28.6875 1.47355
72.3924 28.6943 1.47389
72.491 28.7011 1.47422
72.5896 28.7078 1.47456
72.6882 28.7145 1.4749
72.7868 28.7213 1.47524
72.8854 28.728 1.47557
72.984 28.7347 1.47591
73.0826 28.7414 1.47625
73.1812 28.7481 1.47658
73.2798 28.7548 1.47692
73.3784 28.7614 1.47725
73.477 28.7681 1.47758
73.5756 28.7747 1.47792
73.6742 28.7814 1.47825
73.7728 28.788 1.47858
73.8714 28.7946 1.47891
73.97 28.8012 1.47925
74.0686 28.8078 1.47958
74.1672 28.8144 1.47991
74.2658 28.8209 1.48024
74.3644 28.8275 1.48057
74.463 28.8341 1.48089
74.5616 28.8406 1.48122
74.6602 28.8471 1.48155
74.7588 28.8536 1.48188
74.8574 28.8602 1.48221
74.956 28.8667 1.48253
75.0546 28.8731 1.48286
75.1532 28.8796 1.48318
75.2518 28.8861 1.48351
75.3504 28.8926 1.48383
75.4489 28.899 1.48416
75.5475 28.9054 1.48448
75.6461 28.9119 1.4848
75.7447 28.9183 1.48513
75.8433 28.9247 1.48545
75.9419 28.9311 1.48577
76.0405 28.9375 1.48609
76.1391 28.9439 1.48641
76.2377 28.9503 1.48673
76.3363 28.9566 1.48705
76.4349 28.963 1.48737
76.5335 28.9693 1.48769
76.6321 28.9757 1.48801
76.7307 28.982 1.48833
76.8293 28.9883 1.48865
76.9279 28.9946 1.48897
77.0265 29.0009 1.48928
77.1251 29.0072 1.4896
77.2237 29.0135 1.48992
77.3223 29.0197 1.49023
77.4209 29.026 1.49055
77.5195 29.0323 1.49086
77.6181 29.0385 1.49118
77.7167 29.0447 1.49149
77.8153 29.051 1.4918
77.9139 29.0572 1.49212
78.0125 29.0634 1.49243
78.1111 29.0696 1.49274
78.2097 29.0758 1.49305
78.3083 29.0819 1.49336
78.4069 29.0881 1.49367
78.5055 29.0943 1.49399
78.6041 29.1004 1.4943
78.7027 29.1065 1.49461
78.8013 29.1127 1.49491
78.8999 29.1188 1.49522
78.9985 29.1249 1.49553
79.0971 29.131 1.49584
79.1957 29.1371 1.49615
79.2943 29.1432 1.49645
79.3929 29.1493 1.49676
79.4915 29.1554 1.49707
79.5901 29.1614 1.49737
79.6887 29.1675 1.49768
79.7873 29.1735 1.49798
79.8859 29.1796 1.49829
79.9845 29.1856 1.49859
80.0831 29.1916 1.4989
80.1817 29.1976 1.4992
80.2803 29.2036 1.4995
80.3789 29.2096 1.49981
80.4775 29.2156 1.50011
80.5761 29.2216 1.50041
80.6747 29.2275 1.50071
80.7733 29.2335 1.50101
80.8719 29.2394 1.50131
80.9705 29.2454 1.50161
81.0691 29.2513 1.50191
81.1677 29.2572 1.50221
81.2663 29.2632 1.50251
81.3649 29.2691 1.50281
81.4635 29.275 1.50311
81.5621 29.2809 1.50341
81.6607 29.2867 1.5037
81.7593 29.2926 1.504
81.8579 29.2985 1.5043
81.9565 29.3043 1.50459
82.0551 29.3102 1.50489
82.1537 29.316 1.50519
82.2523 29.3219 1.50548
82.3509 29.3277 1.50578
82.4494 29.3335 1.50607
82.548 29.3393 1.50636
82.6466 29.3451 1.50666
82.7452 29.3509 1.50695
82.8438 29.3567 1.50724
82.9424 29.3625 1.50754
83.041 29.3682 1.50783
83.1396 29.374 1.50812
83.2382 29.3798 1.50841
83.3368 29.3855 1.5087
83.4354 29.3912 1.50899
83.534 29.397 1.50928
83.6326 29.4027 1.50957
83.7312 29.4084 1.50986
83.8298 29.4141 1.51015
83.9284 29.4198 1.51044
84.027 29.4255 1.51073
84.1256 29.4312 1.51102
84.2242 29.4369 1.5113
84.3228 29.4425 1.51159
84.4214 29.4482 1.51188
84.52 29.4538 1.51217
84.6186 29.4595 1.51245
84.7172 29.4651 1.51274
84.8158 29.4708 1.51302
84.9144 29.4764 1.51331
85.013 29.482 1.51359
85.1116 29.4876 1.51388
85.2102 29.4932 1.51416
85.3088 29.4988 1.51445
85.4074 29.5044 1.51473
85.506 29.5099 1.51501
85.6046 29.5155 1.51529
85.7032 29.5211 1.51558
85.8018 29.5266 1.51586
85.9004 29.5322 1.51614
85.999 29.5377 1.51642
86.0976 29.5432 1.5167
86.1962 29.5488 1.51698
86.2948 29.5543 1.51726
86.3934 29.5598 1.51754
86.492 29.5653 1.51782
86.5906 29.5708 1.5181
86.6892 29.5763 1.51838
86.7878 29.5818 1.51866
86.8864 29.5872 1.51894
86.985 29.5927 1.51921
87.0836 29.5982 1.51949
87.1822 29.6036 1.51977
87.2808 29.6091 1.52004
87.3794 29.6145 1.52032
87.478 29.6199 1.5206
87.5766 29.6253 1.52087
87.6752 29.6308 1.52115
87.7738 29.6362 1.52142
87.8724 29.6416 1.5217
87.971 29.647 1.52197
88.0696 29.6523 1.52225
88.1682 29.6577 1.52252
88.2668 29.6631 1.52279
88.3654 29.6685 1.52307
88.464 29.6738 1.52334
88.5626 29.6792 1.52361
88.6612 29.6845 1.52388
88.7598 29.6899 1.52416
88.8584 29.6952 1.52443
88.957 29.7005 1.5247
89.0556 29.7058 1.52497
89.1542 29.7112 1.52524
89.2528 29.7165 1.52551
89.3514 29.7218 1.52578
89.4499 29.727 1.52605
89.5485 29.7323 1.52632
89.6471 29.7376 1.52659
89.7457 29.7429 1.52685
89.8443 29.7481 1.52712
89.9429 29.7534 1.52739
90.0415 29.7586 1.52766
90.1401 29.7639 1.52792
90.2387 29.7691 1.52819
90.3373 29.7744 1.52846
90.4359 29.7796 1.52872
90.5345 29.7848 1.52899
90.6331 29.79 1.52926
90.7317 29.7952 1.52952
90.8303 29.8004 1.52979
90.9289 29.8056 1.53005
91.0275 29.8108 1.53031
91.1261 29.816 1.53058
91.2247 29.8211 1.53084
91.3233 29.8263 1.53111
91.4219 29.8315 1.53137
91.5205 29.8366 1.53163
91.6191 29.8417 1.53189
91.7177 29.8469 1.53216
91.8163 29.852 1.53242
91.9149 29.8571 1.53268
92.0135 29.8623 1.53294
92.1121 29.8674 1.5332
92.2107 29.8725 1.53346
92.3093 29.8776 1.53372
92.4079 29.8827 1.53398
92.5065 29.8878 1.53424
92.6051 29.8928 1.5345
92.7037 29.8979 1.53476
92.8023 29.903 1.53502
92.9009 29.908 1.53528
92.9995 29.9131 1.53554
93.0981 29.9182 1.53579
93.1967 29.9232 1.53605
93.2953 29.9282 1.53631
93.3939 29.9333 1.53657
93.4925 29.9383 1.53682
93.5911 29.9433 1.53708
93.6897 29.9483 1.53734
93.7883 29.9533 1.53759
93.8869 29.9583 1.53785
93.9855 29.9633 1.5381
94.0841 29.9683 1.53836
94.1827 29.9733 1.53861
94.2813 29.9783 1.53887
94.3799 29.9832 1.53912
94.4785 29.9882 1.53937
94.5771 29.9932 1.53963
94.6757 29.9981 1.53988
94.7743 30.0031 1.54013
94.8729 30.008 1.54039
94.9715 30.0129 1.54064
95.0701 30.0179 1.54089
95.1687 30.0228 1.54114
95.2673 30.0277 1.54139
95.3659 30.0326 1.54165
95.4645 30.0375 1.5419
95.5631 30.0424 1.54215
95.6617 30.0473 1.5424
95.7603 30.0522 1.54265
95.8589 30.0571 1.5429
95.9575 30.0619 1.54315
96.0561 30.0668 1.5434
96.1547 30.0717 1.54365
96.2533 30.0765 1.54389
96.3519 30.0814 1.54414
96.4505 30.0862 1.54439
96.549 30.0911 1.54464
96.6476 30.0959 1.54489
96.7462 30.1007 1.54513
96.8448 30.1055 1.54538
96.9434 30.1104 1.54563
97.042 30.1152 1.54587
97.1406 30.12 1.54612
97.2392 30.1248 1.54637
97.3378 30.1296 1.54661
97.4364 30.1344 1.54686
97.535 30.1391 1.5471
97.6336 30.1439 1.54735
97.7322 30.1487 1.54759
97.8308 30.1535 1.54784
97.9294 30.1582 1.54808
98.028 30.163 1.54832
98.1266 30.1677 1.54857
98.2252 30.1725 1.54881
98.3238 30.1772 1.54905
98.4224 30.1819 1.5493
98.521 30.1867 1.54954
98.6196 30.1914 1.54978
98.7182 30.1961 1.55002
98.8168 30.2008 1.55026
98.9154 30.2055 1.55051
99.014 30.2102 1.55075
99.1126 30.2149 1.55099
99.2112 30.2196 1.55123
99.3098 30.2243 1.55147
99.4084 30.229 1.55171
99.507 30.2336 1.55195
99.6056 30.2383 1.55219
99.7042 30.243 1.55243
99.8028 30.2476 1.55267
99.9014 30.2523 1.55291
100 30.2569 1.55314
