1e-05 69.6944 3.09136
0.00101099 16.849 0.92256
0.00201198 13.1088 0.786387
0.00301297 11.2092 0.723473
0.00401396 9.97619 0.686233
0.00501495 9.07999 0.661583
0.00601595 8.38548 0.644199
0.00701694 7.82211 0.631402
0.00801793 7.35173 0.62176
0.00901892 6.95003 0.614362
0.0100199 6.60007 0.608586
0.0110209 6.29152 0.604068
0.0120219 6.01666 0.600543
0.0130229 5.76887 0.597776
0.0140239 5.54373 0.59562
0.0150249 5.33793 0.593968
0.0160259 5.14887 0.592743
0.0170268 4.97425 0.591869
0.0180278 4.81195 0.591267
0.0190288 4.66052 0.590899
0.0200298 4.51883 0.590735
0.0210308 4.38588 0.590739
0.0220318 4.26084 0.590897
0.0230328 4.14292 0.591186
0.0240338 4.03135 0.591578
0.0250348 3.92551 0.592049
0.0260358 3.82493 0.592599
0.0270368 3.72921 0.593217
0.0280377 3.63796 0.593889
0.0290387 3.55085 0.594606
0.0300397 3.4676 0.595372
0.0310407 3.38792 0.596178
0.0320417 3.31154 0.597011
0.0330427 3.23822 0.597862
0.0340437 3.16773 0.598726
0.0350447 3.09994 0.59961
0.0360457 3.03466 0.600508
0.0370467 2.97177 0.601414
0.0380477 2.91111 0.602324
0.0390486 2.85256 0.603235
0.0400496 2.79603 0.604155
0.0410506 2.74139 0.60508
0.0420516 2.68854 0.606004
0.0430526 2.63737 0.606922
0.0440536 2.5878 0.607829
0.0450546 2.53974 0.608726
0.0460556 2.49314 0.609618
0.0470566 2.44792 0.610505
0.0480576 2.40402 0.611383
0.0490586 2.36139 0.612251
0.0500595 2.31996 0.613106
0.0510605 2.27968 0.613948
0.0520615 2.24052 0.614785
0.0530625 2.20243 0.615614
0.0540635 2.16536 0.616432
0.0550645 2.12926 0.617238
0.0560655 2.09409 0.618028
0.0570665 2.05981 0.618801
0.0580675 2.02639 0.619555
0.0590685 1.9938 0.620298
0.0600695 1.96201 0.62103
0.0610705 1.93099 0.621747
0.0620714 1.90072 0.622451
0.0630724 1.87116 0.623138
0.0640734 1.84229 0.623808
0.0650744 1.81409 0.62446
0.0660754 1.78653 0.625098
0.0670764 1.7596 0.625724
0.0680774 1.73328 0.626338
0.0690784 1.70754 0.626937
0.0700794 1.68237 0.62752
0.0710804 1.65774 0.628086
0.0720814 1.63364 0.628634
0.0730823 1.61004 0.629163
0.0740833 1.58694 0.629674
0.0750843 1.56433 0.630173
0.0760853 1.54219 0.630658
0.0770863 1.52051 0.631128
0.0780873 1.49926 0.631582
0.0790883 1.47844 0.63202
0.0800893 1.45803 0.632441
0.0810903 1.43803 0.632846
0.0820913 1.41841 0.633232
0.0830923 1.39917 0.633606
0.0840932 1.38031 0.633966
0.0850942 1.36182 0.634314
0.0860952 1.34368 0.634647
0.0870962 1.32588 0.634964
0.0880972 1.30841 0.635266
0.0890982 1.29126 0.635551
0.0900992 1.27442 0.635818
0.0911002 1.25789 0.636068
0.0921012 1.24166 0.636302
0.0931022 1.22573 0.636524
0.0941032 1.21008 0.636731
0.0951041 1.19472 0.636925
0.0961051 1.17963 0.637104
0.0971061 1.1648 0.637268
0.0981071 1.15023 0.637416
0.0991081 1.1359 0.637549
0.100109 1.12182 0.637665
0.10111 1.10797 0.637766
0.102111 1.09436 0.637853
0.103112 1.08099 0.637928
0.104113 1.06784 0.63799
0.105114 1.05491 0.638039
0.106115 1.04219 0.638073
0.107116 1.02969 0.638093
0.108117 1.01738 0.638099
0.109118 1.00528 0.638089
0.110119 0.993361 0.638063
0.11112 0.981636 0.638022
0.112121 0.970101 0.637968
0.113122 0.958754 0.637901
0.114123 0.947591 0.637822
0.115124 0.936605 0.63773
0.116125 0.925792 0.637624
0.117126 0.915147 0.637506
0.118127 0.904665 0.637373
0.119128 0.894342 0.637226
0.120129 0.884172 0.637065
0.12113 0.874153 0.63689
0.122131 0.86428 0.6367
0.123132 0.854558 0.636499
0.124133 0.844984 0.636286
0.125134 0.835555 0.63606
0.126135 0.826267 0.635823
0.127136 0.817116 0.635573
0.128137 0.808099 0.635311
0.129138 0.799213 0.635035
0.130139 0.790455 0.634747
0.13114 0.781821 0.634445
0.132141 0.773308 0.634129
0.133142 0.764915 0.633799
0.134143 0.756645 0.633459
0.135144 0.748497 0.633107
0.136145 0.740466 0.632744
0.137146 0.732551 0.632369
0.138147 0.724747 0.631983
0.139148 0.717053 0.631584
0.140149 0.709464 0.631174
0.14115 0.701979 0.630751
0.142151 0.694595 0.630316
0.143152 0.68731 0.629868
0.144153 0.68012 0.629408
0.145154 0.673026 0.628935
0.146155 0.666031 0.628453
0.147156 0.659133 0.627959
0.148157 0.652329 0.627455
0.149158 0.645617 0.62694
0.150159 0.638995 0.626414
0.15116 0.632461 0.625876
0.152161 0.626013 0.625328
0.153162 0.619648 0.624767
0.154163 0.613365 0.624196
0.155164 0.607162 0.623613
0.156165 0.601036 0.623018
0.157166 0.59499 0.622412
0.158167 0.589025 0.621796
0.159168 0.583139 0.62117
0.160169 0.57733 0.620534
0.16117 0.571597 0.619888
0.162171 0.565937 0.619232
0.163172 0.560349 0.618565
0.164173 0.554831 0.617888
0.165174 0.549381 0.6172
0.166175 0.543997 0.616501
0.167175 0.538678 0.615792
0.168176 0.533423 0.615072
0.169177 0.52823 0.614342
0.170178 0.523103 0.613602
0.171179 0.51804 0.612852
0.17218 0.513042 0.612094
0.173181 0.508105 0.611325
0.174182 0.503229 0.610547
0.175183 0.498413 0.609759
0.176184 0.493654 0.608962
0.177185 0.488952 0.608156
0.178186 0.484306 0.607339
0.179187 0.479714 0.606514
0.180188 0.475175 0.605678
0.181189 0.470688 0.604833
0.18219 0.466254 0.603979
0.183191 0.461875 0.603116
0.184192 0.457549 0.602245
0.185193 0.453276 0.601365
0.186194 0.449054 0.600476
0.187195 0.444881 0.599579
0.188196 0.440758 0.598673
0.189197 0.436682 0.597758
0.190198 0.432652 0.596834
0.191199 0.428667 0.595902
0.1922 0.424726 0.594961
0.193201 0.420828 0.594011
0.194202 0.416972 0.593052
0.195203 0.413158 0.592084
0.196204 0.409389 0.591108
0.197205 0.405663 0.590124
0.198206 0.40198 0.589132
0.199207 0.398339 0.588131
0.200208 0.394739 0.587123
0.201209 0.391179 0.586107
0.20221 0.387659 0.585083
0.203211 0.384177 0.584051
0.204212 0.380733 0.583011
0.205213 0.377327 0.581963
0.206214 0.373956 0.580908
0.207215 0.370622 0.579846
0.208216 0.367322 0.578776
0.209217 0.364061 0.577698
0.210218 0.360836 0.576614
0.211219 0.357648 0.575522
0.21222 0.354495 0.574423
0.213221 0.351377 0.573317
0.214222 0.348293 0.572204
0.215223 0.345243 0.571084
0.216224 0.342224 0.569956
0.217225 0.339237 0.568822
0.218226 0.336281 0.567681
0.219227 0.333355 0.566533
0.220228 0.330458 0.565378
0.221229 0.32759 0.564216
0.22223 0.324751 0.563047
0.223231 0.321943 0.561871
0.224232 0.319165 0.560688
0.225233 0.316417 0.559499
0.226234 0.313698 0.558303
0.227235 0.311007 0.557101
0.228236 0.308345 0.555893
0.229237 0.30571 0.554678
0.230238 0.303102 0.553457
0.231239 0.30052 0.552231
0.23224 0.297964 0.550998
0.233241 0.295433 0.54976
0.234242 0.292927 0.548516
0.235243 0.290445 0.547266
0.236244 0.287989 0.54601
0.237245 0.285558 0.544749
0.238246 0.283154 0.543482
0.239247 0.280774 0.54221
0.240248 0.278419 0.540932
0.241249 0.276088 0.539648
0.24225 0.273781 0.538359
0.243251 0.271497 0.537065
0.244252 0.269234 0.535765
0.245253 0.266994 0.53446
0.246254 0.264776 0.53315
0.247255 0.262578 0.531835
0.248256 0.260401 0.530515
0.249257 0.258244 0.529189
0.250258 0.256107 0.527859
0.251259 0.253991 0.526523
0.25226 0.251897 0.525182
0.253261 0.249824 0.523836
0.254262 0.247772 0.522485
0.255263 0.245739 0.521128
0.256264 0.243727 0.519768
0.257265 0.241733 0.518402
0.258266 0.239759 0.517032
0.259267 0.237804 0.515658
0.260268 0.235866 0.51428
0.261269 0.233947 0.512898
0.26227 0.232046 0.511512
0.263271 0.230162 0.510123
0.264272 0.228295 0.50873
0.265273 0.226446 0.507332
0.266274 0.224616 0.505931
0.267275 0.222805 0.504525
0.268276 0.22101 0.503116
0.269277 0.219234 0.501702
0.270278 0.217474 0.500285
0.271279 0.21573 0.498864
0.27228 0.214003 0.497439
0.273281 0.212292 0.496011
0.274282 0.210596 0.494579
0.275283 0.208916 0.493144
0.276284 0.20725 0.491706
0.277285 0.205599 0.490264
0.278285 0.203962 0.488819
0.279286 0.202339 0.487371
0.280287 0.200731 0.48592
0.281288 0.199139 0.484464
0.282289 0.197562 0.483005
0.28329 0.195999 0.481542
0.284291 0.194451 0.480076
0.285292 0.192917 0.478607
0.286293 0.191397 0.477136
0.287294 0.18989 0.475661
0.288295 0.188397 0.474184
0.289296 0.186917 0.472704
0.290297 0.18545 0.471222
0.291298 0.183995 0.469738
0.292299 0.182553 0.468252
0.2933 0.181123 0.466763
0.294301 0.179706 0.465273
0.295302 0.178301 0.46378
0.296303 0.17691 0.462284
0.297304 0.175532 0.460786
0.298305 0.174166 0.459285
0.299306 0.172813 0.457782
0.300307 0.171472 0.456277
0.301308 0.170142 0.45477
0.302309 0.168824 0.45326
0.30331 0.167517 0.451749
0.304311 0.166222 0.450236
0.305312 0.164937 0.448722
0.306313 0.163663 0.447205
0.307314 0.162399 0.445688
0.308315 0.161146 0.444169
0.309316 0.159902 0.442648
0.310317 0.15867 0.441125
0.311318 0.157449 0.4396
0.312319 0.156239 0.438072
0.31332 0.155039 0.436543
0.314321 0.15385 0.435012
0.315322 0.152671 0.433479
0.316323 0.151502 0.431945
0.317324 0.150343 0.43041
0.318325 0.149194 0.428874
0.319326 0.148054 0.427337
0.320327 0.146924 0.425799
0.321328 0.145803 0.424261
0.322329 0.144691 0.422723
0.32333 0.143588 0.421184
0.324331 0.142494 0.419645
0.325332 0.14141 0.418105
0.326333 0.140336 0.416564
0.327334 0.139271 0.415022
0.328335 0.138215 0.413479
0.329336 0.137169 0.411935
0.330337 0.136131 0.41039
0.331338 0.135102 0.408844
0.332339 0.134082 0.407299
0.33334 0.13307 0.405752
0.334341 0.132066 0.404206
0.335342 0.13107 0.402659
0.336343 0.130082 0.401113
0.337344 0.129102 0.399566
0.338345 0.128129 0.39802
0.339346 0.127163 0.396473
0.340347 0.126206 0.394927
0.341348 0.125256 0.393379
0.342349 0.124314 0.391831
0.34335 0.12338 0.390282
0.344351 0.122454 0.388732
0.345352 0.121536 0.387183
0.346353 0.120625 0.385633
0.347354 0.119721 0.384084
0.348355 0.118825 0.382535
0.349356 0.117935 0.380986
0.350357 0.117053 0.379438
0.351358 0.116178 0.377891
0.352359 0.115309 0.376345
0.35336 0.114447 0.374799
0.354361 0.113592 0.373255
0.355362 0.112743 0.371713
0.356363 0.111901 0.37017
0.357364 0.111067 0.368628
0.358365 0.110239 0.367086
0.359366 0.109418 0.365544
0.360367 0.108604 0.364003
0.361368 0.107797 0.362463
0.362369 0.106995 0.360923
0.36337 0.106201 0.359384
0.364371 0.105412 0.357846
0.365372 0.104629 0.356309
0.366373 0.103853 0.354774
0.367374 0.103082 0.353239
0.368375 0.102317 0.351706
0.369376 0.101557 0.350175
0.370377 0.100803 0.348645
0.371378 0.100055 0.347116
0.372379 0.0993123 0.345588
0.37338 0.0985757 0.344061
0.374381 0.0978449 0.342533
0.375382 0.0971199 0.341007
0.376383 0.0964006 0.339482
0.377384 0.0956869 0.337958
0.378385 0.0949786 0.336435
0.379386 0.0942758 0.334914
0.380387 0.0935784 0.333395
0.381388 0.0928861 0.331877
0.382389 0.0921991 0.330361
0.38339 0.0915172 0.328848
0.384391 0.0908402 0.327337
0.385392 0.0901683 0.325828
0.386393 0.0895011 0.324322
0.387394 0.088839 0.322818
0.388395 0.0881823 0.321316
0.389395 0.0875308 0.319815
0.390396 0.0868845 0.318316
0.391397 0.0862433 0.316818
0.392398 0.0856071 0.315322
0.393399 0.0849757 0.313828
0.3944 0.0843491 0.312336
0.395401 0.0837272 0.310847
0.396402 0.0831099 0.309359
0.397403 0.082497 0.307874
0.398404 0.0818887 0.306391
0.399405 0.0812846 0.30491
0.400406 0.0806848 0.303432
0.401407 0.0800891 0.301957
0.402408 0.0794975 0.300484
0.403409 0.07891 0.299014
0.40441 0.078327 0.297545
0.405411 0.0777485 0.296078
0.406412 0.0771743 0.294613
0.407413 0.0766045 0.293149
0.408414 0.0760389 0.291688
0.409415 0.0754775 0.290229
0.410416 0.0749202 0.288773
0.411417 0.074367 0.287319
0.412418 0.0738178 0.285868
0.413419 0.0732725 0.284419
0.41442 0.0727312 0.282974
0.415421 0.0721937 0.281532
0.416422 0.07166 0.280094
0.417423 0.07113 0.278658
0.418424 0.0706037 0.277227
0.419425 0.0700811 0.275799
0.420426 0.0695626 0.274373
0.421427 0.069048 0.27295
0.422428 0.0685374 0.27153
0.423429 0.0680306 0.270112
0.42443 0.0675276 0.268697
0.425431 0.0670283 0.267285
0.426432 0.0665327 0.265877
0.427433 0.0660406 0.264471
0.428434 0.065552 0.263068
0.429435 0.0650667 0.261668
0.430436 0.0645849 0.260272
0.431437 0.0641063 0.258879
0.432438 0.0636309 0.257489
0.433439 0.0631587 0.256103
0.43444 0.0626896 0.254721
0.435441 0.0622235 0.253342
0.436442 0.0617606 0.251965
0.437443 0.0613012 0.250591
0.438444 0.060845 0.24922
0.439445 0.0603922 0.247852
0.440446 0.0599425 0.246487
0.441447 0.0594961 0.245125
0.442448 0.0590527 0.243766
0.443449 0.0586125 0.24241
0.44445 0.0581754 0.241058
0.445451 0.0577413 0.239709
0.446452 0.0573101 0.238365
0.447453 0.0568819 0.237024
0.448454 0.0564567 0.235687
0.449455 0.0560343 0.234354
0.450456 0.0556147 0.233025
0.451457 0.0551979 0.2317
0.452458 0.0547841 0.23038
0.453459 0.0543733 0.229063
0.45446 0.0539655 0.227749
0.455461 0.0535607 0.226439
0.456462 0.0531589 0.225132
0.457463 0.0527598 0.223829
0.458464 0.0523636 0.222529
0.459465 0.0519702 0.221233
0.460466 0.0515795 0.219941
0.461467 0.0511914 0.218653
0.462468 0.0508059 0.217368
0.463469 0.050423 0.216088
0.46447 0.0500425 0.214811
0.465471 0.0496646 0.213539
0.466472 0.049289 0.21227
0.467473 0.0489158 0.211006
0.468474 0.0485449 0.209746
0.469475 0.0481766 0.208489
0.470476 0.0478108 0.207236
0.471477 0.0474475 0.205986
0.472478 0.0470868 0.204739
0.473479 0.0467285 0.203497
0.47448 0.0463727 0.202258
0.475481 0.0460193 0.201022
0.476482 0.0456682 0.199791
0.477483 0.0453196 0.198564
0.478484 0.0449732 0.197341
0.479485 0.0446292 0.196122
0.480486 0.0442875 0.194908
0.481487 0.043948 0.193697
0.482488 0.0436107 0.192492
0.483489 0.0432756 0.191291
0.48449 0.0429427 0.190095
0.485491 0.0426121 0.188903
0.486492 0.0422838 0.187715
0.487493 0.0419579 0.186531
0.488494 0.0416343 0.185351
0.489495 0.0413129 0.184176
0.490496 0.0409938 0.183004
0.491497 0.0406768 0.181836
0.492498 0.0403621 0.180673
0.493499 0.0400494 0.179514
0.4945 0.0397387 0.178359
0.495501 0.0394301 0.177208
0.496502 0.0391235 0.176061
0.497503 0.0388189 0.174919
0.498504 0.0385161 0.173781
0.499505 0.0382152 0.172648
0.500505 0.0379162 0.171519
0.501506 0.037619 0.170394
0.502507 0.0373236 0.169274
0.503508 0.0370302 0.168157
0.504509 0.0367388 0.167044
0.50551 0.0364493 0.165935
0.506511 0.0361618 0.16483
0.507512 0.0358762 0.163729
0.508513 0.0355924 0.162632
0.509514 0.0353105 0.161539
0.510515 0.0350305 0.160451
0.511516 0.0347523 0.159367
0.512517 0.0344759 0.158287
0.513518 0.0342013 0.157212
0.514519 0.0339284 0.156142
0.51552 0.0336573 0.155076
0.516521 0.033388 0.154015
0.517522 0.0331203 0.152959
0.518523 0.0328544 0.151907
0.519524 0.0325902 0.15086
0.520525 0.0323279 0.149818
0.521526 0.0320674 0.148779
0.522527 0.0318087 0.147745
0.523528 0.0315518 0.146716
0.524529 0.0312966 0.14569
0.52553 0.0310431 0.144669
0.526531 0.0307912 0.143652
0.527532 0.030541 0.14264
0.528533 0.0302924 0.141632
0.529534 0.0300454 0.140628
0.530535 0.0298 0.139629
0.531536 0.029556 0.138634
0.532537 0.0293136 0.137644
0.533538 0.0290727 0.136658
0.534539 0.0288332 0.135677
0.53554 0.0285951 0.1347
0.536541 0.0283586 0.133727
0.537542 0.0281236 0.132758
0.538543 0.0278901 0.131794
0.539544 0.0276582 0.130833
0.540545 0.0274278 0.129876
0.541546 0.0271989 0.128924
0.542547 0.0269714 0.127976
0.543548 0.0267455 0.127033
0.544549 0.026521 0.126093
0.54555 0.026298 0.125158
0.546551 0.0260764 0.124228
0.547552 0.0258562 0.123302
0.548553 0.0256375 0.122381
0.549554 0.0254201 0.121464
0.550555 0.0252042 0.120552
0.551556 0.0249896 0.119644
0.552557 0.0247764 0.118742
0.553558 0.0245647 0.117844
0.554559 0.0243544 0.11695
0.55556 0.0241456 0.11606
0.556561 0.0239382 0.115175
0.557562 0.0237322 0.114294
0.558563 0.0235277 0.113418
0.559564 0.0233244 0.112546
0.560565 0.0231225 0.111678
0.561566 0.022922 0.110814
0.562567 0.0227227 0.109955
0.563568 0.0225247 0.109101
0.564569 0.0223279 0.10825
0.56557 0.0221324 0.107404
0.566571 0.0219381 0.106562
0.567572 0.021745 0.105725
0.568573 0.0215531 0.104891
0.569574 0.0213623 0.104062
0.570575 0.0211727 0.103238
0.571576 0.0209844 0.102417
0.572577 0.0207973 0.1016
0.573578 0.0206114 0.100788
0.574579 0.0204267 0.0999791
0.57558 0.0202433 0.0991747
0.576581 0.0200611 0.0983746
0.577582 0.01988 0.0975786
0.578583 0.0197002 0.0967869
0.579584 0.0195215 0.0959995
0.580585 0.019344 0.0952163
0.581586 0.0191676 0.0944375
0.582587 0.0189925 0.093663
0.583588 0.0188184 0.0928929
0.584589 0.0186456 0.0921272
0.58559 0.0184738 0.0913659
0.586591 0.0183032 0.090609
0.587592 0.0181337 0.0898566
0.588593 0.0179655 0.0891084
0.589594 0.0177984 0.0883644
0.590595 0.0176325 0.0876247
0.591596 0.0174677 0.0868892
0.592597 0.0173041 0.0861578
0.593598 0.0171416 0.0854307
0.594599 0.0169802 0.0847077
0.5956 0.0168199 0.0839888
0.596601 0.0166607 0.083274
0.597602 0.0165025 0.0825634
0.598603 0.0163454 0.0818568
0.599604 0.0161892 0.0811543
0.600605 0.0160342 0.0804559
0.601606 0.0158801 0.0797615
0.602607 0.0157269 0.0790711
0.603608 0.0155748 0.0783847
0.604609 0.0154236 0.0777023
0.60561 0.0152735 0.0770238
0.606611 0.0151243 0.0763491
0.607612 0.0149762 0.0756784
0.608613 0.0148291 0.0750116
0.609614 0.014683 0.0743487
0.610615 0.0145379 0.0736897
0.611615 0.0143938 0.0730347
0.612616 0.0142507 0.0723837
0.613617 0.0141086 0.0717366
0.614618 0.0139674 0.0710935
0.615619 0.0138272 0.0704545
0.61662 0.013688 0.0698194
0.617621 0.0135498 0.0691883
0.618622 0.0134125 0.0685612
0.619623 0.0132762 0.0679382
0.620624 0.0131408 0.0673192
0.621625 0.0130064 0.0667043
0.622626 0.012873 0.0660934
0.623627 0.0127406 0.0654864
0.624628 0.0126091 0.0648834
0.625629 0.0124786 0.0642844
0.62663 0.0123491 0.0636893
0.627631 0.0122205 0.063098
0.628632 0.0120928 0.0625106
0.629633 0.0119661 0.0619271
0.630634 0.0118403 0.0613473
0.631635 0.0117154 0.0607713
0.632636 0.0115913 0.0601991
0.633637 0.0114682 0.0596306
0.634638 0.0113459 0.0590658
0.635639 0.0112245 0.0585047
0.63664 0.0111039 0.0579472
0.637641 0.0109842 0.0573934
0.638642 0.0108652 0.0568432
0.639643 0.0107472 0.0562965
0.640644 0.01063 0.0557536
0.641645 0.0105136 0.0552142
0.642646 0.0103981 0.0546784
0.643647 0.0102835 0.0541463
0.644648 0.0101697 0.0536178
0.645649 0.0100568 0.0530928
0.64665 0.0099447 0.0525715
0.647651 0.00983345 0.0520538
0.648652 0.00972304 0.0515396
0.649653 0.00961346 0.0510291
0.650654 0.00950472 0.0505221
0.651655 0.00939679 0.0500187
0.652656 0.0092897 0.0495188
0.653657 0.00918342 0.0490226
0.654658 0.00907795 0.0485298
0.655659 0.0089733 0.0480407
0.65666 0.00886946 0.0475551
0.657661 0.00876647 0.0470731
0.658662 0.00866431 0.0465948
0.659663 0.00856299 0.04612
0.660664 0.00846249 0.0456488
0.661665 0.00836281 0.045181
0.662666 0.00826392 0.0447168
0.663667 0.00816584 0.0442559
0.664668 0.00806854 0.0437985
0.665669 0.00797202 0.0433445
0.66667 0.00787626 0.0428938
0.667671 0.00778127 0.0424465
0.668672 0.00768704 0.0420024
0.669673 0.00759354 0.0415615
0.670674 0.00750079 0.0411239
0.671675 0.00740876 0.0406895
0.672676 0.00731745 0.0402582
0.673677 0.00722685 0.0398301
0.674678 0.00713698 0.0394051
0.675679 0.00704785 0.0389834
0.67668 0.00695946 0.038565
0.677681 0.0068718 0.0381497
0.678682 0.00678488 0.0377377
0.679683 0.0066987 0.0373288
0.680684 0.00661324 0.0369231
0.681685 0.00652851 0.0365206
0.682686 0.0064445 0.0361213
0.683687 0.00636121 0.035725
0.684688 0.00627864 0.0353319
0.685689 0.00619678 0.0349419
0.68669 0.00611564 0.034555
0.687691 0.0060352 0.0341712
0.688692 0.00595548 0.0337904
0.689693 0.00587645 0.0334127
0.690694 0.00579813 0.033038
0.691695 0.00572051 0.0326663
0.692696 0.00564362 0.0322979
0.693697 0.00556746 0.0319326
0.694698 0.00549202 0.0315704
0.695699 0.00541729 0.0312113
0.6967 0.00534326 0.0308553
0.697701 0.00526993 0.0305023
0.698702 0.00519729 0.0301523
0.699703 0.00512532 0.0298052
0.700704 0.00505403 0.0294611
0.701705 0.00498341 0.0291198
0.702706 0.00491344 0.0287814
0.703707 0.00484411 0.0284457
0.704708 0.00477543 0.0281129
0.705709 0.00470738 0.0277827
0.70671 0.00463996 0.0274553
0.707711 0.00457316 0.0271305
0.708712 0.00450696 0.0268084
0.709713 0.00444139 0.0264889
0.710714 0.00437646 0.0261722
0.711715 0.00431217 0.0258583
0.712716 0.00424852 0.0255472
0.713717 0.00418551 0.0252389
0.714718 0.00412313 0.0249333
0.715719 0.00406138 0.0246304
0.71672 0.00400025 0.0243302
0.717721 0.00393974 0.0240327
0.718722 0.00387986 0.0237378
0.719723 0.00382058 0.0234456
0.720724 0.00376191 0.023156
0.721725 0.00370385 0.0228689
0.722725 0.00364639 0.0225844
0.723726 0.00358953 0.0223025
0.724727 0.00353327 0.0220231
0.725728 0.00347759 0.0217462
0.726729 0.00342251 0.0214717
0.72773 0.00336803 0.0211999
0.728731 0.00331419 0.0209308
0.729732 0.00326097 0.0206644
0.730733 0.00320836 0.0204005
0.731734 0.00315635 0.0201393
0.732735 0.00310494 0.0198806
0.733736 0.00305412 0.0196244
0.734737 0.00300388 0.0193707
0.735738 0.0029542 0.0191194
0.736739 0.00290509 0.0188705
0.73774 0.00285654 0.018624
0.738741 0.00280853 0.0183798
0.739742 0.00276106 0.0181379
0.740743 0.00271413 0.0178982
0.741744 0.00266771 0.0176607
0.742745 0.00262181 0.0174254
0.743746 0.00257642 0.0171922
0.744747 0.00253153 0.0169611
0.745748 0.00248719 0.0167324
0.746749 0.0024434 0.016506
0.74775 0.00240016 0.0162819
0.748751 0.00235746 0.0160601
0.749752 0.0023153 0.0158406
0.750753 0.00227367 0.0156233
0.751754 0.00223256 0.0154083
0.752755 0.00219197 0.0151954
0.753756 0.00215189 0.0149847
0.754757 0.00211232 0.0147762
0.755758 0.00207324 0.0145698
0.756759 0.00203467 0.0143654
0.75776 0.00199658 0.0141631
0.758761 0.00195897 0.0139629
0.759762 0.00192184 0.0137647
0.760763 0.00188518 0.0135684
0.761764 0.00184899 0.0133742
0.762765 0.00181327 0.0131819
0.763766 0.00177806 0.0129917
0.764767 0.00174338 0.0128038
0.765768 0.0017092 0.012618
0.766769 0.00167552 0.0124344
0.76777 0.00164234 0.0122528
0.768771 0.00160963 0.0120732
0.769772 0.0015774 0.0118957
0.770773 0.00154563 0.0117201
0.771774 0.00151432 0.0115464
0.772775 0.00148346 0.0113746
0.773776 0.00145303 0.0112047
0.774777 0.00142303 0.0110366
0.775778 0.00139345 0.0108702
0.776779 0.00136429 0.0107057
0.77778 0.00133552 0.0105428
0.778781 0.00130716 0.0103816
0.779782 0.00127918 0.0102221
0.780783 0.00125159 0.0100642
0.781784 0.00122446 0.00990823
0.782785 0.00119778 0.00975414
0.783786 0.00117154 0.0096019
0.784787 0.00114574 0.00945148
0.785788 0.00112036 0.00930286
0.786789 0.00109539 0.00915601
0.78779 0.00107084 0.00901089
0.788791 0.00104669 0.00886749
0.789792 0.00102293 0.00872577
0.790793 0.000999556 0.00858572
0.791794 0.00097656 0.00844729
0.792795 0.000953935 0.00831047
0.793796 0.000931671 0.00817524
0.794797 0.000909762 0.00804155
0.795798 0.0008882 0.00790939
0.796799 0.000866977 0.00777873
0.7978 0.000846086 0.00764955
0.798801 0.000825548 0.00752192
0.799802 0.000805419 0.00739601
0.800803 0.000785692 0.00727181
0.801804 0.000766356 0.00714927
0.802805 0.000747401 0.00702837
0.803806 0.000728816 0.00690907
0.804807 0.000710592 0.00679133
0.805808 0.000692719 0.00667512
0.806809 0.000675186 0.00656041
0.80781 0.000657984 0.00644717
0.808811 0.000641103 0.00633536
0.809812 0.000624533 0.00622494
0.810813 0.000608264 0.0061159
0.811814 0.000592288 0.00600818
0.812815 0.000576594 0.00590177
0.813816 0.000561173 0.00579663
0.814817 0.000546015 0.00569273
0.815818 0.000531111 0.00559003
0.816819 0.000516491 0.00548863
0.81782 0.000502211 0.00538869
0.818821 0.000488262 0.00529019
0.819822 0.000474636 0.0051931
0.820823 0.000461323 0.0050974
0.821824 0.000448313 0.00500305
0.822825 0.000435597 0.00491004
0.823826 0.000423166 0.00481833
0.824827 0.000411009 0.00472791
0.825828 0.000399119 0.00463873
0.826829 0.000387486 0.00455078
0.82783 0.000376101 0.00446403
0.828831 0.000364955 0.00437845
0.829832 0.000354039 0.00429403
0.830833 0.000343344 0.00421073
0.831834 0.000332862 0.00412852
0.832835 0.000322583 0.00404739
0.833835 0.000312498 0.0039673
0.834836 0.000302642 0.00388836
0.835837 0.000293069 0.00381072
0.836838 0.000283768 0.00373434
0.837839 0.000274731 0.0036592
0.83884 0.000265947 0.00358526
0.839841 0.000257406 0.0035125
0.840842 0.000249098 0.00344089
0.841843 0.000241014 0.00337039
0.842844 0.000233144 0.00330099
0.843845 0.000225478 0.00323264
0.844846 0.000218006 0.00316532
0.845847 0.000210719 0.003099
0.846848 0.000203608 0.00303365
0.847849 0.000196663 0.00296925
0.84885 0.000189875 0.00290577
0.849851 0.000183235 0.00284317
0.850852 0.000176732 0.00278143
0.851853 0.00017036 0.00272053
0.852854 0.000164148 0.00266054
0.853855 0.000158151 0.00260163
0.854856 0.00015236 0.00254377
0.855857 0.000146767 0.00248693
0.856858 0.000141362 0.00243109
0.857859 0.000136138 0.00237622
0.85886 0.000131085 0.00232231
0.859861 0.000126195 0.00226932
0.860862 0.00012146 0.00221723
0.861863 0.000116871 0.00216602
0.862864 0.00011242 0.00211567
0.863865 0.000108099 0.00206615
0.864866 0.0001039 0.00201743
0.865867 9.98142e-05 0.0019695
0.866868 9.58338e-05 0.00192233
0.867869 9.19509e-05 0.0018759
0.86887 8.81573e-05 0.00183019
0.869871 8.44453e-05 0.00178517
0.870872 8.08422e-05 0.00174092
0.871873 7.73954e-05 0.00169759
0.872874 7.40978e-05 0.00165516
0.873875 7.09419e-05 0.00161358
0.874876 6.79201e-05 0.00157285
0.875877 6.50249e-05 0.00153294
0.876878 6.22487e-05 0.00149381
0.877879 5.95842e-05 0.00145546
0.87888 5.7024e-05 0.00141784
0.879881 5.45607e-05 0.00138094
0.880882 5.21872e-05 0.00134473
0.881883 4.98962e-05 0.00130919
0.882884 4.76804e-05 0.00127429
0.883885 4.55328e-05 0.00124001
0.884886 4.34464e-05 0.00120633
0.885887 4.1414e-05 0.00117322
0.886888 3.94287e-05 0.00114066
0.887889 3.74835e-05 0.00110863
0.88889 3.55982e-05 0.00107719
0.889891 3.38135e-05 0.00104648
0.890892 3.21246e-05 0.00101649
0.891893 3.0526e-05 0.000987188
0.892894 2.90122e-05 0.000958563
0.893895 2.75776e-05 0.000930589
0.894896 2.62168e-05 0.000903246
0.895897 2.49244e-05 0.000876514
0.896898 2.36949e-05 0.000850371
0.897899 2.25232e-05 0.000824799
0.8989 2.14037e-05 0.000799775
0.899901 2.03313e-05 0.000775281
0.900902 1.93007e-05 0.000751296
0.901903 1.83068e-05 0.000727801
0.902904 1.73442e-05 0.000704776
0.903905 1.64079e-05 0.0006822
0.904906 1.54928e-05 0.000660056
0.905907 1.45938e-05 0.000638322
0.906908 1.37237e-05 0.000617059
0.907909 1.29123e-05 0.000596396
0.90891 1.21567e-05 0.000576315
0.909911 1.14531e-05 0.000556796
0.910912 1.07978e-05 0.000537818
0.911913 1.01871e-05 0.00051936
0.912914 9.61728e-06 0.000501403
0.913915 9.08475e-06 0.000483926
0.914916 8.58585e-06 0.000466908
0.915917 8.11696e-06 0.00045033
0.916918 7.6745e-06 0.000434172
0.917919 7.2549e-06 0.000418415
0.91892 6.85462e-06 0.000403038
0.919921 6.47015e-06 0.000388022
0.920922 6.09799e-06 0.000373348
0.921923 5.73467e-06 0.000358996
0.922924 5.37674e-06 0.000344948
0.923925 5.02077e-06 0.000331184
0.924926 4.67456e-06 0.00031776
0.925927 4.35655e-06 0.000304795
0.926928 4.06523e-06 0.000292274
0.927929 3.79861e-06 0.000280181
0.92893 3.5547e-06 0.000268497
0.929931 3.33155e-06 0.000257205
0.930932 3.12721e-06 0.000246287
0.931933 2.93973e-06 0.000235726
0.932934 2.76718e-06 0.000225505
0.933935 2.60767e-06 0.000215606
0.934936 2.45927e-06 0.000206013
0.935937 2.3201e-06 0.000196709
0.936938 2.18829e-06 0.000187677
0.937939 2.06196e-06 0.0001789
0.93894 1.93927e-06 0.000170361
0.939941 1.81836e-06 0.000162045
0.940942 1.69742e-06 0.000153934
0.941943 1.57461e-06 0.000146013
0.942944 1.45523e-06 0.000138348
0.943945 1.3473e-06 0.000131032
0.944945 1.24997e-06 0.000124048
0.945946 1.16238e-06 0.000117379
0.946947 1.08365e-06 0.000111011
0.947948 1.01292e-06 0.000104927
0.948949 9.49336e-07 9.91117e-05
0.94995 8.92036e-07 9.35482e-05
0.950951 8.40174e-07 8.82213e-05
0.951952 7.92909e-07 8.31155e-05
0.952953 7.49404e-07 7.82151e-05
0.953954 7.08825e-07 7.35049e-05
0.954955 6.70347e-07 6.89694e-05
0.955956 6.33148e-07 6.45933e-05
0.956957 5.9641e-07 6.03617e-05
0.957958 5.59323e-07 5.62594e-05
0.958959 5.2108e-07 5.22715e-05
0.95996 4.8117e-07 4.83912e-05
0.960961 4.43587e-07 4.47319e-05
0.961962 4.09616e-07 4.13226e-05
0.962963 3.78957e-07 3.81476e-05
0.963964 3.51315e-07 3.51911e-05
0.964965 3.26397e-07 3.24376e-05
0.965966 3.0391e-07 2.98714e-05
0.966967 2.83563e-07 2.74771e-05
0.967968 2.65068e-07 2.52395e-05
0.968969 2.48138e-07 2.31431e-05
0.96997 2.32489e-07 2.1173e-05
0.970971 2.17836e-07 1.9314e-05
0.971972 2.03899e-07 1.75512e-05
0.972973 1.90397e-07 1.58696e-05
0.973974 1.77053e-07 1.42546e-05
0.974975 1.63589e-07 1.26914e-05
0.975976 1.49732e-07 1.11653e-05
0.976977 1.35472e-07 9.68265e-06
0.977978 1.22329e-07 8.36381e-06
0.978979 1.10483e-07 7.21616e-06
0.97998 9.9805e-08 6.22231e-06
0.980981 9.01678e-08 5.36495e-06
0.981982 8.14445e-08 4.62691e-06
0.982983 7.35089e-08 3.99109e-06
0.983984 6.62356e-08 3.4405e-06
0.984985 5.94999e-08 2.95827e-06
0.985986 5.31781e-08 2.52763e-06
0.986987 4.71469e-08 2.13188e-06
0.987988 4.1284e-08 1.75446e-06
0.988989 3.54679e-08 1.37889e-06
0.98999 2.95774e-08 9.88794e-07
0.990991 2.39154e-08 6.28086e-07
0.991992 1.91933e-08 3.95148e-07
0.992993 1.52452e-08 2.60325e-07
0.993994 1.18794e-08 1.90302e-07
0.994995 8.90541e-09 1.51962e-07
0.995996 6.13399e-09 1.12387e-07
0.996997 3.52538e-09 5.30309e-08
0.997998 1.81492e-09 3.91308e-08
0.998999 5.46996e-10 3.32927e-08
1 0 0
