1.5 1.9681 0.373126
1.5986 2.48018 0.389557
1.6972 2.96969 0.405421
1.7958 3.43582 0.420662
1.89439 3.88153 0.435347
1.99299 4.30756 0.449484
2.09159 4.71413 0.463068
2.19019 5.1034 0.476152
2.28879 5.47686 0.488775
2.38739 5.83502 0.500947
2.48599 6.17843 0.512679
2.58458 6.50833 0.524005
2.68318 6.82619 0.534966
2.78178 7.13252 0.545574
2.88038 7.42783 0.555842
2.97898 7.71257 0.565785
3.07758 7.98727 0.575416
3.17618 8.25302 0.584766
3.27477 8.51038 0.593852
3.37337 8.75972 0.602684
3.47197 9.00138 0.611273
3.57057 9.2357 0.619627
3.66917 9.46298 0.627756
3.76777 9.68352 0.635669
3.86637 9.89864 0.64338
3.96496 10.1091 0.650904
4.06356 10.3146 0.658249
4.16216 10.5148 0.665421
4.26076 10.7094 0.672428
4.35936 10.8983 0.679274
4.45796 11.0813 0.685966
4.55656 11.2582 0.692511
4.65516 11.4291 0.698912
4.75375 11.5938 0.705175
4.85235 11.7526 0.711309
4.95095 11.9061 0.717321
5.04955 12.0547 0.723215
5.14815 12.1991 0.728996
5.24675 12.3394 0.734666
5.34535 12.476 0.740229
5.44394 12.6094 0.745689
5.54254 12.7398 0.751048
5.64114 12.8675 0.75631
5.73974 12.9926 0.761478
5.83834 13.1156 0.766554
5.93694 13.2365 0.771541
6.03554 13.3556 0.776441
6.13413 13.473 0.781258
6.23273 13.5886 0.785994
6.33133 13.7023 0.790656
6.42993 13.814 0.795243
6.52853 13.9238 0.799759
6.62713 14.0318 0.804206
6.72573 14.1381 0.808585
6.82432 14.2426 0.812899
6.92292 14.3454 0.817148
7.02152 14.4466 0.821334
7.12012 14.5462 0.82546
7.21872 14.6443 0.829527
7.31732 14.7409 0.833536
7.41592 14.836 0.837488
7.51451 14.9296 0.841385
7.61311 15.0219 0.845229
7.71171 15.1128 0.84902
7.81031 15.2023 0.852761
7.90891 15.2906 0.856451
8.00751 15.3776 0.860092
8.10611 15.4634 0.863686
8.2047 15.548 0.867234
8.3033 15.6315 0.870738
8.4019 15.7138 0.874199
8.5005 15.7951 0.877618
8.5991 15.8754 0.880996
8.6977 15.9546 0.884334
8.7963 16.0328 0.887633
8.89489 16.11 0.890893
8.99349 16.1863 0.894115
9.09209 16.2616 0.897301
9.19069 16.336 0.90045
9.28929 16.4095 0.903565
9.38789 16.4821 0.906644
9.48649 16.5538 0.909689
9.58509 16.6247 0.912701
9.68368 16.6948 0.915681
9.78228 16.764 0.918628
9.88088 16.8325 0.921544
9.97948 16.9002 0.924429
10.0781 16.9671 0.927284
10.1767 17.0332 0.930109
10.2753 17.0986 0.932905
10.3739 17.1633 0.935672
10.4725 17.2273 0.938412
10.5711 17.2906 0.941123
10.6697 17.3532 0.943808
10.7683 17.4151 0.946466
10.8669 17.4764 0.949098
10.9655 17.537 0.951705
11.0641 17.597 0.954287
11.1627 17.6565 0.956845
11.2613 17.7153 0.959379
11.3599 17.7735 0.96189
11.4585 17.8312 0.964378
11.5571 17.8883 0.966844
11.6557 17.9448 0.969288
11.7543 18.0009 0.97171
11.8529 18.0563 0.974111
11.9515 18.1113 0.97649
12.0501 18.1657 0.978849
12.1486 18.2197 0.981188
12.2472 18.2731 0.983506
12.3458 18.3261 0.985805
12.4444 18.3785 0.988085
12.543 18.4305 0.990345
12.6416 18.4821 0.992587
12.7402 18.5331 0.994809
12.8388 18.5837 0.997014
12.9374 18.6339 0.999201
13.036 18.6836 1.00137
13.1346 18.7329 1.00352
13.2332 18.7818 1.00566
13.3318 18.8302 1.00777
13.4304 18.8783 1.00987
13.529 18.9259 1.01196
13.6276 18.9731 1.01402
13.7262 19.02 1.01608
13.8248 19.0664 1.01811
13.9234 19.1125 1.02013
14.022 19.1582 1.02214
14.1206 19.2035 1.02413
14.2192 19.2484 1.0261
14.3178 19.293 1.02806
14.4164 19.3372 1.03001
14.515 19.3811 1.03194
14.6136 19.4246 1.03385
14.7122 19.4678 1.03576
14.8108 19.5107 1.03765
14.9094 19.5532 1.03952
15.008 19.5954 1.04138
15.1066 19.6372 1.04323
15.2052 19.6787 1.04507
15.3038 19.72 1.04689
15.4024 19.7609 1.0487
15.501 19.8015 1.0505
15.5996 19.8419 1.05229
15.6982 19.8819 1.05406
15.7968 19.9217 1.05582
15.8954 19.9612 1.05758
15.994 20.0004 1.05931
16.0926 20.0393 1.06104
16.1912 20.0779 1.06276
16.2898 20.1163 1.06447
16.3884 20.1544 1.06616
16.487 20.1923 1.06784
16.5856 20.2299 1.06952
16.6842 20.2672 1.07118
16.7828 20.3043 1.07283
16.8814 20.3411 1.07447
16.98 20.3777 1.0761
17.0786 20.4141 1.07773
17.1772 20.4502 1.07934
17.2758 20.486 1.08094
17.3744 20.5216 1.08253
17.473 20.557 1.08411
17.5716 20.5922 1.08568
17.6702 20.6271 1.08725
17.7688 20.6618 1.0888
17.8674 20.6963 1.09035
17.966 20.7306 1.09188
18.0646 20.7647 1.09341
18.1632 20.7985 1.09493
18.2618 20.8321 1.09643
18.3604 20.8655 1.09793
18.459 20.8987 1.09942
18.5576 20.9317 1.10091
18.6562 20.9645 1.10238
18.7548 20.9971 1.10385
18.8534 21.0295 1.1053
18.952 21.0617 1.10675
19.0506 21.0938 1.10819
19.1491 21.1256 1.10963
19.2477 21.1572 1.11105
19.3463 21.1886 1.11247
19.4449 21.2199 1.11388
19.5435 21.2509 1.11528
19.6421 21.2818 1.11667
19.7407 21.3125 1.11806
19.8393 21.3431 1.11944
19.9379 21.3734 1.12081
20.0365 21.4036 1.12218
20.1351 21.4336 1.12353
20.2337 21.4634 1.12488
20.3323 21.4931 1.12622
20.4309 21.5226 1.12756
20.5295 21.5519 1.12889
20.6281 21.581 1.13021
20.7267 21.61 1.13152
20.8253 21.6389 1.13283
20.9239 21.6676 1.13413
21.0225 21.6961 1.13543
21.1211 21.7244 1.13672
21.2197 21.7526 1.138
21.3183 21.7807 1.13927
21.4169 21.8086 1.14054
21.5155 21.8363 1.1418
21.6141 21.8639 1.14306
21.7127 21.8914 1.14431
21.8113 21.9187 1.14555
21.9099 21.9459 1.14679
22.0085 21.9729 1.14802
22.1071 21.9998 1.14925
22.2057 22.0266 1.15047
22.3043 22.0532 1.15168
22.4029 22.0796 1.15289
22.5015 22.106 1.15409
22.6001 22.1322 1.15529
22.6987 22.1583 1.15648
22.7973 22.1843 1.15767
22.8959 22.2101 1.15885
22.9945 22.2358 1.16002
23.0931 22.2613 1.16119
23.1917 22.2868 1.16236
23.2903 22.3121 1.16351
23.3889 22.3373 1.16467
23.4875 22.3624 1.16582
23.5861 22.3873 1.16696
23.6847 22.4122 1.1681
23.7833 22.4369 1.16923
23.8819 22.4615 1.17036
23.9805 22.4859 1.17148
24.0791 22.5103 1.1726
24.1777 22.5345 1.17371
24.2763 22.5587 1.17482
24.3749 22.5827 1.17593
24.4735 22.6066 1.17702
24.5721 22.6304 1.17812
24.6707 22.6541 1.17921
24.7693 22.6777 1.18029
24.8679 22.7011 1.18137
24.9665 22.7245 1.18245
25.0651 22.7477 1.18352
25.1637 22.7709 1.18459
25.2623 22.7939 1.18565
25.3609 22.8169 1.1867
25.4595 22.8397 1.18776
25.5581 22.8624 1.18881
25.6567 22.885 1.18985
25.7553 22.9076 1.19089
25.8539 22.93 1.19192
25.9525 22.9523 1.19296
26.0511 22.9746 1.19398
26.1496 22.9967 1.19501
26.2482 23.0187 1.19602
26.3468 23.0407 1.19704
26.4454 23.0625 1.19805
26.544 23.0843 1.19906
26.6426 23.1059 1.20006
26.7412 23.1275 1.20106
26.8398 23.149 1.20205
26.9384 23.1703 1.20304
27.037 23.1916 1.20403
27.1356 23.2128 1.20501
27.2342 23.2339 1.20599
27.3328 23.255 1.20696
27.4314 23.2759 1.20793
27.53 23.2967 1.2089
27.6286 23.3175 1.20986
27.7272 23.3382 1.21082
27.8258 23.3587 1.21178
27.9244 23.3792 1.21273
28.023 23.3996 1.21368
28.1216 23.42 1.21463
28.2202 23.4402 1.21557
28.3188 23.4604 1.2165
28.4174 23.4805 1.21744
28.516 23.5005 1.21837
28.6146 23.5204 1.2193
28.7132 23.5402 1.22022
28.8118 23.56 1.22114
28.9104 23.5797 1.22206
29.009 23.5993 1.22297
29.1076 23.6188 1.22388
29.2062 23.6383 1.22479
29.3048 23.6576 1.22569
29.4034 23.6769 1.22659
29.502 23.6962 1.22749
29.6006 23.7153 1.22838
29.6992 23.7344 1.22927
29.7978 23.7534 1.23016
29.8964 23.7723 1.23104
29.995 23.7911 1.23192
30.0936 23.8099 1.2328
30.1922 23.8286 1.23368
30.2908 23.8473 1.23455
30.3894 23.8658 1.23542
30.488 23.8843 1.23628
30.5866 23.9027 1.23714
30.6852 23.9211 1.238
30.7838 23.9394 1.23886
30.8824 23.9576 1.23971
30.981 23.9757 1.24056
31.0796 23.9938 1.24141
31.1782 24.0118 1.24225
31.2768 24.0298 1.24309
31.3754 24.0476 1.24393
31.474 24.0654 1.24477
31.5726 24.0832 1.2456
31.6712 24.1009 1.24643
31.7698 24.1185 1.24726
31.8684 24.136 1.24808
31.967 24.1535 1.2489
32.0656 24.171 1.24972
32.1642 24.1883 1.25054
32.2628 24.2056 1.25135
32.3614 24.2229 1.25216
32.46 24.2401 1.25297
32.5586 24.2572 1.25377
32.6572 24.2743 1.25458
32.7558 24.2913 1.25538
32.8544 24.3082 1.25618
32.953 24.3251 1.25697
33.0516 24.3419 1.25776
33.1502 24.3587 1.25855
33.2487 24.3754 1.25934
33.3473 24.3921 1.26012
33.4459 24.4087 1.26091
33.5445 24.4252 1.26169
33.6431 24.4417 1.26246
33.7417 24.4581 1.26324
33.8403 24.4745 1.26401
33.9389 24.4908 1.26478
34.0375 24.5071 1.26555
34.1361 24.5233 1.26631
34.2347 24.5394 1.26708
34.3333 24.5555 1.26784
34.4319 24.5716 1.2686
34.5305 24.5876 1.26935
34.6291 24.6035 1.27011
34.7277 24.6194 1.27086
34.8263 24.6353 1.27161
34.9249 24.651 1.27235
35.0235 24.6668 1.2731
35.1221 24.6825 1.27384
35.2207 24.6981 1.27458
35.3193 24.7137 1.27532
35.4179 24.7292 1.27605
35.5165 24.7447 1.27678
35.6151 24.7601 1.27752
35.7137 24.7755 1.27824
35.8123 24.7908 1.27897
35.9109 24.8061 1.2797
36.0095 24.8213 1.28042
36.1081 24.8365 1.28114
36.2067 24.8517 1.28186
36.3053 24.8668 1.28257
36.4039 24.8818 1.28329
36.5025 24.8968 1.284
36.6011 24.9117 1.28471
36.6997 24.9266 1.28542
36.7983 24.9415 1.28612
36.8969 24.9563 1.28682
36.9955 24.9711 1.28753
37.0941 24.9858 1.28822
37.1927 25.0005 1.28892
37.2913 25.0151 1.28962
37.3899 25.0297 1.29031
37.4885 25.0442 1.291
37.5871 25.0587 1.29169
37.6857 25.0732 1.29238
37.7843 25.0876 1.29307
37.8829 25.1019 1.29375
37.9815 25.1162 1.29443
38.0801 25.1305 1.29511
38.1787 25.1447 1.29579
38.2773 25.1589 1.29646
38.3759 25.1731 1.29714
38.4745 25.1872 1.29781
38.5731 25.2012 1.29848
38.6717 25.2153 1.29915
38.7703 25.2292 1.29982
38.8689 25.2432 1.30048
38.9675 25.2571 1.30114
39.0661 25.2709 1.3018
39.1647 25.2847 1.30246
39.2633 25.2985 1.30312
39.3619 25.3122 1.30378
39.4605 25.3259 1.30443
39.5591 25.3396 1.30508
39.6577 25.3532 1.30573
39.7563 25.3668 1.30638
39.8549 25.3803 1.30703
39.9535 25.3938 1.30767
40.0521 25.4073 1.30832
40.1507 25.4207 1.30896
40.2492 25.4341 1.3096
40.3478 25.4474 1.31024
40.4464 25.4607 1.31087
40.545 25.474 1.31151
40.6436 25.4872 1.31214
40.7422 25.5004 1.31277
40.8408 25.5136 1.3134
40.9394 25.5267 1.31403
41.038 25.5398 1.31466
41.1366 25.5528 1.31528
41.2352 25.5658 1.31591
41.3338 25.5788 1.31653
41.4324 25.5917 1.31715
41.531 25.6046 1.31777
41.6296 25.6175 1.31838
41.7282 25.6303 1.319
41.8268 25.6431 1.31961
41.9254 25.6559 1.32023
42.024 25.6686 1.32084
42.1226 25.6813 1.32145
42.2212 25.6939 1.32205
42.3198 25.7065 1.32266
42.4184 25.7191 1.32326
42.517 25.7317 1.32387
42.6156 25.7442 1.32447
42.7142 25.7567 1.32507
42.8128 25.7691 1.32567
42.9114 25.7815 1.32626
43.01 25.7939 1.32686
43.1086 25.8063 1.32745
43.2072 25.8186 1.32804
43.3058 25.8309 1.32863
43.4044 25.8431 1.32922
43.503 25.8553 1.32981
43.6016 25.8675 1.3304
43.7002 25.8797 1.33098
43.7988 25.8918 1.33157
43.8974 25.9039 1.33215
43.996 25.9159 1.33273
44.0946 25.9279 1.33331
44.1932 25.9399 1.33389
44.2918 25.9519 1.33446
44.3904 25.9638 1.33504
44.489 25.9757 1.33561
44.5876 25.9876 1.33618
44.6862 25.9994 1.33675
44.7848 26.0113 1.33732
44.8834 26.023 1.33789
44.982 26.0348 1.33846
45.0806 26.0465 1.33902
45.1792 26.0582 1.33959
45.2778 26.0698 1.34015
45.3764 26.0815 1.34071
45.475 26.0931 1.34127
45.5736 26.1046 1.34183
45.6722 26.1162 1.34239
45.7708 26.1277 1.34294
45.8694 26.1392 1.3435
45.968 26.1506 1.34405
46.0666 26.162 1.3446
46.1652 26.1734 1.34516
46.2638 26.1848 1.3457
46.3624 26.1961 1.34625
46.461 26.2074 1.3468
46.5596 26.2187 1.34735
46.6582 26.23 1.34789
46.7568 26.2412 1.34843
46.8554 26.2524 1.34898
46.954 26.2636 1.34952
47.0526 26.2747 1.35006
47.1512 26.2858 1.35059
47.2497 26.2969 1.35113
47.3483 26.308 1.35167
47.4469 26.319 1.3522
47.5455 26.33 1.35273
47.6441 26.341 1.35327
47.7427 26.3519 1.3538
47.8413 26.3629 1.35433
47.9399 26.3738 1.35485
48.0385 26.3846 1.35538
48.1371 26.3955 1.35591
48.2357 26.4063 1.35643
48.3343 26.4171 1.35696
48.4329 26.4279 1.35748
48.5315 26.4386 1.358
48.6301 26.4493 1.35852
48.7287 26.46 1.35904
48.8273 26.4707 1.35956
48.9259 26.4814 1.36008
49.0245 26.492 1.36059
49.1231 26.5026 1.36111
49.2217 26.5131 1.36162
49.3203 26.5237 1.36213
49.4189 26.5342 1.36264
49.5175 26.5447 1.36315
49.6161 26.5552 1.36366
49.7147 26.5656 1.36417
49.8133 26.5761 1.36468
49.9119 26.5865 1.36518
50.0105 26.5968 1.36569
50.1091 26.6072 1.36619
50.2077 26.6175 1.3667
50.3063 26.6278 1.3672
50.4049 26.6381 1.3677
50.5035 26.6484 1.3682
50.6021 26.6586 1.3687
50.7007 26.6688 1.36919
50.7993 26.679 1.36969
50.8979 26.6892 1.37018
50.9965 26.6993 1.37068
51.0951 26.7095 1.37117
51.1937 26.7196 1.37166
51.2923 26.7296 1.37216
51.3909 26.7397 1.37265
51.4895 26.7497 1.37313
51.5881 26.7597 1.37362
51.6867 26.7697 1.37411
51.7853 26.7797 1.3746
51.8839 26.7896 1.37508
51.9825 26.7995 1.37557
52.0811 26.8094 1.37605
52.1797 26.8193 1.37653
52.2783 26.8292 1.37701
52.3769 26.839 1.37749
52.4755 26.8488 1.37797
52.5741 26.8586 1.37845
52.6727 26.8684 1.37893
52.7713 26.8781 1.3794
52.8699 26.8879 1.37988
52.9685 26.8976 1.38035
53.0671 26.9073 1.38083
53.1657 26.9169 1.3813
53.2643 26.9266 1.38177
53.3629 26.9362 1.38224
53.4615 26.9458 1.38271
53.5601 26.9554 1.38318
53.6587 26.9649 1.38365
53.7573 26.9745 1.38411
53.8559 26.984 1.38458
53.9545 26.9935 1.38504
54.0531 27.003 1.38551
54.1517 27.0125 1.38597
54.2503 27.0219 1.38643
54.3488 27.0313 1.38689
54.4474 27.0407 1.38736
54.546 27.0501 1.38781
54.6446 27.0595 1.38827
54.7432 27.0688 1.38873
54.8418 27.0781 1.38919
54.9404 27.0874 1.38964
55.039 27.0967 1.3901
55.1376 27.106 1.39055
55.2362 27.1152 1.39101
55.3348 27.1245 1.39146
55.4334 27.1337 1.39191
55.532 27.1428 1.39236
55.6306 27.152 1.39281
55.7292 27.1612 1.39326
55.8278 27.1703 1.39371
55.9264 27.1794 1.39415
56.025 27.1885 1.3946
56.1236 27.1976 1.39505
56.2222 27.2066 1.39549
56.3208 27.2157 1.39593
56.4194 27.2247 1.39638
56.518 27.2337 1.39682
56.6166 27.2427 1.39726
56.7152 27.2516 1.3977
56.8138 27.2606 1.39814
56.9124 27.2695 1.39858
57.011 27.2784 1.39902
57.1096 27.2873 1.39945
57.2082 27.2962 1.39989
57.3068 27.3051 1.40033
57.4054 27.3139 1.40076
57.504 27.3227 1.40119
57.6026 27.3315 1.40163
57.7012 27.3403 1.40206
57.7998 27.3491 1.40249
57.8984 27.3578 1.40292
57.997 27.3666 1.40335
58.0956 27.3753 1.40378
58.1942 27.384 1.40421
58.2928 27.3927 1.40464
58.3914 27.4013 1.40506
58.49 27.41 1.40549
58.5886 27.4186 1.40591
58.6872 27.4272 1.40634
58.7858 27.4358 1.40676
58.8844 27.4444 1.40718
58.983 27.453 1.40761
59.0816 27.4615 1.40803
59.1802 27.4701 1.40845
59.2788 27.4786 1.40887
59.3774 27.4871 1.40929
59.476 27.4956 1.40971
59.5746 27.504 1.41012
59.6732 27.5125 1.41054
59.7718 27.5209 1.41096
59.8704 27.5293 1.41137
59.969 27.5377 1.41178
60.0676 27.5461 1.4122
60.1662 27.5545 1.41261
60.2648 27.5628 1.41302
60.3634 27.5712 1.41344
60.462 27.5795 1.41385
60.5606 27.5878 1.41426
60.6592 27.5961 1.41467
60.7578 27.6043 1.41507
60.8564 27.6126 1.41548
60.955 27.6208 1.41589
61.0536 27.6291 1.4163
61.1522 27.6373 1.4167
61.2508 27.6455 1.41711
61.3493 27.6537 1.41751
61.4479 27.6618 1.41791
61.5465 27.67 1.41832
61.6451 27.6781 1.41872
61.7437 27.6862 1.41912
61.8423 27.6943 1.41952
61.9409 27.7024 1.41992
62.0395 27.7105 1.42032
62.1381 27.7186 1.42072
62.2367 27.7266 1.42112
62.3353 27.7346 1.42151
62.4339 27.7426 1.42191
62.5325 27.7506 1.42231
62.6311 27.7586 1.4227
62.7297 27.7666 1.4231
62.8283 27.7746 1.42349
62.9269 27.7825 1.42388
63.0255 27.7904 1.42428
63.1241 27.7983 1.42467
63.2227 27.8062 1.42506
63.3213 27.8141 1.42545
63.4199 27.822 1.42584
63.5185 27.8298 1.42623
63.6171 27.8377 1.42662
63.7157 27.8455 1.42701
63.8143 27.8533 1.42739
63.9129 27.8611 1.42778
64.0115 27.8689 1.42817
64.1101 27.8767 1.42855
64.2087 27.8844 1.42894
64.3073 27.8922 1.42932
64.4059 27.8999 1.4297
64.5045 27.9076 1.43009
64.6031 27.9153 1.43047
64.7017 27.923 1.43085
64.8003 27.9307 1.43123
64.8989 27.9383 1.43161
64.9975 27.946 1.43199
65.0961 27.9536 1.43237
65.1947 27.9612 1.43275
65.2933 27.9689 1.43312
65.3919 27.9764 1.4335
65.4905 27.984 1.43388
65.5891 27.9916 1.43425
65.6877 27.9991 1.43463
65.7863 28.0067 1.435
65.8849 28.0142 1.43538
65.9835 28.0217 1.43575
66.0821 28.0292 1.43612
66.1807 28.0367 1.4365
66.2793 28.0442 1.43687
66.3779 28.0516 1.43724
66.4765 28.0591 1.43761
66.5751 28.0665 1.43798
66.6737 28.074 1.43835
66.7723 28.0814 1.43872
66.8709 28.0888 1.43908
66.9695 28.0961 1.43945
67.0681 28.1035 1.43982
67.1667 28.1109 1.44018
67.2653 28.1182 1.44055
67.3639 28.1255 1.44092
67.4625 28.1329 1.44128
67.5611 28.1402 1.44164
67.6597 28.1475 1.44201
67.7583 28.1548 1.44237
67.8569 28.162 1.44273
67.9555 28.1693 1.44309
68.0541 28.1765 1.44345
68.1527 28.1838 1.44381
68.2513 28.191 1.44417
68.3498 28.1982 1.44453
68.4484 28.2054 1.44489
68.547 28.2126 1.44525
68.6456 28.2198 1.44561
68.7442 28.2269 1.44596
68.8428 28.2341 1.44632
68.9414 28.2412 1.44668
69.04 28.2483 1.44703
69.1386 28.2554 1.44739
69.2372 28.2625 1.44774
69.3358 28.2696 1.44809
69.4344 28.2767 1.44845
69.533 28.2838 1.4488
69.6316 28.2908 1.44915
69.7302 28.2979 1.4495
69.8288 28.3049 1.44985
69.9274 28.3119 1.4502
70.026 28.3189 1.45055
70.1246 28.3259 1.4509
70.2232 28.3329 1.45125
70.3218 28.3399 1.4516
70.4204 28.3468 1.45195
70.519 28.3538 1.4523
70.6176 28.3607 1.45264
70.7162 28.3677 1.45299
70.8148 28.3746 1.45333
70.9134 28.3815 1.45368
71.012 28.3884 1.45402
71.1106 28.3953 1.45437
71.2092 28.4021 1.45471
71.3078 28.409 1.45505
71.4064 28.4158 1.4554
71.505 28.4227 1.45574
71.6036 28.4295 1.45608
71.7022 28.4363 1.45642
71.8008 28.4431 1.45676
71.8994 28.4499 1.4571
71.998 28.4567 1.45744
72.0966 28.4635 1.45778
72.1952 28.4702 1.45812
72.2938 28.477 1.45845
72.3924 28.4837 1.45879
72.491 28.4905 1.45913
72.5896 28.4972 1.45946
72.6882 28.5039 1.4598
72.7868 28.5106 1.46013
72.8854 28.5173 1.46047
72.984 28.5239 1.4608
73.0826 28.5306 1.46114
73.1812 28.5373 1.46147
73.2798 28.5439 1.4618
73.3784 28.5505 1.46214
73.477 28.5572 1.46247
73.5756 28.5638 1.4628
73.6742 28.5704 1.46313
73.7728 28.577 1.46346
73.8714 28.5836 1.46379
73.97 28.5901 1.46412
74.0686 28.5967 1.46445
74.1672 28.6032 1.46478
74.2658 28.6098 1.4651
74.3644 28.6163 1.46543
74.463 28.6228 1.46576
74.5616 28.6293 1.46609
74.6602 28.6358 1.46641
74.7588 28.6423 1.46674
74.8574 28.6488 1.46706
74.956 28.6553 1.46739
75.0546 28.6617 1.46771
75.1532 28.6682 1.46803
75.2518 28.6746 1.46836
75.3504 28.6811 1.46868
75.4489 28.6875 1.469
75.5475 28.6939 1.46932
75.6461 28.7003 1.46965
75.7447 28.7067 1.46997
75.8433 28.7131 1.47029
75.9419 28.7195 1.47061
76.0405 28.7258 1.47093
76.1391 28.7322 1.47125
76.2377 28.7385 1.47156
76.3363 28.7448 1.47188
76.4349 28.7512 1.4722
76.5335 28.7575 1.47252
76.6321 28.7638 1.47284
76.7307 28.7701 1.47315
76.8293 28.7764 1.47347
76.9279 28.7827 1.47378
77.0265 28.7889 1.4741
77.1251 28.7952 1.47441
77.2237 28.8014 1.47473
77.3223 28.8077 1.47504
77.4209 28.8139 1.47535
77.5195 28.8201 1.47567
77.6181 28.8263 1.47598
77.7167 28.8325 1.47629
77.8153 28.8387 1.4766
77.9139 28.8449 1.47692
78.0125 28.8511 1.47723
78.1111 28.8573 1.47754
78.2097 28.8634 1.47785
78.3083 28.8696 1.47816
78.4069 28.8757 1.47847
78.5055 28.8819 1.47877
78.6041 28.888 1.47908
78.7027 28.8941 1.47939
78.8013 28.9002 1.4797
78.8999 28.9063 1.48
78.9985 28.9124 1.48031
79.0971 28.9185 1.48062
79.1957 28.9245 1.48092
79.2943 28.9306 1.48123
79.3929 28.9366 1.48153
79.4915 28.9427 1.48184
79.5901 28.9487 1.48214
79.6887 28.9547 1.48245
79.7873 28.9608 1.48275
79.8859 28.9668 1.48305
79.9845 28.9728 1.48335
80.0831 28.9788 1.48366
80.1817 28.9847 1.48396
80.2803 28.9907 1.48426
80.3789 28.9967 1.48456
80.4775 29.0026 1.48486
80.5761 29.0086 1.48516
80.6747 29.0145 1.48546
80.7733 29.0205 1.48576
80.8719 29.0264 1.48606
80.9705 29.0323 1.48636
81.0691 29.0382 1.48666
81.1677 29.0441 1.48695
81.2663 29.05 1.48725
81.3649 29.0559 1.48755
81.4635 29.0617 1.48784
81.5621 29.0676 1.48814
81.6607 29.0735 1.48844
81.7593 29.0793 1.48873
81.8579 29.0852 1.48903
81.9565 29.091 1.48932
82.0551 29.0968 1.48962
82.1537 29.1026 1.48991
82.2523 29.1084 1.4902
82.3509 29.1142 1.4905
82.4494 29.12 1.49079
82.548 29.1258 1.49108
82.6466 29.1316 1.49137
82.7452 29.1374 1.49166
82.8438 29.1431 1.49196
82.9424 29.1489 1.49225
83.041 29.1546 1.49254
83.1396 29.1604 1.49283
83.2382 29.1661 1.49312
83.3368 29.1718 1.49341
83.4354 29.1775 1.4937
83.534 29.1832 1.49398
83.6326 29.1889 1.49427
83.7312 29.1946 1.49456
83.8298 29.2003 1.49485
83.9284 29.206 1.49513
84.027 29.2116 1.49542
84.1256 29.2173 1.49571
84.2242 29.2229 1.49599
84.3228 29.2286 1.49628
84.4214 29.2342 1.49656
84.52 29.2398 1.49685
84.6186 29.2455 1.49713
84.7172 29.2511 1.49742
84.8158 29.2567 1.4977
84.9144 29.2623 1.49799
85.013 29.2679 1.49827
85.1116 29.2734 1.49855
85.2102 29.279 1.49883
85.3088 29.2846 1.49912
85.4074 29.2901 1.4994
85.506 29.2957 1.49968
85.6046 29.3012 1.49996
85.7032 29.3068 1.50024
85.8018 29.3123 1.50052
85.9004 29.3178 1.5008
85.999 29.3233 1.50108
86.0976 29.3288 1.50136
86.1962 29.3343 1.50164
86.2948 29.3398 1.50192
86.3934 29.3453 1.5022
86.492 29.3508 1.50247
86.5906 29.3563 1.50275
86.6892 29.3617 1.50303
86.7878 29.3672 1.5033
86.8864 29.3726 1.50358
86.985 29.3781 1.50386
87.0836 29.3835 1.50413
87.1822 29.3889 1.50441
87.2808 29.3944 1.50468
87.3794 29.3998 1.50496
87.478 29.4052 1.50523
87.5766 29.4106 1.50551
87.6752 29.416 1.50578
87.7738 29.4214 1.50605
87.8724 29.4267 1.50633
87.971 29.4321 1.5066
88.0696 29.4375 1.50687
88.1682 29.4428 1.50715
88.2668 29.4482 1.50742
88.3654 29.4535 1.50769
88.464 29.4589 1.50796
88.5626 29.4642 1.50823
88.6612 29.4695 1.5085
88.7598 29.4748 1.50877
88.8584 29.4801 1.50904
88.957 29.4854 1.50931
89.0556 29.4907 1.50958
89.1542 29.496 1.50985
89.2528 29.5013 1.51012
89.3514 29.5066 1.51038
89.4499 29.5118 1.51065
89.5485 29.5171 1.51092
89.6471 29.5224 1.51119
89.7457 29.5276 1.51145
89.8443 29.5328 1.51172
89.9429 29.5381 1.51199
90.0415 29.5433 1.51225
90.1401 29.5485 1.51252
90.2387 29.5537 1.51278
90.3373 29.559 1.51305
90.4359 29.5642 1.51331
90.5345 29.5693 1.51358
90.6331 29.5745 1.51384
90.7317 29.5797 1.51411
90.8303 29.5849 1.51437
90.9289 29.5901 1.51463
91.0275 29.5952 1.5149
91.1261 29.6004 1.51516
91.2247 29.6055 1.51542
91.3233 29.6107 1.51568
91.4219 29.6158 1.51594
91.5205 29.6209 1.51621
91.6191 29.6261 1.51647
91.7177 29.6312 1.51673
91.8163 29.6363 1.51699
91.9149 29.6414 1.51725
92.0135 29.6465 1.51751
92.1121 29.6516 1.51777
92.2107 29.6567 1.51803
92.3093 29.6617 1.51828
92.4079 29.6668 1.51854
92.5065 29.6719 1.5188
92.6051 29.6769 1.51906
92.7037 29.682 1.51932
92.8023 29.687 1.51957
92.9009 29.6921 1.51983
92.9995 29.6971 1.52009
93.0981 29.7021 1.52034
93.1967 29.7072 1.5206
93.2953 29.7122 1.52086
93.3939 29.7172 1.52111
93.4925 29.7222 1.52137
93.5911 29.7272 1.52162
93.6897 29.7322 1.52188
93.7883 29.7372 1.52213
93.8869 29.7421 1.52239
93.9855 29.7471 1.52264
94.0841 29.7521 1.52289
94.1827 29.757 1.52315
94.2813 29.762 1.5234
94.3799 29.7669 1.52365
94.4785 29.7719 1.5239
94.5771 29.7768 1.52416
94.6757 29.7818 1.52441
94.7743 29.7867 1.52466
94.8729 29.7916 1.52491
94.9715 29.7965 1.52516
95.0701 29.8014 1.52541
95.1687 29.8063 1.52566
95.2673 29.8112 1.52591
95.3659 29.8161 1.52616
95.4645 29.821 1.52641
95.5631 29.8259 1.52666
95.6617 29.8307 1.52691
95.7603 29.8356 1.52716
95.8589 29.8405 1.52741
95.9575 29.8453 1.52766
96.0561 29.8502 1.5279
96.1547 29.855 1.52815
96.2533 29.8598 1.5284
96.3519 29.8647 1.52865
96.4505 29.8695 1.52889
96.549 29.8743 1.52914
96.6476 29.8791 1.52938
96.7462 29.8839 1.52963
96.8448 29.8887 1.52988
96.9434 29.8935 1.53012
97.042 29.8983 1.53037
97.1406 29.9031 1.53061
97.2392 29.9079 1.53086
97.3378 29.9127 1.5311
97.4364 29.9174 1.53134
97.535 29.9222 1.53159
97.6336 29.927 1.53183
97.7322 29.9317 1.53207
97.8308 29.9364 1.53232
97.9294 29.9412 1.53256
98.028 29.9459 1.5328
98.1266 29.9507 1.53305
98.2252 29.9554 1.53329
98.3238 29.9601 1.53353
98.4224 29.9648 1.53377
98.521 29.9695 1.53401
98.6196 29.9742 1.53425
98.7182 29.9789 1.53449
98.8168 29.9836 1.53473
98.9154 29.9883 1.53497
99.014 29.993 1.53521
99.1126 29.9976 1.53545
99.2112 30.0023 1.53569
99.3098 30.007 1.53593
99.4084 30.0116 1.53617
99.507 30.0163 1.53641
99.6056 30.0209 1.53665
99.7042 30.0256 1.53688
99.8028 30.0302 1.53712
99.9014 30.0348 1.53736
100 30.0395 1.5376
