1e-05 70.8578 3.14516
0.00101099 16.9689 0.928738
0.00201198 13.1811 0.791928
0.00301297 11.2601 0.728659
0.00401396 10.0146 0.691094
0.00501495 9.1101 0.666118
0.00601595 8.40972 0.648408
0.00701694 7.84188 0.635284
0.00801793 7.36806 0.62532
0.00901892 6.96364 0.617608
0.0100199 6.61147 0.611521
0.0110209 6.30108 0.606702
0.0120219 6.02468 0.602886
0.0130229 5.77559 0.599836
0.0140239 5.54933 0.597407
0.0150249 5.34256 0.595492
0.0160259 5.15267 0.594013
0.0170268 4.97731 0.592894
0.0180278 4.81436 0.592057
0.0190288 4.66235 0.591462
0.0200298 4.52015 0.591079
0.0210308 4.38673 0.590874
0.0220318 4.26128 0.590831
0.0230328 4.143 0.590928
0.0240338 4.0311 0.591134
0.0250348 3.92494 0.591429
0.0260358 3.82408 0.591808
0.0270368 3.72809 0.592263
0.0280377 3.63661 0.592779
0.0290387 3.54928 0.593347
0.0300397 3.46584 0.59397
0.0310407 3.38598 0.59464
0.0320417 3.30944 0.595343
0.0330427 3.23596 0.59607
0.0340437 3.16533 0.596816
0.0350447 3.0974 0.597586
0.0360457 3.03201 0.598376
0.0370467 2.96899 0.599179
0.0380477 2.90823 0.59999
0.0390486 2.84958 0.600808
0.0400496 2.79295 0.601639
0.0410506 2.73822 0.602479
0.0420516 2.68529 0.603322
0.0430526 2.63404 0.604163
0.0440536 2.5844 0.604997
0.0450546 2.53627 0.605826
0.0460556 2.4896 0.606654
0.0470566 2.44432 0.607479
0.0480576 2.40036 0.608299
0.0490586 2.35767 0.609113
0.0500595 2.31619 0.609917
0.0510605 2.27587 0.610711
0.0520615 2.23666 0.611501
0.0530625 2.19853 0.612287
0.0540635 2.16141 0.613065
0.0550645 2.12527 0.613833
0.0560655 2.09006 0.614588
0.0570665 2.05575 0.615328
0.0580675 2.02229 0.616052
0.0590685 1.98967 0.616767
0.0600695 1.95785 0.617472
0.0610705 1.92681 0.618166
0.0620714 1.89651 0.618847
0.0630724 1.86692 0.619514
0.0640734 1.83803 0.620166
0.0650744 1.8098 0.620801
0.0660754 1.78222 0.621423
0.0670764 1.75527 0.622035
0.0680774 1.72893 0.622636
0.0690784 1.70318 0.623224
0.0700794 1.67799 0.623798
0.0710804 1.65334 0.624355
0.0720814 1.62922 0.624896
0.0730823 1.60561 0.625418
0.0740833 1.58249 0.625925
0.0750843 1.55987 0.626419
0.0760853 1.53771 0.626901
0.0770863 1.51601 0.627369
0.0780873 1.49476 0.627822
0.0790883 1.47392 0.62826
0.0800893 1.45351 0.628682
0.0810903 1.43349 0.629087
0.0820913 1.41386 0.629475
0.0830923 1.39461 0.629851
0.0840932 1.37575 0.630215
0.0850942 1.35724 0.630566
0.0860952 1.33909 0.630904
0.0870962 1.32129 0.631226
0.0880972 1.30381 0.631533
0.0890982 1.28666 0.631823
0.0900992 1.26982 0.632097
0.0911002 1.25328 0.632352
0.0921012 1.23704 0.632593
0.0931022 1.2211 0.632822
0.0941032 1.20546 0.633037
0.0951041 1.19009 0.633238
0.0961051 1.17499 0.633425
0.0971061 1.16016 0.633597
0.0981071 1.14559 0.633754
0.0991081 1.13126 0.633895
0.100109 1.11718 0.634019
0.10111 1.10333 0.634128
0.102111 1.08972 0.634223
0.103112 1.07634 0.634307
0.104113 1.06319 0.634378
0.105114 1.05026 0.634435
0.106115 1.03754 0.634478
0.107116 1.02504 0.634507
0.108117 1.01273 0.634521
0.109118 1.00063 0.63452
0.110119 0.988713 0.634503
0.11112 0.976989 0.63447
0.112121 0.965455 0.634423
0.113122 0.954109 0.634365
0.114123 0.942948 0.634294
0.115124 0.931964 0.63421
0.116125 0.921153 0.634113
0.117126 0.91051 0.634002
0.118127 0.900031 0.633877
0.119128 0.88971 0.633738
0.120129 0.879543 0.633584
0.12113 0.869526 0.633416
0.122131 0.859657 0.633233
0.123132 0.849938 0.633038
0.124133 0.840368 0.632831
0.125134 0.830942 0.632612
0.126135 0.821658 0.632381
0.127136 0.812511 0.632137
0.128137 0.803498 0.63188
0.129138 0.794616 0.63161
0.130139 0.785862 0.631326
0.13114 0.777232 0.631029
0.132141 0.768725 0.630718
0.133142 0.760336 0.630393
0.134143 0.752071 0.630056
0.135144 0.743928 0.629708
0.136145 0.735902 0.629348
0.137146 0.727992 0.628976
0.138147 0.720193 0.628593
0.139148 0.712504 0.628197
0.140149 0.704922 0.627789
0.14115 0.697442 0.627368
0.142151 0.690064 0.626935
0.143152 0.682784 0.626489
0.144153 0.6756 0.62603
0.145154 0.668512 0.625558
0.146155 0.661524 0.625076
0.147156 0.654632 0.624583
0.148157 0.647834 0.624079
0.149158 0.641129 0.623564
0.150159 0.634514 0.623037
0.15116 0.627986 0.622499
0.152161 0.621545 0.621949
0.153162 0.615187 0.621388
0.154163 0.608911 0.620815
0.155164 0.602714 0.62023
0.156165 0.596596 0.619633
0.157166 0.590557 0.619025
0.158167 0.584598 0.618406
0.159168 0.57872 0.617778
0.160169 0.572918 0.617139
0.16117 0.567193 0.61649
0.162171 0.56154 0.61583
0.163172 0.55596 0.615159
0.164173 0.550449 0.614478
0.165174 0.545007 0.613786
0.166175 0.539631 0.613083
0.167175 0.53432 0.61237
0.168176 0.529073 0.611645
0.169177 0.523887 0.610909
0.170178 0.518768 0.610164
0.171179 0.513714 0.609409
0.17218 0.508723 0.608644
0.173181 0.503795 0.60787
0.174182 0.498927 0.607086
0.175183 0.494119 0.606292
0.176184 0.489368 0.605488
0.177185 0.484675 0.604675
0.178186 0.480037 0.603851
0.179187 0.475453 0.603018
0.180188 0.470922 0.602175
0.181189 0.466444 0.601323
0.18219 0.462018 0.600461
0.183191 0.457647 0.59959
0.184192 0.45333 0.59871
0.185193 0.449066 0.597821
0.186194 0.444852 0.596924
0.187195 0.440689 0.596018
0.188196 0.436574 0.595103
0.189197 0.432506 0.594178
0.190198 0.428485 0.593245
0.191199 0.424509 0.592304
0.1922 0.420577 0.591353
0.193201 0.416688 0.590393
0.194202 0.41284 0.589424
0.195203 0.409035 0.588447
0.196204 0.405275 0.587461
0.197205 0.401558 0.586466
0.198206 0.397884 0.585464
0.199207 0.394252 0.584453
0.200208 0.390661 0.583434
0.201209 0.387111 0.582408
0.20221 0.3836 0.581373
0.203211 0.380127 0.58033
0.204212 0.376693 0.57928
0.205213 0.373295 0.578221
0.206214 0.369934 0.577155
0.207215 0.366608 0.576082
0.208216 0.363318 0.575
0.209217 0.360066 0.573912
0.210218 0.35685 0.572816
0.211219 0.353671 0.571713
0.21222 0.350528 0.570602
0.213221 0.347419 0.569485
0.214222 0.344344 0.56836
0.215223 0.341303 0.567228
0.216224 0.338293 0.566089
0.217225 0.335316 0.564943
0.218226 0.332369 0.56379
0.219227 0.329452 0.56263
0.220228 0.326564 0.561463
0.221229 0.323706 0.560289
0.22223 0.320876 0.559108
0.223231 0.318077 0.55792
0.224232 0.315309 0.556726
0.225233 0.31257 0.555524
0.226234 0.30986 0.554316
0.227235 0.307179 0.553102
0.228236 0.304526 0.551881
0.229237 0.3019 0.550654
0.230238 0.299302 0.549422
0.231239 0.296729 0.548183
0.23224 0.294183 0.546938
0.233241 0.291661 0.545687
0.234242 0.289165 0.544431
0.235243 0.286693 0.54317
0.236244 0.284246 0.541903
0.237245 0.281825 0.54063
0.238246 0.27943 0.539351
0.239247 0.27706 0.538067
0.240248 0.274714 0.536777
0.241249 0.272393 0.535482
0.24225 0.270095 0.534181
0.243251 0.26782 0.532875
0.244252 0.265568 0.531564
0.245253 0.263337 0.530248
0.246254 0.261128 0.528927
0.247255 0.25894 0.5276
0.248256 0.256773 0.526269
0.249257 0.254625 0.524933
0.250258 0.252497 0.523591
0.251259 0.250392 0.522245
0.25226 0.248307 0.520892
0.253261 0.246243 0.519535
0.254262 0.2442 0.518173
0.255263 0.242177 0.516806
0.256264 0.240174 0.515435
0.257265 0.23819 0.514059
0.258266 0.236225 0.512678
0.259267 0.234279 0.511294
0.260268 0.232351 0.509906
0.261269 0.230441 0.508513
0.26227 0.228549 0.507118
0.263271 0.226675 0.505718
0.264272 0.224817 0.504315
0.265273 0.222978 0.502908
0.266274 0.221158 0.501497
0.267275 0.219355 0.500083
0.268276 0.21757 0.498664
0.269277 0.215803 0.497241
0.270278 0.214052 0.495815
0.271279 0.212319 0.494385
0.27228 0.210601 0.492951
0.273281 0.208899 0.491515
0.274282 0.207213 0.490074
0.275283 0.205542 0.488631
0.276284 0.203885 0.487184
0.277285 0.202243 0.485735
0.278285 0.200616 0.484282
0.279286 0.199002 0.482827
0.280287 0.197404 0.481367
0.281288 0.195821 0.479904
0.282289 0.194253 0.478437
0.28329 0.1927 0.476967
0.284291 0.191161 0.475494
0.285292 0.189636 0.474018
0.286293 0.188125 0.47254
0.287294 0.186628 0.471058
0.288295 0.185144 0.469575
0.289296 0.183673 0.468088
0.290297 0.182215 0.4666
0.291298 0.18077 0.46511
0.292299 0.179337 0.463618
0.2933 0.177916 0.462124
0.294301 0.176508 0.460628
0.295302 0.175113 0.45913
0.296303 0.173731 0.457629
0.297304 0.172362 0.456126
0.298305 0.171006 0.45462
0.299306 0.169662 0.453113
0.300307 0.168329 0.451603
0.301308 0.167009 0.450091
0.302309 0.1657 0.448578
0.30331 0.164402 0.447062
0.304311 0.163116 0.445546
0.305312 0.16184 0.444027
0.306313 0.160575 0.442508
0.307314 0.159321 0.440987
0.308315 0.158076 0.439465
0.309316 0.156842 0.437941
0.310317 0.155619 0.436415
0.311318 0.154407 0.434887
0.312319 0.153206 0.433357
0.31332 0.152016 0.431826
0.314321 0.150835 0.430293
0.315322 0.149665 0.428758
0.316323 0.148505 0.427222
0.317324 0.147355 0.425686
0.318325 0.146215 0.424148
0.319326 0.145085 0.42261
0.320327 0.143963 0.421072
0.321328 0.142852 0.419533
0.322329 0.141749 0.417994
0.32333 0.140655 0.416455
0.324331 0.13957 0.414916
0.325332 0.138495 0.413376
0.326333 0.137429 0.411836
0.327334 0.136373 0.410294
0.328335 0.135327 0.408752
0.329336 0.134289 0.407209
0.330337 0.13326 0.405666
0.331338 0.13224 0.404122
0.332339 0.131229 0.402578
0.33334 0.130225 0.401034
0.334341 0.12923 0.399489
0.335342 0.128243 0.397945
0.336343 0.127264 0.396401
0.337344 0.126293 0.394857
0.338345 0.125329 0.393313
0.339346 0.124372 0.391769
0.340347 0.123423 0.390226
0.341348 0.122482 0.388681
0.342349 0.121549 0.387136
0.34335 0.120624 0.38559
0.344351 0.119706 0.384044
0.345352 0.118797 0.382498
0.346353 0.117894 0.380952
0.347354 0.116999 0.379406
0.348355 0.116112 0.377861
0.349356 0.115231 0.376317
0.350357 0.114357 0.374773
0.351358 0.113491 0.37323
0.352359 0.112631 0.371689
0.35336 0.111777 0.370149
0.354361 0.110931 0.36861
0.355362 0.11009 0.367073
0.356363 0.109257 0.365536
0.357364 0.108431 0.363999
0.358365 0.107612 0.362463
0.359366 0.1068 0.360928
0.360367 0.105995 0.359393
0.361368 0.105196 0.357859
0.362369 0.104403 0.356327
0.36337 0.103617 0.354795
0.364371 0.102837 0.353264
0.365372 0.102063 0.351734
0.366373 0.101295 0.350206
0.367374 0.100532 0.348679
0.368375 0.0997757 0.347154
0.369376 0.0990246 0.345631
0.370377 0.098279 0.344109
0.371378 0.0975389 0.342588
0.372379 0.0968048 0.341068
0.37338 0.0960766 0.339549
0.374381 0.0953542 0.33803
0.375382 0.0946376 0.336513
0.376383 0.0939266 0.334997
0.377384 0.0932212 0.333482
0.378385 0.0925214 0.331968
0.379386 0.0918269 0.330456
0.380387 0.0911377 0.328946
0.381388 0.0904538 0.327438
0.382389 0.089775 0.325932
0.38339 0.0891014 0.324428
0.384391 0.0884327 0.322927
0.385392 0.087769 0.321428
0.386393 0.0871102 0.319932
0.387394 0.0864563 0.318438
0.388395 0.0858078 0.316946
0.389395 0.0851646 0.315456
0.390396 0.0845265 0.313967
0.391397 0.0838935 0.31248
0.392398 0.0832655 0.310995
0.393399 0.0826423 0.309513
0.3944 0.0820239 0.308032
0.395401 0.0814101 0.306553
0.396402 0.080801 0.305077
0.397403 0.0801963 0.303603
0.398404 0.0795961 0.302131
0.399405 0.0790001 0.300662
0.400406 0.0784084 0.299196
0.401407 0.0778209 0.297732
0.402408 0.0772374 0.296271
0.403409 0.076658 0.294813
0.40441 0.0760831 0.293356
0.405411 0.0755126 0.291901
0.406412 0.0749465 0.290448
0.407413 0.0743847 0.288997
0.408414 0.0738271 0.287548
0.409415 0.0732737 0.286102
0.410416 0.0727245 0.284658
0.411417 0.0721793 0.283216
0.412418 0.0716381 0.281778
0.413419 0.0711008 0.280343
0.41442 0.0705674 0.27891
0.415421 0.0700379 0.277481
0.416422 0.0695121 0.276055
0.417423 0.0689901 0.274633
0.418424 0.0684717 0.273214
0.419425 0.0679571 0.271799
0.420426 0.0674464 0.270387
0.421427 0.0669398 0.268977
0.422428 0.0664371 0.26757
0.423429 0.0659382 0.266165
0.42443 0.065443 0.264764
0.425431 0.0649516 0.263365
0.426432 0.0644638 0.26197
0.427433 0.0639795 0.260578
0.428434 0.0634987 0.259188
0.429435 0.0630214 0.257802
0.430436 0.0625473 0.25642
0.431437 0.0620765 0.25504
0.432438 0.0616089 0.253664
0.433439 0.0611445 0.252292
0.43444 0.0606831 0.250923
0.435441 0.0602248 0.249557
0.436442 0.0597697 0.248195
0.437443 0.059318 0.246835
0.438444 0.0588696 0.245477
0.439445 0.0584245 0.244123
0.440446 0.0579825 0.242771
0.441447 0.0575438 0.241423
0.442448 0.0571082 0.240078
0.443449 0.0566756 0.238736
0.44445 0.0562462 0.237398
0.445451 0.0558197 0.236064
0.446452 0.0553963 0.234733
0.447453 0.0549757 0.233406
0.448454 0.0545581 0.232083
0.449455 0.0541433 0.230764
0.450456 0.0537313 0.229449
0.451457 0.0533222 0.228138
0.452458 0.0529159 0.226831
0.453459 0.0525127 0.225528
0.45446 0.0521125 0.224228
0.455461 0.0517152 0.222932
0.456462 0.0513209 0.221639
0.457463 0.0509294 0.220349
0.458464 0.0505408 0.219063
0.459465 0.0501548 0.217781
0.460466 0.0497716 0.216503
0.461467 0.049391 0.215229
0.462468 0.049013 0.213958
0.463469 0.0486375 0.212691
0.46447 0.0482646 0.211428
0.465471 0.0478941 0.21017
0.466472 0.047526 0.208915
0.467473 0.0471602 0.207664
0.468474 0.0467967 0.206418
0.469475 0.0464358 0.205175
0.470476 0.0460775 0.203935
0.471477 0.0457216 0.202698
0.472478 0.0453683 0.201466
0.473479 0.0450174 0.200236
0.47448 0.0446689 0.199011
0.475481 0.0443229 0.197789
0.476482 0.0439792 0.196571
0.477483 0.0436379 0.195358
0.478484 0.0432989 0.194148
0.479485 0.0429623 0.192943
0.480486 0.0426278 0.191742
0.481487 0.0422957 0.190545
0.482488 0.0419657 0.189353
0.483489 0.0416379 0.188165
0.48449 0.0413123 0.186982
0.485491 0.0409889 0.185803
0.486492 0.0406679 0.184628
0.487493 0.0403492 0.183458
0.488494 0.0400329 0.182291
0.489495 0.0397187 0.181128
0.490496 0.0394068 0.17997
0.491497 0.0390971 0.178815
0.492498 0.0387895 0.177665
0.493499 0.038484 0.176518
0.4945 0.0381806 0.175376
0.495501 0.0378792 0.174239
0.496502 0.0375797 0.173105
0.497503 0.0372822 0.171975
0.498504 0.0369866 0.17085
0.499505 0.0366929 0.16973
0.500505 0.0364009 0.168613
0.501506 0.0361108 0.167501
0.502507 0.0358226 0.166393
0.503508 0.0355363 0.165289
0.504509 0.035252 0.164189
0.50551 0.0349696 0.163092
0.506511 0.0346891 0.162
0.507512 0.0344106 0.160911
0.508513 0.0341339 0.159827
0.509514 0.0338591 0.158747
0.510515 0.0335861 0.157671
0.511516 0.0333149 0.156599
0.512517 0.0330455 0.155532
0.513518 0.0327779 0.154469
0.514519 0.0325121 0.153411
0.51552 0.032248 0.152358
0.516521 0.0319856 0.151309
0.517522 0.0317249 0.150265
0.518523 0.0314659 0.149225
0.519524 0.0312087 0.14819
0.520525 0.0309534 0.14716
0.521526 0.0306998 0.146133
0.522527 0.030448 0.145111
0.523528 0.030198 0.144093
0.524529 0.0299497 0.14308
0.52553 0.029703 0.14207
0.526531 0.0294581 0.141065
0.527532 0.0292147 0.140065
0.528533 0.028973 0.139069
0.529534 0.0287328 0.138077
0.530535 0.0284942 0.137089
0.531536 0.0282571 0.136106
0.532537 0.0280215 0.135127
0.533538 0.0277874 0.134153
0.534539 0.0275547 0.133183
0.53554 0.0273234 0.132218
0.536541 0.0270937 0.131257
0.537542 0.0268654 0.130299
0.538543 0.0266387 0.129346
0.539544 0.0264136 0.128397
0.540545 0.0261899 0.127452
0.541546 0.0259677 0.126511
0.542547 0.0257471 0.125574
0.543548 0.0255278 0.124642
0.544549 0.0253101 0.123714
0.54555 0.0250937 0.122791
0.546551 0.0248788 0.121872
0.547552 0.0246653 0.120957
0.548553 0.0244533 0.120047
0.549554 0.0242426 0.119141
0.550555 0.0240333 0.11824
0.551556 0.0238253 0.117344
0.552557 0.0236187 0.116453
0.553558 0.0234136 0.115565
0.554559 0.0232099 0.114683
0.55556 0.0230077 0.113804
0.556561 0.0228068 0.11293
0.557562 0.0226074 0.11206
0.558563 0.0224094 0.111195
0.559564 0.0222126 0.110334
0.560565 0.0220173 0.109477
0.561566 0.0218232 0.108624
0.562567 0.0216304 0.107776
0.563568 0.0214389 0.106932
0.564569 0.0212486 0.106092
0.56557 0.0210596 0.105257
0.566571 0.0208717 0.104426
0.567572 0.020685 0.103599
0.568573 0.0204995 0.102777
0.569574 0.0203152 0.101959
0.570575 0.020132 0.101145
0.571576 0.01995 0.100335
0.572577 0.0197693 0.0995286
0.573578 0.0195898 0.0987267
0.574579 0.0194115 0.0979288
0.57558 0.0192344 0.0971351
0.576581 0.0190585 0.0963456
0.577582 0.0188838 0.0955602
0.578583 0.0187103 0.0947791
0.579584 0.0185379 0.0940022
0.580585 0.0183667 0.0932296
0.581586 0.0181967 0.0924613
0.582587 0.0180278 0.0916973
0.583588 0.01786 0.0909377
0.584589 0.0176933 0.0901824
0.58559 0.0175278 0.0894315
0.586591 0.0173634 0.0886851
0.587592 0.0172001 0.0879431
0.588593 0.017038 0.0872052
0.589594 0.0168771 0.0864716
0.590595 0.0167174 0.0857422
0.591596 0.0165588 0.085017
0.592597 0.0164013 0.084296
0.593598 0.0162449 0.0835791
0.594599 0.0160896 0.0828663
0.5956 0.0159353 0.0821577
0.596601 0.0157822 0.0814531
0.597602 0.0156301 0.0807527
0.598603 0.015479 0.0800563
0.599604 0.0153289 0.079364
0.600605 0.0151798 0.0786757
0.601606 0.0150317 0.0779914
0.602607 0.0148846 0.0773112
0.603608 0.0147384 0.0766349
0.604609 0.0145932 0.0759626
0.60561 0.014449 0.0752941
0.606611 0.0143058 0.0746295
0.607612 0.0141636 0.0739689
0.608613 0.0140224 0.0733121
0.609614 0.0138822 0.0726592
0.610615 0.013743 0.0720103
0.611615 0.0136047 0.0713653
0.612616 0.0134675 0.0707243
0.613617 0.0133312 0.0700871
0.614618 0.0131958 0.069454
0.615619 0.0130615 0.0688248
0.61662 0.0129281 0.0681996
0.617621 0.0127956 0.0675784
0.618622 0.0126641 0.0669612
0.619623 0.0125335 0.066348
0.620624 0.0124038 0.0657388
0.621625 0.0122751 0.0651336
0.622626 0.0121474 0.0645324
0.623627 0.0120206 0.0639352
0.624628 0.0118948 0.0633419
0.625629 0.0117699 0.0627526
0.62663 0.011646 0.0621671
0.627631 0.011523 0.0615855
0.628632 0.0114009 0.0610077
0.629633 0.0112798 0.0604337
0.630634 0.0111595 0.0598635
0.631635 0.0110401 0.059297
0.632636 0.0109216 0.0587343
0.633637 0.0108039 0.0581753
0.634638 0.0106871 0.05762
0.635639 0.0105712 0.0570683
0.63664 0.010456 0.0565203
0.637641 0.0103417 0.0559759
0.638642 0.0102282 0.0554351
0.639643 0.0101155 0.0548978
0.640644 0.0100037 0.0543642
0.641645 0.00989269 0.0538342
0.642646 0.00978254 0.0533078
0.643647 0.00967324 0.052785
0.644648 0.00956477 0.0522657
0.645649 0.00945712 0.0517501
0.64665 0.00935031 0.051238
0.647651 0.00924432 0.0507295
0.648652 0.00913914 0.0502245
0.649653 0.00903478 0.0497232
0.650654 0.00893123 0.0492253
0.651655 0.00882848 0.048731
0.652656 0.00872654 0.0482403
0.653657 0.00862539 0.0477531
0.654658 0.00852503 0.0472694
0.655659 0.00842546 0.0467893
0.65666 0.00832669 0.0463127
0.657661 0.00822874 0.0458397
0.658662 0.0081316 0.0453702
0.659663 0.00803529 0.0449044
0.660664 0.00793977 0.044442
0.661665 0.00784505 0.0439831
0.662666 0.00775111 0.0435277
0.663667 0.00765795 0.0430757
0.664668 0.00756555 0.0426271
0.665669 0.00747391 0.0421818
0.66667 0.00738302 0.0417398
0.667671 0.00729287 0.0413011
0.668672 0.00720345 0.0408657
0.669673 0.00711476 0.0404335
0.670674 0.00702677 0.0400045
0.671675 0.0069395 0.0395787
0.672676 0.00685292 0.039156
0.673677 0.00676703 0.0387364
0.674678 0.00668184 0.0383199
0.675679 0.00659738 0.0379067
0.67668 0.00651365 0.0374966
0.677681 0.00643062 0.0370898
0.678682 0.00634832 0.0366862
0.679683 0.00626672 0.0362857
0.680684 0.00618584 0.0358884
0.681685 0.00610566 0.0354942
0.682686 0.00602617 0.0351031
0.683687 0.00594739 0.0347151
0.684688 0.0058693 0.0343303
0.685689 0.0057919 0.0339484
0.68669 0.00571519 0.0335697
0.687691 0.00563917 0.033194
0.688692 0.00556382 0.0328213
0.689693 0.00548916 0.0324517
0.690694 0.00541516 0.032085
0.691695 0.00534185 0.0317213
0.692696 0.00526924 0.0313608
0.693697 0.00519733 0.0310034
0.694698 0.00512612 0.0306491
0.695699 0.0050556 0.0302979
0.6967 0.00498576 0.0299497
0.697701 0.0049166 0.0296046
0.698702 0.0048481 0.0292623
0.699703 0.00478025 0.028923
0.700704 0.00471305 0.0285865
0.701705 0.00464649 0.0282529
0.702706 0.00458056 0.0279221
0.703707 0.00451526 0.0275941
0.704708 0.00445057 0.0272688
0.705709 0.00438649 0.0269462
0.70671 0.00432301 0.0266262
0.707711 0.00426012 0.0263089
0.708712 0.00419782 0.0259942
0.709713 0.0041361 0.0256821
0.710714 0.00407501 0.0253728
0.711715 0.00401455 0.0250663
0.712716 0.0039547 0.0247625
0.713717 0.00389546 0.0244614
0.714718 0.00383683 0.0241631
0.715719 0.0037788 0.0238674
0.71672 0.00372137 0.0235744
0.717721 0.00366454 0.023284
0.718722 0.0036083 0.0229962
0.719723 0.00355265 0.0227111
0.720724 0.00349758 0.0224285
0.721725 0.00344309 0.0221484
0.722725 0.00338917 0.0218709
0.723726 0.00333582 0.0215959
0.724727 0.00328305 0.0213234
0.725728 0.00323083 0.0210533
0.726729 0.00317917 0.0207857
0.72773 0.0031281 0.0205206
0.728731 0.00307763 0.0202582
0.729732 0.00302776 0.0199985
0.730733 0.00297848 0.0197413
0.731734 0.00292977 0.0194867
0.732735 0.00288163 0.0192346
0.733736 0.00283406 0.0189849
0.734737 0.00278703 0.0187377
0.735738 0.00274055 0.0184929
0.736739 0.00269461 0.0182505
0.73774 0.0026492 0.0180103
0.738741 0.0026043 0.0177725
0.739742 0.00255992 0.0175369
0.740743 0.00251604 0.0173035
0.741744 0.00247266 0.0170722
0.742745 0.00242977 0.0168431
0.743746 0.00238736 0.0166161
0.744747 0.00234542 0.0163912
0.745748 0.002304 0.0161686
0.746749 0.00226311 0.0159482
0.74775 0.00222274 0.0157302
0.748751 0.00218289 0.0155144
0.749752 0.00214355 0.0153009
0.750753 0.00210472 0.0150895
0.751754 0.00206638 0.0148804
0.752755 0.00202854 0.0146734
0.753756 0.00199118 0.0144685
0.754757 0.00195429 0.0142657
0.755758 0.00191789 0.014065
0.756759 0.00188195 0.0138664
0.75776 0.00184647 0.0136698
0.758761 0.00181144 0.0134752
0.759762 0.00177687 0.0132825
0.760763 0.00174274 0.0130919
0.761764 0.00170904 0.0129031
0.762765 0.00167579 0.0127163
0.763766 0.00164303 0.0125316
0.764767 0.00161077 0.012349
0.765768 0.00157898 0.0121686
0.766769 0.00154767 0.0119903
0.76777 0.00151682 0.0118139
0.768771 0.00148643 0.0116396
0.769772 0.00145648 0.0114673
0.770773 0.00142698 0.0112968
0.771774 0.0013979 0.0111283
0.772775 0.00136924 0.0109616
0.773776 0.00134099 0.0107967
0.774777 0.00131315 0.0106336
0.775778 0.0012857 0.0104723
0.776779 0.00125864 0.0103127
0.77778 0.00123195 0.0101547
0.778781 0.00120564 0.00999838
0.779782 0.00117969 0.00984367
0.780783 0.0011541 0.00969061
0.781784 0.00112895 0.00953939
0.782785 0.00110422 0.00939003
0.783786 0.00107991 0.00924247
0.784787 0.001056 0.0090967
0.785788 0.0010325 0.0089527
0.786789 0.00100938 0.00881042
0.78779 0.000986652 0.00866985
0.788791 0.0009643 0.00853095
0.789792 0.000942315 0.0083937
0.790793 0.000920692 0.00825807
0.791794 0.000899421 0.00812404
0.792795 0.000878497 0.00799158
0.793796 0.00085791 0.00786066
0.794797 0.000837653 0.00773126
0.795798 0.00081772 0.00760335
0.796799 0.000798102 0.0074769
0.7978 0.000778792 0.00735189
0.798801 0.000759812 0.00722839
0.799802 0.000741215 0.00710658
0.800803 0.000722994 0.00698643
0.801804 0.000705139 0.00686792
0.802805 0.00068764 0.006751
0.803806 0.000670488 0.00663565
0.804807 0.000653672 0.00652182
0.805808 0.000637184 0.00640949
0.806809 0.000621014 0.00629862
0.80781 0.000605151 0.00618919
0.808811 0.000589588 0.00608115
0.809812 0.000574314 0.00597447
0.810813 0.00055932 0.00586912
0.811814 0.000544596 0.00576508
0.812815 0.000530135 0.0056623
0.813816 0.000515926 0.00556076
0.814817 0.000501961 0.00546043
0.815818 0.000488231 0.00536126
0.816819 0.000474762 0.00526336
0.81782 0.000461611 0.00516688
0.818821 0.000448769 0.00507181
0.819822 0.000436227 0.00497812
0.820823 0.000423976 0.00488578
0.821824 0.000412007 0.00479477
0.822825 0.000400311 0.00470505
0.823826 0.000388879 0.00461661
0.824827 0.000377703 0.00452941
0.825828 0.000366773 0.00444343
0.826829 0.000356081 0.00435864
0.82783 0.000345619 0.00427502
0.828831 0.000335377 0.00419255
0.829832 0.000325348 0.00411118
0.830833 0.000315522 0.00403091
0.831834 0.000305892 0.00395171
0.832835 0.000296449 0.00387354
0.833835 0.000287185 0.0037964
0.834836 0.000278131 0.00372036
0.835837 0.000269339 0.00364558
0.836838 0.0002608 0.00357204
0.837839 0.000252504 0.00349969
0.83884 0.000244443 0.00342853
0.839841 0.000236606 0.00335851
0.840842 0.000228985 0.0032896
0.841843 0.000221571 0.00322177
0.842844 0.000214353 0.00315501
0.843845 0.000207324 0.00308927
0.844846 0.000200474 0.00302453
0.845847 0.000193794 0.00296077
0.846848 0.000187276 0.00289794
0.847849 0.000180911 0.00283603
0.84885 0.000174689 0.00277501
0.849851 0.000168602 0.00271484
0.850852 0.000162642 0.00265551
0.851853 0.0001568 0.00259699
0.852854 0.000151106 0.00253935
0.853855 0.000145609 0.00248276
0.854856 0.000140303 0.00242719
0.855857 0.000135178 0.00237261
0.856858 0.000130226 0.002319
0.857859 0.000125441 0.00226633
0.85886 0.000120813 0.00221459
0.859861 0.000116335 0.00216374
0.860862 0.000111999 0.00211377
0.861863 0.000107797 0.00206465
0.862864 0.000103722 0.00201636
0.863865 9.97664e-05 0.00196886
0.864866 9.59217e-05 0.00192215
0.865867 9.21808e-05 0.0018762
0.866868 8.85362e-05 0.00183099
0.867869 8.49805e-05 0.00178648
0.86887 8.15062e-05 0.00174267
0.869871 7.81059e-05 0.00169952
0.870872 7.48051e-05 0.00165713
0.871873 7.16475e-05 0.00161562
0.872874 6.86267e-05 0.00157497
0.873875 6.57357e-05 0.00153517
0.874876 6.29675e-05 0.00149617
0.875877 6.03152e-05 0.00145797
0.876878 5.77719e-05 0.00142053
0.877879 5.53308e-05 0.00138383
0.87888 5.29851e-05 0.00134784
0.879881 5.0728e-05 0.00131255
0.880882 4.85529e-05 0.00127792
0.881883 4.64532e-05 0.00124394
0.882884 4.44221e-05 0.00121058
0.883885 4.24531e-05 0.00117782
0.884886 4.05398e-05 0.00114563
0.885887 3.86757e-05 0.00111399
0.886888 3.68543e-05 0.00108287
0.887889 3.50692e-05 0.00105227
0.88889 3.33385e-05 0.00102223
0.889891 3.16996e-05 0.000992906
0.890892 3.01482e-05 0.000964269
0.891893 2.86791e-05 0.000936302
0.892894 2.72874e-05 0.000908984
0.893895 2.5968e-05 0.000882294
0.894896 2.47159e-05 0.000856213
0.895897 2.35262e-05 0.00083072
0.896898 2.23939e-05 0.000805794
0.897899 2.13143e-05 0.000781417
0.8989 2.02823e-05 0.000757568
0.899901 1.92932e-05 0.000734228
0.900902 1.83423e-05 0.000711377
0.901903 1.74247e-05 0.000688996
0.902904 1.65357e-05 0.000667065
0.903905 1.56706e-05 0.000645565
0.904906 1.48248e-05 0.000624478
0.905907 1.39936e-05 0.000603784
0.906908 1.31887e-05 0.000583541
0.907909 1.24373e-05 0.000563874
0.90891 1.17366e-05 0.000544768
0.909911 1.10834e-05 0.000526203
0.910912 1.04741e-05 0.000508157
0.911913 9.90547e-06 0.000490612
0.912914 9.37413e-06 0.000473547
0.913915 8.87676e-06 0.000456942
0.914916 8.41005e-06 0.000440779
0.915917 7.97073e-06 0.000425037
0.916918 7.55554e-06 0.000409698
0.917919 7.16124e-06 0.000394742
0.91892 6.78461e-06 0.00038015
0.919921 6.42247e-06 0.000365903
0.920922 6.07162e-06 0.000351982
0.921923 5.72893e-06 0.000338369
0.922924 5.39126e-06 0.000325045
0.923925 5.05548e-06 0.000311991
0.924926 4.72868e-06 0.000299262
0.925927 4.42758e-06 0.000286972
0.926928 4.15081e-06 0.00027511
0.927929 3.89656e-06 0.000263656
0.92893 3.66307e-06 0.000252594
0.929931 3.44853e-06 0.000241907
0.930932 3.2512e-06 0.000231578
0.931933 3.06932e-06 0.000221591
0.932934 2.90114e-06 0.000211928
0.933935 2.74493e-06 0.000202572
0.934936 2.59897e-06 0.000193509
0.935937 2.46156e-06 0.00018472
0.936938 2.33098e-06 0.000176191
0.937939 2.20556e-06 0.000167904
0.93894 2.08362e-06 0.000159843
0.939941 1.96348e-06 0.000151993
0.940942 1.8435e-06 0.000144338
0.941943 1.72203e-06 0.000136862
0.942944 1.60385e-06 0.000129629
0.943945 1.49623e-06 0.000122729
0.944945 1.3984e-06 0.000116146
0.945946 1.30958e-06 0.000109864
0.946947 1.22897e-06 0.000103868
0.947948 1.15578e-06 9.81431e-05
0.948949 1.08924e-06 9.26731e-05
0.94995 1.02858e-06 8.7443e-05
0.950951 9.73025e-07 8.24377e-05
0.951952 9.21811e-07 7.76422e-05
0.952953 8.74178e-07 7.30416e-05
0.953954 8.29371e-07 6.86208e-05
0.954955 7.86642e-07 6.43653e-05
0.955956 7.45244e-07 6.02602e-05
0.956957 7.04436e-07 5.6291e-05
0.957958 6.63483e-07 5.24432e-05
0.958959 6.21652e-07 4.87024e-05
0.95996 5.78481e-07 4.50619e-05
0.960961 5.37618e-07 4.16306e-05
0.961962 5.00228e-07 3.84363e-05
0.962963 4.66037e-07 3.54641e-05
0.963964 4.3477e-07 3.26987e-05
0.964965 4.06156e-07 3.01254e-05
0.965966 3.79924e-07 2.77294e-05
0.966967 3.55807e-07 2.54957e-05
0.967968 3.33538e-07 2.34099e-05
0.968969 3.1285e-07 2.14574e-05
0.96997 2.93481e-07 1.96237e-05
0.970971 2.75169e-07 1.78944e-05
0.971972 2.57653e-07 1.62552e-05
0.972973 2.40674e-07 1.46919e-05
0.973974 2.23976e-07 1.31905e-05
0.974975 2.07302e-07 1.17368e-05
0.975976 1.90399e-07 1.0317e-05
0.976977 1.73268e-07 8.93676e-06
0.977978 1.57373e-07 7.71026e-06
0.978979 1.42879e-07 6.64458e-06
0.97998 1.29655e-07 5.72329e-06
0.980981 1.17569e-07 4.93009e-06
0.981982 1.06491e-07 4.24877e-06
0.982983 9.6291e-08 3.6632e-06
0.983984 8.68406e-08 3.15736e-06
0.984985 7.80116e-08 2.71534e-06
0.985986 6.96768e-08 2.3213e-06
0.986987 6.17095e-08 1.95953e-06
0.987988 5.39841e-08 1.61437e-06
0.988989 4.63756e-08 1.27031e-06
0.98999 3.87598e-08 9.11878e-07
0.990991 3.14893e-08 5.80048e-07
0.991992 2.5365e-08 3.66868e-07
0.992993 2.01899e-08 2.44717e-07
0.993994 1.57382e-08 1.82548e-07
0.994995 1.17853e-08 1.49498e-07
0.995996 8.10784e-09 1.14894e-07
0.996997 4.67125e-09 6.12996e-08
0.997998 2.40601e-09 4.87909e-08
0.998999 7.25267e-10 4.36435e-08
1 6.05573e-27 6.32852e-24
