1e-05 118.454 4.58324
0.00101099 16.905 0.936973
0.00201198 12.9045 0.795024
0.00301297 10.9626 0.731428
0.00401396 9.73307 0.694376
0.00501495 8.85386 0.670075
0.00601595 8.18023 0.653024
0.00701694 7.63824 0.640502
0.00801793 7.18847 0.631067
0.00901892 6.80609 0.623815
0.0100199 6.47397 0.618126
0.0110209 6.18166 0.613645
0.0120219 5.92169 0.610119
0.0130229 5.68736 0.607314
0.0140239 5.47447 0.605092
0.0150249 5.27976 0.60335
0.0160259 5.10074 0.602015
0.0170268 4.93524 0.601014
0.0180278 4.78114 0.600272
0.0190288 4.63712 0.599753
0.0200298 4.50214 0.599428
0.0210308 4.37521 0.599266
0.0220318 4.25561 0.599252
0.0230328 4.1426 0.599365
0.0240338 4.03543 0.599578
0.0250348 3.93351 0.599869
0.0260358 3.83643 0.600236
0.0270368 3.74382 0.600671
0.0280377 3.65535 0.601161
0.0290387 3.5707 0.601697
0.0300397 3.48962 0.602283
0.0310407 3.41184 0.60291
0.0320417 3.33712 0.603567
0.0330427 3.26523 0.604244
0.0340437 3.19597 0.604936
0.0350447 3.12919 0.60565
0.0360457 3.06476 0.606379
0.0370467 3.00254 0.60712
0.0380477 2.94243 0.607867
0.0390486 2.88431 0.60862
0.0400496 2.82806 0.609384
0.0410506 2.7736 0.610156
0.0420516 2.72081 0.610929
0.0430526 2.66963 0.611699
0.0440536 2.61996 0.612461
0.0450546 2.57173 0.613217
0.0460556 2.52487 0.613971
0.0470566 2.47933 0.614721
0.0480576 2.43505 0.615466
0.0490586 2.39198 0.616202
0.0500595 2.35008 0.61693
0.0510605 2.3093 0.617647
0.0520615 2.26959 0.61836
0.0530625 2.23091 0.619068
0.0540635 2.1932 0.619768
0.0550645 2.15645 0.620457
0.0560655 2.12061 0.621133
0.0570665 2.08564 0.621795
0.0580675 2.05152 0.62244
0.0590685 2.01821 0.623077
0.0600695 1.98568 0.623704
0.0610705 1.95391 0.62432
0.0620714 1.92287 0.624923
0.0630724 1.89255 0.625512
0.0640734 1.86291 0.626085
0.0650744 1.83394 0.626643
0.0660754 1.80561 0.627188
0.0670764 1.77791 0.627723
0.0680774 1.75081 0.628247
0.0690784 1.72429 0.628758
0.0700794 1.69834 0.629255
0.0710804 1.67294 0.629736
0.0720814 1.64808 0.630201
0.0730823 1.62373 0.630647
0.0740833 1.59988 0.631079
0.0750843 1.57652 0.631498
0.0760853 1.55364 0.631905
0.0770863 1.53122 0.632298
0.0780873 1.50924 0.632677
0.0790883 1.48771 0.633041
0.0800893 1.46659 0.63339
0.0810903 1.44589 0.633722
0.0820913 1.42559 0.634037
0.0830923 1.40568 0.634341
0.0840932 1.38615 0.634633
0.0850942 1.367 0.634912
0.0860952 1.34821 0.635178
0.0870962 1.32977 0.63543
0.0880972 1.31167 0.635667
0.0890982 1.29391 0.635887
0.0900992 1.27648 0.636091
0.0911002 1.25936 0.636278
0.0921012 1.24255 0.636451
0.0931022 1.22605 0.636611
0.0941032 1.20985 0.636759
0.0951041 1.19394 0.636893
0.0961051 1.17832 0.637013
0.0971061 1.16297 0.637119
0.0981071 1.14788 0.63721
0.0991081 1.13306 0.637286
0.100109 1.11849 0.637346
0.10111 1.10417 0.63739
0.102111 1.0901 0.637422
0.103112 1.07627 0.637443
0.104113 1.06268 0.637451
0.105114 1.04931 0.637445
0.106115 1.03617 0.637427
0.107116 1.02326 0.637394
0.108117 1.01055 0.637347
0.109118 0.998053 0.637286
0.110119 0.98576 0.637209
0.11112 0.973666 0.637117
0.112121 0.961772 0.637012
0.113122 0.950076 0.636896
0.114123 0.938574 0.636768
0.115124 0.927258 0.636627
0.116125 0.916124 0.636473
0.117126 0.905168 0.636306
0.118127 0.894384 0.636126
0.119128 0.883767 0.635933
0.120129 0.873313 0.635725
0.12113 0.863017 0.635503
0.122131 0.852878 0.635267
0.123132 0.842898 0.63502
0.124133 0.833074 0.634762
0.125134 0.823403 0.634492
0.126135 0.81388 0.63421
0.127136 0.804503 0.633916
0.128137 0.795268 0.633609
0.129138 0.786171 0.63329
0.130139 0.777209 0.632958
0.13114 0.768379 0.632613
0.132141 0.759678 0.632255
0.133142 0.751103 0.631884
0.134143 0.742658 0.631501
0.135144 0.734342 0.631108
0.136145 0.726151 0.630704
0.137146 0.718082 0.630288
0.138147 0.710131 0.629861
0.139148 0.702295 0.629423
0.140149 0.694572 0.628973
0.14115 0.686958 0.62851
0.142151 0.679451 0.628036
0.143152 0.672047 0.627549
0.144153 0.664744 0.62705
0.145154 0.657544 0.62654
0.146155 0.650447 0.626019
0.147156 0.643454 0.625487
0.148157 0.63656 0.624946
0.149158 0.629763 0.624393
0.150159 0.623061 0.62383
0.15116 0.616452 0.623256
0.152161 0.609933 0.622671
0.153162 0.603502 0.622075
0.154163 0.597157 0.621468
0.155164 0.590896 0.620849
0.156165 0.584717 0.62022
0.157166 0.578621 0.619579
0.158167 0.572611 0.618929
0.159168 0.566685 0.618269
0.160169 0.56084 0.617599
0.16117 0.555075 0.61692
0.162171 0.549387 0.61623
0.163172 0.543774 0.615531
0.164173 0.538235 0.614821
0.165174 0.532767 0.614101
0.166175 0.527369 0.613371
0.167175 0.522038 0.61263
0.168176 0.516774 0.611879
0.169177 0.511575 0.611118
0.170178 0.506445 0.610348
0.171179 0.501384 0.609568
0.17218 0.496389 0.608779
0.173181 0.49146 0.607981
0.174182 0.486594 0.607173
0.175183 0.48179 0.606357
0.176184 0.477047 0.605531
0.177185 0.472363 0.604696
0.178186 0.467736 0.603851
0.179187 0.463167 0.602997
0.180188 0.458652 0.602135
0.181189 0.454191 0.601262
0.18219 0.449785 0.600381
0.183191 0.445436 0.599492
0.184192 0.441144 0.598594
0.185193 0.436906 0.597688
0.186194 0.432722 0.596774
0.187195 0.428589 0.595851
0.188196 0.424507 0.59492
0.189197 0.420474 0.59398
0.190198 0.416489 0.593032
0.191199 0.412551 0.592076
0.1922 0.408658 0.591111
0.193201 0.404809 0.590137
0.194202 0.401004 0.589155
0.195203 0.397242 0.588165
0.196204 0.393526 0.587166
0.197205 0.389856 0.58616
0.198206 0.38623 0.585146
0.199207 0.382647 0.584124
0.200208 0.379107 0.583095
0.201209 0.375608 0.582058
0.20221 0.37215 0.581013
0.203211 0.368732 0.579961
0.204212 0.365353 0.578902
0.205213 0.362011 0.577835
0.206214 0.358707 0.57676
0.207215 0.355439 0.575679
0.208216 0.352206 0.57459
0.209217 0.349013 0.573494
0.210218 0.345858 0.572391
0.211219 0.34274 0.571282
0.21222 0.339659 0.570165
0.213221 0.336614 0.569042
0.214222 0.333603 0.567912
0.215223 0.330626 0.566775
0.216224 0.327681 0.565632
0.217225 0.32477 0.564481
0.218226 0.321889 0.563325
0.219227 0.319039 0.562161
0.220228 0.316218 0.560991
0.221229 0.313427 0.559814
0.22223 0.310665 0.558631
0.223231 0.307935 0.557441
0.224232 0.305235 0.556244
0.225233 0.302566 0.555041
0.226234 0.299927 0.553832
0.227235 0.297317 0.552617
0.228236 0.294735 0.551396
0.229237 0.29218 0.550169
0.230238 0.289653 0.548936
0.231239 0.287153 0.547698
0.23224 0.284678 0.546453
0.233241 0.282229 0.545204
0.234242 0.279805 0.543949
0.235243 0.277405 0.542688
0.236244 0.27503 0.541422
0.237245 0.272681 0.540151
0.238246 0.270359 0.538874
0.239247 0.268062 0.537592
0.240248 0.26579 0.536305
0.241249 0.263542 0.535012
0.24225 0.261317 0.533715
0.243251 0.259116 0.532412
0.244252 0.256937 0.531104
0.245253 0.25478 0.529791
0.246254 0.252644 0.528473
0.247255 0.250529 0.527151
0.248256 0.248435 0.525824
0.249257 0.24636 0.524492
0.250258 0.244306 0.523155
0.251259 0.242273 0.521813
0.25226 0.240261 0.520466
0.253261 0.238271 0.519114
0.254262 0.236301 0.517757
0.255263 0.234351 0.516396
0.256264 0.23242 0.51503
0.257265 0.230509 0.51366
0.258266 0.228617 0.512286
0.259267 0.226744 0.510908
0.260268 0.224888 0.509526
0.261269 0.223051 0.508141
0.26227 0.22123 0.506751
0.263271 0.219427 0.505359
0.264272 0.217641 0.503963
0.265273 0.215872 0.502563
0.266274 0.214123 0.501159
0.267275 0.212391 0.499752
0.268276 0.210677 0.49834
0.269277 0.20898 0.496925
0.270278 0.207299 0.495507
0.271279 0.205635 0.494084
0.27228 0.203987 0.492659
0.273281 0.202355 0.49123
0.274282 0.200738 0.489798
0.275283 0.199135 0.488363
0.276284 0.197547 0.486924
0.277285 0.195973 0.485483
0.278285 0.194413 0.484039
0.279286 0.192867 0.482592
0.280287 0.191336 0.481141
0.281288 0.189819 0.479686
0.282289 0.188318 0.478228
0.28329 0.186831 0.476767
0.284291 0.185358 0.475303
0.285292 0.183899 0.473836
0.286293 0.182453 0.472366
0.287294 0.181021 0.470894
0.288295 0.179602 0.469419
0.289296 0.178195 0.467942
0.290297 0.176801 0.466463
0.291298 0.175419 0.464982
0.292299 0.174049 0.463499
0.2933 0.172691 0.462014
0.294301 0.171345 0.460528
0.295302 0.170012 0.459039
0.296303 0.168691 0.457547
0.297304 0.167383 0.456053
0.298305 0.166087 0.454557
0.299306 0.164803 0.453058
0.300307 0.163531 0.451558
0.301308 0.16227 0.450055
0.302309 0.161021 0.448551
0.30331 0.159782 0.447045
0.304311 0.158554 0.445537
0.305312 0.157336 0.444028
0.306313 0.156128 0.442518
0.307314 0.154931 0.441006
0.308315 0.153743 0.439494
0.309316 0.152565 0.437979
0.310317 0.151398 0.436463
0.311318 0.150241 0.434944
0.312319 0.149095 0.433424
0.31332 0.147959 0.431901
0.314321 0.146833 0.430378
0.315322 0.145717 0.428853
0.316323 0.144611 0.427326
0.317324 0.143514 0.425799
0.318325 0.142426 0.424271
0.319326 0.141348 0.422742
0.320327 0.140278 0.421212
0.321328 0.139217 0.419682
0.322329 0.138165 0.418152
0.32333 0.137122 0.416622
0.324331 0.136087 0.415092
0.325332 0.135061 0.413561
0.326333 0.134044 0.412029
0.327334 0.133037 0.410496
0.328335 0.132038 0.408962
0.329336 0.131048 0.407427
0.330337 0.130067 0.405892
0.331338 0.129094 0.404356
0.332339 0.128129 0.40282
0.33334 0.127171 0.401284
0.334341 0.126222 0.399747
0.335342 0.12528 0.398211
0.336343 0.124345 0.396674
0.337344 0.123418 0.395138
0.338345 0.122498 0.393602
0.339346 0.121584 0.392066
0.340347 0.120678 0.39053
0.341348 0.11978 0.388993
0.342349 0.118889 0.387456
0.34335 0.118006 0.385918
0.344351 0.11713 0.38438
0.345352 0.116261 0.382841
0.346353 0.115399 0.381303
0.347354 0.114544 0.379765
0.348355 0.113696 0.378227
0.349356 0.112854 0.37669
0.350357 0.112019 0.375154
0.351358 0.111191 0.373618
0.352359 0.110369 0.372084
0.35336 0.109553 0.370551
0.354361 0.108743 0.369019
0.355362 0.107939 0.367488
0.356363 0.107143 0.365958
0.357364 0.106352 0.364428
0.358365 0.105568 0.362898
0.359366 0.104791 0.361369
0.360367 0.10402 0.359841
0.361368 0.103255 0.358313
0.362369 0.102496 0.356786
0.36337 0.101743 0.355261
0.364371 0.100996 0.353736
0.365372 0.100254 0.352212
0.366373 0.0995182 0.350689
0.367374 0.0987875 0.349168
0.368375 0.098062 0.347648
0.369376 0.0973418 0.34613
0.370377 0.0966265 0.344614
0.371378 0.0959164 0.343098
0.372379 0.0952119 0.341584
0.37338 0.0945129 0.340069
0.374381 0.0938193 0.338556
0.375382 0.0931312 0.337043
0.376383 0.0924483 0.335532
0.377384 0.0917705 0.334021
0.378385 0.0910979 0.332512
0.379386 0.0904303 0.331005
0.380387 0.0897677 0.329499
0.381388 0.0891099 0.327996
0.382389 0.0884569 0.326494
0.38339 0.0878086 0.324994
0.384391 0.0871649 0.323497
0.385392 0.0865257 0.322002
0.386393 0.085891 0.32051
0.387394 0.085261 0.31902
0.388395 0.0846359 0.317532
0.389395 0.0840157 0.316045
0.390396 0.0834003 0.31456
0.391397 0.0827895 0.313077
0.392398 0.0821834 0.311595
0.393399 0.0815818 0.310116
0.3944 0.0809845 0.308638
0.395401 0.0803916 0.307163
0.396402 0.0798029 0.305689
0.397403 0.0792184 0.304218
0.398404 0.0786379 0.30275
0.399405 0.0780614 0.301284
0.400406 0.0774887 0.29982
0.401407 0.0769198 0.298359
0.402408 0.0763547 0.296901
0.403409 0.0757933 0.295445
0.40441 0.0752361 0.293991
0.405411 0.074683 0.292538
0.406412 0.0741338 0.291087
0.407413 0.0735887 0.289638
0.408414 0.0730474 0.288192
0.409415 0.07251 0.286747
0.410416 0.0719763 0.285305
0.411417 0.0714464 0.283866
0.412418 0.0709202 0.282429
0.413419 0.0703976 0.280996
0.41442 0.0698785 0.279565
0.415421 0.069363 0.278138
0.416422 0.0688509 0.276713
0.417423 0.0683422 0.275293
0.418424 0.0678369 0.273875
0.419425 0.067335 0.272462
0.420426 0.0668367 0.271051
0.421427 0.0663422 0.269642
0.422428 0.0658512 0.268236
0.423429 0.0653637 0.266833
0.42443 0.0648797 0.265433
0.425431 0.0643991 0.264035
0.426432 0.0639218 0.262641
0.427433 0.0634478 0.261249
0.428434 0.0629769 0.259861
0.429435 0.0625092 0.258476
0.430436 0.0620444 0.257094
0.431437 0.0615827 0.255715
0.432438 0.0611239 0.25434
0.433439 0.060668 0.252968
0.43444 0.0602148 0.251599
0.435441 0.0597644 0.250235
0.436442 0.059317 0.248872
0.437443 0.0588727 0.247513
0.438444 0.0584314 0.246156
0.439445 0.057993 0.244802
0.440446 0.0575576 0.24345
0.441447 0.0571251 0.242102
0.442448 0.0566955 0.240757
0.443449 0.0562687 0.239416
0.44445 0.0558447 0.238078
0.445451 0.0554234 0.236743
0.446452 0.0550049 0.235412
0.447453 0.0545891 0.234085
0.448454 0.0541759 0.232762
0.449455 0.0537653 0.231443
0.450456 0.0533573 0.230128
0.451457 0.0529518 0.228817
0.452458 0.052549 0.22751
0.453459 0.052149 0.226207
0.45446 0.0517517 0.224907
0.455461 0.0513572 0.22361
0.456462 0.0509653 0.222317
0.457463 0.050576 0.221027
0.458464 0.0501892 0.219741
0.459465 0.049805 0.218458
0.460466 0.0494232 0.217179
0.461467 0.0490439 0.215904
0.462468 0.0486669 0.214633
0.463469 0.0482923 0.213366
0.46447 0.04792 0.212103
0.465471 0.0475499 0.210843
0.466472 0.0471819 0.209588
0.467473 0.0468162 0.208337
0.468474 0.0464526 0.207089
0.469475 0.0460913 0.205846
0.470476 0.0457323 0.204605
0.471477 0.0453756 0.203368
0.472478 0.0450212 0.202134
0.473479 0.044669 0.200904
0.47448 0.0443191 0.199678
0.475481 0.0439713 0.198455
0.476482 0.0436258 0.197237
0.477483 0.0432824 0.196022
0.478484 0.0429412 0.194812
0.479485 0.0426021 0.193605
0.480486 0.0422651 0.192403
0.481487 0.0419301 0.191205
0.482488 0.0415972 0.190012
0.483489 0.0412664 0.188823
0.48449 0.0409375 0.187639
0.485491 0.0406107 0.18646
0.486492 0.0402861 0.185284
0.487493 0.0399637 0.184112
0.488494 0.0396433 0.182944
0.489495 0.039325 0.18178
0.490496 0.0390088 0.180621
0.491497 0.0386946 0.179465
0.492498 0.0383823 0.178313
0.493499 0.038072 0.177166
0.4945 0.0377636 0.176022
0.495501 0.0374571 0.174883
0.496502 0.0371524 0.173748
0.497503 0.0368495 0.172618
0.498504 0.0365484 0.171491
0.499505 0.036249 0.170369
0.500505 0.0359514 0.169251
0.501506 0.0356554 0.168138
0.502507 0.0353612 0.167029
0.503508 0.0350688 0.165923
0.504509 0.0347782 0.164821
0.50551 0.0344894 0.163723
0.506511 0.0342023 0.162629
0.507512 0.0339171 0.161539
0.508513 0.0336335 0.160453
0.509514 0.0333517 0.159372
0.510515 0.0330717 0.158294
0.511516 0.0327933 0.157221
0.512517 0.0325167 0.156152
0.513518 0.0322417 0.155088
0.514519 0.0319684 0.154028
0.51552 0.0316967 0.152973
0.516521 0.0314267 0.151922
0.517522 0.0311583 0.150877
0.518523 0.0308916 0.149836
0.519524 0.0306265 0.148799
0.520525 0.0303631 0.147766
0.521526 0.0301015 0.146738
0.522527 0.0298415 0.145714
0.523528 0.0295831 0.144695
0.524529 0.0293264 0.143679
0.52553 0.0290713 0.142668
0.526531 0.0288177 0.141662
0.527532 0.0285658 0.140659
0.528533 0.0283153 0.139661
0.529534 0.0280664 0.138667
0.530535 0.0278189 0.137678
0.531536 0.027573 0.136693
0.532537 0.0273284 0.135712
0.533538 0.0270854 0.134736
0.534539 0.0268437 0.133764
0.53554 0.0266034 0.132797
0.536541 0.0263646 0.131833
0.537542 0.0261272 0.130874
0.538543 0.0258913 0.129919
0.539544 0.0256568 0.128967
0.540545 0.0254238 0.12802
0.541546 0.0251922 0.127077
0.542547 0.024962 0.126139
0.543548 0.0247333 0.125204
0.544549 0.024506 0.124274
0.54555 0.0242801 0.123348
0.546551 0.0240556 0.122427
0.547552 0.0238325 0.12151
0.548553 0.0236108 0.120598
0.549554 0.0233905 0.11969
0.550555 0.0231716 0.118786
0.551556 0.0229541 0.117888
0.552557 0.022738 0.116994
0.553558 0.0225232 0.116104
0.554559 0.0223099 0.115219
0.55556 0.022098 0.114338
0.556561 0.0218875 0.113462
0.557562 0.0216783 0.112589
0.558563 0.0214705 0.111721
0.559564 0.0212641 0.110858
0.560565 0.021059 0.109998
0.561566 0.0208552 0.109143
0.562567 0.0206527 0.108292
0.563568 0.0204514 0.107446
0.564569 0.0202515 0.106604
0.56557 0.0200528 0.105766
0.566571 0.0198553 0.104932
0.567572 0.0196591 0.104103
0.568573 0.0194641 0.103277
0.569574 0.0192702 0.102457
0.570575 0.0190776 0.10164
0.571576 0.0188862 0.100827
0.572577 0.0186961 0.100018
0.573578 0.0185071 0.0992134
0.574579 0.0183194 0.0984128
0.57558 0.0181329 0.0976162
0.576581 0.0179477 0.0968238
0.577582 0.0177636 0.0960356
0.578583 0.0175808 0.0952516
0.579584 0.0173992 0.0944718
0.580585 0.0172188 0.0936962
0.581586 0.0170396 0.092925
0.582587 0.0168617 0.092158
0.583588 0.0166849 0.0913954
0.584589 0.0165094 0.0906372
0.58559 0.016335 0.0898833
0.586591 0.0161619 0.0891339
0.587592 0.01599 0.0883887
0.588593 0.0158193 0.0876479
0.589594 0.0156498 0.0869112
0.590595 0.0154815 0.0861787
0.591596 0.0153144 0.0854503
0.592597 0.0151484 0.0847261
0.593598 0.0149837 0.0840061
0.594599 0.0148201 0.0832901
0.5956 0.0146576 0.0825783
0.596601 0.0144963 0.0818706
0.597602 0.0143361 0.0811669
0.598603 0.0141771 0.0804673
0.599604 0.0140192 0.0797717
0.600605 0.0138623 0.0790802
0.601606 0.0137066 0.0783926
0.602607 0.0135519 0.0777091
0.603608 0.0133984 0.0770296
0.604609 0.0132459 0.0763539
0.60561 0.0130945 0.0756822
0.606611 0.0129441 0.0750143
0.607612 0.0127949 0.0743503
0.608613 0.0126467 0.0736901
0.609614 0.0124996 0.0730339
0.610615 0.0123536 0.0723816
0.611615 0.0122087 0.0717332
0.612616 0.0120648 0.0710887
0.613617 0.0119221 0.0704482
0.614618 0.0117804 0.0698117
0.615619 0.0116398 0.0691791
0.61662 0.0115003 0.0685505
0.617621 0.0113618 0.0679258
0.618622 0.0112244 0.0673052
0.619623 0.0110882 0.0666885
0.620624 0.010953 0.0660759
0.621625 0.0108188 0.0654673
0.622626 0.0106858 0.0648627
0.623627 0.0105538 0.064262
0.624628 0.0104229 0.0636653
0.625629 0.0102931 0.0630725
0.62663 0.0101643 0.0624836
0.627631 0.0100365 0.0618985
0.628632 0.00990985 0.0613172
0.629633 0.00978419 0.0607398
0.630634 0.00965956 0.0601661
0.631635 0.00953594 0.0595962
0.632636 0.00941334 0.05903
0.633637 0.00929175 0.0584675
0.634638 0.00917116 0.0579087
0.635639 0.00905156 0.0573536
0.63664 0.00893295 0.0568021
0.637641 0.00881532 0.0562542
0.638642 0.00869867 0.05571
0.639643 0.00858299 0.0551693
0.640644 0.00846829 0.0546322
0.641645 0.00835457 0.0540987
0.642646 0.00824183 0.0535688
0.643647 0.00813006 0.0530425
0.644648 0.00801927 0.0525197
0.645649 0.00790946 0.0520006
0.64665 0.00780061 0.051485
0.647651 0.00769274 0.050973
0.648652 0.00758583 0.0504646
0.649653 0.00747989 0.0499598
0.650654 0.00737491 0.0494585
0.651655 0.0072709 0.0489608
0.652656 0.00716785 0.0484666
0.653657 0.00706576 0.0479759
0.654658 0.00696463 0.0474888
0.655659 0.00686445 0.0470053
0.65666 0.00676524 0.0465253
0.657661 0.00666699 0.0460489
0.658662 0.00656972 0.0455761
0.659663 0.0064734 0.0451068
0.660664 0.00637804 0.0446411
0.661665 0.00628362 0.0441788
0.662666 0.00619014 0.04372
0.663667 0.00609759 0.0432647
0.664668 0.00600596 0.0428127
0.665669 0.00591524 0.0423641
0.66667 0.00582543 0.0419188
0.667671 0.00573651 0.0414768
0.668672 0.00564849 0.0410381
0.669673 0.00556135 0.0406026
0.670674 0.00547508 0.0401704
0.671675 0.00538969 0.0397413
0.672676 0.00530515 0.0393153
0.673677 0.00522147 0.0388925
0.674678 0.00513866 0.0384728
0.675679 0.00505673 0.0380564
0.67668 0.00497568 0.0376432
0.677681 0.00489552 0.0372332
0.678682 0.00481622 0.0368264
0.679683 0.0047378 0.0364228
0.680684 0.00466023 0.0360223
0.681685 0.00458352 0.035625
0.682686 0.00450767 0.0352308
0.683687 0.00443266 0.0348398
0.684688 0.00435849 0.0344518
0.685689 0.00428517 0.0340669
0.68669 0.00421267 0.0336852
0.687691 0.00414101 0.0333064
0.688692 0.00407017 0.0329308
0.689693 0.00400015 0.0325581
0.690694 0.00393094 0.0321885
0.691695 0.00386255 0.0318219
0.692696 0.00379502 0.0314585
0.693697 0.00372835 0.0310982
0.694698 0.00366253 0.0307411
0.695699 0.00359755 0.030387
0.6967 0.0035334 0.030036
0.697701 0.00347006 0.0296879
0.698702 0.00340753 0.0293429
0.699703 0.00334579 0.0290008
0.700704 0.00328483 0.0286616
0.701705 0.00322464 0.0283252
0.702706 0.00316521 0.0279917
0.703707 0.00310653 0.0276609
0.704708 0.00304859 0.0273329
0.705709 0.00299138 0.0270077
0.70671 0.00293489 0.0266851
0.707711 0.0028791 0.0263652
0.708712 0.002824 0.0260479
0.709713 0.00276962 0.0257332
0.710714 0.00271601 0.0254214
0.711715 0.00266317 0.0251123
0.712716 0.00261109 0.024806
0.713717 0.00255975 0.0245025
0.714718 0.00250914 0.0242017
0.715719 0.00245927 0.0239036
0.71672 0.0024101 0.0236082
0.717721 0.00236165 0.0233154
0.718722 0.00231389 0.0230253
0.719723 0.00226681 0.0227378
0.720724 0.00222041 0.0224528
0.721725 0.00217468 0.0221705
0.722725 0.00212961 0.0218907
0.723726 0.00208518 0.0216134
0.724727 0.0020414 0.0213387
0.725728 0.00199824 0.0210665
0.726729 0.0019557 0.0207967
0.72773 0.00191385 0.0205295
0.728731 0.00187271 0.020265
0.729732 0.00183228 0.0200032
0.730733 0.00179254 0.0197439
0.731734 0.00175348 0.0194873
0.732735 0.00171508 0.0192332
0.733736 0.00167732 0.0189815
0.734737 0.0016402 0.0187324
0.735738 0.00160369 0.0184856
0.736739 0.00156778 0.0182413
0.73774 0.00153246 0.0179992
0.738741 0.00149772 0.0177595
0.739742 0.00146353 0.0175221
0.740743 0.00142988 0.0172869
0.741744 0.00139677 0.0170539
0.742745 0.00136417 0.016823
0.743746 0.00133208 0.0165943
0.744747 0.00130048 0.0163677
0.745748 0.00126947 0.0161433
0.746749 0.00123908 0.0159213
0.74775 0.00120929 0.0157017
0.748751 0.00118008 0.0154843
0.749752 0.00115144 0.0152692
0.750753 0.00112335 0.0150563
0.751754 0.00109581 0.0148456
0.752755 0.00106879 0.0146371
0.753756 0.00104229 0.0144308
0.754757 0.00101629 0.0142265
0.755758 0.000990771 0.0140244
0.756759 0.000965725 0.0138244
0.75776 0.000941138 0.0136264
0.758761 0.000916995 0.0134304
0.759762 0.000893284 0.0132365
0.760763 0.00086999 0.0130445
0.761764 0.000847101 0.0128545
0.762765 0.000824624 0.0126664
0.763766 0.000802668 0.0124805
0.764767 0.000781236 0.0122968
0.765768 0.000760313 0.0121152
0.766769 0.000739881 0.0119357
0.76777 0.000719924 0.0117583
0.768771 0.000700426 0.0115829
0.769772 0.000681371 0.0114095
0.770773 0.000662743 0.011238
0.771774 0.000644526 0.0110685
0.772775 0.000626705 0.0109008
0.773776 0.000609263 0.0107349
0.774777 0.000592186 0.0105709
0.775778 0.000575457 0.0104087
0.776779 0.000559061 0.0102481
0.77778 0.000542985 0.0100893
0.778781 0.000527211 0.00993217
0.779782 0.000511726 0.00977665
0.780783 0.000496551 0.00962279
0.781784 0.000481794 0.00947081
0.782785 0.00046745 0.0093207
0.783786 0.000453504 0.00917244
0.784787 0.00043994 0.00902598
0.785788 0.000426745 0.0088813
0.786789 0.000413903 0.00873838
0.78779 0.0004014 0.00859719
0.788791 0.000389222 0.0084577
0.789792 0.000377354 0.00831988
0.790793 0.000365783 0.0081837
0.791794 0.000354493 0.00804914
0.792795 0.000343472 0.00791618
0.793796 0.000332705 0.00778477
0.794797 0.000322178 0.00765491
0.795798 0.000311878 0.00752655
0.796799 0.000301791 0.00739968
0.7978 0.000291904 0.00727427
0.798801 0.00028225 0.00715039
0.799802 0.000272922 0.00702822
0.800803 0.00026391 0.00690775
0.801804 0.0002552 0.00678892
0.802805 0.000246779 0.00667172
0.803806 0.000238631 0.0065561
0.804807 0.000230745 0.00644203
0.805808 0.000223105 0.00632948
0.806809 0.000215699 0.00621841
0.80781 0.000208513 0.00610879
0.808811 0.000201534 0.00600058
0.809812 0.000194749 0.00589376
0.810813 0.000188144 0.00578829
0.811814 0.000181707 0.00568414
0.812815 0.000175425 0.00558128
0.813816 0.000169285 0.00547967
0.814817 0.000163274 0.00537928
0.815818 0.000157379 0.00528008
0.816819 0.000151638 0.00518216
0.81782 0.000146125 0.00508568
0.818821 0.00014083 0.00499064
0.819822 0.000135744 0.00489699
0.820823 0.000130854 0.00480472
0.821824 0.000126151 0.00471379
0.822825 0.000121623 0.00462417
0.823826 0.000117261 0.00453585
0.824827 0.000113053 0.00444879
0.825828 0.00010899 0.00436296
0.826829 0.00010506 0.00427834
0.82783 0.000101254 0.00419491
0.828831 9.75614e-05 0.00411263
0.829832 9.3972e-05 0.00403148
0.830833 9.04759e-05 0.00395144
0.831834 8.70631e-05 0.00387247
0.832835 8.37236e-05 0.00379456
0.833835 8.04476e-05 0.00371768
0.834836 7.72672e-05 0.00364192
0.835837 7.42371e-05 0.00356744
0.836838 7.135e-05 0.0034942
0.837839 6.85976e-05 0.00342219
0.83884 6.59718e-05 0.00335137
0.839841 6.34646e-05 0.00328171
0.840842 6.10679e-05 0.00321318
0.841843 5.87738e-05 0.00314574
0.842844 5.65745e-05 0.00307938
0.843845 5.4462e-05 0.00301405
0.844846 5.24286e-05 0.00294974
0.845847 5.04666e-05 0.00288641
0.846848 4.85683e-05 0.00282403
0.847849 4.67261e-05 0.00276258
0.84885 4.49324e-05 0.00270202
0.849851 4.31797e-05 0.00264234
0.850852 4.14606e-05 0.00258349
0.851853 3.97676e-05 0.00252545
0.852854 3.81233e-05 0.00246832
0.853855 3.6566e-05 0.00241225
0.854856 3.5091e-05 0.0023572
0.855857 3.36932e-05 0.00230316
0.856858 3.23676e-05 0.00225011
0.857859 3.11091e-05 0.00219801
0.85886 2.99129e-05 0.00214684
0.859861 2.87738e-05 0.00209658
0.860862 2.76871e-05 0.0020472
0.861863 2.66479e-05 0.00199868
0.862864 2.56513e-05 0.001951
0.863865 2.46925e-05 0.00190412
0.864866 2.37667e-05 0.00185803
0.865867 2.28693e-05 0.00181271
0.866868 2.19955e-05 0.00176813
0.867869 2.11406e-05 0.00172426
0.86887 2.03e-05 0.00168108
0.869871 1.94691e-05 0.00163858
0.870872 1.86609e-05 0.00159683
0.871873 1.78991e-05 0.00155597
0.872874 1.71811e-05 0.00151599
0.873875 1.6504e-05 0.00147685
0.874876 1.5865e-05 0.00143854
0.875877 1.52611e-05 0.00140102
0.876878 1.46895e-05 0.00136426
0.877879 1.41474e-05 0.00132826
0.87888 1.36319e-05 0.00129297
0.879881 1.31402e-05 0.00125838
0.880882 1.26696e-05 0.00122446
0.881883 1.22173e-05 0.00119119
0.882884 1.17805e-05 0.00115854
0.883885 1.13565e-05 0.00112649
0.884886 1.09427e-05 0.00109501
0.885887 1.05363e-05 0.00106408
0.886888 1.01347e-05 0.00103368
0.887889 9.73514e-06 0.00100378
0.88889 9.34381e-06 0.000974456
0.889891 8.97411e-06 0.000945844
0.890892 8.62496e-06 0.000917926
0.891893 8.29501e-06 0.000890682
0.892894 7.98288e-06 0.00086409
0.893895 7.68726e-06 0.000838129
0.894896 7.40679e-06 0.000812778
0.895897 7.14016e-06 0.000788015
0.896898 6.88604e-06 0.000763821
0.897899 6.64314e-06 0.000740175
0.8989 6.41015e-06 0.000717056
0.899901 6.18578e-06 0.000694443
0.900902 5.96874e-06 0.000672317
0.901903 5.75778e-06 0.000650657
0.902904 5.55161e-06 0.000629444
0.903905 5.34898e-06 0.000608657
0.904906 5.14865e-06 0.000588278
0.905907 4.94937e-06 0.000568285
0.906908 4.75372e-06 0.000548739
0.907909 4.5681e-06 0.00052977
0.90891 4.39206e-06 0.000511361
0.909911 4.225e-06 0.000493492
0.910912 4.06628e-06 0.000476141
0.911913 3.91531e-06 0.000459288
0.912914 3.77148e-06 0.000442913
0.913915 3.63418e-06 0.000426996
0.914916 3.50282e-06 0.000411516
0.915917 3.3768e-06 0.000396453
0.916918 3.25553e-06 0.000381788
0.917919 3.13843e-06 0.000367501
0.91892 3.02491e-06 0.000353572
0.919921 2.91439e-06 0.000339982
0.920922 2.8063e-06 0.000326711
0.921923 2.70006e-06 0.00031374
0.922924 2.59511e-06 0.00030105
0.923925 2.49089e-06 0.000288622
0.924926 2.38855e-06 0.000276511
0.925927 2.29094e-06 0.000264837
0.926928 2.19787e-06 0.000253585
0.927929 2.10907e-06 0.000242738
0.92893 2.02428e-06 0.000232277
0.929931 1.94324e-06 0.000222187
0.930932 1.86568e-06 0.000212448
0.931933 1.79135e-06 0.000203045
0.932934 1.71999e-06 0.000193959
0.933935 1.65134e-06 0.000185175
0.934936 1.58515e-06 0.000176674
0.935937 1.52116e-06 0.00016844
0.936938 1.45912e-06 0.000160457
0.937939 1.3988e-06 0.000152707
0.93894 1.33992e-06 0.000145175
0.939941 1.28226e-06 0.000137844
0.940942 1.22557e-06 0.000130697
0.941943 1.16959e-06 0.000123719
0.942944 1.11512e-06 0.000116974
0.943945 1.06329e-06 0.000110555
0.944945 1.01398e-06 0.000104446
0.945946 9.67017e-07 9.86306e-05
0.946947 9.22266e-07 9.30931e-05
0.947948 8.79579e-07 8.78179e-05
0.948949 8.3881e-07 8.27895e-05
0.94995 7.99813e-07 7.79924e-05
0.950951 7.62445e-07 7.34112e-05
0.951952 7.26564e-07 6.90306e-05
0.952953 6.92026e-07 6.48354e-05
0.953954 6.58691e-07 6.08106e-05
0.954955 6.26419e-07 5.69411e-05
0.955956 5.95069e-07 5.32121e-05
0.956957 5.64504e-07 4.96086e-05
0.957958 5.34586e-07 4.6116e-05
0.958959 5.05178e-07 4.27197e-05
0.95996 4.76204e-07 3.94128e-05
0.960961 4.48507e-07 3.63037e-05
0.961962 4.22328e-07 3.34205e-05
0.962963 3.97573e-07 3.07484e-05
0.963964 3.7415e-07 2.82726e-05
0.964965 3.51968e-07 2.59785e-05
0.965966 3.30936e-07 2.38515e-05
0.966967 3.10961e-07 2.18771e-05
0.967968 2.91955e-07 2.00408e-05
0.968969 2.73828e-07 1.83285e-05
0.96997 2.5649e-07 1.67259e-05
0.970971 2.39854e-07 1.52188e-05
0.971972 2.23831e-07 1.37933e-05
0.972973 2.08334e-07 1.24352e-05
0.973974 1.93276e-07 1.11309e-05
0.974975 1.78571e-07 9.86645e-06
0.975976 1.64132e-07 8.62818e-06
0.976977 1.49992e-07 7.42119e-06
0.977978 1.36824e-07 6.35418e-06
0.978979 1.2468e-07 5.43419e-06
0.97998 1.13469e-07 4.64593e-06
0.980981 1.03103e-07 3.97418e-06
0.981982 9.34954e-08 3.40381e-06
0.982983 8.45577e-08 2.91979e-06
0.983984 7.62033e-08 2.50719e-06
0.984985 6.83459e-08 2.15114e-06
0.985986 6.08998e-08 1.8369e-06
0.986987 5.37797e-08 1.54978e-06
0.987988 4.69009e-08 1.27521e-06
0.988989 4.01791e-08 9.98703e-07
0.98999 3.35306e-08 7.05841e-07
0.990991 2.72454e-08 4.32686e-07
0.991992 2.19488e-08 2.61677e-07
0.992993 1.74698e-08 1.68748e-07
0.993994 1.36146e-08 1.26771e-07
0.994995 1.01908e-08 1.08781e-07
0.995996 7.00679e-09 8.79761e-08
0.996997 4.03426e-09 4.85645e-08
0.997998 2.07748e-09 4.04477e-08
0.998999 6.26065e-10 3.74243e-08
1 6.73483e-27 0
