1.5 2.00224 0.367922
1.5986 2.5226 0.384593
1.6972 3.01948 0.400678
1.7958 3.49223 0.416124
1.89439 3.94391 0.431002
1.99299 4.37537 0.445319
2.09159 4.7869 0.459071
2.19019 5.1807 0.472314
2.28879 5.55833 0.485085
2.38739 5.92035 0.497398
2.48599 6.26734 0.509263
2.58458 6.60056 0.520715
2.68318 6.92152 0.531794
2.78178 7.23076 0.542516
2.88038 7.52878 0.552894
2.97898 7.81608 0.56294
3.07758 8.0932 0.57267
3.17618 8.36123 0.582115
3.27477 8.62074 0.591291
3.37337 8.87211 0.60021
3.47197 9.11571 0.608882
3.57057 9.35186 0.617317
3.66917 9.58089 0.625523
3.76777 9.8031 0.633511
3.86637 10.0198 0.641294
3.96496 10.2318 0.648888
4.06356 10.4388 0.6563
4.16216 10.6404 0.663538
4.26076 10.8364 0.670607
4.35936 11.0265 0.677514
4.45796 11.2107 0.684266
4.55656 11.3888 0.690868
4.65516 11.5608 0.697324
4.75375 11.7265 0.703642
4.85235 11.8863 0.709828
4.95095 12.0407 0.715892
5.04955 12.1903 0.721836
5.14815 12.3355 0.727665
5.24675 12.4766 0.733382
5.34535 12.6141 0.738991
5.44394 12.7482 0.744496
5.54254 12.8793 0.749899
5.64114 13.0076 0.755204
5.73974 13.1335 0.760414
5.83834 13.2571 0.76553
5.93694 13.3786 0.770557
6.03554 13.4983 0.775496
6.13413 13.6163 0.780351
6.23273 13.7326 0.785125
6.33133 13.8468 0.789823
6.42993 13.9591 0.794446
6.52853 14.0695 0.798997
6.62713 14.178 0.803478
6.72573 14.2848 0.807891
6.82432 14.3898 0.812237
6.92292 14.4932 0.816518
7.02152 14.5949 0.820737
7.12012 14.6949 0.824894
7.21872 14.7935 0.828991
7.31732 14.8905 0.83303
7.41592 14.986 0.837011
7.51451 15.0801 0.840938
7.61311 15.1728 0.84481
7.71171 15.2641 0.848629
7.81031 15.3541 0.852396
7.90891 15.4427 0.856113
8.00751 15.5301 0.859781
8.10611 15.6163 0.863401
8.2047 15.7013 0.866975
8.3033 15.7851 0.870504
8.4019 15.8678 0.87399
8.5005 15.9494 0.877434
8.5991 16.03 0.880836
8.6977 16.1096 0.884198
8.7963 16.1881 0.88752
8.89489 16.2656 0.890804
8.99349 16.3422 0.894049
9.09209 16.4178 0.897257
9.19069 16.4925 0.900429
9.28929 16.5663 0.903564
9.38789 16.6392 0.906665
9.48649 16.7112 0.909732
9.58509 16.7824 0.912765
9.68368 16.8527 0.915765
9.78228 16.9222 0.918732
9.88088 16.9909 0.921668
9.97948 17.0588 0.924573
10.0781 17.126 0.927447
10.1767 17.1924 0.930292
10.2753 17.258 0.933107
10.3739 17.323 0.935893
10.4725 17.3872 0.938651
10.5711 17.4507 0.941381
10.6697 17.5135 0.944084
10.7683 17.5757 0.946759
10.8669 17.6372 0.949409
10.9655 17.698 0.952033
11.0641 17.7583 0.954632
11.1627 17.8179 0.957206
11.2613 17.8769 0.959757
11.3599 17.9353 0.962285
11.4585 17.9932 0.964789
11.5571 18.0505 0.967271
11.6557 18.1073 0.96973
11.7543 18.1635 0.972168
11.8529 18.2191 0.974584
11.9515 18.2743 0.976979
12.0501 18.3289 0.979353
12.1486 18.383 0.981707
12.2472 18.4366 0.98404
12.3458 18.4897 0.986353
12.4444 18.5424 0.988647
12.543 18.5945 0.990922
12.6416 18.6462 0.993177
12.7402 18.6975 0.995414
12.8388 18.7482 0.997632
12.9374 18.7986 0.999833
13.036 18.8484 1.00202
13.1346 18.8979 1.00418
13.2332 18.9469 1.00633
13.3318 18.9955 1.00846
13.4304 19.0437 1.01057
13.529 19.0915 1.01267
13.6276 19.1388 1.01475
13.7262 19.1858 1.01681
13.8248 19.2324 1.01886
13.9234 19.2786 1.02089
14.022 19.3244 1.02291
14.1206 19.3699 1.02491
14.2192 19.415 1.0269
14.3178 19.4597 1.02887
14.4164 19.504 1.03083
14.515 19.548 1.03277
14.6136 19.5917 1.0347
14.7122 19.635 1.03661
14.8108 19.6779 1.03851
14.9094 19.7206 1.0404
15.008 19.7629 1.04227
15.1066 19.8049 1.04413
15.2052 19.8465 1.04598
15.3038 19.8879 1.04782
15.4024 19.9289 1.04964
15.501 19.9697 1.05145
15.5996 20.0101 1.05324
15.6982 20.0503 1.05503
15.7968 20.0901 1.0568
15.8954 20.1297 1.05856
15.994 20.169 1.06031
16.0926 20.208 1.06205
16.1912 20.2468 1.06378
16.2898 20.2853 1.06549
16.3884 20.3235 1.0672
16.487 20.3614 1.06889
16.5856 20.3991 1.07058
16.6842 20.4366 1.07225
16.7828 20.4737 1.07391
16.8814 20.5107 1.07556
16.98 20.5474 1.0772
17.0786 20.5838 1.07883
17.1772 20.62 1.08045
17.2758 20.6559 1.08207
17.3744 20.6916 1.08367
17.473 20.7271 1.08526
17.5716 20.7624 1.08684
17.6702 20.7974 1.08841
17.7688 20.8322 1.08997
17.8674 20.8668 1.09153
17.966 20.9011 1.09307
18.0646 20.9353 1.09461
18.1632 20.9692 1.09613
18.2618 21.0029 1.09765
18.3604 21.0364 1.09916
18.459 21.0697 1.10066
18.5576 21.1028 1.10215
18.6562 21.1356 1.10363
18.7548 21.1683 1.10511
18.8534 21.2008 1.10657
18.952 21.2331 1.10803
19.0506 21.2652 1.10948
19.1491 21.297 1.11092
19.2477 21.3287 1.11235
19.3463 21.3603 1.11378
19.4449 21.3916 1.1152
19.5435 21.4227 1.11661
19.6421 21.4537 1.11801
19.7407 21.4844 1.1194
19.8393 21.515 1.12079
19.9379 21.5455 1.12217
20.0365 21.5757 1.12354
20.1351 21.6058 1.1249
20.2337 21.6357 1.12626
20.3323 21.6654 1.12761
20.4309 21.6949 1.12895
20.5295 21.7243 1.13029
20.6281 21.7536 1.13162
20.7267 21.7826 1.13294
20.8253 21.8115 1.13426
20.9239 21.8403 1.13556
21.0225 21.8688 1.13687
21.1211 21.8973 1.13816
21.2197 21.9255 1.13945
21.3183 21.9536 1.14073
21.4169 21.9816 1.14201
21.5155 22.0094 1.14327
21.6141 22.0371 1.14454
21.7127 22.0646 1.14579
21.8113 22.092 1.14704
21.9099 22.1192 1.14829
22.0085 22.1463 1.14953
22.1071 22.1732 1.15076
22.2057 22.2 1.15199
22.3043 22.2267 1.15321
22.4029 22.2532 1.15442
22.5015 22.2796 1.15563
22.6001 22.3059 1.15683
22.6987 22.332 1.15803
22.7973 22.3581 1.15922
22.8959 22.3839 1.16041
22.9945 22.4097 1.16159
23.0931 22.4353 1.16277
23.1917 22.4608 1.16394
23.2903 22.4862 1.1651
23.3889 22.5114 1.16626
23.4875 22.5365 1.16742
23.5861 22.5615 1.16857
23.6847 22.5864 1.16971
23.7833 22.6112 1.17085
23.8819 22.6358 1.17199
23.9805 22.6603 1.17311
24.0791 22.6848 1.17424
24.1777 22.709 1.17536
24.2763 22.7332 1.17647
24.3749 22.7573 1.17758
24.4735 22.7812 1.17869
24.5721 22.8051 1.17979
24.6707 22.8288 1.18088
24.7693 22.8524 1.18197
24.8679 22.8759 1.18306
24.9665 22.8993 1.18414
25.0651 22.9226 1.18521
25.1637 22.9458 1.18629
25.2623 22.9689 1.18735
25.3609 22.9919 1.18842
25.4595 23.0148 1.18947
25.5581 23.0375 1.19053
25.6567 23.0602 1.19158
25.7553 23.0828 1.19262
25.8539 23.1052 1.19366
25.9525 23.1276 1.1947
26.0511 23.1499 1.19573
26.1496 23.1721 1.19676
26.2482 23.1941 1.19778
26.3468 23.2161 1.1988
26.4454 23.238 1.19982
26.544 23.2598 1.20083
26.6426 23.2815 1.20184
26.7412 23.3031 1.20284
26.8398 23.3246 1.20384
26.9384 23.346 1.20484
27.037 23.3673 1.20583
27.1356 23.3886 1.20681
27.2342 23.4097 1.2078
27.3328 23.4308 1.20878
27.4314 23.4517 1.20975
27.53 23.4726 1.21073
27.6286 23.4934 1.21169
27.7272 23.5141 1.21266
27.8258 23.5347 1.21362
27.9244 23.5553 1.21458
28.023 23.5757 1.21553
28.1216 23.5961 1.21648
28.2202 23.6164 1.21743
28.3188 23.6366 1.21837
28.4174 23.6567 1.21931
28.516 23.6767 1.22024
28.6146 23.6967 1.22117
28.7132 23.7165 1.2221
28.8118 23.7363 1.22303
28.9104 23.7561 1.22395
29.009 23.7757 1.22487
29.1076 23.7952 1.22578
29.2062 23.8147 1.22669
29.3048 23.8341 1.2276
29.4034 23.8535 1.22851
29.502 23.8727 1.22941
29.6006 23.8919 1.2303
29.6992 23.911 1.2312
29.7978 23.93 1.23209
29.8964 23.949 1.23298
29.995 23.9678 1.23386
30.0936 23.9867 1.23475
30.1922 24.0054 1.23562
30.2908 24.0241 1.2365
30.3894 24.0426 1.23737
30.488 24.0612 1.23824
30.5866 24.0796 1.23911
30.6852 24.098 1.23997
30.7838 24.1163 1.24083
30.8824 24.1345 1.24169
30.981 24.1527 1.24254
31.0796 24.1708 1.24339
31.1782 24.1889 1.24424
31.2768 24.2068 1.24509
31.3754 24.2247 1.24593
31.474 24.2426 1.24677
31.5726 24.2604 1.24761
31.6712 24.2781 1.24844
31.7698 24.2957 1.24927
31.8684 24.3133 1.2501
31.967 24.3308 1.25093
32.0656 24.3483 1.25175
32.1642 24.3657 1.25257
32.2628 24.383 1.25339
32.3614 24.4003 1.2542
32.46 24.4175 1.25501
32.5586 24.4346 1.25582
32.6572 24.4517 1.25663
32.7558 24.4687 1.25743
32.8544 24.4857 1.25823
32.953 24.5026 1.25903
33.0516 24.5195 1.25983
33.1502 24.5363 1.26062
33.2487 24.553 1.26141
33.3473 24.5697 1.2622
33.4459 24.5863 1.26299
33.5445 24.6029 1.26377
33.6431 24.6194 1.26455
33.7417 24.6358 1.26533
33.8403 24.6522 1.26611
33.9389 24.6686 1.26688
34.0375 24.6849 1.26765
34.1361 24.7011 1.26842
34.2347 24.7173 1.26919
34.3333 24.7334 1.26995
34.4319 24.7495 1.27071
34.5305 24.7655 1.27147
34.6291 24.7814 1.27223
34.7277 24.7974 1.27299
34.8263 24.8132 1.27374
34.9249 24.829 1.27449
35.0235 24.8448 1.27524
35.1221 24.8605 1.27598
35.2207 24.8761 1.27673
35.3193 24.8917 1.27747
35.4179 24.9073 1.27821
35.5165 24.9228 1.27894
35.6151 24.9382 1.27968
35.7137 24.9536 1.28041
35.8123 24.969 1.28114
35.9109 24.9843 1.28187
36.0095 24.9996 1.28259
36.1081 25.0148 1.28332
36.2067 25.0299 1.28404
36.3053 25.045 1.28476
36.4039 25.0601 1.28547
36.5025 25.0751 1.28619
36.6011 25.0901 1.2869
36.6997 25.105 1.28761
36.7983 25.1199 1.28832
36.8969 25.1347 1.28903
36.9955 25.1495 1.28973
37.0941 25.1642 1.29044
37.1927 25.1789 1.29114
37.2913 25.1935 1.29184
37.3899 25.2081 1.29253
37.4885 25.2227 1.29323
37.5871 25.2372 1.29392
37.6857 25.2517 1.29461
37.7843 25.2661 1.2953
37.8829 25.2805 1.29599
37.9815 25.2948 1.29667
38.0801 25.3091 1.29735
38.1787 25.3234 1.29804
38.2773 25.3376 1.29871
38.3759 25.3517 1.29939
38.4745 25.3658 1.30007
38.5731 25.3799 1.30074
38.6717 25.394 1.30141
38.7703 25.408 1.30208
38.8689 25.4219 1.30275
38.9675 25.4358 1.30342
39.0661 25.4497 1.30408
39.1647 25.4635 1.30474
39.2633 25.4773 1.3054
39.3619 25.4911 1.30606
39.4605 25.5048 1.30672
39.5591 25.5184 1.30737
39.6577 25.5321 1.30803
39.7563 25.5457 1.30868
39.8549 25.5592 1.30933
39.9535 25.5727 1.30998
40.0521 25.5862 1.31062
40.1507 25.5996 1.31127
40.2492 25.613 1.31191
40.3478 25.6264 1.31255
40.4464 25.6397 1.31319
40.545 25.653 1.31383
40.6436 25.6662 1.31447
40.7422 25.6794 1.3151
40.8408 25.6926 1.31573
40.9394 25.7057 1.31636
41.038 25.7188 1.31699
41.1366 25.7319 1.31762
41.2352 25.7449 1.31825
41.3338 25.7579 1.31887
41.4324 25.7709 1.3195
41.531 25.7838 1.32012
41.6296 25.7966 1.32074
41.7282 25.8095 1.32135
41.8268 25.8223 1.32197
41.9254 25.8351 1.32259
42.024 25.8478 1.3232
42.1226 25.8605 1.32381
42.2212 25.8732 1.32442
42.3198 25.8858 1.32503
42.4184 25.8984 1.32564
42.517 25.911 1.32624
42.6156 25.9235 1.32685
42.7142 25.936 1.32745
42.8128 25.9484 1.32805
42.9114 25.9609 1.32865
43.01 25.9733 1.32925
43.1086 25.9856 1.32984
43.2072 25.998 1.33044
43.3058 26.0102 1.33103
43.4044 26.0225 1.33162
43.503 26.0347 1.33222
43.6016 26.0469 1.3328
43.7002 26.0591 1.33339
43.7988 26.0712 1.33398
43.8974 26.0833 1.33456
43.996 26.0954 1.33515
44.0946 26.1074 1.33573
44.1932 26.1194 1.33631
44.2918 26.1314 1.33689
44.3904 26.1434 1.33747
44.489 26.1553 1.33804
44.5876 26.1672 1.33862
44.6862 26.179 1.33919
44.7848 26.1908 1.33976
44.8834 26.2026 1.34033
44.982 26.2144 1.3409
45.0806 26.2261 1.34147
45.1792 26.2378 1.34204
45.2778 26.2495 1.3426
45.3764 26.2611 1.34317
45.475 26.2727 1.34373
45.5736 26.2843 1.34429
45.6722 26.2959 1.34485
45.7708 26.3074 1.34541
45.8694 26.3189 1.34596
45.968 26.3303 1.34652
46.0666 26.3418 1.34708
46.1652 26.3532 1.34763
46.2638 26.3645 1.34818
46.3624 26.3759 1.34873
46.461 26.3872 1.34928
46.5596 26.3985 1.34983
46.6582 26.4098 1.35038
46.7568 26.421 1.35092
46.8554 26.4322 1.35147
46.954 26.4434 1.35201
47.0526 26.4545 1.35255
47.1512 26.4657 1.35309
47.2497 26.4768 1.35363
47.3483 26.4878 1.35417
47.4469 26.4989 1.35471
47.5455 26.5099 1.35524
47.6441 26.5209 1.35578
47.7427 26.5319 1.35631
47.8413 26.5428 1.35684
47.9399 26.5537 1.35737
48.0385 26.5646 1.3579
48.1371 26.5754 1.35843
48.2357 26.5863 1.35896
48.3343 26.5971 1.35948
48.4329 26.6079 1.36001
48.5315 26.6186 1.36053
48.6301 26.6293 1.36105
48.7287 26.6401 1.36158
48.8273 26.6507 1.3621
48.9259 26.6614 1.36262
49.0245 26.672 1.36313
49.1231 26.6826 1.36365
49.2217 26.6932 1.36417
49.3203 26.7038 1.36468
49.4189 26.7143 1.3652
49.5175 26.7248 1.36571
49.6161 26.7353 1.36622
49.7147 26.7457 1.36673
49.8133 26.7562 1.36724
49.9119 26.7666 1.36775
50.0105 26.777 1.36825
50.1091 26.7873 1.36876
50.2077 26.7977 1.36927
50.3063 26.808 1.36977
50.4049 26.8183 1.37027
50.5035 26.8286 1.37077
50.6021 26.8388 1.37127
50.7007 26.849 1.37177
50.7993 26.8592 1.37227
50.8979 26.8694 1.37277
50.9965 26.8796 1.37327
51.0951 26.8897 1.37376
51.1937 26.8998 1.37426
51.2923 26.9099 1.37475
51.3909 26.9199 1.37524
51.4895 26.93 1.37573
51.5881 26.94 1.37622
51.6867 26.95 1.37671
51.7853 26.96 1.3772
51.8839 26.9699 1.37769
51.9825 26.9799 1.37817
52.0811 26.9898 1.37866
52.1797 26.9997 1.37914
52.2783 27.0095 1.37963
52.3769 27.0194 1.38011
52.4755 27.0292 1.38059
52.5741 27.039 1.38107
52.6727 27.0488 1.38155
52.7713 27.0585 1.38203
52.8699 27.0683 1.38251
52.9685 27.078 1.38298
53.0671 27.0877 1.38346
53.1657 27.0973 1.38393
53.2643 27.107 1.38441
53.3629 27.1166 1.38488
53.4615 27.1262 1.38535
53.5601 27.1358 1.38582
53.6587 27.1454 1.38629
53.7573 27.155 1.38676
53.8559 27.1645 1.38723
53.9545 27.174 1.3877
54.0531 27.1835 1.38816
54.1517 27.1929 1.38863
54.2503 27.2024 1.38909
54.3488 27.2118 1.38955
54.4474 27.2212 1.39002
54.546 27.2306 1.39048
54.6446 27.24 1.39094
54.7432 27.2493 1.3914
54.8418 27.2587 1.39186
54.9404 27.268 1.39231
55.039 27.2773 1.39277
55.1376 27.2865 1.39323
55.2362 27.2958 1.39368
55.3348 27.305 1.39414
55.4334 27.3142 1.39459
55.532 27.3234 1.39504
55.6306 27.3326 1.3955
55.7292 27.3418 1.39595
55.8278 27.3509 1.3964
55.9264 27.36 1.39685
56.025 27.3691 1.39729
56.1236 27.3782 1.39774
56.2222 27.3873 1.39819
56.3208 27.3963 1.39863
56.4194 27.4053 1.39908
56.518 27.4144 1.39952
56.6166 27.4233 1.39997
56.7152 27.4323 1.40041
56.8138 27.4413 1.40085
56.9124 27.4502 1.40129
57.011 27.4591 1.40173
57.1096 27.468 1.40217
57.2082 27.4769 1.40261
57.3068 27.4858 1.40304
57.4054 27.4946 1.40348
57.504 27.5034 1.40392
57.6026 27.5123 1.40435
57.7012 27.521 1.40479
57.7998 27.5298 1.40522
57.8984 27.5386 1.40565
57.997 27.5473 1.40608
58.0956 27.556 1.40651
58.1942 27.5648 1.40694
58.2928 27.5734 1.40737
58.3914 27.5821 1.4078
58.49 27.5908 1.40823
58.5886 27.5994 1.40866
58.6872 27.608 1.40908
58.7858 27.6166 1.40951
58.8844 27.6252 1.40993
58.983 27.6338 1.41036
59.0816 27.6423 1.41078
59.1802 27.6509 1.4112
59.2788 27.6594 1.41162
59.3774 27.6679 1.41204
59.476 27.6764 1.41246
59.5746 27.6849 1.41288
59.6732 27.6933 1.4133
59.7718 27.7018 1.41372
59.8704 27.7102 1.41414
59.969 27.7186 1.41455
60.0676 27.727 1.41497
60.1662 27.7354 1.41538
60.2648 27.7437 1.4158
60.3634 27.7521 1.41621
60.462 27.7604 1.41662
60.5606 27.7687 1.41703
60.6592 27.777 1.41745
60.7578 27.7853 1.41786
60.8564 27.7935 1.41827
60.955 27.8018 1.41867
61.0536 27.81 1.41908
61.1522 27.8182 1.41949
61.2508 27.8264 1.4199
61.3493 27.8346 1.4203
61.4479 27.8428 1.42071
61.5465 27.8509 1.42111
61.6451 27.8591 1.42152
61.7437 27.8672 1.42192
61.8423 27.8753 1.42232
61.9409 27.8834 1.42272
62.0395 27.8915 1.42312
62.1381 27.8995 1.42353
62.2367 27.9076 1.42392
62.3353 27.9156 1.42432
62.4339 27.9236 1.42472
62.5325 27.9317 1.42512
62.6311 27.9396 1.42552
62.7297 27.9476 1.42591
62.8283 27.9556 1.42631
62.9269 27.9635 1.4267
63.0255 27.9715 1.4271
63.1241 27.9794 1.42749
63.2227 27.9873 1.42788
63.3213 27.9952 1.42828
63.4199 28.003 1.42867
63.5185 28.0109 1.42906
63.6171 28.0187 1.42945
63.7157 28.0266 1.42984
63.8143 28.0344 1.43023
63.9129 28.0422 1.43062
64.0115 28.05 1.431
64.1101 28.0578 1.43139
64.2087 28.0655 1.43178
64.3073 28.0733 1.43216
64.4059 28.081 1.43255
64.5045 28.0887 1.43293
64.6031 28.0964 1.43331
64.7017 28.1041 1.4337
64.8003 28.1118 1.43408
64.8989 28.1195 1.43446
64.9975 28.1271 1.43484
65.0961 28.1348 1.43522
65.1947 28.1424 1.4356
65.2933 28.15 1.43598
65.3919 28.1576 1.43636
65.4905 28.1652 1.43674
65.5891 28.1727 1.43712
65.6877 28.1803 1.43749
65.7863 28.1878 1.43787
65.8849 28.1954 1.43825
65.9835 28.2029 1.43862
66.0821 28.2104 1.43899
66.1807 28.2179 1.43937
66.2793 28.2254 1.43974
66.3779 28.2328 1.44011
66.4765 28.2403 1.44049
66.5751 28.2477 1.44086
66.6737 28.2551 1.44123
66.7723 28.2626 1.4416
66.8709 28.27 1.44197
66.9695 28.2773 1.44234
67.0681 28.2847 1.4427
67.1667 28.2921 1.44307
67.2653 28.2994 1.44344
67.3639 28.3068 1.44381
67.4625 28.3141 1.44417
67.5611 28.3214 1.44454
67.6597 28.3287 1.4449
67.7583 28.336 1.44527
67.8569 28.3433 1.44563
67.9555 28.3505 1.44599
68.0541 28.3578 1.44635
68.1527 28.365 1.44672
68.2513 28.3722 1.44708
68.3498 28.3795 1.44744
68.4484 28.3867 1.4478
68.547 28.3938 1.44816
68.6456 28.401 1.44852
68.7442 28.4082 1.44888
68.8428 28.4153 1.44923
68.9414 28.4225 1.44959
69.04 28.4296 1.44995
69.1386 28.4367 1.4503
69.2372 28.4438 1.45066
69.3358 28.4509 1.45101
69.4344 28.458 1.45137
69.533 28.4651 1.45172
69.6316 28.4721 1.45208
69.7302 28.4792 1.45243
69.8288 28.4862 1.45278
69.9274 28.4932 1.45313
70.026 28.5002 1.45348
70.1246 28.5072 1.45384
70.2232 28.5142 1.45419
70.3218 28.5212 1.45454
70.4204 28.5282 1.45488
70.519 28.5351 1.45523
70.6176 28.5421 1.45558
70.7162 28.549 1.45593
70.8148 28.5559 1.45628
70.9134 28.5628 1.45662
71.012 28.5697 1.45697
71.1106 28.5766 1.45731
71.2092 28.5835 1.45766
71.3078 28.5904 1.458
71.4064 28.5972 1.45835
71.505 28.604 1.45869
71.6036 28.6109 1.45903
71.7022 28.6177 1.45937
71.8008 28.6245 1.45972
71.8994 28.6313 1.46006
71.998 28.6381 1.4604
72.0966 28.6449 1.46074
72.1952 28.6516 1.46108
72.2938 28.6584 1.46142
72.3924 28.6651 1.46176
72.491 28.6719 1.46209
72.5896 28.6786 1.46243
72.6882 28.6853 1.46277
72.7868 28.692 1.4631
72.8854 28.6987 1.46344
72.984 28.7054 1.46378
73.0826 28.712 1.46411
73.1812 28.7187 1.46445
73.2798 28.7253 1.46478
73.3784 28.732 1.46511
73.477 28.7386 1.46545
73.5756 28.7452 1.46578
73.6742 28.7518 1.46611
73.7728 28.7584 1.46644
73.8714 28.765 1.46677
73.97 28.7716 1.46711
74.0686 28.7781 1.46744
74.1672 28.7847 1.46777
74.2658 28.7912 1.46809
74.3644 28.7978 1.46842
74.463 28.8043 1.46875
74.5616 28.8108 1.46908
74.6602 28.8173 1.46941
74.7588 28.8238 1.46973
74.8574 28.8303 1.47006
74.956 28.8368 1.47039
75.0546 28.8432 1.47071
75.1532 28.8497 1.47104
75.2518 28.8561 1.47136
75.3504 28.8626 1.47168
75.4489 28.869 1.47201
75.5475 28.8754 1.47233
75.6461 28.8818 1.47265
75.7447 28.8882 1.47298
75.8433 28.8946 1.4733
75.9419 28.901 1.47362
76.0405 28.9073 1.47394
76.1391 28.9137 1.47426
76.2377 28.92 1.47458
76.3363 28.9264 1.4749
76.4349 28.9327 1.47522
76.5335 28.939 1.47554
76.6321 28.9453 1.47586
76.7307 28.9516 1.47617
76.8293 28.9579 1.47649
76.9279 28.9642 1.47681
77.0265 28.9705 1.47712
77.1251 28.9767 1.47744
77.2237 28.983 1.47776
77.3223 28.9892 1.47807
77.4209 28.9954 1.47839
77.5195 29.0017 1.4787
77.6181 29.0079 1.47901
77.7167 29.0141 1.47933
77.8153 29.0203 1.47964
77.9139 29.0265 1.47995
78.0125 29.0327 1.48026
78.1111 29.0388 1.48058
78.2097 29.045 1.48089
78.3083 29.0511 1.4812
78.4069 29.0573 1.48151
78.5055 29.0634 1.48182
78.6041 29.0695 1.48213
78.7027 29.0757 1.48244
78.8013 29.0818 1.48275
78.8999 29.0879 1.48305
78.9985 29.094 1.48336
79.0971 29.1 1.48367
79.1957 29.1061 1.48398
79.2943 29.1122 1.48428
79.3929 29.1182 1.48459
79.4915 29.1243 1.48489
79.5901 29.1303 1.4852
79.6887 29.1363 1.4855
79.7873 29.1423 1.48581
79.8859 29.1484 1.48611
79.9845 29.1544 1.48642
80.0831 29.1604 1.48672
80.1817 29.1663 1.48702
80.2803 29.1723 1.48733
80.3789 29.1783 1.48763
80.4775 29.1842 1.48793
80.5761 29.1902 1.48823
80.6747 29.1961 1.48853
80.7733 29.2021 1.48883
80.8719 29.208 1.48913
80.9705 29.2139 1.48943
81.0691 29.2198 1.48973
81.1677 29.2257 1.49003
81.2663 29.2316 1.49033
81.3649 29.2375 1.49063
81.4635 29.2434 1.49092
81.5621 29.2492 1.49122
81.6607 29.2551 1.49152
81.7593 29.261 1.49182
81.8579 29.2668 1.49211
81.9565 29.2726 1.49241
82.0551 29.2785 1.4927
82.1537 29.2843 1.493
82.2523 29.2901 1.49329
82.3509 29.2959 1.49359
82.4494 29.3017 1.49388
82.548 29.3075 1.49417
82.6466 29.3132 1.49447
82.7452 29.319 1.49476
82.8438 29.3248 1.49505
82.9424 29.3305 1.49534
83.041 29.3363 1.49564
83.1396 29.342 1.49593
83.2382 29.3477 1.49622
83.3368 29.3535 1.49651
83.4354 29.3592 1.4968
83.534 29.3649 1.49709
83.6326 29.3706 1.49738
83.7312 29.3763 1.49767
83.8298 29.382 1.49795
83.9284 29.3876 1.49824
84.027 29.3933 1.49853
84.1256 29.399 1.49882
84.2242 29.4046 1.49911
84.3228 29.4102 1.49939
84.4214 29.4159 1.49968
84.52 29.4215 1.49996
84.6186 29.4271 1.50025
84.7172 29.4327 1.50054
84.8158 29.4384 1.50082
84.9144 29.444 1.50111
85.013 29.4495 1.50139
85.1116 29.4551 1.50167
85.2102 29.4607 1.50196
85.3088 29.4663 1.50224
85.4074 29.4718 1.50252
85.506 29.4774 1.50281
85.6046 29.4829 1.50309
85.7032 29.4885 1.50337
85.8018 29.494 1.50365
85.9004 29.4995 1.50393
85.999 29.505 1.50421
86.0976 29.5105 1.50449
86.1962 29.5161 1.50477
86.2948 29.5215 1.50505
86.3934 29.527 1.50533
86.492 29.5325 1.50561
86.5906 29.538 1.50589
86.6892 29.5434 1.50617
86.7878 29.5489 1.50644
86.8864 29.5544 1.50672
86.985 29.5598 1.507
87.0836 29.5652 1.50728
87.1822 29.5707 1.50755
87.2808 29.5761 1.50783
87.3794 29.5815 1.5081
87.478 29.5869 1.50838
87.5766 29.5923 1.50866
87.6752 29.5977 1.50893
87.7738 29.6031 1.5092
87.8724 29.6085 1.50948
87.971 29.6138 1.50975
88.0696 29.6192 1.51003
88.1682 29.6246 1.5103
88.2668 29.6299 1.51057
88.3654 29.6353 1.51084
88.464 29.6406 1.51112
88.5626 29.6459 1.51139
88.6612 29.6513 1.51166
88.7598 29.6566 1.51193
88.8584 29.6619 1.5122
88.957 29.6672 1.51247
89.0556 29.6725 1.51274
89.1542 29.6778 1.51301
89.2528 29.6831 1.51328
89.3514 29.6883 1.51355
89.4499 29.6936 1.51382
89.5485 29.6989 1.51409
89.6471 29.7041 1.51436
89.7457 29.7094 1.51463
89.8443 29.7146 1.51489
89.9429 29.7198 1.51516
90.0415 29.7251 1.51543
90.1401 29.7303 1.51569
90.2387 29.7355 1.51596
90.3373 29.7407 1.51623
90.4359 29.7459 1.51649
90.5345 29.7511 1.51676
90.6331 29.7563 1.51702
90.7317 29.7615 1.51729
90.8303 29.7667 1.51755
90.9289 29.7718 1.51782
91.0275 29.777 1.51808
91.1261 29.7821 1.51834
91.2247 29.7873 1.51861
91.3233 29.7924 1.51887
91.4219 29.7976 1.51913
91.5205 29.8027 1.51939
91.6191 29.8078 1.51966
91.7177 29.8129 1.51992
91.8163 29.8181 1.52018
91.9149 29.8232 1.52044
92.0135 29.8283 1.5207
92.1121 29.8334 1.52096
92.2107 29.8384 1.52122
92.3093 29.8435 1.52148
92.4079 29.8486 1.52174
92.5065 29.8537 1.522
92.6051 29.8587 1.52226
92.7037 29.8638 1.52252
92.8023 29.8688 1.52278
92.9009 29.8739 1.52303
92.9995 29.8789 1.52329
93.0981 29.8839 1.52355
93.1967 29.8889 1.52381
93.2953 29.894 1.52406
93.3939 29.899 1.52432
93.4925 29.904 1.52458
93.5911 29.909 1.52483
93.6897 29.914 1.52509
93.7883 29.919 1.52534
93.8869 29.9239 1.5256
93.9855 29.9289 1.52585
94.0841 29.9339 1.52611
94.1827 29.9388 1.52636
94.2813 29.9438 1.52661
94.3799 29.9487 1.52687
94.4785 29.9537 1.52712
94.5771 29.9586 1.52737
94.6757 29.9636 1.52763
94.7743 29.9685 1.52788
94.8729 29.9734 1.52813
94.9715 29.9783 1.52838
95.0701 29.9832 1.52864
95.1687 29.9881 1.52889
95.2673 29.993 1.52914
95.3659 29.9979 1.52939
95.4645 30.0028 1.52964
95.5631 30.0077 1.52989
95.6617 30.0125 1.53014
95.7603 30.0174 1.53039
95.8589 30.0223 1.53064
95.9575 30.0271 1.53089
96.0561 30.032 1.53114
96.1547 30.0368 1.53138
96.2533 30.0417 1.53163
96.3519 30.0465 1.53188
96.4505 30.0513 1.53213
96.549 30.0561 1.53238
96.6476 30.0609 1.53262
96.7462 30.0658 1.53287
96.8448 30.0706 1.53312
96.9434 30.0754 1.53336
97.042 30.0802 1.53361
97.1406 30.0849 1.53385
97.2392 30.0897 1.5341
97.3378 30.0945 1.53434
97.4364 30.0993 1.53459
97.535 30.104 1.53483
97.6336 30.1088 1.53508
97.7322 30.1135 1.53532
97.8308 30.1183 1.53557
97.9294 30.123 1.53581
98.028 30.1278 1.53605
98.1266 30.1325 1.5363
98.2252 30.1372 1.53654
98.3238 30.1419 1.53678
98.4224 30.1466 1.53702
98.521 30.1513 1.53727
98.6196 30.1561 1.53751
98.7182 30.1607 1.53775
98.8168 30.1654 1.53799
98.9154 30.1701 1.53823
99.014 30.1748 1.53847
99.1126 30.1795 1.53871
99.2112 30.1842 1.53895
99.3098 30.1888 1.53919
99.4084 30.1935 1.53943
99.507 30.1981 1.53967
99.6056 30.2028 1.53991
99.7042 30.2074 1.54015
99.8028 30.2121 1.54039
99.9014 30.2167 1.54063
100 30.2213 1.54086
