1e-05 68.9437 3.13467
0.00101099 16.5568 0.933447
0.00201198 12.8805 0.797101
0.00301297 11.0157 0.734275
0.00401396 9.80608 0.697137
0.00501495 8.92723 0.672569
0.00601595 8.24632 0.655246
0.00701694 7.69395 0.642489
0.00801793 7.23283 0.632868
0.00901892 6.83908 0.625478
0.0100199 6.49601 0.619693
0.0110209 6.1935 0.615156
0.0120219 5.92401 0.611604
0.0130229 5.68104 0.6088
0.0140239 5.46026 0.6066
0.0150249 5.25842 0.604898
0.0160259 5.07299 0.603618
0.0170268 4.90169 0.602685
0.0180278 4.74246 0.602019
0.0190288 4.59387 0.601583
0.0200298 4.45482 0.601347
0.0210308 4.32433 0.601277
0.0220318 4.20161 0.601357
0.0230328 4.08585 0.601568
0.0240338 3.97632 0.601878
0.0250348 3.87238 0.602266
0.0260358 3.7736 0.602731
0.0270368 3.67957 0.603261
0.0280377 3.58992 0.603846
0.0290387 3.50434 0.604474
0.0300397 3.42255 0.605151
0.0310407 3.34426 0.605867
0.0320417 3.2692 0.60661
0.0330427 3.19714 0.60737
0.0340437 3.12785 0.608142
0.0350447 3.0612 0.608933
0.0360457 2.99701 0.609738
0.0370467 2.93516 0.610551
0.0380477 2.8755 0.611367
0.0390486 2.81791 0.612185
0.0400496 2.7623 0.613012
0.0410506 2.70854 0.613843
0.0420516 2.65654 0.614673
0.0430526 2.60619 0.615497
0.0440536 2.55741 0.616311
0.0450546 2.51011 0.617114
0.0460556 2.46423 0.617913
0.0470566 2.41971 0.618706
0.0480576 2.37649 0.619491
0.0490586 2.33451 0.620266
0.0500595 2.29371 0.621028
0.0510605 2.25405 0.621779
0.0520615 2.21548 0.622524
0.0530625 2.17795 0.623261
0.0540635 2.14143 0.623989
0.0550645 2.10586 0.624705
0.0560655 2.0712 0.625405
0.0570665 2.03742 0.626088
0.0580675 2.00448 0.626753
0.0590685 1.97236 0.627407
0.0600695 1.94103 0.62805
0.0610705 1.91045 0.628679
0.0620714 1.88061 0.629295
0.0630724 1.85146 0.629894
0.0640734 1.823 0.630478
0.0650744 1.79518 0.631044
0.0660754 1.76801 0.631596
0.0670764 1.74145 0.632137
0.0680774 1.71549 0.632666
0.0690784 1.6901 0.63318
0.0700794 1.66527 0.63368
0.0710804 1.64097 0.634163
0.0720814 1.61719 0.634628
0.0730823 1.5939 0.635075
0.0740833 1.57111 0.635505
0.0750843 1.54879 0.635923
0.0760853 1.52694 0.636328
0.0770863 1.50553 0.636718
0.0780873 1.48456 0.637093
0.0790883 1.464 0.637452
0.0800893 1.44386 0.637796
0.0810903 1.4241 0.638122
0.0820913 1.40473 0.638432
0.0830923 1.38573 0.638729
0.0840932 1.36711 0.639014
0.0850942 1.34884 0.639286
0.0860952 1.33092 0.639544
0.0870962 1.31334 0.639788
0.0880972 1.29608 0.640016
0.0890982 1.27914 0.640227
0.0900992 1.26251 0.640422
0.0911002 1.24618 0.6406
0.0921012 1.23014 0.640763
0.0931022 1.21439 0.640914
0.0941032 1.19894 0.641052
0.0951041 1.18375 0.641176
0.0961051 1.16884 0.641286
0.0971061 1.15418 0.641381
0.0981071 1.13978 0.641462
0.0991081 1.12562 0.641527
0.100109 1.1117 0.641577
0.10111 1.09801 0.641611
0.102111 1.08455 0.641633
0.103112 1.07133 0.641643
0.104113 1.05833 0.64164
0.105114 1.04554 0.641624
0.106115 1.03297 0.641595
0.107116 1.0206 0.641552
0.108117 1.00844 0.641495
0.109118 0.996466 0.641423
0.110119 0.984684 0.641336
0.11112 0.973087 0.641234
0.112121 0.961678 0.64112
0.113122 0.950454 0.640993
0.114123 0.939411 0.640855
0.115124 0.928543 0.640704
0.116125 0.917846 0.640541
0.117126 0.907314 0.640364
0.118127 0.896943 0.640174
0.119128 0.886728 0.639971
0.120129 0.876665 0.639754
0.12113 0.86675 0.639523
0.122131 0.856981 0.639278
0.123132 0.84736 0.639022
0.124133 0.837886 0.638755
0.125134 0.828554 0.638476
0.126135 0.819361 0.638186
0.127136 0.810304 0.637883
0.128137 0.801379 0.637569
0.129138 0.792583 0.637241
0.130139 0.783913 0.636901
0.13114 0.775366 0.636548
0.132141 0.76694 0.636182
0.133142 0.758631 0.635803
0.134143 0.750444 0.635413
0.135144 0.742376 0.635013
0.136145 0.734425 0.634601
0.137146 0.726587 0.634179
0.138147 0.718861 0.633745
0.139148 0.711241 0.633299
0.140149 0.703727 0.632842
0.14115 0.696315 0.632373
0.142151 0.689003 0.631893
0.143152 0.681788 0.6314
0.144153 0.674667 0.630894
0.145154 0.667641 0.630378
0.146155 0.660714 0.629851
0.147156 0.653881 0.629314
0.148157 0.647142 0.628767
0.149158 0.640494 0.628209
0.150159 0.633935 0.62764
0.15116 0.627463 0.627061
0.152161 0.621075 0.62647
0.153162 0.61477 0.625869
0.154163 0.608546 0.625257
0.155164 0.6024 0.624633
0.156165 0.596332 0.623999
0.157166 0.590341 0.623353
0.158167 0.584431 0.622698
0.159168 0.578599 0.622034
0.160169 0.572844 0.62136
0.16117 0.567163 0.620676
0.162171 0.561555 0.619982
0.163172 0.556018 0.619278
0.164173 0.550549 0.618564
0.165174 0.545149 0.61784
0.166175 0.539814 0.617105
0.167175 0.534543 0.616361
0.168176 0.529335 0.615606
0.169177 0.524188 0.61484
0.170178 0.519107 0.614066
0.171179 0.51409 0.613282
0.17218 0.509136 0.612489
0.173181 0.504243 0.611687
0.174182 0.499411 0.610876
0.175183 0.494637 0.610056
0.176184 0.48992 0.609226
0.177185 0.48526 0.608387
0.178186 0.480654 0.607539
0.179187 0.476103 0.606682
0.180188 0.471603 0.605816
0.181189 0.467156 0.60494
0.18219 0.46276 0.604055
0.183191 0.458419 0.603162
0.184192 0.454131 0.602261
0.185193 0.449894 0.601351
0.186194 0.445709 0.600434
0.187195 0.441572 0.599507
0.188196 0.437484 0.598573
0.189197 0.433443 0.597629
0.190198 0.429447 0.596678
0.191199 0.425496 0.595718
0.1922 0.421589 0.594749
0.193201 0.417724 0.593772
0.194202 0.413901 0.592786
0.195203 0.410119 0.591792
0.196204 0.406382 0.59079
0.197205 0.402687 0.58978
0.198206 0.399036 0.588762
0.199207 0.395425 0.587737
0.200208 0.391855 0.586703
0.201209 0.388326 0.585662
0.20221 0.384835 0.584614
0.203211 0.381382 0.583558
0.204212 0.377967 0.582494
0.205213 0.374589 0.581423
0.206214 0.371246 0.580345
0.207215 0.367939 0.579259
0.208216 0.364668 0.578166
0.209217 0.361433 0.577066
0.210218 0.358235 0.575959
0.211219 0.355073 0.574846
0.21222 0.351946 0.573725
0.213221 0.348854 0.572598
0.214222 0.345795 0.571464
0.215223 0.342769 0.570323
0.216224 0.339775 0.569175
0.217225 0.336813 0.56802
0.218226 0.333881 0.566859
0.219227 0.330978 0.565691
0.220228 0.328105 0.564516
0.221229 0.325261 0.563334
0.22223 0.322445 0.562146
0.223231 0.319659 0.560951
0.224232 0.316904 0.559749
0.225233 0.314178 0.558541
0.226234 0.311481 0.557327
0.227235 0.308812 0.556106
0.228236 0.306171 0.55488
0.229237 0.303558 0.553647
0.230238 0.30097 0.552409
0.231239 0.298409 0.551165
0.23224 0.295874 0.549915
0.233241 0.293363 0.548659
0.234242 0.290877 0.547398
0.235243 0.288416 0.546132
0.236244 0.285979 0.54486
0.237245 0.283568 0.543583
0.238246 0.281183 0.542301
0.239247 0.278822 0.541013
0.240248 0.276486 0.539719
0.241249 0.274173 0.538421
0.24225 0.271884 0.537117
0.243251 0.269618 0.535808
0.244252 0.267374 0.534493
0.245253 0.265151 0.533174
0.246254 0.26295 0.53185
0.247255 0.26077 0.530521
0.248256 0.25861 0.529187
0.249257 0.25647 0.527848
0.250258 0.254349 0.526505
0.251259 0.252251 0.525156
0.25226 0.250173 0.523802
0.253261 0.248116 0.522443
0.254262 0.24608 0.521079
0.255263 0.244063 0.519711
0.256264 0.242066 0.518338
0.257265 0.240088 0.516961
0.258266 0.23813 0.515579
0.259267 0.236189 0.514193
0.260268 0.234267 0.512804
0.261269 0.232363 0.511411
0.26227 0.230476 0.510014
0.263271 0.228607 0.508613
0.264272 0.226755 0.507209
0.265273 0.22492 0.505801
0.266274 0.223104 0.504389
0.267275 0.221307 0.502973
0.268276 0.219526 0.501553
0.269277 0.217763 0.50013
0.270278 0.216017 0.498702
0.271279 0.214287 0.497272
0.27228 0.212573 0.495837
0.273281 0.210875 0.4944
0.274282 0.209193 0.492959
0.275283 0.207525 0.491514
0.276284 0.205872 0.490067
0.277285 0.204234 0.488616
0.278285 0.202609 0.487163
0.279286 0.200999 0.485706
0.280287 0.199404 0.484246
0.281288 0.197824 0.482782
0.282289 0.196258 0.481315
0.28329 0.194708 0.479844
0.284291 0.193171 0.47837
0.285292 0.191649 0.476893
0.286293 0.190141 0.475414
0.287294 0.188645 0.473932
0.288295 0.187164 0.472447
0.289296 0.185695 0.47096
0.290297 0.184239 0.469471
0.291298 0.182796 0.46798
0.292299 0.181364 0.466487
0.2933 0.179945 0.464992
0.294301 0.178539 0.463495
0.295302 0.177145 0.461996
0.296303 0.175765 0.460494
0.297304 0.174397 0.45899
0.298305 0.173042 0.457484
0.299306 0.171698 0.455975
0.300307 0.170367 0.454464
0.301308 0.169048 0.452951
0.302309 0.16774 0.451437
0.30331 0.166443 0.44992
0.304311 0.165157 0.448402
0.305312 0.163882 0.446883
0.306313 0.162617 0.445362
0.307314 0.161363 0.443839
0.308315 0.160119 0.442315
0.309316 0.158886 0.44079
0.310317 0.157663 0.439262
0.311318 0.156451 0.437733
0.312319 0.15525 0.436201
0.31332 0.154059 0.434667
0.314321 0.152879 0.433132
0.315322 0.151709 0.431595
0.316323 0.150548 0.430057
0.317324 0.149398 0.428518
0.318325 0.148257 0.426978
0.319326 0.147126 0.425438
0.320327 0.146005 0.423896
0.321328 0.144892 0.422355
0.322329 0.143789 0.420813
0.32333 0.142694 0.419271
0.324331 0.141609 0.417729
0.325332 0.140533 0.416186
0.326333 0.139466 0.414642
0.327334 0.138409 0.413098
0.328335 0.137361 0.411552
0.329336 0.136323 0.410006
0.330337 0.135293 0.408459
0.331338 0.134271 0.406911
0.332339 0.133259 0.405363
0.33334 0.132254 0.403815
0.334341 0.131258 0.402267
0.335342 0.130269 0.400719
0.336343 0.129289 0.39917
0.337344 0.128315 0.397622
0.338345 0.12735 0.396074
0.339346 0.126391 0.394526
0.340347 0.125441 0.392978
0.341348 0.124498 0.391429
0.342349 0.123563 0.389879
0.34335 0.122636 0.388329
0.344351 0.121717 0.386779
0.345352 0.120805 0.385228
0.346353 0.119901 0.383678
0.347354 0.119004 0.382127
0.348355 0.118114 0.380577
0.349356 0.117231 0.379028
0.350357 0.116355 0.377479
0.351358 0.115486 0.375932
0.352359 0.114624 0.374385
0.35336 0.113769 0.372839
0.354361 0.112919 0.371295
0.355362 0.112077 0.369752
0.356363 0.111241 0.368209
0.357364 0.110413 0.366667
0.358365 0.109591 0.365125
0.359366 0.108776 0.363583
0.360367 0.107968 0.362043
0.361368 0.107167 0.360502
0.362369 0.106371 0.358963
0.36337 0.105582 0.357425
0.364371 0.1048 0.355887
0.365372 0.104023 0.354351
0.366373 0.103252 0.352816
0.367374 0.102487 0.351283
0.368375 0.101727 0.34975
0.369376 0.100973 0.34822
0.370377 0.100225 0.346691
0.371378 0.0994814 0.345163
0.372379 0.0987442 0.343636
0.37338 0.0980129 0.342109
0.374381 0.0972874 0.340584
0.375382 0.0965677 0.339059
0.376383 0.0958535 0.337535
0.377384 0.0951449 0.336012
0.378385 0.0944417 0.334491
0.379386 0.0937439 0.332971
0.380387 0.0930515 0.331453
0.381388 0.0923642 0.329937
0.382389 0.091682 0.328424
0.38339 0.091005 0.326912
0.384391 0.0903329 0.325403
0.385392 0.0896657 0.323896
0.386393 0.0890033 0.322392
0.387394 0.088346 0.32089
0.388395 0.0876939 0.319389
0.389395 0.0870471 0.317891
0.390396 0.0864054 0.316393
0.391397 0.0857687 0.314898
0.392398 0.085137 0.313405
0.393399 0.0845101 0.311913
0.3944 0.083888 0.310423
0.395401 0.0832705 0.308936
0.396402 0.0826576 0.307451
0.397403 0.0820491 0.305968
0.398404 0.081445 0.304488
0.399405 0.0808452 0.30301
0.400406 0.0802496 0.301535
0.401407 0.0796581 0.300062
0.402408 0.0790707 0.298593
0.403409 0.0784873 0.297125
0.40441 0.0779084 0.295659
0.405411 0.0773339 0.294195
0.406412 0.0767638 0.292733
0.407413 0.0761979 0.291273
0.408414 0.0756362 0.289815
0.409415 0.0750787 0.288359
0.410416 0.0745253 0.286906
0.411417 0.0739759 0.285455
0.412418 0.0734305 0.284008
0.413419 0.072889 0.282563
0.41442 0.0723514 0.281121
0.415421 0.0718176 0.279683
0.416422 0.0712875 0.278248
0.417423 0.0707612 0.276816
0.418424 0.0702385 0.275388
0.419425 0.0697195 0.273964
0.420426 0.0692046 0.272542
0.421427 0.0686935 0.271123
0.422428 0.0681864 0.269706
0.423429 0.0676831 0.268293
0.42443 0.0671836 0.266882
0.425431 0.0666877 0.265474
0.426432 0.0661955 0.264069
0.427433 0.0657067 0.262667
0.428434 0.0652214 0.261269
0.429435 0.0647395 0.259873
0.430436 0.0642609 0.258481
0.431437 0.0637856 0.257092
0.432438 0.0633135 0.255707
0.433439 0.0628445 0.254325
0.43444 0.0623785 0.252947
0.435441 0.0619155 0.251572
0.436442 0.0614558 0.2502
0.437443 0.0609995 0.248831
0.438444 0.0605464 0.247465
0.439445 0.0600966 0.246101
0.440446 0.0596499 0.24474
0.441447 0.0592065 0.243383
0.442448 0.0587661 0.242029
0.443449 0.0583288 0.240678
0.44445 0.0578946 0.23933
0.445451 0.0574634 0.237987
0.446452 0.0570351 0.236647
0.447453 0.0566098 0.235311
0.448454 0.0561873 0.233979
0.449455 0.0557677 0.232651
0.450456 0.0553509 0.231327
0.451457 0.0549369 0.230007
0.452458 0.0545257 0.228692
0.453459 0.0541176 0.22738
0.45446 0.0537125 0.226071
0.455461 0.0533103 0.224766
0.456462 0.0529111 0.223465
0.457463 0.0525146 0.222167
0.458464 0.052121 0.220872
0.459465 0.0517301 0.219582
0.460466 0.0513419 0.218295
0.461467 0.0509563 0.217012
0.462468 0.0505732 0.215733
0.463469 0.0501928 0.214458
0.46447 0.0498148 0.213187
0.465471 0.0494392 0.211919
0.466472 0.049066 0.210657
0.467473 0.0486952 0.209398
0.468474 0.0483267 0.208143
0.469475 0.0479606 0.206892
0.470476 0.0475972 0.205644
0.471477 0.0472362 0.2044
0.472478 0.0468777 0.203159
0.473479 0.0465217 0.201922
0.47448 0.0461681 0.200689
0.475481 0.0458169 0.199459
0.476482 0.045468 0.198234
0.477483 0.0451215 0.197012
0.478484 0.0447774 0.195795
0.479485 0.0444355 0.194582
0.480486 0.0440958 0.193374
0.481487 0.0437584 0.192169
0.482488 0.0434233 0.19097
0.483489 0.0430903 0.189774
0.48449 0.0427594 0.188584
0.485491 0.0424308 0.187398
0.486492 0.0421045 0.186216
0.487493 0.0417806 0.185038
0.488494 0.0414589 0.183865
0.489495 0.0411395 0.182695
0.490496 0.0408223 0.181529
0.491497 0.0405073 0.180368
0.492498 0.0401944 0.17921
0.493499 0.0398836 0.178057
0.4945 0.0395749 0.176908
0.495501 0.0392681 0.175764
0.496502 0.0389633 0.174623
0.497503 0.0386605 0.173487
0.498504 0.0383595 0.172355
0.499505 0.0380604 0.171228
0.500505 0.0377632 0.170105
0.501506 0.0374677 0.168987
0.502507 0.037174 0.167872
0.503508 0.0368824 0.166762
0.504509 0.0365927 0.165655
0.50551 0.0363049 0.164552
0.506511 0.036019 0.163453
0.507512 0.035735 0.162358
0.508513 0.0354529 0.161268
0.509514 0.0351727 0.160181
0.510515 0.0348943 0.159099
0.511516 0.0346176 0.158022
0.512517 0.0343428 0.156948
0.513518 0.0340698 0.15588
0.514519 0.0337985 0.154816
0.51552 0.0335289 0.153756
0.516521 0.0332611 0.152701
0.517522 0.0329949 0.151651
0.518523 0.0327305 0.150606
0.519524 0.0324678 0.149566
0.520525 0.032207 0.148529
0.521526 0.0319479 0.147497
0.522527 0.0316907 0.146469
0.523528 0.0314352 0.145446
0.524529 0.0311813 0.144427
0.52553 0.0309292 0.143412
0.526531 0.0306788 0.142402
0.527532 0.0304299 0.141396
0.528533 0.0301827 0.140394
0.529534 0.029937 0.139397
0.530535 0.0296929 0.138404
0.531536 0.0294503 0.137416
0.532537 0.0292092 0.136432
0.533538 0.0289696 0.135452
0.534539 0.0287314 0.134477
0.53554 0.0284946 0.133506
0.536541 0.0282593 0.13254
0.537542 0.0280255 0.131577
0.538543 0.0277933 0.130619
0.539544 0.0275626 0.129665
0.540545 0.0273334 0.128715
0.541546 0.0271057 0.127769
0.542547 0.0268795 0.126827
0.543548 0.0266547 0.12589
0.544549 0.0264314 0.124957
0.54555 0.0262095 0.124028
0.546551 0.025989 0.123104
0.547552 0.02577 0.122185
0.548553 0.0255524 0.12127
0.549554 0.0253362 0.120359
0.550555 0.0251213 0.119453
0.551556 0.0249078 0.118552
0.552557 0.0246957 0.117656
0.553558 0.024485 0.116764
0.554559 0.0242758 0.115876
0.55556 0.024068 0.114993
0.556561 0.0238617 0.114114
0.557562 0.0236567 0.11324
0.558563 0.0234531 0.112369
0.559564 0.0232509 0.111504
0.560565 0.02305 0.110642
0.561566 0.0228504 0.109785
0.562567 0.0226521 0.108932
0.563568 0.022455 0.108083
0.564569 0.0222592 0.107239
0.56557 0.0220647 0.106399
0.566571 0.0218713 0.105563
0.567572 0.0216791 0.104732
0.568573 0.0214881 0.103905
0.569574 0.0212982 0.103082
0.570575 0.0211095 0.102263
0.571576 0.020922 0.101449
0.572577 0.0207358 0.100638
0.573578 0.0205508 0.0998317
0.574579 0.020367 0.0990293
0.57558 0.0201844 0.0982311
0.576581 0.020003 0.097437
0.577582 0.0198228 0.0966471
0.578583 0.0196437 0.0958614
0.579584 0.0194659 0.09508
0.580585 0.0192892 0.0943029
0.581586 0.0191136 0.09353
0.582587 0.0189392 0.0927615
0.583588 0.018766 0.0919974
0.584589 0.0185939 0.0912376
0.58559 0.0184229 0.0904822
0.586591 0.018253 0.0897313
0.587592 0.0180843 0.0889847
0.588593 0.0179168 0.0882424
0.589594 0.0177504 0.0875043
0.590595 0.0175852 0.0867704
0.591596 0.0174212 0.0860407
0.592597 0.0172582 0.0853151
0.593598 0.0170964 0.0845938
0.594599 0.0169357 0.0838765
0.5956 0.0167761 0.0831634
0.596601 0.0166175 0.0824544
0.597602 0.01646 0.0817494
0.598603 0.0163035 0.0810486
0.599604 0.016148 0.0803518
0.600605 0.0159936 0.079659
0.601606 0.0158401 0.0789702
0.602607 0.0156876 0.0782855
0.603608 0.0155361 0.0776047
0.604609 0.0153855 0.0769278
0.60561 0.015236 0.0762549
0.606611 0.0150874 0.0755858
0.607612 0.0149399 0.0749206
0.608613 0.0147934 0.0742593
0.609614 0.0146478 0.0736019
0.610615 0.0145033 0.0729484
0.611615 0.0143598 0.0722989
0.612616 0.0142172 0.0716533
0.613617 0.0140756 0.0710117
0.614618 0.013935 0.070374
0.615619 0.0137954 0.0697403
0.61662 0.0136567 0.0691105
0.617621 0.013519 0.0684848
0.618622 0.0133822 0.0678631
0.619623 0.0132464 0.0672453
0.620624 0.0131116 0.0666316
0.621625 0.0129776 0.0660219
0.622626 0.0128447 0.0654162
0.623627 0.0127127 0.0648145
0.624628 0.0125818 0.0642168
0.625629 0.0124517 0.0636229
0.62663 0.0123227 0.0630329
0.627631 0.0121945 0.0624468
0.628632 0.0120673 0.0618645
0.629633 0.0119411 0.0612861
0.630634 0.0118157 0.0607114
0.631635 0.0116912 0.0601404
0.632636 0.0115676 0.0595733
0.633637 0.0114449 0.0590098
0.634638 0.011323 0.05845
0.635639 0.011202 0.0578938
0.63664 0.0110818 0.0573413
0.637641 0.0109625 0.0567924
0.638642 0.0108439 0.0562471
0.639643 0.0107263 0.0557053
0.640644 0.0106094 0.0551672
0.641645 0.0104935 0.0546327
0.642646 0.0103784 0.0541017
0.643647 0.0102641 0.0535744
0.644648 0.0101507 0.0530506
0.645649 0.0100381 0.0525305
0.64665 0.00992637 0.0520139
0.647651 0.00981547 0.0515009
0.648652 0.00970541 0.0509914
0.649653 0.00959617 0.0504855
0.650654 0.00948776 0.0499832
0.651655 0.00938017 0.0494844
0.652656 0.00927339 0.0489891
0.653657 0.00916744 0.0484974
0.654658 0.00906229 0.0480093
0.655659 0.00895795 0.0475246
0.65666 0.00885442 0.0470435
0.657661 0.00875173 0.046566
0.658662 0.00864987 0.0460921
0.659663 0.00854884 0.0456218
0.660664 0.00844862 0.0451549
0.661665 0.00834922 0.0446916
0.662666 0.00825061 0.0442317
0.663667 0.0081528 0.0437752
0.664668 0.00805576 0.0433221
0.665669 0.00795951 0.0428724
0.66667 0.00786401 0.042426
0.667671 0.00776928 0.0419828
0.668672 0.00767529 0.041543
0.669673 0.00758205 0.0411063
0.670674 0.00748954 0.0406729
0.671675 0.00739775 0.0402426
0.672676 0.00730668 0.0398155
0.673677 0.00721632 0.0393914
0.674678 0.00712668 0.0389706
0.675679 0.00703778 0.0385529
0.67668 0.00694961 0.0381385
0.677681 0.00686218 0.0377272
0.678682 0.00677548 0.0373192
0.679683 0.00668951 0.0369143
0.680684 0.00660426 0.0365126
0.681685 0.00651974 0.036114
0.682686 0.00643594 0.0357185
0.683687 0.00635285 0.0353262
0.684688 0.00627047 0.0349369
0.685689 0.00618881 0.0345507
0.68669 0.00610786 0.0341676
0.687691 0.00602762 0.0337876
0.688692 0.00594807 0.0334106
0.689693 0.00586923 0.0330366
0.690694 0.00579109 0.0326656
0.691695 0.00571365 0.0322976
0.692696 0.00563693 0.0319328
0.693697 0.00556093 0.0315712
0.694698 0.00548565 0.0312126
0.695699 0.00541109 0.0308571
0.6967 0.00533722 0.0305047
0.697701 0.00526404 0.0301552
0.698702 0.00519155 0.0298087
0.699703 0.00511974 0.0294652
0.700704 0.00504859 0.0291245
0.701705 0.00497811 0.0287867
0.702706 0.00490827 0.0284517
0.703707 0.00483909 0.0281195
0.704708 0.00477054 0.02779
0.705709 0.00470263 0.0274632
0.70671 0.00463534 0.0271391
0.707711 0.00456866 0.0268176
0.708712 0.00450259 0.0264988
0.709713 0.00443714 0.0261826
0.710714 0.00437233 0.0258692
0.711715 0.00430816 0.0255585
0.712716 0.00424463 0.0252506
0.713717 0.00418173 0.0249455
0.714718 0.00411946 0.0246431
0.715719 0.00405782 0.0243433
0.71672 0.00399679 0.0240463
0.717721 0.00393639 0.0237518
0.718722 0.0038766 0.02346
0.719723 0.00381742 0.0231709
0.720724 0.00375885 0.0228843
0.721725 0.00370089 0.0226002
0.722725 0.00364352 0.0223187
0.723726 0.00358675 0.0220398
0.724727 0.00353057 0.0217633
0.725728 0.00347499 0.0214893
0.726729 0.00341999 0.0212178
0.72773 0.0033656 0.0209488
0.728731 0.00331184 0.0206826
0.729732 0.00325869 0.020419
0.730733 0.00320616 0.020158
0.731734 0.00315423 0.0198995
0.732735 0.00310289 0.0196436
0.733736 0.00305214 0.0193902
0.734737 0.00300197 0.0191392
0.735738 0.00295236 0.0188906
0.736739 0.00290332 0.0186444
0.73774 0.00285483 0.0184005
0.738741 0.00280688 0.0181589
0.739742 0.00275948 0.0179196
0.740743 0.0027126 0.0176825
0.741744 0.00266624 0.0174476
0.742745 0.0026204 0.0172149
0.743746 0.00257506 0.0169842
0.744747 0.00253023 0.0167557
0.745748 0.00248594 0.0165294
0.746749 0.0024422 0.0163055
0.74775 0.00239901 0.0160839
0.748751 0.00235636 0.0158645
0.749752 0.00231424 0.0156474
0.750753 0.00227266 0.0154326
0.751754 0.00223159 0.0152199
0.752755 0.00219105 0.0150094
0.753756 0.00215101 0.014801
0.754757 0.00211148 0.0145948
0.755758 0.00207244 0.0143907
0.756759 0.0020339 0.0141886
0.75776 0.00199585 0.0139886
0.758761 0.00195828 0.0137906
0.759762 0.00192118 0.0135945
0.760763 0.00188456 0.0134005
0.761764 0.0018484 0.0132084
0.762765 0.00181271 0.0130183
0.763766 0.00177754 0.0128303
0.764767 0.00174288 0.0126445
0.765768 0.00170873 0.0124608
0.766769 0.00167508 0.0122792
0.76777 0.00164192 0.0120997
0.768771 0.00160924 0.0119222
0.769772 0.00157704 0.0117466
0.770773 0.00154529 0.0115731
0.771774 0.001514 0.0114014
0.772775 0.00148316 0.0112316
0.773776 0.00145275 0.0110636
0.774777 0.00142277 0.0108974
0.775778 0.00139321 0.010733
0.776779 0.00136407 0.0105703
0.77778 0.00133532 0.0104093
0.778781 0.00130697 0.01025
0.779782 0.00127901 0.0100923
0.780783 0.00125144 0.00993629
0.781784 0.00122432 0.00978213
0.782785 0.00119766 0.00962983
0.783786 0.00117143 0.00947936
0.784787 0.00114564 0.0093307
0.785788 0.00112027 0.00918382
0.786789 0.00109532 0.00903868
0.78779 0.00107078 0.00889527
0.788791 0.00104663 0.00875356
0.789792 0.00102289 0.00861351
0.790793 0.000999521 0.0084751
0.791794 0.000976533 0.00833831
0.792795 0.000953916 0.00820311
0.793796 0.00093166 0.00806948
0.794797 0.000909758 0.00793738
0.795798 0.000888203 0.00780679
0.796799 0.000866986 0.00767768
0.7978 0.000846102 0.00755004
0.798801 0.00082557 0.00742393
0.799802 0.000805448 0.00729952
0.800803 0.000785725 0.00717681
0.801804 0.000766394 0.00705574
0.802805 0.000747443 0.00693629
0.803806 0.000728862 0.00681842
0.804807 0.000710641 0.00670211
0.805808 0.000692771 0.00658731
0.806809 0.000675241 0.00647399
0.80781 0.000658041 0.00636212
0.808811 0.000641162 0.00625166
0.809812 0.000624593 0.00614259
0.810813 0.000608326 0.00603488
0.811814 0.000592351 0.00592848
0.812815 0.000576658 0.00582337
0.813816 0.000561238 0.00571951
0.814817 0.000546081 0.00561688
0.815818 0.000531179 0.00551545
0.816819 0.000516559 0.00541529
0.81782 0.000502279 0.00531658
0.818821 0.000488331 0.00521929
0.819822 0.000474705 0.00512341
0.820823 0.000461391 0.00502889
0.821824 0.000448381 0.00493572
0.822825 0.000435664 0.00484386
0.823826 0.000423231 0.0047533
0.824827 0.000411074 0.004664
0.825828 0.000399183 0.00457594
0.826829 0.000387548 0.00448909
0.82783 0.000376162 0.00440343
0.828831 0.000365014 0.00431893
0.829832 0.000354097 0.00423557
0.830833 0.0003434 0.00415331
0.831834 0.000332916 0.00407215
0.832835 0.000322635 0.00399204
0.833835 0.000312549 0.00391297
0.834836 0.000302692 0.00383503
0.835837 0.000293116 0.00375837
0.836838 0.000283814 0.00368296
0.837839 0.000274775 0.00360878
0.83884 0.000265989 0.00353579
0.839841 0.000257446 0.00346396
0.840842 0.000249136 0.00339327
0.841843 0.00024105 0.00332368
0.842844 0.000233177 0.00325517
0.843845 0.000225509 0.0031877
0.844846 0.000218035 0.00312125
0.845847 0.000210746 0.00305579
0.846848 0.000203632 0.00299129
0.847849 0.000196685 0.00292773
0.84885 0.000189895 0.00286507
0.849851 0.000183252 0.00280329
0.850852 0.000176748 0.00274235
0.851853 0.000170373 0.00268224
0.852854 0.00016416 0.00262304
0.853855 0.000158162 0.0025649
0.854856 0.000152369 0.0025078
0.855857 0.000146774 0.00245171
0.856858 0.000141367 0.00239661
0.857859 0.000136141 0.00234247
0.85886 0.000131086 0.00228927
0.859861 0.000126194 0.00223698
0.860862 0.000121457 0.00218559
0.861863 0.000116867 0.00213506
0.862864 0.000112414 0.00208538
0.863865 0.000108092 0.00203652
0.864866 0.000103891 0.00198846
0.865867 9.98038e-05 0.00194117
0.866868 9.5822e-05 0.00189463
0.867869 9.19376e-05 0.00184883
0.86887 8.81427e-05 0.00180373
0.869871 8.44294e-05 0.00175932
0.870872 8.08251e-05 0.00171567
0.871873 7.73772e-05 0.00167292
0.872874 7.40785e-05 0.00163106
0.873875 7.09216e-05 0.00159006
0.874876 6.78987e-05 0.00154988
0.875877 6.50025e-05 0.00151051
0.876878 6.22254e-05 0.00147192
0.877879 5.956e-05 0.00143409
0.87888 5.6999e-05 0.00139699
0.879881 5.4535e-05 0.0013606
0.880882 5.21607e-05 0.00132489
0.881883 4.9869e-05 0.00128984
0.882884 4.76526e-05 0.00125542
0.883885 4.55044e-05 0.00122162
0.884886 4.34174e-05 0.00118841
0.885887 4.13845e-05 0.00115576
0.886888 3.93988e-05 0.00112365
0.887889 3.74532e-05 0.00109207
0.88889 3.55675e-05 0.00106106
0.889891 3.37825e-05 0.00103079
0.890892 3.20934e-05 0.00100122
0.891893 3.04946e-05 0.000972332
0.892894 2.89807e-05 0.000944111
0.893895 2.7546e-05 0.000916534
0.894896 2.61852e-05 0.000889579
0.895897 2.48928e-05 0.000863228
0.896898 2.36634e-05 0.000837459
0.897899 2.24917e-05 0.000812252
0.8989 2.13724e-05 0.000787587
0.899901 2.03002e-05 0.000763445
0.900902 1.92698e-05 0.000739806
0.901903 1.8276e-05 0.000716649
0.902904 1.73137e-05 0.000693956
0.903905 1.63776e-05 0.000671707
0.904906 1.54627e-05 0.000649883
0.905907 1.4564e-05 0.000628464
0.906908 1.36941e-05 0.000607509
0.907909 1.2883e-05 0.000587146
0.90891 1.21277e-05 0.000567358
0.909911 1.14245e-05 0.000548125
0.910912 1.07697e-05 0.000529425
0.911913 1.01594e-05 0.000511239
0.912914 9.59008e-06 0.000493547
0.913915 9.05804e-06 0.000476329
0.914916 8.55964e-06 0.000459564
0.915917 8.09127e-06 0.000443233
0.916918 7.64934e-06 0.000427316
0.917919 7.23027e-06 0.000411794
0.91892 6.83054e-06 0.000396647
0.919921 6.44661e-06 0.000381856
0.920922 6.07499e-06 0.000367403
0.921923 5.71221e-06 0.000353267
0.922924 5.3548e-06 0.00033943
0.923925 4.99935e-06 0.000325874
0.924926 4.65364e-06 0.000312652
0.925927 4.33616e-06 0.000299883
0.926928 4.04537e-06 0.000287553
0.927929 3.77929e-06 0.000275644
0.92893 3.53594e-06 0.000264139
0.929931 3.31335e-06 0.000253021
0.930932 3.10957e-06 0.000242271
0.931933 2.92265e-06 0.000231874
0.932934 2.75067e-06 0.000221811
0.933935 2.59172e-06 0.000212067
0.934936 2.44388e-06 0.000202624
0.935937 2.30526e-06 0.000193465
0.936938 2.17399e-06 0.000184575
0.937939 2.0482e-06 0.000175936
0.93894 1.92603e-06 0.000167532
0.939941 1.80563e-06 0.000159346
0.940942 1.68517e-06 0.000151364
0.941943 1.56283e-06 0.000143567
0.942944 1.44391e-06 0.000136024
0.943945 1.33642e-06 0.000128823
0.944945 1.23954e-06 0.00012195
0.945946 1.15239e-06 0.000115389
0.946947 1.07409e-06 0.000109124
0.947948 1.00378e-06 0.000103138
0.948949 9.40602e-07 9.7417e-05
0.94995 8.83703e-07 9.19444e-05
0.950951 8.32234e-07 8.67049e-05
0.951952 7.85353e-07 8.16832e-05
0.952953 7.42221e-07 7.68638e-05
0.953954 7.02006e-07 7.22315e-05
0.954955 6.63882e-07 6.77713e-05
0.955956 6.27025e-07 6.34681e-05
0.956957 5.90619e-07 5.93069e-05
0.957958 5.53852e-07 5.5273e-05
0.958959 5.15918e-07 5.13514e-05
0.95996 4.76304e-07 4.75355e-05
0.960961 4.39005e-07 4.39373e-05
0.961962 4.05303e-07 4.05853e-05
0.962963 3.74902e-07 3.74641e-05
0.963964 3.47505e-07 3.4558e-05
0.964965 3.2282e-07 3.18517e-05
0.965966 3.00556e-07 2.93298e-05
0.966967 2.80422e-07 2.69773e-05
0.967968 2.62131e-07 2.47788e-05
0.968969 2.45396e-07 2.27194e-05
0.96997 2.29933e-07 2.07842e-05
0.970971 2.15459e-07 1.89583e-05
0.971972 2.01693e-07 1.7227e-05
0.972973 1.88357e-07 1.55755e-05
0.973974 1.75173e-07 1.39894e-05
0.974975 1.61864e-07 1.2454e-05
0.975976 1.48157e-07 1.09551e-05
0.976977 1.34043e-07 9.49867e-06
0.977978 1.21033e-07 8.20333e-06
0.978979 1.09309e-07 7.07638e-06
0.97998 9.87432e-08 6.10068e-06
0.980981 8.92081e-08 5.25921e-06
0.981982 8.05783e-08 4.53505e-06
0.982983 7.27287e-08 3.9114e-06
0.983984 6.55351e-08 3.37153e-06
0.984985 5.88736e-08 2.89884e-06
0.985986 5.26217e-08 2.4768e-06
0.986987 4.66571e-08 2.08902e-06
0.987988 4.08585e-08 1.71917e-06
0.988989 3.51052e-08 1.35104e-06
0.98999 2.92774e-08 9.68527e-07
0.990991 2.36746e-08 6.14762e-07
0.991992 1.90011e-08 3.86455e-07
0.992993 1.5093e-08 2.5448e-07
0.993994 1.17609e-08 1.86108e-07
0.994995 8.81646e-09 1.4881e-07
0.995996 6.07264e-09 1.10249e-07
0.996997 3.49027e-09 5.21899e-08
0.997998 1.79685e-09 3.86277e-08
0.998999 5.41545e-10 3.2943e-08
1 0 3.7674e-24
