1e-05 69.5152 3.21204
0.00101099 16.832 0.966701
0.00201198 13.1002 0.821278
0.00301297 11.2073 0.754009
0.00401396 9.97947 0.714183
0.00501495 9.08755 0.687795
0.00601595 8.39653 0.669144
0.00701694 7.8359 0.655367
0.00801793 7.36781 0.644928
0.00901892 6.96802 0.636858
0.0100199 6.61961 0.630493
0.0110209 6.31231 0.625447
0.0120219 6.03848 0.621439
0.0130229 5.79151 0.618219
0.0140239 5.56703 0.615638
0.0150249 5.36174 0.613578
0.0160259 5.17307 0.611958
0.0170268 4.99872 0.610701
0.0180278 4.83661 0.609724
0.0190288 4.68526 0.608992
0.0200298 4.54359 0.608469
0.0210308 4.4106 0.608119
0.0220318 4.28548 0.607927
0.0230328 4.16744 0.607871
0.0240338 4.0557 0.607921
0.0250348 3.94964 0.608055
0.0260358 3.84882 0.608271
0.0270368 3.75281 0.608558
0.0280377 3.66126 0.608903
0.0290387 3.57384 0.609296
0.0300397 3.49026 0.609741
0.0310407 3.41024 0.610229
0.0320417 3.3335 0.610748
0.0330427 3.25981 0.611287
0.0340437 3.18895 0.611842
0.0350447 3.12077 0.61242
0.0360457 3.0551 0.613014
0.0370467 2.99181 0.61362
0.0380477 2.93075 0.614233
0.0390486 2.8718 0.614851
0.0400496 2.81487 0.615482
0.0410506 2.75982 0.61612
0.0420516 2.70657 0.61676
0.0430526 2.655 0.617398
0.0440536 2.60503 0.618028
0.0450546 2.55657 0.618651
0.0460556 2.50957 0.619274
0.0470566 2.46396 0.619893
0.0480576 2.41967 0.620507
0.0490586 2.37664 0.621113
0.0500595 2.33483 0.621711
0.0510605 2.29418 0.622299
0.0520615 2.25465 0.622883
0.0530625 2.21618 0.623462
0.0540635 2.17874 0.624034
0.0550645 2.14228 0.624596
0.0560655 2.10676 0.625146
0.0570665 2.07213 0.625682
0.0580675 2.03836 0.626204
0.0590685 2.00543 0.626716
0.0600695 1.97331 0.62722
0.0610705 1.94196 0.627713
0.0620714 1.91136 0.628194
0.0630724 1.88149 0.628662
0.0640734 1.85231 0.629116
0.0650744 1.82379 0.629555
0.0660754 1.79594 0.629983
0.0670764 1.76871 0.630402
0.0680774 1.7421 0.63081
0.0690784 1.71608 0.631207
0.0700794 1.69063 0.63159
0.0710804 1.66573 0.63196
0.0720814 1.64135 0.632314
0.0730823 1.6175 0.632651
0.0740833 1.59414 0.632975
0.0750843 1.57127 0.633287
0.0760853 1.54888 0.633588
0.0770863 1.52696 0.633877
0.0780873 1.50547 0.634153
0.0790883 1.48442 0.634415
0.0800893 1.46378 0.634663
0.0810903 1.44355 0.634896
0.0820913 1.42372 0.635114
0.0830923 1.40427 0.635321
0.0840932 1.3852 0.635518
0.0850942 1.3665 0.635703
0.0860952 1.34816 0.635876
0.0870962 1.33016 0.636036
0.0880972 1.3125 0.636182
0.0890982 1.29516 0.636314
0.0900992 1.27814 0.636431
0.0911002 1.26143 0.636533
0.0921012 1.24503 0.636621
0.0931022 1.22893 0.636699
0.0941032 1.21312 0.636765
0.0951041 1.19759 0.636819
0.0961051 1.18234 0.63686
0.0971061 1.16736 0.636888
0.0981071 1.15264 0.636903
0.0991081 1.13817 0.636904
0.100109 1.12394 0.636891
0.10111 1.10996 0.636863
0.102111 1.09621 0.636825
0.103112 1.0827 0.636776
0.104113 1.06942 0.636716
0.105114 1.05637 0.636644
0.106115 1.04353 0.63656
0.107116 1.0309 0.636463
0.108117 1.01848 0.636353
0.109118 1.00626 0.63623
0.110119 0.994241 0.636094
0.11112 0.982408 0.635943
0.112121 0.970769 0.635781
0.113122 0.959321 0.635609
0.114123 0.948059 0.635425
0.115124 0.936977 0.635231
0.116125 0.926071 0.635025
0.117126 0.915336 0.634807
0.118127 0.904766 0.634576
0.119128 0.894356 0.634334
0.120129 0.884104 0.634079
0.12113 0.874003 0.633811
0.122131 0.864052 0.63353
0.123132 0.854254 0.633239
0.124133 0.844607 0.632938
0.125134 0.835106 0.632626
0.126135 0.825748 0.632304
0.127136 0.81653 0.631971
0.128137 0.807448 0.631626
0.129138 0.798499 0.63127
0.130139 0.78968 0.630902
0.13114 0.780987 0.630522
0.132141 0.772417 0.63013
0.133142 0.763969 0.629726
0.134143 0.755645 0.629312
0.135144 0.747445 0.628888
0.136145 0.739365 0.628454
0.137146 0.731401 0.62801
0.138147 0.723552 0.627555
0.139148 0.715813 0.62709
0.140149 0.708182 0.626614
0.14115 0.700656 0.626127
0.142151 0.693232 0.625629
0.143152 0.685907 0.625119
0.144153 0.67868 0.624599
0.145154 0.671551 0.624067
0.146155 0.664522 0.623526
0.147156 0.657591 0.622976
0.148157 0.650756 0.622416
0.149158 0.644015 0.621847
0.150159 0.637364 0.621267
0.15116 0.630803 0.620678
0.152161 0.624328 0.620078
0.153162 0.617939 0.619468
0.154163 0.611632 0.618848
0.155164 0.605406 0.618217
0.156165 0.599259 0.617576
0.157166 0.593192 0.616925
0.158167 0.587208 0.616265
0.159168 0.581304 0.615596
0.160169 0.575478 0.614918
0.16117 0.569729 0.614231
0.162171 0.564055 0.613535
0.163172 0.558453 0.61283
0.164173 0.552922 0.612115
0.165174 0.54746 0.61139
0.166175 0.542065 0.610656
0.167175 0.536736 0.609912
0.168176 0.531471 0.609159
0.169177 0.526269 0.608395
0.170178 0.521134 0.607623
0.171179 0.516064 0.606843
0.17218 0.511059 0.606054
0.173181 0.506117 0.605257
0.174182 0.501237 0.604451
0.175183 0.496416 0.603636
0.176184 0.491654 0.602813
0.177185 0.48695 0.60198
0.178186 0.482302 0.60114
0.179187 0.477708 0.60029
0.180188 0.473169 0.599432
0.181189 0.468681 0.598564
0.18219 0.464247 0.597689
0.183191 0.459869 0.596805
0.184192 0.455545 0.595914
0.185193 0.451275 0.595015
0.186194 0.447055 0.594108
0.187195 0.442887 0.593193
0.188196 0.438767 0.592271
0.189197 0.434696 0.59134
0.190198 0.430671 0.590401
0.191199 0.426691 0.589454
0.1922 0.422756 0.588499
0.193201 0.418865 0.587536
0.194202 0.415016 0.586565
0.195203 0.411209 0.585586
0.196204 0.407447 0.584599
0.197205 0.40373 0.583605
0.198206 0.400056 0.582604
0.199207 0.396424 0.581595
0.200208 0.392833 0.580579
0.201209 0.389284 0.579555
0.20221 0.385774 0.578524
0.203211 0.382303 0.577487
0.204212 0.37887 0.576441
0.205213 0.375474 0.575389
0.206214 0.372116 0.57433
0.207215 0.368793 0.573264
0.208216 0.365505 0.57219
0.209217 0.362256 0.57111
0.210218 0.359044 0.570024
0.211219 0.355869 0.568931
0.21222 0.352729 0.567831
0.213221 0.349625 0.566725
0.214222 0.346555 0.565612
0.215223 0.343518 0.564492
0.216224 0.340514 0.563367
0.217225 0.337541 0.562234
0.218226 0.334599 0.561095
0.219227 0.331688 0.55995
0.220228 0.328806 0.558798
0.221229 0.325953 0.557639
0.22223 0.32313 0.556475
0.223231 0.320337 0.555303
0.224232 0.317575 0.554126
0.225233 0.314842 0.552942
0.226234 0.312139 0.551753
0.227235 0.309465 0.550557
0.228236 0.306819 0.549356
0.229237 0.3042 0.548148
0.230238 0.301609 0.546935
0.231239 0.299044 0.545717
0.23224 0.296505 0.544493
0.233241 0.293991 0.543263
0.234242 0.291502 0.542028
0.235243 0.289038 0.540788
0.236244 0.286598 0.539543
0.237245 0.284186 0.538292
0.238246 0.281799 0.537036
0.239247 0.279437 0.535775
0.240248 0.2771 0.534508
0.241249 0.274787 0.533236
0.24225 0.272498 0.53196
0.243251 0.270231 0.530678
0.244252 0.267988 0.529391
0.245253 0.265766 0.528099
0.246254 0.263566 0.526803
0.247255 0.261386 0.525501
0.248256 0.259227 0.524195
0.249257 0.257089 0.522884
0.250258 0.25497 0.521568
0.251259 0.252873 0.520247
0.25226 0.250797 0.518921
0.253261 0.248743 0.51759
0.254262 0.246709 0.516255
0.255263 0.244695 0.514915
0.256264 0.242701 0.51357
0.257265 0.240726 0.512221
0.258266 0.23877 0.510868
0.259267 0.236834 0.509511
0.260268 0.234915 0.50815
0.261269 0.233015 0.506785
0.26227 0.231132 0.505417
0.263271 0.229266 0.504045
0.264272 0.227418 0.502669
0.265273 0.225588 0.50129
0.266274 0.223777 0.499906
0.267275 0.221984 0.498519
0.268276 0.220208 0.497128
0.269277 0.21845 0.495733
0.270278 0.216709 0.494335
0.271279 0.214984 0.492933
0.27228 0.213276 0.491527
0.273281 0.211583 0.490118
0.274282 0.209906 0.488706
0.275283 0.208245 0.487291
0.276284 0.206597 0.485872
0.277285 0.204965 0.48445
0.278285 0.203346 0.483025
0.279286 0.201742 0.481597
0.280287 0.200152 0.480166
0.281288 0.198579 0.478731
0.282289 0.19702 0.477292
0.28329 0.195475 0.47585
0.284291 0.193946 0.474405
0.285292 0.19243 0.472957
0.286293 0.190928 0.471506
0.287294 0.18944 0.470053
0.288295 0.187965 0.468597
0.289296 0.186503 0.467138
0.290297 0.185054 0.465677
0.291298 0.183617 0.464215
0.292299 0.182193 0.46275
0.2933 0.180781 0.461283
0.294301 0.179381 0.459814
0.295302 0.177995 0.458343
0.296303 0.176621 0.456869
0.297304 0.175261 0.455392
0.298305 0.173913 0.453913
0.299306 0.172577 0.452432
0.300307 0.171253 0.450948
0.301308 0.169941 0.449463
0.302309 0.16864 0.447975
0.30331 0.167351 0.446486
0.304311 0.166072 0.444995
0.305312 0.164805 0.443503
0.306313 0.163548 0.442008
0.307314 0.162301 0.440513
0.308315 0.161065 0.439016
0.309316 0.159838 0.437517
0.310317 0.158623 0.436016
0.311318 0.157419 0.434513
0.312319 0.156225 0.433007
0.31332 0.155042 0.4315
0.314321 0.153869 0.429991
0.315322 0.152707 0.428481
0.316323 0.151554 0.426969
0.317324 0.150412 0.425456
0.318325 0.149279 0.423942
0.319326 0.148155 0.422427
0.320327 0.147041 0.420912
0.321328 0.145937 0.419396
0.322329 0.144841 0.417879
0.32333 0.143754 0.416363
0.324331 0.142676 0.414846
0.325332 0.141607 0.413328
0.326333 0.140549 0.411809
0.327334 0.139499 0.410289
0.328335 0.138459 0.408768
0.329336 0.137428 0.407246
0.330337 0.136406 0.405723
0.331338 0.135392 0.4042
0.332339 0.134387 0.402677
0.33334 0.13339 0.401153
0.334341 0.132401 0.399628
0.335342 0.13142 0.398104
0.336343 0.130447 0.396579
0.337344 0.129481 0.395054
0.338345 0.128523 0.393529
0.339346 0.127572 0.392005
0.340347 0.126628 0.390479
0.341348 0.125693 0.388953
0.342349 0.124766 0.387426
0.34335 0.123846 0.385899
0.344351 0.122934 0.384371
0.345352 0.12203 0.382842
0.346353 0.121133 0.381314
0.347354 0.120243 0.379785
0.348355 0.11936 0.378257
0.349356 0.118485 0.37673
0.350357 0.117616 0.375203
0.351358 0.116754 0.373676
0.352359 0.115899 0.372151
0.35336 0.11505 0.370626
0.354361 0.114208 0.369103
0.355362 0.113372 0.367581
0.356363 0.112544 0.366059
0.357364 0.111722 0.364537
0.358365 0.110907 0.363016
0.359366 0.110099 0.361495
0.360367 0.109298 0.359974
0.361368 0.108503 0.358454
0.362369 0.107715 0.356935
0.36337 0.106932 0.355416
0.364371 0.106156 0.353899
0.365372 0.105386 0.352382
0.366373 0.104621 0.350866
0.367374 0.103863 0.349352
0.368375 0.10311 0.347839
0.369376 0.102362 0.346327
0.370377 0.10162 0.344817
0.371378 0.100883 0.343308
0.372379 0.100152 0.341799
0.37338 0.099427 0.340291
0.374381 0.0987077 0.338783
0.375382 0.0979941 0.337276
0.376383 0.0972861 0.33577
0.377384 0.0965836 0.334265
0.378385 0.0958865 0.332761
0.379386 0.0951947 0.331259
0.380387 0.0945082 0.329758
0.381388 0.0938269 0.328259
0.382389 0.0931506 0.326762
0.38339 0.0924793 0.325267
0.384391 0.091813 0.323774
0.385392 0.0911515 0.322284
0.386393 0.0904948 0.320796
0.387394 0.089843 0.31931
0.388395 0.0891965 0.317825
0.389395 0.0885552 0.316342
0.390396 0.087919 0.314861
0.391397 0.0872878 0.313381
0.392398 0.0866614 0.311903
0.393399 0.0860398 0.310426
0.3944 0.085423 0.308952
0.395401 0.0848107 0.307479
0.396402 0.0842029 0.306009
0.397403 0.0835996 0.304541
0.398404 0.0830006 0.303075
0.399405 0.0824058 0.301611
0.400406 0.0818151 0.30015
0.401407 0.0812285 0.298691
0.402408 0.0806459 0.297235
0.403409 0.0800674 0.295781
0.40441 0.0794933 0.294329
0.405411 0.0789235 0.292878
0.406412 0.078358 0.291429
0.407413 0.0777967 0.289981
0.408414 0.0772396 0.288536
0.409415 0.0766866 0.287093
0.410416 0.0761376 0.285652
0.411417 0.0755926 0.284214
0.412418 0.0750516 0.282779
0.413419 0.0745144 0.281346
0.41442 0.073981 0.279916
0.415421 0.0734514 0.278489
0.416422 0.0729255 0.277065
0.417423 0.0724032 0.275645
0.418424 0.0718845 0.274228
0.419425 0.0713695 0.272815
0.420426 0.0708584 0.271404
0.421427 0.0703512 0.269996
0.422428 0.0698479 0.26859
0.423429 0.0693483 0.267187
0.42443 0.0688524 0.265786
0.425431 0.0683602 0.264388
0.426432 0.0678715 0.262993
0.427433 0.0673862 0.261601
0.428434 0.0669044 0.260212
0.429435 0.0664259 0.258826
0.430436 0.0659506 0.257444
0.431437 0.0654786 0.256064
0.432438 0.0650097 0.254688
0.433439 0.0645438 0.253315
0.43444 0.064081 0.251945
0.435441 0.0636211 0.250579
0.436442 0.0631644 0.249216
0.437443 0.062711 0.247855
0.438444 0.0622608 0.246497
0.439445 0.0618138 0.245141
0.440446 0.06137 0.243788
0.441447 0.0609293 0.242439
0.442448 0.0604916 0.241092
0.443449 0.060057 0.239749
0.44445 0.0596253 0.238409
0.445451 0.0591966 0.237072
0.446452 0.0587708 0.235739
0.447453 0.0583479 0.23441
0.448454 0.0579278 0.233085
0.449455 0.0575105 0.231764
0.450456 0.0570959 0.230447
0.451457 0.056684 0.229134
0.452458 0.056275 0.227824
0.453459 0.055869 0.226518
0.45446 0.0554659 0.225216
0.455461 0.0550656 0.223916
0.456462 0.0546683 0.22262
0.457463 0.0542737 0.221328
0.458464 0.0538818 0.220039
0.459465 0.0534926 0.218754
0.460466 0.0531061 0.217472
0.461467 0.0527221 0.216194
0.462468 0.0523406 0.21492
0.463469 0.0519616 0.21365
0.46447 0.0515851 0.212383
0.465471 0.0512109 0.211121
0.466472 0.050839 0.209863
0.467473 0.0504695 0.208608
0.468474 0.0501021 0.207358
0.469475 0.0497373 0.206111
0.470476 0.0493749 0.204867
0.471477 0.049015 0.203627
0.472478 0.0486575 0.20239
0.473479 0.0483024 0.201157
0.47448 0.0479497 0.199927
0.475481 0.0475993 0.198701
0.476482 0.0472512 0.197479
0.477483 0.0469054 0.196261
0.478484 0.0465619 0.195047
0.479485 0.0462206 0.193837
0.480486 0.0458815 0.192632
0.481487 0.0455446 0.19143
0.482488 0.0452098 0.190234
0.483489 0.0448772 0.189042
0.48449 0.0445466 0.187854
0.485491 0.0442183 0.186671
0.486492 0.0438922 0.185492
0.487493 0.0435684 0.184316
0.488494 0.0432468 0.183145
0.489495 0.0429275 0.181978
0.490496 0.0426103 0.180814
0.491497 0.0422952 0.179655
0.492498 0.0419821 0.1785
0.493499 0.0416711 0.177348
0.4945 0.0413621 0.176202
0.495501 0.0410551 0.175059
0.496502 0.0407499 0.17392
0.497503 0.0404467 0.172786
0.498504 0.0401453 0.171656
0.499505 0.0398456 0.170531
0.500505 0.0395478 0.169409
0.501506 0.0392516 0.168292
0.502507 0.0389573 0.16718
0.503508 0.0386649 0.166071
0.504509 0.0383744 0.164965
0.50551 0.0380858 0.163864
0.506511 0.037799 0.162766
0.507512 0.037514 0.161673
0.508513 0.0372309 0.160584
0.509514 0.0369495 0.159498
0.510515 0.03667 0.158418
0.511516 0.0363922 0.157341
0.512517 0.0361161 0.156269
0.513518 0.0358418 0.155201
0.514519 0.0355691 0.154138
0.51552 0.0352981 0.15308
0.516521 0.0350288 0.152026
0.517522 0.0347612 0.150977
0.518523 0.0344952 0.149933
0.519524 0.0342309 0.148893
0.520525 0.0339683 0.147858
0.521526 0.0337076 0.146827
0.522527 0.0334485 0.1458
0.523528 0.0331912 0.144777
0.524529 0.0329355 0.143759
0.52553 0.0326815 0.142745
0.526531 0.032429 0.141736
0.527532 0.0321781 0.140731
0.528533 0.0319288 0.13973
0.529534 0.031681 0.138733
0.530535 0.0314347 0.137741
0.531536 0.0311898 0.136754
0.532537 0.0309464 0.135771
0.533538 0.0307044 0.134792
0.534539 0.0304638 0.133818
0.53554 0.0302245 0.132848
0.536541 0.0299867 0.131883
0.537542 0.0297504 0.130921
0.538543 0.0295155 0.129964
0.539544 0.0292821 0.12901
0.540545 0.0290502 0.128061
0.541546 0.0288197 0.127116
0.542547 0.0285906 0.126176
0.543548 0.028363 0.125239
0.544549 0.0281367 0.124307
0.54555 0.0279119 0.12338
0.546551 0.0276884 0.122457
0.547552 0.0274663 0.121538
0.548553 0.0272455 0.120624
0.549554 0.0270261 0.119715
0.550555 0.026808 0.11881
0.551556 0.0265913 0.11791
0.552557 0.0263758 0.117015
0.553558 0.0261618 0.116125
0.554559 0.0259491 0.115238
0.55556 0.0257379 0.114356
0.556561 0.025528 0.113479
0.557562 0.0253195 0.112605
0.558563 0.0251123 0.111737
0.559564 0.0249064 0.110872
0.560565 0.0247018 0.110012
0.561566 0.0244984 0.109156
0.562567 0.0242963 0.108305
0.563568 0.0240954 0.107458
0.564569 0.0238957 0.106615
0.56557 0.0236972 0.105777
0.566571 0.0234998 0.104943
0.567572 0.0233036 0.104113
0.568573 0.0231085 0.103288
0.569574 0.0229145 0.102467
0.570575 0.0227216 0.10165
0.571576 0.0225299 0.100837
0.572577 0.0223394 0.100028
0.573578 0.0221501 0.0992239
0.574579 0.0219619 0.0984235
0.57558 0.0217749 0.0976273
0.576581 0.021589 0.0968353
0.577582 0.0214043 0.0960476
0.578583 0.0212207 0.0952641
0.579584 0.0210382 0.0944849
0.580585 0.0208569 0.0937101
0.581586 0.0206767 0.0929396
0.582587 0.0204975 0.0921735
0.583588 0.0203195 0.0914118
0.584589 0.0201426 0.0906545
0.58559 0.0199668 0.0899017
0.586591 0.019792 0.0891534
0.587592 0.0196184 0.0884095
0.588593 0.0194459 0.0876699
0.589594 0.0192746 0.0869345
0.590595 0.0191043 0.0862035
0.591596 0.0189352 0.0854766
0.592597 0.0187671 0.084754
0.593598 0.0186001 0.0840356
0.594599 0.0184342 0.0833214
0.5956 0.0182693 0.0826113
0.596601 0.0181055 0.0819054
0.597602 0.0179426 0.0812037
0.598603 0.0177808 0.080506
0.599604 0.0176199 0.0798125
0.600605 0.01746 0.079123
0.601606 0.0173011 0.0784377
0.602607 0.0171431 0.0777564
0.603608 0.016986 0.0770791
0.604609 0.0168299 0.0764058
0.60561 0.0166747 0.0757365
0.606611 0.0165205 0.0750711
0.607612 0.0163673 0.0744096
0.608613 0.016215 0.0737521
0.609614 0.0160637 0.0730986
0.610615 0.0159134 0.072449
0.611615 0.015764 0.0718034
0.612616 0.0156155 0.0711618
0.613617 0.015468 0.0705242
0.614618 0.0153215 0.0698907
0.615619 0.0151759 0.0692611
0.61662 0.0150312 0.0686356
0.617621 0.0148874 0.068014
0.618622 0.0147446 0.0673966
0.619623 0.0146027 0.0667832
0.620624 0.0144617 0.0661738
0.621625 0.0143216 0.0655685
0.622626 0.0141825 0.0649672
0.623627 0.0140443 0.06437
0.624628 0.0139071 0.0637767
0.625629 0.0137708 0.0631874
0.62663 0.0136354 0.062602
0.627631 0.013501 0.0620206
0.628632 0.0133674 0.061443
0.629633 0.0132347 0.0608693
0.630634 0.0131029 0.0602993
0.631635 0.012972 0.0597332
0.632636 0.0128419 0.0591709
0.633637 0.0127127 0.0586123
0.634638 0.0125843 0.0580574
0.635639 0.0124567 0.0575062
0.63664 0.01233 0.0569587
0.637641 0.012204 0.0564148
0.638642 0.0120789 0.0558745
0.639643 0.0119546 0.0553379
0.640644 0.0118311 0.0548049
0.641645 0.0117084 0.0542756
0.642646 0.0115866 0.0537499
0.643647 0.0114656 0.0532278
0.644648 0.0113454 0.0527093
0.645649 0.011226 0.0521945
0.64665 0.0111075 0.0516833
0.647651 0.0109898 0.0511757
0.648652 0.0108728 0.0506717
0.649653 0.0107567 0.0501712
0.650654 0.0106414 0.0496744
0.651655 0.0105269 0.0491811
0.652656 0.0104132 0.0486914
0.653657 0.0103003 0.0482052
0.654658 0.0101882 0.0477226
0.655659 0.010077 0.0472436
0.65666 0.00996646 0.046768
0.657661 0.00985679 0.0462962
0.658662 0.00974793 0.0458279
0.659663 0.00963988 0.0453632
0.660664 0.00953263 0.0449021
0.661665 0.00942618 0.0444445
0.662666 0.0093205 0.0439903
0.663667 0.00921561 0.0435396
0.664668 0.00911148 0.0430923
0.665669 0.00900812 0.0426484
0.66667 0.00890551 0.0422078
0.667671 0.00880365 0.0417705
0.668672 0.00870253 0.0413365
0.669673 0.00860214 0.0409057
0.670674 0.00850249 0.0404781
0.671675 0.00840355 0.0400537
0.672676 0.00830532 0.0396324
0.673677 0.0082078 0.0392142
0.674678 0.008111 0.0387991
0.675679 0.00801491 0.0383874
0.67668 0.00791955 0.0379788
0.677681 0.0078249 0.0375735
0.678682 0.00773098 0.0371713
0.679683 0.00763777 0.0367724
0.680684 0.00754529 0.0363766
0.681685 0.00745351 0.035984
0.682686 0.00736246 0.0355944
0.683687 0.00727212 0.035208
0.684688 0.0071825 0.0348247
0.685689 0.00709359 0.0344445
0.68669 0.00700539 0.0340673
0.687691 0.0069179 0.0336931
0.688692 0.00683113 0.033322
0.689693 0.00674506 0.0329539
0.690694 0.00665971 0.0325888
0.691695 0.00657507 0.0322267
0.692696 0.00649114 0.0318677
0.693697 0.00640795 0.0315118
0.694698 0.00632546 0.0311591
0.695699 0.00624369 0.0308095
0.6967 0.00616261 0.0304629
0.697701 0.00608223 0.0301192
0.698702 0.00600254 0.0297786
0.699703 0.00592354 0.0294408
0.700704 0.00584521 0.0291059
0.701705 0.00576754 0.0287738
0.702706 0.00569054 0.0284446
0.703707 0.0056142 0.0281181
0.704708 0.00553851 0.0277943
0.705709 0.00546346 0.0274732
0.70671 0.00538905 0.0271547
0.707711 0.00531528 0.0268389
0.708712 0.00524213 0.0265256
0.709713 0.0051696 0.0262149
0.710714 0.00509773 0.025907
0.711715 0.00502649 0.0256019
0.712716 0.0049559 0.0252995
0.713717 0.00488594 0.0249998
0.714718 0.00481663 0.0247029
0.715719 0.00474795 0.0244086
0.71672 0.00467991 0.0241169
0.717721 0.0046125 0.0238279
0.718722 0.00454572 0.0235414
0.719723 0.00447957 0.0232576
0.720724 0.00441405 0.0229763
0.721725 0.00434915 0.0226975
0.722725 0.00428488 0.0224212
0.723726 0.00422123 0.0221474
0.724727 0.00415821 0.021876
0.725728 0.0040958 0.0216071
0.726729 0.00403401 0.0213406
0.72773 0.00397286 0.0210767
0.728731 0.00391234 0.0208154
0.729732 0.00385247 0.0205567
0.730733 0.00379322 0.0203006
0.731734 0.00373459 0.020047
0.732735 0.00367657 0.019796
0.733736 0.00361917 0.0195473
0.734737 0.00356236 0.0193011
0.735738 0.00350615 0.0190572
0.736739 0.00345053 0.0188157
0.73774 0.00339548 0.0185765
0.738741 0.00334102 0.0183395
0.739742 0.00328711 0.0181047
0.740743 0.00323378 0.0178721
0.741744 0.00318099 0.0176417
0.742745 0.00312875 0.0174133
0.743746 0.00307706 0.017187
0.744747 0.0030259 0.0169627
0.745748 0.00297532 0.0167407
0.746749 0.0029253 0.0165209
0.74775 0.00287586 0.0163034
0.748751 0.00282698 0.0160882
0.749752 0.00277866 0.0158752
0.750753 0.0027309 0.0156643
0.751754 0.00268369 0.0154556
0.752755 0.00263703 0.015249
0.753756 0.00259091 0.0150445
0.754757 0.00254534 0.0148421
0.755758 0.0025003 0.0146417
0.756759 0.00245578 0.0144434
0.75776 0.0024118 0.014247
0.758761 0.00236834 0.0140526
0.759762 0.0023254 0.0138601
0.760763 0.00228297 0.0136695
0.761764 0.00224106 0.0134808
0.762765 0.00219965 0.013294
0.763766 0.0021588 0.0131093
0.764767 0.0021185 0.0129268
0.765768 0.00207874 0.0127463
0.766769 0.00203952 0.0125678
0.76777 0.00200082 0.0123914
0.768771 0.00196264 0.0122169
0.769772 0.00192497 0.0120443
0.770773 0.0018878 0.0118737
0.771774 0.00185113 0.0117049
0.772775 0.00181494 0.0115378
0.773776 0.00177924 0.0113726
0.774777 0.001744 0.0112091
0.775778 0.00170923 0.0110473
0.776779 0.00167491 0.0108872
0.77778 0.00164105 0.0107287
0.778781 0.00160762 0.0105718
0.779782 0.00157464 0.0104165
0.780783 0.00154209 0.0102628
0.781784 0.00151003 0.0101108
0.782785 0.00147846 0.00996072
0.783786 0.00144738 0.00981237
0.784787 0.00141676 0.00966578
0.785788 0.00138661 0.0095209
0.786789 0.00135692 0.00937771
0.78779 0.00132768 0.00923618
0.788791 0.00129889 0.00909629
0.789792 0.00127054 0.00895801
0.790793 0.00124261 0.00882131
0.791794 0.00121511 0.00868616
0.792795 0.00118803 0.00855255
0.793796 0.00116135 0.00842043
0.794797 0.00113508 0.00828979
0.795798 0.00110921 0.0081606
0.796799 0.00108373 0.00803283
0.7978 0.00105863 0.00790646
0.798801 0.00103393 0.00778155
0.799802 0.00100969 0.0076583
0.800803 0.0009859 0.00753668
0.801804 0.000962543 0.00741664
0.802805 0.000939613 0.00729816
0.803806 0.000917099 0.00718121
0.804807 0.000894992 0.00706574
0.805808 0.000873282 0.00695173
0.806809 0.00085196 0.00683914
0.80781 0.000831015 0.00672795
0.808811 0.000810438 0.00661811
0.809812 0.000790219 0.00650959
0.810813 0.000770349 0.00640237
0.811814 0.000750819 0.0062964
0.812815 0.000731619 0.00619167
0.813816 0.000712739 0.00608813
0.814817 0.000694172 0.00598576
0.815818 0.000675906 0.00588452
0.816819 0.000657972 0.0057845
0.81782 0.000640425 0.00568586
0.818821 0.000623257 0.00558859
0.819822 0.000606458 0.00549265
0.820823 0.000590018 0.00539803
0.821824 0.000573929 0.00530469
0.822825 0.000558179 0.00521261
0.823826 0.00054276 0.00512176
0.824827 0.000527662 0.00503213
0.825828 0.000512876 0.00494367
0.826829 0.000498393 0.00485637
0.82783 0.000484203 0.00477021
0.828831 0.000470298 0.00468516
0.829832 0.000456667 0.00460119
0.830833 0.000443303 0.00451828
0.831834 0.000430196 0.0044364
0.832835 0.000417337 0.00435554
0.833835 0.000404717 0.00427566
0.834836 0.000392372 0.00419686
0.835837 0.000380358 0.00411928
0.836838 0.000368665 0.00404291
0.837839 0.000357281 0.00396769
0.83884 0.000346197 0.00389362
0.839841 0.000335401 0.00382066
0.840842 0.000324883 0.00374878
0.841843 0.000314631 0.00367796
0.842844 0.000304636 0.00360816
0.843845 0.000294887 0.00353936
0.844846 0.000285373 0.00347154
0.845847 0.000276084 0.00340465
0.846848 0.000267011 0.00333868
0.847849 0.000258141 0.0032736
0.84885 0.000249467 0.00320939
0.849851 0.000240977 0.003146
0.850852 0.000232661 0.00308343
0.851853 0.00022451 0.00302164
0.852854 0.000216559 0.00296072
0.853855 0.000208867 0.00290081
0.854856 0.000201424 0.00284188
0.855857 0.00019422 0.00278391
0.856858 0.000187246 0.00272688
0.857859 0.000180491 0.00267077
0.85886 0.000173946 0.00261555
0.859861 0.000167602 0.00256121
0.860862 0.000161449 0.00250772
0.861863 0.000155477 0.00245506
0.862864 0.000149677 0.0024032
0.863865 0.00014404 0.00235214
0.864866 0.000138556 0.00230184
0.865867 0.000133216 0.00225228
0.866868 0.00012801 0.00220345
0.867869 0.000122931 0.00215532
0.86887 0.000117969 0.00210787
0.869871 0.000113114 0.00206108
0.870872 0.000108399 0.00201503
0.871873 0.000103879 0.00196984
0.872874 9.95443e-05 0.0019255
0.873875 9.53871e-05 0.00188197
0.874876 9.13979e-05 0.00183924
0.875877 8.75678e-05 0.00179728
0.876878 8.38878e-05 0.00175606
0.877879 8.0349e-05 0.00171558
0.87888 7.69428e-05 0.0016758
0.879881 7.36602e-05 0.0016367
0.880882 7.04926e-05 0.00159826
0.881883 6.74315e-05 0.00156046
0.882884 6.44682e-05 0.00152327
0.883885 6.15942e-05 0.00148667
0.884886 5.88011e-05 0.00145065
0.885887 5.60805e-05 0.00141518
0.886888 5.3424e-05 0.00138024
0.887889 5.08234e-05 0.00134581
0.88889 4.83027e-05 0.00131194
0.889891 4.59114e-05 0.00127876
0.890892 4.36435e-05 0.00124626
0.891893 4.14921e-05 0.00121442
0.892894 3.94503e-05 0.00118322
0.893895 3.75112e-05 0.00115264
0.894896 3.56681e-05 0.00112266
0.895897 3.3914e-05 0.00109327
0.896898 3.22424e-05 0.00106444
0.897899 3.06466e-05 0.00103616
0.8989 2.91198e-05 0.00100842
0.899901 2.76556e-05 0.000981193
0.900902 2.62473e-05 0.000954463
0.901903 2.48885e-05 0.000928214
0.902904 2.35727e-05 0.00090243
0.903905 2.22935e-05 0.000877092
0.904906 2.10446e-05 0.000852184
0.905907 1.98194e-05 0.000827689
0.906908 1.86345e-05 0.000803659
0.907909 1.75277e-05 0.000780205
0.90891 1.64952e-05 0.000757312
0.909911 1.55319e-05 0.000734961
0.910912 1.46331e-05 0.000713135
0.911913 1.3794e-05 0.000691816
0.912914 1.30096e-05 0.000670986
0.913915 1.22753e-05 0.000650628
0.914916 1.15863e-05 0.000630723
0.915917 1.09378e-05 0.000611255
0.916918 1.03253e-05 0.000592206
0.917919 9.74393e-06 0.000573559
0.91892 9.1892e-06 0.000555296
0.919921 8.65649e-06 0.000537401
0.920922 8.14122e-06 0.000519857
0.921923 7.63887e-06 0.000502648
0.922924 7.14492e-06 0.000485755
0.923925 6.6549e-06 0.000469163
0.924926 6.17921e-06 0.000452919
0.925927 5.74225e-06 0.000437124
0.926928 5.34196e-06 0.000421766
0.927929 4.97561e-06 0.00040683
0.92893 4.64052e-06 0.000392303
0.929931 4.33401e-06 0.000378168
0.930932 4.05342e-06 0.000364412
0.931933 3.79611e-06 0.000351019
0.932934 3.55944e-06 0.000337977
0.933935 3.34082e-06 0.000325269
0.934936 3.13765e-06 0.000312882
0.935937 2.94736e-06 0.000300803
0.936938 2.76738e-06 0.000289016
0.937939 2.59518e-06 0.000277508
0.93894 2.42822e-06 0.000266265
0.939941 2.26399e-06 0.000255273
0.940942 2.10001e-06 0.000244518
0.941943 1.93378e-06 0.000233988
0.942944 1.77263e-06 0.000223736
0.943945 1.62759e-06 0.000213839
0.944945 1.49746e-06 0.000204283
0.945946 1.38101e-06 0.000195056
0.946947 1.27702e-06 0.000186145
0.947948 1.18426e-06 0.000177535
0.948949 1.10153e-06 0.000169216
0.94995 1.02761e-06 0.000161172
0.950951 9.61304e-07 0.000153392
0.951952 9.0143e-07 0.000145863
0.952953 8.46803e-07 0.000138572
0.953954 7.96246e-07 0.000131507
0.954955 7.48592e-07 0.000124656
0.955956 7.0268e-07 0.000118004
0.956957 6.57358e-07 0.000111542
0.957958 6.11479e-07 0.000105255
0.958959 5.63905e-07 9.91323e-05
0.95996 5.13915e-07 9.31683e-05
0.960961 4.67187e-07 8.74621e-05
0.961962 4.25536e-07 8.20383e-05
0.962963 3.8853e-07 7.68827e-05
0.963964 3.55743e-07 7.1981e-05
0.964965 3.2675e-07 6.73192e-05
0.965966 3.01128e-07 6.2883e-05
0.966967 2.78457e-07 5.86587e-05
0.967968 2.5832e-07 5.46323e-05
0.968969 2.40302e-07 5.07901e-05
0.96997 2.23992e-07 4.71182e-05
0.970971 2.0898e-07 4.36032e-05
0.971972 1.94858e-07 4.02314e-05
0.972973 1.81223e-07 3.69895e-05
0.973974 1.67672e-07 3.38639e-05
0.974975 1.53805e-07 3.08415e-05
0.975976 1.39226e-07 2.7909e-05
0.976977 1.23915e-07 2.50757e-05
0.977978 1.10019e-07 2.24736e-05
0.978979 9.77989e-08 2.01091e-05
0.97998 8.70778e-08 1.79614e-05
0.980981 7.768e-08 1.60102e-05
0.981982 6.94305e-08 1.42348e-05
0.982983 6.21558e-08 1.26151e-05
0.983984 5.56832e-08 1.11308e-05
0.984985 4.9841e-08 9.76196e-06
0.985986 4.44588e-08 8.48856e-06
0.986987 3.9367e-08 7.2908e-06
0.987988 3.4397e-08 6.149e-06
0.988989 2.93815e-08 5.04358e-06
0.98999 2.41539e-08 3.95508e-06
0.990991 1.90712e-08 2.95734e-06
0.991992 1.50095e-08 2.20314e-06
0.992993 1.17718e-08 1.64258e-06
0.993994 9.12981e-09 1.22005e-06
0.994995 6.85635e-09 8.80272e-07
0.995996 4.72576e-09 5.68305e-07
0.996997 2.65893e-09 2.63742e-07
0.997998 1.36291e-09 1.27778e-07
0.998999 4.09908e-10 4.65024e-08
1 0 1.66212e-24
