1e-05 69.67 3.17275
0.00101099 16.8633 0.942742
0.00201198 13.1185 0.802568
0.00301297 11.2154 0.737595
0.00401396 9.97956 0.699006
0.00501495 9.08121 0.673363
0.00601595 8.38499 0.655193
0.00701694 7.82015 0.641755
0.00801793 7.34859 0.63157
0.00901892 6.94592 0.623703
0.0100199 6.59514 0.617512
0.0110209 6.28588 0.612623
0.0120219 6.01043 0.608762
0.0130229 5.76214 0.605688
0.0140239 5.53658 0.603252
0.0150249 5.33042 0.601339
0.0160259 5.14107 0.59987
0.0170268 4.96619 0.598767
0.0180278 4.80368 0.597949
0.0190288 4.65208 0.597377
0.0200298 4.51025 0.597019
0.0210308 4.37719 0.596838
0.0220318 4.25208 0.59682
0.0230328 4.13411 0.596941
0.0240338 4.02251 0.59717
0.0250348 3.91663 0.597485
0.0260358 3.81604 0.597883
0.0270368 3.72031 0.598354
0.0280377 3.62907 0.598884
0.0290387 3.54199 0.599464
0.0300397 3.45878 0.600097
0.0310407 3.37916 0.600773
0.0320417 3.30284 0.601481
0.0330427 3.22957 0.60221
0.0340437 3.15916 0.602954
0.0350447 3.09143 0.60372
0.0360457 3.02624 0.604504
0.0370467 2.96342 0.605298
0.0380477 2.90285 0.606098
0.0390486 2.84439 0.606902
0.0400496 2.78794 0.607718
0.0410506 2.7334 0.60854
0.0420516 2.68064 0.609363
0.0430526 2.62957 0.610182
0.0440536 2.58009 0.610992
0.0450546 2.53213 0.611792
0.0460556 2.48563 0.61259
0.0470566 2.44051 0.613384
0.0480576 2.39671 0.61417
0.0490586 2.35418 0.614947
0.0500595 2.31285 0.615714
0.0510605 2.27267 0.616468
0.0520615 2.23361 0.617217
0.0530625 2.19562 0.61796
0.0540635 2.15864 0.618694
0.0550645 2.12264 0.619416
0.0560655 2.08757 0.620124
0.0570665 2.05339 0.620815
0.0580675 2.02006 0.62149
0.0590685 1.98757 0.622153
0.0600695 1.95588 0.622807
0.0610705 1.92495 0.623448
0.0620714 1.89477 0.624074
0.0630724 1.86531 0.624686
0.0640734 1.83653 0.625282
0.0650744 1.80842 0.62586
0.0660754 1.78095 0.626425
0.0670764 1.75411 0.626978
0.0680774 1.72788 0.62752
0.0690784 1.70223 0.628048
0.0700794 1.67714 0.62856
0.0710804 1.6526 0.629057
0.0720814 1.62858 0.629536
0.0730823 1.60506 0.629996
0.0740833 1.58204 0.63044
0.0750843 1.55951 0.630872
0.0760853 1.53745 0.63129
0.0770863 1.51584 0.631694
0.0780873 1.49467 0.632083
0.0790883 1.47392 0.632457
0.0800893 1.45359 0.632814
0.0810903 1.43365 0.633155
0.0820913 1.4141 0.633478
0.0830923 1.39494 0.633789
0.0840932 1.37615 0.634088
0.0850942 1.35772 0.634374
0.0860952 1.33964 0.634646
0.0870962 1.32191 0.634904
0.0880972 1.3045 0.635145
0.0890982 1.28742 0.635371
0.0900992 1.27064 0.63558
0.0911002 1.25417 0.635771
0.0921012 1.238 0.635948
0.0931022 1.22213 0.636113
0.0941032 1.20654 0.636264
0.0951041 1.19124 0.636402
0.0961051 1.1762 0.636525
0.0971061 1.16143 0.636634
0.0981071 1.14692 0.636728
0.0991081 1.13265 0.636806
0.100109 1.11862 0.636868
0.10111 1.10482 0.636915
0.102111 1.09126 0.63695
0.103112 1.07794 0.636972
0.104113 1.06483 0.636982
0.105114 1.05195 0.636978
0.106115 1.03928 0.636961
0.107116 1.02682 0.63693
0.108117 1.01457 0.636885
0.109118 1.0025 0.636825
0.110119 0.990634 0.63675
0.11112 0.978952 0.636659
0.112121 0.967459 0.636556
0.113122 0.956154 0.636441
0.114123 0.945032 0.636314
0.115124 0.934087 0.636175
0.116125 0.923313 0.636022
0.117126 0.912707 0.635857
0.118127 0.902263 0.635678
0.119128 0.891977 0.635485
0.120129 0.881844 0.635279
0.12113 0.871861 0.635058
0.122131 0.862024 0.634824
0.123132 0.852337 0.634578
0.124133 0.842797 0.634321
0.125134 0.833402 0.634052
0.126135 0.824146 0.633772
0.127136 0.815028 0.633479
0.128137 0.806043 0.633174
0.129138 0.797188 0.632856
0.130139 0.788461 0.632526
0.13114 0.779857 0.632182
0.132141 0.771374 0.631825
0.133142 0.76301 0.631456
0.134143 0.754769 0.631075
0.135144 0.746648 0.630683
0.136145 0.738645 0.63028
0.137146 0.730756 0.629867
0.138147 0.722979 0.629441
0.139148 0.715311 0.629004
0.140149 0.707748 0.628556
0.14115 0.700288 0.628095
0.142151 0.692929 0.627623
0.143152 0.685667 0.627138
0.144153 0.678501 0.626641
0.145154 0.67143 0.626133
0.146155 0.664458 0.625614
0.147156 0.657583 0.625085
0.148157 0.650801 0.624545
0.149158 0.644111 0.623995
0.150159 0.63751 0.623434
0.15116 0.630997 0.622862
0.152161 0.624569 0.622279
0.153162 0.618225 0.621686
0.154163 0.611961 0.621081
0.155164 0.605777 0.620465
0.156165 0.599671 0.619837
0.157166 0.593643 0.619199
0.158167 0.587696 0.618551
0.159168 0.581829 0.617894
0.160169 0.576038 0.617227
0.16117 0.570322 0.61655
0.162171 0.564679 0.615863
0.163172 0.559108 0.615166
0.164173 0.553606 0.614458
0.165174 0.548172 0.613741
0.166175 0.542805 0.613013
0.167175 0.537502 0.612275
0.168176 0.532262 0.611527
0.169177 0.527084 0.610768
0.170178 0.521972 0.61
0.171179 0.516924 0.609223
0.17218 0.51194 0.608437
0.173181 0.507017 0.607641
0.174182 0.502155 0.606836
0.175183 0.497352 0.606022
0.176184 0.492607 0.605199
0.177185 0.487918 0.604367
0.178186 0.483285 0.603525
0.179187 0.478706 0.602674
0.180188 0.474179 0.601813
0.181189 0.469705 0.600944
0.18219 0.465282 0.600065
0.183191 0.460915 0.599179
0.184192 0.456601 0.598283
0.185193 0.452339 0.59738
0.186194 0.448128 0.596468
0.187195 0.443967 0.595548
0.188196 0.439854 0.594619
0.189197 0.435788 0.593682
0.190198 0.431768 0.592736
0.191199 0.427794 0.591782
0.1922 0.423863 0.59082
0.193201 0.419975 0.589849
0.194202 0.416129 0.588869
0.195203 0.412324 0.587881
0.196204 0.408565 0.586885
0.197205 0.404848 0.585881
0.198206 0.401174 0.584869
0.199207 0.397543 0.58385
0.200208 0.393951 0.582822
0.201209 0.390401 0.581787
0.20221 0.386889 0.580745
0.203211 0.383416 0.579695
0.204212 0.37998 0.578637
0.205213 0.376582 0.577572
0.206214 0.37322 0.5765
0.207215 0.369893 0.57542
0.208216 0.366601 0.574333
0.209217 0.363347 0.573239
0.210218 0.36013 0.572139
0.211219 0.35695 0.571031
0.21222 0.353804 0.569916
0.213221 0.350693 0.568795
0.214222 0.347617 0.567666
0.215223 0.344573 0.566531
0.216224 0.341561 0.565389
0.217225 0.33858 0.56424
0.218226 0.335631 0.563085
0.219227 0.332711 0.561923
0.220228 0.329821 0.560754
0.221229 0.326959 0.559578
0.22223 0.324126 0.558396
0.223231 0.321325 0.557208
0.224232 0.318553 0.556012
0.225233 0.315811 0.554811
0.226234 0.313098 0.553603
0.227235 0.310413 0.552389
0.228236 0.307756 0.551168
0.229237 0.305127 0.549942
0.230238 0.302524 0.54871
0.231239 0.299948 0.547472
0.23224 0.297397 0.546229
0.233241 0.294872 0.54498
0.234242 0.292371 0.543726
0.235243 0.289894 0.542466
0.236244 0.287443 0.541201
0.237245 0.285018 0.53993
0.238246 0.282618 0.538654
0.239247 0.280243 0.537373
0.240248 0.277893 0.536086
0.241249 0.275567 0.534794
0.24225 0.273264 0.533496
0.243251 0.270984 0.532194
0.244252 0.268726 0.530886
0.245253 0.26649 0.529574
0.246254 0.264276 0.528256
0.247255 0.262083 0.526934
0.248256 0.25991 0.525607
0.249257 0.257757 0.524275
0.250258 0.255624 0.522938
0.251259 0.253513 0.521596
0.25226 0.251423 0.520249
0.253261 0.249353 0.518897
0.254262 0.247305 0.51754
0.255263 0.245276 0.516178
0.256264 0.243267 0.514812
0.257265 0.241278 0.513442
0.258266 0.239307 0.512067
0.259267 0.237355 0.510689
0.260268 0.235422 0.509306
0.261269 0.233506 0.50792
0.26227 0.231609 0.50653
0.263271 0.229728 0.505137
0.264272 0.227865 0.50374
0.265273 0.226019 0.502339
0.266274 0.224193 0.500935
0.267275 0.222384 0.499526
0.268276 0.220593 0.498114
0.269277 0.21882 0.496698
0.270278 0.217063 0.495278
0.271279 0.215323 0.493855
0.27228 0.213599 0.492428
0.273281 0.211891 0.490998
0.274282 0.210198 0.489565
0.275283 0.208521 0.488128
0.276284 0.206858 0.486688
0.277285 0.205209 0.485246
0.278285 0.203575 0.4838
0.279286 0.201955 0.482352
0.280287 0.200351 0.480899
0.281288 0.198761 0.479443
0.282289 0.197187 0.477984
0.28329 0.195627 0.476521
0.284291 0.194081 0.475056
0.285292 0.19255 0.473587
0.286293 0.191032 0.472116
0.287294 0.189528 0.470642
0.288295 0.188038 0.469166
0.289296 0.18656 0.467687
0.290297 0.185096 0.466206
0.291298 0.183644 0.464723
0.292299 0.182204 0.463239
0.2933 0.180777 0.461752
0.294301 0.179362 0.460264
0.295302 0.17796 0.458773
0.296303 0.176571 0.457279
0.297304 0.175195 0.455783
0.298305 0.173832 0.454285
0.299306 0.172481 0.452785
0.300307 0.171141 0.451282
0.301308 0.169814 0.449778
0.302309 0.168498 0.448271
0.30331 0.167194 0.446763
0.304311 0.1659 0.445254
0.305312 0.164618 0.443743
0.306313 0.163346 0.44223
0.307314 0.162084 0.440717
0.308315 0.160833 0.439202
0.309316 0.159592 0.437685
0.310317 0.158362 0.436166
0.311318 0.157143 0.434645
0.312319 0.155935 0.433123
0.31332 0.154737 0.431598
0.314321 0.15355 0.430072
0.315322 0.152373 0.428544
0.316323 0.151206 0.427015
0.317324 0.150049 0.425486
0.318325 0.148901 0.423955
0.319326 0.147764 0.422424
0.320327 0.146635 0.420892
0.321328 0.145516 0.419359
0.322329 0.144406 0.417827
0.32333 0.143305 0.416294
0.324331 0.142214 0.414762
0.325332 0.141131 0.413228
0.326333 0.140059 0.411694
0.327334 0.138996 0.410158
0.328335 0.137942 0.408622
0.329336 0.136897 0.407085
0.330337 0.135861 0.405547
0.331338 0.134834 0.404009
0.332339 0.133815 0.402471
0.33334 0.132805 0.400932
0.334341 0.131803 0.399393
0.335342 0.130809 0.397854
0.336343 0.129822 0.396316
0.337344 0.128844 0.394777
0.338345 0.127872 0.393238
0.339346 0.126908 0.3917
0.340347 0.125952 0.390162
0.341348 0.125004 0.388622
0.342349 0.124064 0.387082
0.34335 0.123132 0.385542
0.344351 0.122207 0.384001
0.345352 0.12129 0.38246
0.346353 0.120381 0.380919
0.347354 0.119479 0.379379
0.348355 0.118584 0.377839
0.349356 0.117696 0.376299
0.350357 0.116815 0.37476
0.351358 0.115942 0.373222
0.352359 0.115075 0.371685
0.35336 0.114214 0.37015
0.354361 0.11336 0.368615
0.355362 0.112513 0.367082
0.356363 0.111673 0.365549
0.357364 0.11084 0.364017
0.358365 0.110013 0.362485
0.359366 0.109194 0.360953
0.360367 0.108381 0.359422
0.361368 0.107575 0.357892
0.362369 0.106776 0.356363
0.36337 0.105982 0.354834
0.364371 0.105195 0.353307
0.365372 0.104414 0.351781
0.366373 0.103639 0.350256
0.367374 0.102869 0.348733
0.368375 0.102106 0.34721
0.369376 0.101347 0.34569
0.370377 0.100595 0.344171
0.371378 0.0998475 0.342654
0.372379 0.0991063 0.341137
0.37338 0.0983711 0.33962
0.374381 0.0976417 0.338104
0.375382 0.096918 0.33659
0.376383 0.0962 0.335076
0.377384 0.0954875 0.333563
0.378385 0.0947806 0.332052
0.379386 0.0940791 0.330543
0.380387 0.0933829 0.329035
0.381388 0.092692 0.32753
0.382389 0.0920062 0.326026
0.38339 0.0913255 0.324524
0.384391 0.0906499 0.323025
0.385392 0.0899792 0.321529
0.386393 0.0893133 0.320035
0.387394 0.0886525 0.318543
0.388395 0.087997 0.317053
0.389395 0.0873468 0.315564
0.390396 0.0867018 0.314078
0.391397 0.0860618 0.312592
0.392398 0.0854268 0.311109
0.393399 0.0847967 0.309628
0.3944 0.0841713 0.308149
0.395401 0.0835507 0.306672
0.396402 0.0829346 0.305197
0.397403 0.082323 0.303724
0.398404 0.0817158 0.302254
0.399405 0.081113 0.300787
0.400406 0.0805143 0.299322
0.401407 0.0799199 0.297859
0.402408 0.0793295 0.2964
0.403409 0.0787432 0.294942
0.40441 0.0781614 0.293487
0.405411 0.077584 0.292033
0.406412 0.077011 0.290581
0.407413 0.0764423 0.289131
0.408414 0.0758779 0.287683
0.409415 0.0753176 0.286237
0.410416 0.0747614 0.284794
0.411417 0.0742094 0.283354
0.412418 0.0736613 0.281916
0.413419 0.0731172 0.280482
0.41442 0.0725769 0.27905
0.415421 0.0720406 0.277622
0.416422 0.071508 0.276197
0.417423 0.0709791 0.274775
0.418424 0.070454 0.273357
0.419425 0.0699325 0.271943
0.420426 0.0694151 0.270531
0.421427 0.0689017 0.269122
0.422428 0.0683922 0.267716
0.423429 0.0678866 0.266312
0.42443 0.0673848 0.264911
0.425431 0.0668866 0.263513
0.426432 0.0663921 0.262118
0.427433 0.0659011 0.260727
0.428434 0.0654136 0.259338
0.429435 0.0649295 0.257952
0.430436 0.0644488 0.25657
0.431437 0.0639713 0.255191
0.432438 0.0634971 0.253816
0.433439 0.063026 0.252444
0.43444 0.062558 0.251076
0.435441 0.062093 0.249711
0.436442 0.0616313 0.248349
0.437443 0.0611729 0.246989
0.438444 0.0607179 0.245633
0.439445 0.0602661 0.244279
0.440446 0.0598176 0.242928
0.441447 0.0593722 0.24158
0.442448 0.05893 0.240236
0.443449 0.0584909 0.238894
0.44445 0.0580549 0.237557
0.445451 0.0576219 0.236223
0.446452 0.0571918 0.234892
0.447453 0.0567647 0.233566
0.448454 0.0563405 0.232243
0.449455 0.0559192 0.230925
0.450456 0.0555007 0.229611
0.451457 0.055085 0.228301
0.452458 0.0546722 0.226995
0.453459 0.0542625 0.225692
0.45446 0.0538558 0.224393
0.455461 0.0534521 0.223097
0.456462 0.0530512 0.221805
0.457463 0.0526533 0.220517
0.458464 0.0522581 0.219232
0.459465 0.0518657 0.21795
0.460466 0.051476 0.216673
0.461467 0.051089 0.215399
0.462468 0.0507045 0.214129
0.463469 0.0503226 0.212863
0.46447 0.0499432 0.211601
0.465471 0.0495663 0.210344
0.466472 0.0491918 0.20909
0.467473 0.0488196 0.20784
0.468474 0.0484497 0.206595
0.469475 0.0480824 0.205353
0.470476 0.0477177 0.204114
0.471477 0.0473554 0.202878
0.472478 0.0469957 0.201647
0.473479 0.0466385 0.200419
0.47448 0.0462837 0.199194
0.475481 0.0459313 0.197974
0.476482 0.0455813 0.196757
0.477483 0.0452336 0.195545
0.478484 0.0448883 0.194336
0.479485 0.0445453 0.193132
0.480486 0.0442046 0.191932
0.481487 0.0438661 0.190737
0.482488 0.0435299 0.189546
0.483489 0.0431959 0.188359
0.48449 0.042864 0.187178
0.485491 0.0425343 0.186
0.486492 0.0422071 0.184827
0.487493 0.0418822 0.183658
0.488494 0.0415596 0.182492
0.489495 0.0412392 0.181331
0.490496 0.0409211 0.180174
0.491497 0.0406052 0.179021
0.492498 0.0402914 0.177872
0.493499 0.0399797 0.176727
0.4945 0.0396701 0.175586
0.495501 0.0393625 0.17445
0.496502 0.0390569 0.173318
0.497503 0.0387533 0.17219
0.498504 0.0384515 0.171067
0.499505 0.0381516 0.169948
0.500505 0.0378536 0.168833
0.501506 0.0375574 0.167722
0.502507 0.037263 0.166616
0.503508 0.0369706 0.165514
0.504509 0.0366802 0.164415
0.50551 0.0363917 0.16332
0.506511 0.0361052 0.162229
0.507512 0.0358205 0.161142
0.508513 0.0355378 0.16006
0.509514 0.0352569 0.158981
0.510515 0.0349778 0.157907
0.511516 0.0347006 0.156837
0.512517 0.0344252 0.155772
0.513518 0.0341516 0.154711
0.514519 0.0338797 0.153655
0.51552 0.0336096 0.152603
0.516521 0.0333412 0.151556
0.517522 0.0330745 0.150513
0.518523 0.0328096 0.149476
0.519524 0.0325464 0.148443
0.520525 0.0322851 0.147414
0.521526 0.0320255 0.146389
0.522527 0.0317678 0.145369
0.523528 0.0315118 0.144353
0.524529 0.0312576 0.143341
0.52553 0.0310051 0.142334
0.526531 0.0307542 0.141331
0.527532 0.0305049 0.140332
0.528533 0.0302573 0.139338
0.529534 0.0300113 0.138348
0.530535 0.0297668 0.137362
0.531536 0.0295238 0.136381
0.532537 0.0292823 0.135404
0.533538 0.0290424 0.134432
0.534539 0.0288038 0.133464
0.53554 0.0285667 0.1325
0.536541 0.0283311 0.131541
0.537542 0.0280971 0.130586
0.538543 0.0278646 0.129634
0.539544 0.0276336 0.128687
0.540545 0.0274041 0.127744
0.541546 0.0271761 0.126805
0.542547 0.0269497 0.12587
0.543548 0.0267247 0.124939
0.544549 0.0265011 0.124013
0.54555 0.026279 0.123091
0.546551 0.0260584 0.122174
0.547552 0.0258391 0.121261
0.548553 0.0256213 0.120353
0.549554 0.0254049 0.119449
0.550555 0.0251899 0.11855
0.551556 0.0249762 0.117655
0.552557 0.024764 0.116765
0.553558 0.0245531 0.11588
0.554559 0.0243438 0.114998
0.55556 0.0241359 0.114122
0.556561 0.0239294 0.113249
0.557562 0.0237244 0.112381
0.558563 0.0235207 0.111517
0.559564 0.0233183 0.110657
0.560565 0.0231173 0.109802
0.561566 0.0229177 0.108951
0.562567 0.0227193 0.108104
0.563568 0.0225222 0.107262
0.564569 0.0223263 0.106424
0.56557 0.0221317 0.10559
0.566571 0.0219383 0.10476
0.567572 0.0217461 0.103935
0.568573 0.021555 0.103114
0.569574 0.0213651 0.102297
0.570575 0.0211764 0.101484
0.571576 0.0209889 0.100675
0.572577 0.0208027 0.0998708
0.573578 0.0206177 0.0990701
0.574579 0.0204339 0.0982736
0.57558 0.0202513 0.0974812
0.576581 0.02007 0.0966929
0.577582 0.0198898 0.0959087
0.578583 0.0197108 0.0951288
0.579584 0.019533 0.0943531
0.580585 0.0193563 0.0935816
0.581586 0.0191808 0.0928144
0.582587 0.0190065 0.0920515
0.583588 0.0188333 0.0912929
0.584589 0.0186612 0.0905386
0.58559 0.0184903 0.0897888
0.586591 0.0183205 0.0890433
0.587592 0.0181519 0.0883021
0.588593 0.0179845 0.0875652
0.589594 0.0178182 0.0868324
0.590595 0.0176531 0.0861038
0.591596 0.0174891 0.0853794
0.592597 0.0173263 0.0846591
0.593598 0.0171646 0.083943
0.594599 0.017004 0.0832309
0.5956 0.0168445 0.0825229
0.596601 0.016686 0.0818191
0.597602 0.0165286 0.0811192
0.598603 0.0163723 0.0804234
0.599604 0.016217 0.0797316
0.600605 0.0160626 0.0790439
0.601606 0.0159093 0.0783601
0.602607 0.0157569 0.0776803
0.603608 0.0156056 0.0770045
0.604609 0.0154551 0.0763326
0.60561 0.0153057 0.0756645
0.606611 0.0151574 0.0750003
0.607612 0.01501 0.0743399
0.608613 0.0148636 0.0736834
0.609614 0.0147183 0.0730308
0.610615 0.0145739 0.0723821
0.611615 0.0144305 0.0717373
0.612616 0.0142881 0.0710965
0.613617 0.0141467 0.0704595
0.614618 0.0140063 0.0698265
0.615619 0.0138668 0.0691974
0.61662 0.0137284 0.0685723
0.617621 0.0135908 0.0679511
0.618622 0.0134542 0.0673339
0.619623 0.0133186 0.0667207
0.620624 0.0131839 0.0661115
0.621625 0.0130502 0.0655062
0.622626 0.0129174 0.064905
0.623627 0.0127857 0.0643076
0.624628 0.0126549 0.0637142
0.625629 0.0125251 0.0631247
0.62663 0.0123962 0.0625391
0.627631 0.0122682 0.0619572
0.628632 0.0121412 0.0613792
0.629633 0.0120151 0.060805
0.630634 0.01189 0.0602345
0.631635 0.0117657 0.0596677
0.632636 0.0116423 0.0591047
0.633637 0.0115197 0.0585453
0.634638 0.0113981 0.0579896
0.635639 0.0112772 0.0574375
0.63664 0.0111573 0.0568891
0.637641 0.0110381 0.0563442
0.638642 0.0109198 0.0558028
0.639643 0.0108023 0.0552651
0.640644 0.0106856 0.0547309
0.641645 0.0105699 0.0542003
0.642646 0.0104549 0.0536732
0.643647 0.0103409 0.0531497
0.644648 0.0102276 0.0526298
0.645649 0.0101153 0.0521134
0.64665 0.0100037 0.0516006
0.647651 0.00989299 0.0510913
0.648652 0.00978311 0.0505856
0.649653 0.00967406 0.0500834
0.650654 0.00956582 0.0495847
0.651655 0.00945841 0.0490896
0.652656 0.00935182 0.048598
0.653657 0.00924603 0.0481099
0.654658 0.00914106 0.0476253
0.655659 0.00903689 0.0471442
0.65666 0.00893353 0.0466666
0.657661 0.008831 0.0461926
0.658662 0.00872931 0.0457222
0.659663 0.00862845 0.0452553
0.660664 0.0085284 0.0447919
0.661665 0.00842915 0.0443319
0.662666 0.00833071 0.0438754
0.663667 0.00823306 0.0434223
0.664668 0.00813618 0.0429725
0.665669 0.00804008 0.0425261
0.66667 0.00794474 0.042083
0.667671 0.00785016 0.0416431
0.668672 0.00775632 0.0412065
0.669673 0.00766322 0.040773
0.670674 0.00757085 0.0403428
0.671675 0.00747919 0.0399157
0.672676 0.00738826 0.0394917
0.673677 0.00729802 0.0390708
0.674678 0.0072085 0.038653
0.675679 0.00711972 0.0382384
0.67668 0.00703167 0.0378271
0.677681 0.00694436 0.0374189
0.678682 0.00685777 0.0370138
0.679683 0.0067719 0.036612
0.680684 0.00668676 0.0362132
0.681685 0.00660234 0.0358176
0.682686 0.00651863 0.0354251
0.683687 0.00643564 0.0350356
0.684688 0.00635336 0.0346493
0.685689 0.00627178 0.034266
0.68669 0.00619091 0.0338857
0.687691 0.00611074 0.0335085
0.688692 0.00603127 0.0331343
0.689693 0.0059525 0.0327631
0.690694 0.00587442 0.0323948
0.691695 0.00579704 0.0320296
0.692696 0.00572037 0.0316675
0.693697 0.00564443 0.0313086
0.694698 0.0055692 0.0309527
0.695699 0.00549468 0.0305998
0.6967 0.00542085 0.03025
0.697701 0.00534771 0.0299032
0.698702 0.00527525 0.0295593
0.699703 0.00520347 0.0292183
0.700704 0.00513235 0.0288802
0.701705 0.00506188 0.0285449
0.702706 0.00499207 0.0282124
0.703707 0.00492289 0.0278826
0.704708 0.00485435 0.0275556
0.705709 0.00478643 0.0272313
0.70671 0.00471914 0.0269096
0.707711 0.00465245 0.0265906
0.708712 0.00458637 0.0262741
0.709713 0.00452089 0.0259603
0.710714 0.00445606 0.0256492
0.711715 0.00439186 0.0253409
0.712716 0.00432829 0.0250354
0.713717 0.00426535 0.0247325
0.714718 0.00420304 0.0244324
0.715719 0.00414134 0.0241349
0.71672 0.00408027 0.0238401
0.717721 0.0040198 0.0235479
0.718722 0.00395995 0.0232583
0.719723 0.0039007 0.0229713
0.720724 0.00384206 0.0226869
0.721725 0.00378401 0.022405
0.722725 0.00372656 0.0221257
0.723726 0.0036697 0.0218488
0.724727 0.00361343 0.0215744
0.725728 0.00355774 0.0213025
0.726729 0.00350264 0.0210331
0.72773 0.00344814 0.0207662
0.728731 0.00339426 0.020502
0.729732 0.00334099 0.0202404
0.730733 0.00328833 0.0199814
0.731734 0.00323627 0.0197249
0.732735 0.0031848 0.0194709
0.733736 0.0031339 0.0192194
0.734737 0.00308358 0.0189704
0.735738 0.00303383 0.0187237
0.736739 0.00298463 0.0184794
0.73774 0.00293597 0.0182374
0.738741 0.00288786 0.0179977
0.739742 0.00284028 0.0177602
0.740743 0.00279323 0.017525
0.741744 0.00274669 0.0172919
0.742745 0.00270066 0.0170609
0.743746 0.00265513 0.0168321
0.744747 0.0026101 0.0166053
0.745748 0.00256561 0.0163808
0.746749 0.00252166 0.0161586
0.74775 0.00247826 0.0159387
0.748751 0.00243539 0.0157211
0.749752 0.00239305 0.0155057
0.750753 0.00235123 0.0152925
0.751754 0.00230994 0.0150815
0.752755 0.00226915 0.0148727
0.753756 0.00222887 0.014666
0.754757 0.00218909 0.0144613
0.755758 0.0021498 0.0142588
0.756759 0.00211101 0.0140583
0.75776 0.00207269 0.0138599
0.758761 0.00203486 0.0136635
0.759762 0.00199749 0.013469
0.760763 0.0019606 0.0132765
0.761764 0.00192416 0.0130859
0.762765 0.00188819 0.0128973
0.763766 0.00185273 0.0127108
0.764767 0.00181778 0.0125265
0.765768 0.00178333 0.0123443
0.766769 0.00174938 0.0121642
0.76777 0.00171592 0.0119861
0.768771 0.00168293 0.01181
0.769772 0.00165041 0.0116358
0.770773 0.00161835 0.0114636
0.771774 0.00158674 0.0112933
0.772775 0.00155557 0.0111249
0.773776 0.00152483 0.0109583
0.774777 0.00149452 0.0107934
0.775778 0.00146463 0.0106304
0.776779 0.00143514 0.010469
0.77778 0.00140605 0.0103093
0.778781 0.00137736 0.0101513
0.779782 0.00134904 0.00999489
0.780783 0.00132112 0.00984014
0.781784 0.00129365 0.00968724
0.782785 0.00126663 0.00953619
0.783786 0.00124004 0.00938697
0.784787 0.00121388 0.00923953
0.785788 0.00118814 0.00909387
0.786789 0.00116281 0.00894994
0.78779 0.00113789 0.00880772
0.788791 0.00111336 0.00866718
0.789792 0.00108923 0.00852831
0.790793 0.00106548 0.00839106
0.791794 0.0010421 0.00825542
0.792795 0.00101909 0.00812135
0.793796 0.000996443 0.00798884
0.794797 0.000974145 0.00785785
0.795798 0.000952193 0.00772837
0.796799 0.000930579 0.00760035
0.7978 0.000909295 0.00747379
0.798801 0.000888362 0.00734875
0.799802 0.000867835 0.0072254
0.800803 0.000847705 0.00710373
0.801804 0.000827963 0.0069837
0.802805 0.0008086 0.00686527
0.803806 0.000789604 0.00674842
0.804807 0.000770966 0.0066331
0.805808 0.000752676 0.00651929
0.806809 0.000734725 0.00640695
0.80781 0.000717103 0.00629605
0.808811 0.0006998 0.00618655
0.809812 0.000682807 0.00607843
0.810813 0.000666115 0.00597165
0.811814 0.000649714 0.00586619
0.812815 0.000633595 0.005762
0.813816 0.000617748 0.00565905
0.814817 0.000602165 0.00555733
0.815818 0.000586836 0.00545679
0.816819 0.000571789 0.00535751
0.81782 0.00055708 0.00525968
0.818821 0.000542701 0.00516326
0.819822 0.000528643 0.00506823
0.820823 0.000514895 0.00497456
0.821824 0.00050145 0.00488222
0.822825 0.000488298 0.0047912
0.823826 0.000475429 0.00470145
0.824827 0.000462835 0.00461296
0.825828 0.000450508 0.0045257
0.826829 0.000438437 0.00443965
0.82783 0.000426614 0.00435477
0.828831 0.000415032 0.00427104
0.829832 0.00040368 0.00418845
0.830833 0.00039255 0.00410695
0.831834 0.000381634 0.00402653
0.832835 0.000370923 0.00394717
0.833835 0.000360408 0.00386883
0.834836 0.000350123 0.00379161
0.835837 0.00034012 0.00371567
0.836838 0.00033039 0.00364097
0.837839 0.000320923 0.00356749
0.83884 0.00031171 0.00349518
0.839841 0.00030274 0.00342404
0.840842 0.000294004 0.00335402
0.841843 0.000285492 0.00328509
0.842844 0.000277195 0.00321724
0.843845 0.000269103 0.00315042
0.844846 0.000261207 0.00308461
0.845847 0.000253497 0.00301979
0.846848 0.000245965 0.00295592
0.847849 0.000238601 0.00289297
0.84885 0.000231396 0.00283092
0.849851 0.00022434 0.00276974
0.850852 0.000217425 0.00270941
0.851853 0.000210642 0.00264989
0.852854 0.000204023 0.00259128
0.853855 0.000197619 0.00253371
0.854856 0.000191422 0.00247718
0.855857 0.000185424 0.00242165
0.856858 0.000179616 0.0023671
0.857859 0.000173989 0.00231351
0.85886 0.000168536 0.00226085
0.859861 0.000163247 0.0022091
0.860862 0.000158116 0.00215823
0.861863 0.000153132 0.00210823
0.862864 0.000148289 0.00205906
0.863865 0.000143578 0.0020107
0.864866 0.000138991 0.00196314
0.865867 0.00013452 0.00191635
0.866868 0.000130158 0.0018703
0.867869 0.000125895 0.00182497
0.86887 0.000121725 0.00178035
0.869871 0.00011764 0.00173641
0.870872 0.000113666 0.00169322
0.871873 0.000109851 0.00165093
0.872874 0.000106187 0.00160952
0.873875 0.000102668 0.00156896
0.874876 9.92846e-05 0.00152922
0.875877 9.60305e-05 0.00149028
0.876878 9.28979e-05 0.00145212
0.877879 8.98793e-05 0.0014147
0.87888 8.69674e-05 0.00137801
0.879881 8.41549e-05 0.00134203
0.880882 8.14346e-05 0.00130672
0.881883 7.87992e-05 0.00127206
0.882884 7.62416e-05 0.00123804
0.883885 7.37546e-05 0.00120462
0.884886 7.13311e-05 0.00117178
0.885887 6.89643e-05 0.00113951
0.886888 6.6647e-05 0.00110777
0.887889 6.43723e-05 0.00107654
0.88889 6.21601e-05 0.0010459
0.889891 6.00511e-05 0.00101598
0.890892 5.80405e-05 0.000986752
0.891893 5.61227e-05 0.000958207
0.892894 5.42921e-05 0.000930321
0.893895 5.25432e-05 0.000903073
0.894896 5.08705e-05 0.000876443
0.895897 4.92686e-05 0.00085041
0.896898 4.7732e-05 0.000824954
0.897899 4.62554e-05 0.000800056
0.8989 4.48333e-05 0.000775695
0.899901 4.34605e-05 0.000751851
0.900902 4.21317e-05 0.000728506
0.901903 4.08417e-05 0.000705638
0.902904 3.95852e-05 0.00068323
0.903905 3.8357e-05 0.000661261
0.904906 3.7152e-05 0.000639712
0.905907 3.59652e-05 0.000618565
0.906908 3.48095e-05 0.000597877
0.907909 3.37152e-05 0.000577776
0.90891 3.26793e-05 0.000558245
0.909911 3.1698e-05 0.000539263
0.910912 3.07673e-05 0.00052081
0.911913 2.98835e-05 0.000502866
0.912914 2.90428e-05 0.000485412
0.913915 2.82413e-05 0.000468426
0.914916 2.74754e-05 0.000451889
0.915917 2.67414e-05 0.000435782
0.916918 2.60354e-05 0.000420085
0.917919 2.53539e-05 0.000404779
0.91892 2.46932e-05 0.000389844
0.919921 2.40496e-05 0.000375261
0.920922 2.34196e-05 0.000361011
0.921923 2.27996e-05 0.000347076
0.922924 2.2186e-05 0.000333436
0.923925 2.15753e-05 0.000320073
0.924926 2.09756e-05 0.000307041
0.925927 2.04058e-05 0.000294457
0.926928 1.98645e-05 0.000282308
0.927929 1.93495e-05 0.000270576
0.92893 1.88588e-05 0.000259243
0.929931 1.83905e-05 0.000248292
0.930932 1.79423e-05 0.000237707
0.931933 1.75124e-05 0.00022747
0.932934 1.70987e-05 0.000217564
0.933935 1.66992e-05 0.000207973
0.934936 1.63121e-05 0.00019868
0.935937 1.59352e-05 0.000189668
0.936938 1.55667e-05 0.000180921
0.937939 1.52046e-05 0.000172422
0.93894 1.4847e-05 0.000164156
0.939941 1.44919e-05 0.000156105
0.940942 1.41376e-05 0.000148255
0.941943 1.3782e-05 0.000140588
0.942944 1.34308e-05 0.000133171
0.943945 1.30922e-05 0.000126093
0.944945 1.27653e-05 0.00011934
0.945946 1.24494e-05 0.000112895
0.946947 1.21433e-05 0.000106742
0.947948 1.18463e-05 0.000100866
0.948949 1.15574e-05 9.52508e-05
0.94995 1.12757e-05 8.98814e-05
0.950951 1.10004e-05 8.47423e-05
0.951952 1.07305e-05 7.98181e-05
0.952953 1.04652e-05 7.50937e-05
0.953954 1.02036e-05 7.05539e-05
0.954955 9.94483e-06 6.61837e-05
0.955956 9.68802e-06 6.19682e-05
0.956957 9.43233e-06 5.78925e-05
0.957958 9.1769e-06 5.39419e-05
0.958959 8.92088e-06 5.01018e-05
0.95996 8.66373e-06 4.63654e-05
0.960961 8.40967e-06 4.2843e-05
0.961962 8.16004e-06 3.95628e-05
0.962963 7.91453e-06 3.65097e-05
0.963964 7.67283e-06 3.36685e-05
0.964965 7.43463e-06 3.10241e-05
0.965966 7.19961e-06 2.85616e-05
0.966967 6.96747e-06 2.6266e-05
0.967968 6.7379e-06 2.41227e-05
0.968969 6.5106e-06 2.21169e-05
0.96997 6.28527e-06 2.0234e-05
0.970971 6.06161e-06 1.84595e-05
0.971972 5.83931e-06 1.67789e-05
0.972973 5.61809e-06 1.5178e-05
0.973974 5.39764e-06 1.36424e-05
0.974975 5.17768e-06 1.21581e-05
0.975976 4.95791e-06 1.07108e-05
0.976977 4.73842e-06 9.30573e-06
0.977978 4.52137e-06 8.0532e-06
0.978979 4.30689e-06 6.96114e-06
0.97998 4.09469e-06 6.01478e-06
0.980981 3.88445e-06 5.19945e-06
0.981982 3.67588e-06 4.50056e-06
0.982983 3.46868e-06 3.90362e-06
0.983984 3.26255e-06 3.39423e-06
0.984985 3.05719e-06 2.95805e-06
0.985986 2.85231e-06 2.58086e-06
0.986987 2.64761e-06 2.2485e-06
0.987988 2.44281e-06 1.94692e-06
0.988989 2.23762e-06 1.66213e-06
0.98999 2.03174e-06 1.38025e-06
0.990991 1.82579e-06 1.1336e-06
0.991992 1.62108e-06 1.00507e-06
0.992993 1.41698e-06 9.86701e-07
0.993994 1.21282e-06 1.06776e-06
0.994995 1.0079e-06 1.23757e-06
0.995996 8.01545e-07 1.48552e-06
0.996997 5.92797e-07 1.69277e-06
0.997998 3.80139e-07 1.9054e-06
0.998999 1.63265e-07 4.42505e-06
1 0 2.40265e-21
