1e-05 70.2839 3.14193
0.00101099 16.9195 0.932875
0.00201198 13.1524 0.79441
0.00301297 11.2408 0.730382
0.00401396 10.0008 0.692434
0.00501495 9.1001 0.667274
0.00601595 8.40248 0.649487
0.00701694 7.83673 0.636366
0.00801793 7.36459 0.626449
0.00901892 6.96155 0.618814
0.0100199 6.6105 0.612826
0.0110209 6.30105 0.608119
0.0120219 6.02546 0.604425
0.0130229 5.77707 0.601501
0.0140239 5.55142 0.599201
0.0150249 5.34519 0.597415
0.0160259 5.15576 0.596067
0.0170268 4.98082 0.595077
0.0180278 4.81824 0.594365
0.0190288 4.66657 0.593894
0.0200298 4.52466 0.593632
0.0210308 4.39152 0.593543
0.0220318 4.26632 0.593612
0.0230328 4.14825 0.593818
0.0240338 4.03655 0.59413
0.0250348 3.93058 0.594525
0.0260358 3.82989 0.595001
0.0270368 3.73406 0.595549
0.0280377 3.64272 0.596154
0.0290387 3.55552 0.596807
0.0300397 3.4722 0.597511
0.0310407 3.39245 0.598258
0.0320417 3.31601 0.599035
0.0330427 3.24262 0.599831
0.0340437 3.17208 0.600642
0.0350447 3.10423 0.601474
0.0360457 3.0389 0.602322
0.0370467 2.97595 0.603181
0.0380477 2.91525 0.604044
0.0390486 2.85665 0.604912
0.0400496 2.80008 0.60579
0.0410506 2.74539 0.606674
0.0420516 2.6925 0.607559
0.0430526 2.6413 0.608439
0.0440536 2.59169 0.60931
0.0450546 2.54359 0.610171
0.0460556 2.49695 0.61103
0.0470566 2.45169 0.611884
0.0480576 2.40776 0.612731
0.0490586 2.36509 0.613569
0.0500595 2.32362 0.614395
0.0510605 2.28332 0.615209
0.0520615 2.24413 0.616018
0.0530625 2.206 0.616821
0.0540635 2.1689 0.617615
0.0550645 2.13276 0.618396
0.0560655 2.09756 0.619163
0.0570665 2.06325 0.619913
0.0580675 2.0298 0.620646
0.0590685 1.99718 0.621368
0.0600695 1.96536 0.622079
0.0610705 1.93432 0.622777
0.0620714 1.90401 0.623461
0.0630724 1.87443 0.62413
0.0640734 1.84553 0.624783
0.0650744 1.81729 0.625419
0.0660754 1.78971 0.626041
0.0670764 1.76275 0.626652
0.0680774 1.7364 0.627251
0.0690784 1.71064 0.627836
0.0700794 1.68544 0.628405
0.0710804 1.66079 0.628959
0.0720814 1.63666 0.629495
0.0730823 1.61303 0.630012
0.0740833 1.58991 0.630512
0.0750843 1.56727 0.631001
0.0760853 1.5451 0.631475
0.0770863 1.52339 0.631936
0.0780873 1.50212 0.632381
0.0790883 1.48128 0.63281
0.0800893 1.46084 0.633224
0.0810903 1.44081 0.63362
0.0820913 1.42117 0.634
0.0830923 1.40191 0.634366
0.0840932 1.38302 0.634721
0.0850942 1.3645 0.635062
0.0860952 1.34633 0.635389
0.0870962 1.32851 0.635702
0.0880972 1.31101 0.635999
0.0890982 1.29384 0.636279
0.0900992 1.27698 0.636542
0.0911002 1.26043 0.636788
0.0921012 1.24417 0.637019
0.0931022 1.22822 0.637238
0.0941032 1.21255 0.637443
0.0951041 1.19716 0.637634
0.0961051 1.18205 0.637811
0.0971061 1.1672 0.637973
0.0981071 1.15261 0.63812
0.0991081 1.13826 0.638252
0.100109 1.12416 0.638367
0.10111 1.11029 0.638466
0.102111 1.09666 0.638553
0.103112 1.08326 0.638628
0.104113 1.07009 0.63869
0.105114 1.05714 0.638738
0.106115 1.0444 0.638773
0.107116 1.03188 0.638794
0.108117 1.01955 0.6388
0.109118 1.00743 0.638791
0.110119 0.995495 0.638767
0.11112 0.98375 0.638727
0.112121 0.972196 0.638674
0.113122 0.960831 0.638609
0.114123 0.949648 0.638532
0.115124 0.938644 0.638442
0.116125 0.927813 0.638339
0.117126 0.91715 0.638223
0.118127 0.90665 0.638093
0.119128 0.896308 0.637949
0.120129 0.886121 0.637791
0.12113 0.876084 0.637619
0.122131 0.866194 0.637432
0.123132 0.856455 0.637234
0.124133 0.846864 0.637024
0.125134 0.837418 0.636803
0.126135 0.828114 0.636569
0.127136 0.818946 0.636323
0.128137 0.809913 0.636064
0.129138 0.801011 0.635793
0.130139 0.792237 0.635508
0.13114 0.783587 0.63521
0.132141 0.77506 0.634898
0.133142 0.766651 0.634573
0.134143 0.758366 0.634236
0.135144 0.750203 0.633889
0.136145 0.742157 0.63353
0.137146 0.734227 0.63316
0.138147 0.726409 0.632778
0.139148 0.718701 0.632384
0.140149 0.711098 0.631979
0.14115 0.7036 0.63156
0.142151 0.696202 0.63113
0.143152 0.688903 0.630687
0.144153 0.681699 0.630231
0.145154 0.674592 0.629764
0.146155 0.667584 0.629286
0.147156 0.660673 0.628797
0.148157 0.653856 0.628298
0.149158 0.647132 0.627787
0.150159 0.640497 0.627266
0.15116 0.633951 0.626733
0.152161 0.62749 0.62619
0.153162 0.621113 0.625634
0.154163 0.614818 0.625068
0.155164 0.608603 0.624489
0.156165 0.602466 0.623899
0.157166 0.596408 0.623298
0.158167 0.590432 0.622687
0.159168 0.584535 0.622066
0.160169 0.578715 0.621435
0.16117 0.572971 0.620793
0.162171 0.5673 0.620142
0.163172 0.561702 0.61948
0.164173 0.556173 0.618807
0.165174 0.550713 0.618124
0.166175 0.545319 0.61743
0.167175 0.53999 0.616726
0.168176 0.534725 0.61601
0.169177 0.529522 0.615284
0.170178 0.524385 0.614549
0.171179 0.519313 0.613804
0.17218 0.514305 0.61305
0.173181 0.509359 0.612286
0.174182 0.504473 0.611513
0.175183 0.499648 0.61073
0.176184 0.49488 0.609937
0.177185 0.490169 0.609135
0.178186 0.485514 0.608323
0.179187 0.480913 0.607501
0.180188 0.476366 0.60667
0.181189 0.47187 0.605829
0.18219 0.467428 0.604978
0.183191 0.46304 0.604119
0.184192 0.458706 0.603252
0.185193 0.454425 0.602375
0.186194 0.450195 0.60149
0.187195 0.446015 0.600597
0.188196 0.441884 0.599694
0.189197 0.4378 0.598782
0.190198 0.433762 0.597862
0.191199 0.42977 0.596933
0.1922 0.425822 0.595994
0.193201 0.421916 0.595047
0.194202 0.418053 0.594091
0.195203 0.414232 0.593126
0.196204 0.410456 0.592153
0.197205 0.406724 0.591172
0.198206 0.403034 0.590182
0.199207 0.399386 0.589185
0.200208 0.39578 0.588179
0.201209 0.392214 0.587165
0.20221 0.388687 0.586143
0.203211 0.385199 0.585113
0.204212 0.381749 0.584076
0.205213 0.378337 0.583031
0.206214 0.37496 0.581977
0.207215 0.37162 0.580917
0.208216 0.368314 0.579848
0.209217 0.365047 0.578772
0.210218 0.361816 0.577689
0.211219 0.358623 0.576599
0.21222 0.355464 0.575501
0.213221 0.352341 0.574397
0.214222 0.349251 0.573285
0.215223 0.346195 0.572166
0.216224 0.343171 0.571039
0.217225 0.340179 0.569906
0.218226 0.337217 0.568766
0.219227 0.334286 0.567618
0.220228 0.331384 0.566463
0.221229 0.328511 0.565302
0.22223 0.325667 0.564133
0.223231 0.322854 0.562958
0.224232 0.320072 0.561775
0.225233 0.317319 0.560586
0.226234 0.314595 0.55939
0.227235 0.3119 0.558188
0.228236 0.309233 0.556979
0.229237 0.306593 0.555764
0.230238 0.30398 0.554543
0.231239 0.301394 0.553315
0.23224 0.298834 0.552082
0.233241 0.296299 0.550843
0.234242 0.293788 0.549598
0.235243 0.291303 0.548347
0.236244 0.288842 0.547091
0.237245 0.286408 0.545828
0.238246 0.283999 0.54456
0.239247 0.281615 0.543287
0.240248 0.279257 0.542007
0.241249 0.276922 0.540722
0.24225 0.274611 0.539432
0.243251 0.272322 0.538136
0.244252 0.270057 0.536834
0.245253 0.267813 0.535528
0.246254 0.265591 0.534216
0.247255 0.263389 0.532898
0.248256 0.261209 0.531576
0.249257 0.259048 0.530248
0.250258 0.256908 0.528916
0.251259 0.254789 0.527577
0.25226 0.252692 0.526233
0.253261 0.250615 0.524884
0.254262 0.248559 0.52353
0.255263 0.246523 0.522171
0.256264 0.244508 0.520807
0.257265 0.242511 0.519438
0.258266 0.240534 0.518065
0.259267 0.238575 0.516688
0.260268 0.236635 0.515306
0.261269 0.234713 0.513921
0.26227 0.232808 0.512531
0.263271 0.230921 0.511138
0.264272 0.229052 0.509741
0.265273 0.2272 0.50834
0.266274 0.225367 0.506934
0.267275 0.223552 0.505525
0.268276 0.221756 0.504111
0.269277 0.219976 0.502693
0.270278 0.218213 0.501272
0.271279 0.216467 0.499847
0.27228 0.214738 0.498417
0.273281 0.213024 0.496985
0.274282 0.211325 0.495548
0.275283 0.209642 0.494109
0.276284 0.207974 0.492666
0.277285 0.20632 0.491219
0.278285 0.204681 0.489769
0.279286 0.203055 0.488316
0.280287 0.201445 0.486859
0.281288 0.199851 0.485398
0.282289 0.198271 0.483933
0.28329 0.196706 0.482465
0.284291 0.195155 0.480994
0.285292 0.193619 0.479519
0.286293 0.192096 0.478041
0.287294 0.190588 0.47656
0.288295 0.189092 0.475077
0.289296 0.18761 0.473591
0.290297 0.186141 0.472103
0.291298 0.184684 0.470613
0.292299 0.18324 0.46912
0.2933 0.181808 0.467626
0.294301 0.180388 0.466129
0.295302 0.178982 0.46463
0.296303 0.177589 0.463128
0.297304 0.176208 0.461623
0.298305 0.174841 0.460116
0.299306 0.173485 0.458606
0.300307 0.172142 0.457094
0.301308 0.17081 0.45558
0.302309 0.16949 0.454064
0.30331 0.168181 0.452546
0.304311 0.166884 0.451026
0.305312 0.165597 0.449505
0.306313 0.164321 0.447981
0.307314 0.163056 0.446457
0.308315 0.1618 0.44493
0.309316 0.160555 0.443402
0.310317 0.159321 0.441872
0.311318 0.158098 0.440339
0.312319 0.156886 0.438804
0.31332 0.155685 0.437267
0.314321 0.154494 0.435728
0.315322 0.153313 0.434188
0.316323 0.152142 0.432646
0.317324 0.150981 0.431103
0.318325 0.14983 0.429559
0.319326 0.148689 0.428014
0.320327 0.147557 0.426468
0.321328 0.146434 0.424922
0.322329 0.145321 0.423376
0.32333 0.144216 0.421829
0.324331 0.143121 0.420282
0.325332 0.142035 0.418734
0.326333 0.140959 0.417185
0.327334 0.139893 0.415634
0.328335 0.138835 0.414083
0.329336 0.137787 0.412531
0.330337 0.136748 0.410978
0.331338 0.135717 0.409425
0.332339 0.134695 0.407871
0.33334 0.133682 0.406316
0.334341 0.132676 0.404761
0.335342 0.131679 0.403206
0.336343 0.130689 0.401651
0.337344 0.129707 0.400096
0.338345 0.128733 0.398541
0.339346 0.127766 0.396986
0.340347 0.126806 0.395431
0.341348 0.125855 0.393875
0.342349 0.124912 0.392317
0.34335 0.123977 0.39076
0.344351 0.123049 0.389201
0.345352 0.122129 0.387643
0.346353 0.121216 0.386084
0.347354 0.120311 0.384526
0.348355 0.119413 0.382967
0.349356 0.118522 0.38141
0.350357 0.117639 0.379852
0.351358 0.116762 0.378296
0.352359 0.115892 0.37674
0.35336 0.115028 0.375186
0.354361 0.114171 0.373633
0.355362 0.113321 0.372081
0.356363 0.112478 0.370529
0.357364 0.111642 0.368978
0.358365 0.110813 0.367427
0.359366 0.10999 0.365876
0.360367 0.109175 0.364326
0.361368 0.108366 0.362776
0.362369 0.107563 0.361227
0.36337 0.106767 0.359679
0.364371 0.105977 0.358132
0.365372 0.105193 0.356586
0.366373 0.104415 0.355041
0.367374 0.103643 0.353497
0.368375 0.102876 0.351955
0.369376 0.102115 0.350414
0.370377 0.10136 0.348875
0.371378 0.10061 0.347337
0.372379 0.099866 0.345799
0.37338 0.099128 0.344262
0.374381 0.0983958 0.342726
0.375382 0.0976694 0.34119
0.376383 0.0969487 0.339655
0.377384 0.0962335 0.338122
0.378385 0.0955239 0.336589
0.379386 0.0948197 0.335059
0.380387 0.0941208 0.33353
0.381388 0.0934271 0.332003
0.382389 0.0927387 0.330477
0.38339 0.0920554 0.328954
0.384391 0.091377 0.327433
0.385392 0.0907036 0.325915
0.386393 0.0900351 0.324399
0.387394 0.0893716 0.322886
0.388395 0.0887135 0.321374
0.389395 0.0880606 0.319863
0.390396 0.087413 0.318354
0.391397 0.0867703 0.316847
0.392398 0.0861327 0.315342
0.393399 0.0855 0.313838
0.3944 0.084872 0.312337
0.395401 0.0842487 0.310837
0.396402 0.08363 0.30934
0.397403 0.0830158 0.307845
0.398404 0.082406 0.306352
0.399405 0.0818006 0.304862
0.400406 0.0811993 0.303374
0.401407 0.0806022 0.301889
0.402408 0.0800092 0.300407
0.403409 0.0794204 0.298927
0.40441 0.078836 0.297448
0.405411 0.078256 0.295972
0.406412 0.0776804 0.294497
0.407413 0.0771092 0.293024
0.408414 0.0765421 0.291553
0.409415 0.0759793 0.290084
0.410416 0.0754206 0.288618
0.411417 0.0748659 0.287154
0.412418 0.0743153 0.285693
0.413419 0.0737686 0.284236
0.41442 0.0732258 0.282781
0.415421 0.0726869 0.281329
0.416422 0.0721517 0.279881
0.417423 0.0716203 0.278436
0.418424 0.0710926 0.276995
0.419425 0.0705685 0.275557
0.420426 0.0700485 0.274122
0.421427 0.0695325 0.272689
0.422428 0.0690205 0.271259
0.423429 0.0685123 0.269832
0.42443 0.0680078 0.268408
0.425431 0.067507 0.266986
0.426432 0.0670099 0.265568
0.427433 0.0665164 0.264152
0.428434 0.0660263 0.26274
0.429435 0.0655396 0.261331
0.430436 0.0650563 0.259925
0.431437 0.0645762 0.258523
0.432438 0.0640994 0.257124
0.433439 0.0636257 0.255728
0.43444 0.0631551 0.254336
0.435441 0.0626876 0.252948
0.436442 0.0622233 0.251562
0.437443 0.0617624 0.250179
0.438444 0.0613048 0.248798
0.439445 0.0608505 0.247421
0.440446 0.0603994 0.246046
0.441447 0.0599515 0.244674
0.442448 0.0595068 0.243306
0.443449 0.0590651 0.241941
0.44445 0.0586265 0.24058
0.445451 0.058191 0.239222
0.446452 0.0577584 0.237868
0.447453 0.0573288 0.236518
0.448454 0.056902 0.235172
0.449455 0.0564782 0.23383
0.450456 0.0560571 0.232492
0.451457 0.0556389 0.231158
0.452458 0.0552235 0.229829
0.453459 0.0548112 0.228503
0.45446 0.054402 0.22718
0.455461 0.0539957 0.225861
0.456462 0.0535923 0.224545
0.457463 0.0531917 0.223233
0.458464 0.052794 0.221924
0.459465 0.052399 0.22062
0.460466 0.0520068 0.219319
0.461467 0.0516171 0.218022
0.462468 0.0512301 0.216728
0.463469 0.0508456 0.215439
0.46447 0.0504637 0.214154
0.465471 0.0500842 0.212873
0.466472 0.0497071 0.211596
0.467473 0.0493323 0.210323
0.468474 0.0489599 0.209055
0.469475 0.0485901 0.207789
0.470476 0.0482227 0.206528
0.471477 0.0478579 0.205269
0.472478 0.0474957 0.204015
0.473479 0.0471359 0.202764
0.47448 0.0467785 0.201516
0.475481 0.0464235 0.200273
0.476482 0.046071 0.199034
0.477483 0.0457208 0.197798
0.478484 0.0453729 0.196567
0.479485 0.0450274 0.19534
0.480486 0.0446841 0.194118
0.481487 0.044343 0.1929
0.482488 0.0440042 0.191686
0.483489 0.0436676 0.190478
0.48449 0.0433332 0.189274
0.485491 0.043001 0.188074
0.486492 0.0426711 0.186879
0.487493 0.0423436 0.185687
0.488494 0.0420184 0.1845
0.489495 0.0416955 0.183317
0.490496 0.0413748 0.182138
0.491497 0.0410563 0.180963
0.492498 0.04074 0.179792
0.493499 0.0404257 0.178625
0.4945 0.0401135 0.177463
0.495501 0.0398033 0.176305
0.496502 0.0394951 0.175152
0.497503 0.0391889 0.174002
0.498504 0.0388846 0.172858
0.499505 0.0385821 0.171717
0.500505 0.0382815 0.170581
0.501506 0.0379827 0.16945
0.502507 0.0376857 0.168323
0.503508 0.0373907 0.167199
0.504509 0.0370978 0.16608
0.50551 0.0368067 0.164964
0.506511 0.0365176 0.163853
0.507512 0.0362303 0.162746
0.508513 0.035945 0.161642
0.509514 0.0356615 0.160544
0.510515 0.0353799 0.159449
0.511516 0.0351001 0.158359
0.512517 0.0348221 0.157274
0.513518 0.0345459 0.156193
0.514519 0.0342714 0.155116
0.51552 0.0339987 0.154045
0.516521 0.0337278 0.152978
0.517522 0.0334585 0.151916
0.518523 0.033191 0.150859
0.519524 0.0329252 0.149807
0.520525 0.0326613 0.148759
0.521526 0.0323992 0.147715
0.522527 0.0321389 0.146676
0.523528 0.0318804 0.145641
0.524529 0.0316236 0.14461
0.52553 0.0313684 0.143584
0.526531 0.031115 0.142562
0.527532 0.0308632 0.141545
0.528533 0.030613 0.140532
0.529534 0.0303644 0.139524
0.530535 0.0301173 0.13852
0.531536 0.0298718 0.137521
0.532537 0.0296278 0.136526
0.533538 0.0293852 0.135536
0.534539 0.0291441 0.13455
0.53554 0.0289045 0.133569
0.536541 0.0286663 0.132592
0.537542 0.0284297 0.131619
0.538543 0.0281946 0.13065
0.539544 0.0279611 0.129685
0.540545 0.0277291 0.128725
0.541546 0.0274985 0.127769
0.542547 0.0272695 0.126817
0.543548 0.027042 0.12587
0.544549 0.0268159 0.124927
0.54555 0.0265912 0.123989
0.546551 0.026368 0.123055
0.547552 0.0261463 0.122126
0.548553 0.0259259 0.121201
0.549554 0.025707 0.120281
0.550555 0.0254894 0.119366
0.551556 0.0252732 0.118456
0.552557 0.0250584 0.11755
0.553558 0.0248451 0.116649
0.554559 0.0246332 0.115752
0.55556 0.0244228 0.11486
0.556561 0.0242138 0.113972
0.557562 0.0240062 0.113089
0.558563 0.0238001 0.11221
0.559564 0.0235952 0.111336
0.560565 0.0233917 0.110466
0.561566 0.0231896 0.1096
0.562567 0.0229887 0.108739
0.563568 0.0227891 0.107882
0.564569 0.0225908 0.10703
0.56557 0.0223937 0.106182
0.566571 0.0221978 0.105338
0.567572 0.0220031 0.104499
0.568573 0.0218096 0.103664
0.569574 0.0216172 0.102833
0.570575 0.021426 0.102007
0.571576 0.0212361 0.101185
0.572577 0.0210474 0.100367
0.573578 0.02086 0.0995531
0.574579 0.0206737 0.0987435
0.57558 0.0204887 0.0979381
0.576581 0.0203049 0.0971369
0.577582 0.0201223 0.0963401
0.578583 0.0199408 0.0955475
0.579584 0.0197606 0.0947593
0.580585 0.0195815 0.0939755
0.581586 0.0194036 0.093196
0.582587 0.0192268 0.092421
0.583588 0.0190513 0.0916504
0.584589 0.0188768 0.0908843
0.58559 0.0187035 0.0901227
0.586591 0.0185313 0.0893656
0.587592 0.0183603 0.0886129
0.588593 0.0181905 0.0878646
0.589594 0.0180219 0.0871207
0.590595 0.0178544 0.086381
0.591596 0.0176881 0.0856456
0.592597 0.017523 0.0849144
0.593598 0.0173589 0.0841875
0.594599 0.017196 0.0834649
0.5956 0.0170341 0.0827464
0.596601 0.0168734 0.0820321
0.597602 0.0167136 0.081322
0.598603 0.016555 0.0806161
0.599604 0.0163973 0.0799142
0.600605 0.0162407 0.0792165
0.601606 0.0160851 0.0785229
0.602607 0.0159305 0.0778334
0.603608 0.0157768 0.077148
0.604609 0.0156241 0.0764666
0.60561 0.0154725 0.0757891
0.606611 0.0153218 0.0751156
0.607612 0.0151722 0.0744461
0.608613 0.0150236 0.0737805
0.609614 0.014876 0.073119
0.610615 0.0147294 0.0724614
0.611615 0.0145838 0.0718079
0.612616 0.0144392 0.0711584
0.613617 0.0142956 0.0705129
0.614618 0.014153 0.0698715
0.615619 0.0140113 0.0692341
0.61662 0.0138707 0.0686008
0.617621 0.013731 0.0679715
0.618622 0.0135922 0.0673464
0.619623 0.0134545 0.0667253
0.620624 0.0133176 0.0661083
0.621625 0.0131818 0.0654955
0.622626 0.0130469 0.0648867
0.623627 0.012913 0.0642819
0.624628 0.0127801 0.0636812
0.625629 0.0126482 0.0630845
0.62663 0.0125172 0.0624917
0.627631 0.0123872 0.0619029
0.628632 0.0122581 0.061318
0.629633 0.01213 0.060737
0.630634 0.0120028 0.0601599
0.631635 0.0118764 0.0595866
0.632636 0.011751 0.0590171
0.633637 0.0116264 0.0584513
0.634638 0.0115028 0.0578894
0.635639 0.0113799 0.0573311
0.63664 0.011258 0.0567766
0.637641 0.0111368 0.0562257
0.638642 0.0110166 0.0556785
0.639643 0.0108971 0.0551349
0.640644 0.0107785 0.054595
0.641645 0.0106608 0.0540588
0.642646 0.010544 0.0535263
0.643647 0.010428 0.0529975
0.644648 0.0103129 0.0524722
0.645649 0.0101986 0.0519507
0.64665 0.0100852 0.0514328
0.647651 0.00997258 0.0509185
0.648652 0.00986084 0.0504079
0.649653 0.00974994 0.0499009
0.650654 0.00963987 0.0493975
0.651655 0.00953063 0.0488977
0.652656 0.00942223 0.0484015
0.653657 0.00931464 0.047909
0.654658 0.00920788 0.04742
0.655659 0.00910194 0.0469346
0.65666 0.00899681 0.0464528
0.657661 0.00889254 0.0459747
0.658662 0.0087891 0.0455003
0.659663 0.00868651 0.0450294
0.660664 0.00858474 0.0445622
0.661665 0.00848379 0.0440985
0.662666 0.00838364 0.0436383
0.663667 0.0082843 0.0431816
0.664668 0.00818575 0.0427283
0.665669 0.00808799 0.0422785
0.66667 0.007991 0.041832
0.667671 0.00789478 0.0413889
0.668672 0.00779931 0.0409491
0.669673 0.0077046 0.0405126
0.670674 0.00761063 0.0400793
0.671675 0.0075174 0.0396492
0.672676 0.00742489 0.0392224
0.673677 0.0073331 0.0387986
0.674678 0.00724204 0.0383781
0.675679 0.00715174 0.0379609
0.67668 0.00706217 0.037547
0.677681 0.00697335 0.0371363
0.678682 0.00688527 0.0367288
0.679683 0.00679793 0.0363246
0.680684 0.00671132 0.0359236
0.681685 0.00662544 0.0355258
0.682686 0.0065403 0.0351311
0.683687 0.00645588 0.0347396
0.684688 0.00637219 0.0343513
0.685689 0.00628921 0.0339661
0.68669 0.00620696 0.033584
0.687691 0.00612542 0.033205
0.688692 0.0060446 0.032829
0.689693 0.00596449 0.0324562
0.690694 0.00588509 0.0320864
0.691695 0.00580639 0.0317196
0.692696 0.00572843 0.0313561
0.693697 0.00565121 0.0309957
0.694698 0.00557471 0.0306385
0.695699 0.00549893 0.0302844
0.6967 0.00542386 0.0299334
0.697701 0.0053495 0.0295854
0.698702 0.00527583 0.0292405
0.699703 0.00520284 0.0288985
0.700704 0.00513054 0.0285594
0.701705 0.0050589 0.0282232
0.702706 0.00498793 0.0278899
0.703707 0.00491761 0.0275594
0.704708 0.00484794 0.0272317
0.705709 0.00477892 0.0269067
0.70671 0.00471052 0.0265844
0.707711 0.00464275 0.0262648
0.708712 0.0045756 0.0259478
0.709713 0.00450907 0.0256335
0.710714 0.0044432 0.025322
0.711715 0.00437797 0.0250134
0.712716 0.00431339 0.0247075
0.713717 0.00424946 0.0244045
0.714718 0.00418616 0.0241042
0.715719 0.00412349 0.0238066
0.71672 0.00406146 0.0235117
0.717721 0.00400006 0.0232194
0.718722 0.00393928 0.0229299
0.719723 0.00387912 0.022643
0.720724 0.00381958 0.0223587
0.721725 0.00376065 0.0220769
0.722725 0.00370233 0.0217978
0.723726 0.00364462 0.0215212
0.724727 0.00358751 0.0212471
0.725728 0.00353099 0.0209755
0.726729 0.00347508 0.0207064
0.72773 0.00341978 0.0204399
0.728731 0.00336512 0.0201761
0.729732 0.00331109 0.019915
0.730733 0.00325768 0.0196565
0.731734 0.00320489 0.0194006
0.732735 0.00315269 0.0191473
0.733736 0.00310109 0.0188965
0.734737 0.00305007 0.0186481
0.735738 0.00299964 0.0184022
0.736739 0.00294977 0.0181586
0.73774 0.00290047 0.0179175
0.738741 0.00285172 0.0176786
0.739742 0.00280351 0.017442
0.740743 0.00275585 0.0172076
0.741744 0.00270871 0.0169755
0.742745 0.0026621 0.0167455
0.743746 0.00261601 0.0165177
0.744747 0.00257042 0.0162919
0.745748 0.00252538 0.0160685
0.746749 0.00248091 0.0158474
0.74775 0.00243699 0.0156286
0.748751 0.00239362 0.0154121
0.749752 0.0023508 0.0151979
0.750753 0.00230851 0.014986
0.751754 0.00226675 0.0147762
0.752755 0.00222552 0.0145687
0.753756 0.00218481 0.0143633
0.754757 0.00214461 0.01416
0.755758 0.00210492 0.0139589
0.756759 0.00206573 0.0137598
0.75776 0.00202703 0.0135628
0.758761 0.00198883 0.0133678
0.759762 0.00195111 0.0131748
0.760763 0.00191387 0.0129837
0.761764 0.0018771 0.0127946
0.762765 0.00184081 0.0126075
0.763766 0.00180504 0.0124226
0.764767 0.0017698 0.0122398
0.765768 0.00173507 0.0120592
0.766769 0.00170086 0.0118806
0.76777 0.00166714 0.0117042
0.768771 0.00163391 0.0115297
0.769772 0.00160116 0.0113573
0.770773 0.00156888 0.0111868
0.771774 0.00153706 0.0110182
0.772775 0.0015057 0.0108514
0.773776 0.00147478 0.0106866
0.774777 0.0014443 0.0105235
0.775778 0.00141424 0.0103622
0.776779 0.0013846 0.0102026
0.77778 0.00135538 0.0100447
0.778781 0.00132655 0.00988847
0.779782 0.00129812 0.00973387
0.780783 0.00127009 0.00958093
0.781784 0.00124252 0.00942987
0.782785 0.0012154 0.00928068
0.783786 0.00118874 0.00913332
0.784787 0.00116252 0.00898778
0.785788 0.00113672 0.00884401
0.786789 0.00111136 0.008702
0.78779 0.0010864 0.00856171
0.788791 0.00106186 0.00842312
0.789792 0.00103771 0.00828619
0.790793 0.00101396 0.0081509
0.791794 0.00099059 0.00801722
0.792795 0.000967597 0.00788513
0.793796 0.000944971 0.00775459
0.794797 0.000922706 0.00762558
0.795798 0.000900794 0.00749808
0.796799 0.000879226 0.00737204
0.7978 0.000857997 0.00724746
0.798801 0.000837126 0.0071244
0.799802 0.000816672 0.00700305
0.800803 0.000796625 0.00688338
0.801804 0.000776976 0.00676536
0.802805 0.000757713 0.00664895
0.803806 0.000738828 0.00653412
0.804807 0.000720309 0.00642083
0.805808 0.000702146 0.00630905
0.806809 0.00068433 0.00619875
0.80781 0.00066685 0.00608989
0.808811 0.000649696 0.00598243
0.809812 0.000632859 0.00587635
0.810813 0.000616329 0.00577162
0.811814 0.000600095 0.00566819
0.812815 0.000584149 0.00556604
0.813816 0.00056848 0.00546513
0.814817 0.00055308 0.00536543
0.815818 0.000537938 0.00526691
0.816819 0.000523084 0.00516966
0.81782 0.000508577 0.00507385
0.818821 0.000494407 0.00497945
0.819822 0.000480564 0.00488645
0.820823 0.00046704 0.00479482
0.821824 0.000453824 0.00470451
0.822825 0.000440907 0.00461552
0.823826 0.00042828 0.0045278
0.824827 0.000415932 0.00444134
0.825828 0.000403856 0.0043561
0.826829 0.000392041 0.00427206
0.82783 0.000380478 0.0041892
0.828831 0.000369158 0.00410748
0.829832 0.000358072 0.00402688
0.830833 0.000347212 0.00394738
0.831834 0.000336567 0.00386894
0.832835 0.000326129 0.00379155
0.833835 0.00031589 0.00371517
0.834836 0.000305883 0.0036399
0.835837 0.000296164 0.00356591
0.836838 0.000286722 0.00349315
0.837839 0.000277548 0.00342161
0.83884 0.000268632 0.00335124
0.839841 0.000259963 0.00328202
0.840842 0.000251531 0.00321393
0.841843 0.000243327 0.00314692
0.842844 0.00023534 0.00308097
0.843845 0.000227561 0.00301605
0.844846 0.00021998 0.00295214
0.845847 0.000212588 0.00288919
0.846848 0.000205373 0.00282719
0.847849 0.000198328 0.0027661
0.84885 0.000191443 0.0027059
0.849851 0.000184708 0.00264656
0.850852 0.000178113 0.00258805
0.851853 0.00017165 0.00253034
0.852854 0.000165352 0.00247353
0.853855 0.000159272 0.00241776
0.854856 0.000153401 0.00236301
0.855857 0.000147732 0.00230926
0.856858 0.000142254 0.00225648
0.857859 0.00013696 0.00220465
0.85886 0.00013184 0.00215373
0.859861 0.000126887 0.00210372
0.860862 0.000122091 0.00205458
0.861863 0.000117443 0.00200629
0.862864 0.000112936 0.00195882
0.863865 0.000108562 0.00191216
0.864866 0.00010431 0.00186627
0.865867 0.000100175 0.00182114
0.866868 9.61462e-05 0.00177674
0.867869 9.22166e-05 0.00173305
0.86887 8.83779e-05 0.00169004
0.869871 8.4622e-05 0.00164769
0.870872 8.09768e-05 0.0016061
0.871873 7.74907e-05 0.00156538
0.872874 7.41565e-05 0.00152553
0.873875 7.09663e-05 0.00148652
0.874876 6.79125e-05 0.00144832
0.875877 6.49875e-05 0.0014109
0.876878 6.21835e-05 0.00137425
0.877879 5.94931e-05 0.00133833
0.87888 5.69088e-05 0.00130312
0.879881 5.44229e-05 0.00126861
0.880882 5.20283e-05 0.00123475
0.881883 4.97174e-05 0.00120154
0.882884 4.74831e-05 0.00116894
0.883885 4.53179e-05 0.00113693
0.884886 4.32147e-05 0.00110549
0.885887 4.11664e-05 0.0010746
0.886888 3.91658e-05 0.00104422
0.887889 3.72059e-05 0.00101434
0.88889 3.53067e-05 0.000985033
0.889891 3.35097e-05 0.000956428
0.890892 3.18102e-05 0.000928508
0.891893 3.02025e-05 0.000901255
0.892894 2.86809e-05 0.000874646
0.893895 2.72398e-05 0.00084866
0.894896 2.58736e-05 0.000823279
0.895897 2.45769e-05 0.000798479
0.896898 2.33441e-05 0.000774242
0.897899 2.21698e-05 0.000750548
0.8989 2.10485e-05 0.000727375
0.899901 1.99749e-05 0.000704704
0.900902 1.89437e-05 0.000682515
0.901903 1.79494e-05 0.000660789
0.902904 1.69869e-05 0.000639505
0.903905 1.60508e-05 0.000618645
0.904906 1.5136e-05 0.000598189
0.905907 1.42374e-05 0.000578117
0.906908 1.33678e-05 0.000558488
0.907909 1.25578e-05 0.00053943
0.90891 1.18044e-05 0.000520926
0.909911 1.11037e-05 0.000502956
0.910912 1.04519e-05 0.000485499
0.911913 9.84531e-06 0.000468536
0.912914 9.28013e-06 0.000452046
0.913915 8.75263e-06 0.00043601
0.914916 8.25913e-06 0.000420408
0.915917 7.79593e-06 0.00040522
0.916918 7.3594e-06 0.000390427
0.917919 6.94591e-06 0.000376009
0.91892 6.55184e-06 0.000361948
0.919921 6.17361e-06 0.000348223
0.920922 5.80767e-06 0.000334817
0.921923 5.45048e-06 0.000321711
0.922924 5.09852e-06 0.000308885
0.923925 4.74831e-06 0.000296321
0.924926 4.40777e-06 0.000284072
0.925927 4.09569e-06 0.000272257
0.926928 3.81051e-06 0.00026086
0.927929 3.55022e-06 0.000249865
0.92893 3.31281e-06 0.000239254
0.929931 3.09629e-06 0.000229011
0.930932 2.89866e-06 0.000219118
0.931933 2.71797e-06 0.000209558
0.932934 2.55225e-06 0.000200315
0.933935 2.39956e-06 0.000191373
0.934936 2.25797e-06 0.000182713
0.935937 2.12555e-06 0.000174322
0.936938 2.0004e-06 0.000166181
0.937939 1.88061e-06 0.000158274
0.93894 1.76432e-06 0.000150586
0.939941 1.64964e-06 0.000143101
0.940942 1.53472e-06 0.000135802
0.941943 1.4177e-06 0.000128674
0.942944 1.30395e-06 0.000121782
0.943945 1.20158e-06 0.000115213
0.944945 1.10976e-06 0.000108953
0.945946 1.0276e-06 0.000102986
0.946947 9.54222e-07 9.72973e-05
0.947948 8.88767e-07 9.18709e-05
0.948949 8.30365e-07 8.66918e-05
0.94995 7.78158e-07 8.17449e-05
0.950951 7.31292e-07 7.70152e-05
0.951952 6.8892e-07 7.24876e-05
0.952953 6.50198e-07 6.81473e-05
0.953954 6.14288e-07 6.39796e-05
0.954955 5.8036e-07 5.99699e-05
0.955956 5.47585e-07 5.61034e-05
0.956957 5.15142e-07 5.23658e-05
0.957958 4.82214e-07 4.87426e-05
0.958959 4.47989e-07 4.52195e-05
0.95996 4.11951e-07 4.17899e-05
0.960961 3.78089e-07 3.85607e-05
0.961962 3.47691e-07 3.55595e-05
0.962963 3.20465e-07 3.27715e-05
0.963964 2.9612e-07 3.01822e-05
0.964965 2.7437e-07 2.77769e-05
0.965966 2.54927e-07 2.55412e-05
0.966967 2.37507e-07 2.34608e-05
0.967968 2.21829e-07 2.15214e-05
0.968969 2.07609e-07 1.97087e-05
0.96997 1.9457e-07 1.80087e-05
0.970971 1.82434e-07 1.64073e-05
0.971972 1.70926e-07 1.48906e-05
0.972973 1.5977e-07 1.34448e-05
0.973974 1.48694e-07 1.20561e-05
0.974975 1.37429e-07 1.07109e-05
0.975976 1.25704e-07 9.39541e-06
0.976977 1.13505e-07 8.11514e-06
0.977978 1.02281e-07 6.97974e-06
0.978979 9.22101e-08 5.99617e-06
0.97998 8.31758e-08 5.1488e-06
0.980981 7.50625e-08 4.42211e-06
0.981982 6.77552e-08 3.80066e-06
0.982983 6.11397e-08 3.2691e-06
0.983984 5.51024e-08 2.8122e-06
0.984985 4.95303e-08 2.4148e-06
0.985986 4.43113e-08 2.06184e-06
0.986987 3.93337e-08 1.73833e-06
0.987988 3.44869e-08 1.42941e-06
0.988989 2.96605e-08 1.12028e-06
0.98999 2.47451e-08 7.96243e-07
0.990991 2.00002e-08 4.95355e-07
0.991992 1.60465e-08 3.03779e-07
0.992993 1.27443e-08 1.95971e-07
0.993994 9.93174e-09 1.43183e-07
0.994995 7.44762e-09 1.16843e-07
0.995996 5.13191e-09 8.85479e-08
0.996997 2.95002e-09 4.1956e-08
0.997998 1.51872e-09 3.17744e-08
0.998999 4.57718e-10 2.77051e-08
1 0 0
