1.5 2.07921 0.36996
1.5986 2.59803 0.386771
1.6972 3.09371 0.402982
1.7958 3.56546 0.418543
1.89439 4.01637 0.433524
1.99299 4.44719 0.447936
2.09159 4.8582 0.461776
2.19019 5.25157 0.475101
2.28879 5.62886 0.487949
2.38739 5.99059 0.500332
2.48599 6.33734 0.512264
2.58458 6.67037 0.523779
2.68318 6.99117 0.534918
2.78178 7.30027 0.545696
2.88038 7.59818 0.556127
2.97898 7.8854 0.566224
3.07758 8.16244 0.576002
3.17618 8.4304 0.585493
3.27477 8.68987 0.594713
3.37337 8.94121 0.603674
3.47197 9.18478 0.612387
3.57057 9.42091 0.62086
3.66917 9.64993 0.629103
3.76777 9.87212 0.637126
3.86637 10.0888 0.644944
3.96496 10.3009 0.652571
4.06356 10.5078 0.660015
4.16216 10.7094 0.667283
4.26076 10.9054 0.674382
4.35936 11.0956 0.681318
4.45796 11.2798 0.688098
4.55656 11.4579 0.694726
4.65516 11.6298 0.701209
4.75375 11.7956 0.707552
4.85235 11.9553 0.713763
4.95095 12.1098 0.719851
5.04955 12.2593 0.725818
5.14815 12.4044 0.73167
5.24675 12.5455 0.737409
5.34535 12.683 0.74304
5.44394 12.8171 0.748566
5.54254 12.9481 0.75399
5.64114 13.0765 0.759314
5.73974 13.2023 0.764543
5.83834 13.3259 0.769679
5.93694 13.4474 0.774724
6.03554 13.5671 0.779682
6.13413 13.6851 0.784554
6.23273 13.8013 0.789345
6.33133 13.9155 0.79406
6.42993 14.0277 0.7987
6.52853 14.1381 0.803267
6.62713 14.2466 0.807764
6.72573 14.3534 0.812192
6.82432 14.4584 0.816553
6.92292 14.5617 0.82085
7.02152 14.6634 0.825083
7.12012 14.7634 0.829254
7.21872 14.8619 0.833365
7.31732 14.9589 0.837417
7.41592 15.0544 0.841413
7.51451 15.1485 0.845352
7.61311 15.2412 0.849237
7.71171 15.3324 0.853069
7.81031 15.4224 0.856849
7.90891 15.511 0.860579
8.00751 15.5984 0.864258
8.10611 15.6845 0.86789
8.2047 15.7695 0.871475
8.3033 15.8533 0.875016
8.4019 15.936 0.878513
8.5005 16.0176 0.881968
8.5991 16.0982 0.885381
8.6977 16.1777 0.888754
8.7963 16.2562 0.892086
8.89489 16.3337 0.89538
8.99349 16.4103 0.898635
9.09209 16.4859 0.901853
9.19069 16.5606 0.905034
9.28929 16.6343 0.90818
9.38789 16.7072 0.91129
9.48649 16.7792 0.914366
9.58509 16.8504 0.917408
9.68368 16.9207 0.920417
9.78228 16.9902 0.923394
9.88088 17.0589 0.926339
9.97948 17.1268 0.929252
10.0781 17.1939 0.932135
10.1767 17.2603 0.934988
10.2753 17.326 0.937812
10.3739 17.3909 0.940606
10.4725 17.4551 0.943372
10.5711 17.5186 0.94611
10.6697 17.5814 0.948821
10.7683 17.6435 0.951505
10.8669 17.705 0.954162
10.9655 17.7658 0.956793
11.0641 17.826 0.9594
11.1627 17.8856 0.961982
11.2613 17.9447 0.964541
11.3599 18.0031 0.967075
11.4585 18.0609 0.969587
11.5571 18.1182 0.972076
11.6557 18.1749 0.974543
11.7543 18.2311 0.976988
11.8529 18.2868 0.979411
11.9515 18.3419 0.981813
12.0501 18.3965 0.984194
12.1486 18.4506 0.986554
12.2472 18.5042 0.988894
12.3458 18.5573 0.991214
12.4444 18.6099 0.993515
12.543 18.6621 0.995796
12.6416 18.7137 0.998058
12.7402 18.765 1.0003
12.8388 18.8157 1.00253
12.9374 18.866 1.00473
13.036 18.9159 1.00692
13.1346 18.9653 1.00909
13.2332 19.0143 1.01125
13.3318 19.0629 1.01338
13.4304 19.1111 1.0155
13.529 19.1588 1.0176
13.6276 19.2062 1.01969
13.7262 19.2531 1.02176
13.8248 19.2997 1.02381
13.9234 19.3459 1.02585
14.022 19.3917 1.02787
14.1206 19.4371 1.02988
14.2192 19.4822 1.03187
14.3178 19.5269 1.03385
14.4164 19.5712 1.03581
14.515 19.6152 1.03776
14.6136 19.6588 1.0397
14.7122 19.7021 1.04162
14.8108 19.7451 1.04352
14.9094 19.7877 1.04541
15.008 19.83 1.04729
15.1066 19.8719 1.04916
15.2052 19.9136 1.05101
15.3038 19.9549 1.05285
15.4024 19.9959 1.05467
15.501 20.0367 1.05649
15.5996 20.0771 1.05829
15.6982 20.1172 1.06008
15.7968 20.1571 1.06186
15.8954 20.1967 1.06362
15.994 20.236 1.06538
16.0926 20.275 1.06712
16.1912 20.3137 1.06885
16.2898 20.3522 1.07057
16.3884 20.3904 1.07228
16.487 20.4283 1.07398
16.5856 20.466 1.07566
16.6842 20.5034 1.07734
16.7828 20.5406 1.07901
16.8814 20.5775 1.08066
16.98 20.6141 1.08231
17.0786 20.6506 1.08394
17.1772 20.6867 1.08557
17.2758 20.7227 1.08718
17.3744 20.7584 1.08879
17.473 20.7938 1.09038
17.5716 20.8291 1.09197
17.6702 20.8641 1.09354
17.7688 20.8989 1.09511
17.8674 20.9334 1.09667
17.966 20.9678 1.09822
18.0646 21.0019 1.09975
18.1632 21.0358 1.10128
18.2618 21.0695 1.1028
18.3604 21.103 1.10432
18.459 21.1362 1.10582
18.5576 21.1693 1.10731
18.6562 21.2022 1.1088
18.7548 21.2348 1.11028
18.8534 21.2673 1.11175
18.952 21.2996 1.11321
19.0506 21.3316 1.11466
19.1491 21.3635 1.11611
19.2477 21.3952 1.11754
19.3463 21.4267 1.11897
19.4449 21.458 1.12039
19.5435 21.4891 1.1218
19.6421 21.5201 1.12321
19.7407 21.5508 1.12461
19.8393 21.5814 1.126
19.9379 21.6118 1.12738
20.0365 21.642 1.12875
20.1351 21.6721 1.13012
20.2337 21.702 1.13148
20.3323 21.7317 1.13284
20.4309 21.7612 1.13418
20.5295 21.7906 1.13552
20.6281 21.8198 1.13685
20.7267 21.8489 1.13818
20.8253 21.8777 1.1395
20.9239 21.9065 1.14081
21.0225 21.935 1.14211
21.1211 21.9634 1.14341
21.2197 21.9917 1.1447
21.3183 22.0198 1.14599
21.4169 22.0477 1.14726
21.5155 22.0755 1.14854
21.6141 22.1032 1.1498
21.7127 22.1307 1.15106
21.8113 22.158 1.15231
21.9099 22.1852 1.15356
22.0085 22.2123 1.1548
22.1071 22.2392 1.15604
22.2057 22.266 1.15727
22.3043 22.2927 1.15849
22.4029 22.3192 1.15971
22.5015 22.3456 1.16092
22.6001 22.3719 1.16213
22.6987 22.398 1.16333
22.7973 22.424 1.16452
22.8959 22.4498 1.16571
22.9945 22.4756 1.1669
23.0931 22.5012 1.16808
23.1917 22.5266 1.16925
23.2903 22.552 1.17042
23.3889 22.5772 1.17158
23.4875 22.6023 1.17274
23.5861 22.6273 1.17389
23.6847 22.6522 1.17504
23.7833 22.6769 1.17618
23.8819 22.7016 1.17732
23.9805 22.7261 1.17845
24.0791 22.7505 1.17957
24.1777 22.7747 1.1807
24.2763 22.7989 1.18181
24.3749 22.823 1.18292
24.4735 22.8469 1.18403
24.5721 22.8707 1.18513
24.6707 22.8944 1.18623
24.7693 22.918 1.18732
24.8679 22.9415 1.18841
24.9665 22.9649 1.1895
25.0651 22.9882 1.19057
25.1637 23.0114 1.19165
25.2623 23.0344 1.19272
25.3609 23.0574 1.19378
25.4595 23.0803 1.19484
25.5581 23.103 1.1959
25.6567 23.1257 1.19695
25.7553 23.1482 1.198
25.8539 23.1707 1.19904
25.9525 23.1931 1.20008
26.0511 23.2153 1.20112
26.1496 23.2375 1.20215
26.2482 23.2595 1.20317
26.3468 23.2815 1.20419
26.4454 23.3034 1.20521
26.544 23.3251 1.20623
26.6426 23.3468 1.20724
26.7412 23.3684 1.20824
26.8398 23.3899 1.20924
26.9384 23.4113 1.21024
27.037 23.4326 1.21123
27.1356 23.4538 1.21222
27.2342 23.475 1.21321
27.3328 23.496 1.21419
27.4314 23.517 1.21517
27.53 23.5378 1.21614
27.6286 23.5586 1.21711
27.7272 23.5793 1.21808
27.8258 23.5999 1.21904
27.9244 23.6204 1.22
28.023 23.6409 1.22096
28.1216 23.6612 1.22191
28.2202 23.6815 1.22286
28.3188 23.7017 1.2238
28.4174 23.7218 1.22474
28.516 23.7418 1.22568
28.6146 23.7617 1.22662
28.7132 23.7816 1.22755
28.8118 23.8014 1.22847
28.9104 23.8211 1.2294
29.009 23.8407 1.23032
29.1076 23.8602 1.23123
29.2062 23.8797 1.23215
29.3048 23.8991 1.23306
29.4034 23.9184 1.23396
29.502 23.9376 1.23487
29.6006 23.9568 1.23577
29.6992 23.9759 1.23666
29.7978 23.9949 1.23756
29.8964 24.0138 1.23845
29.995 24.0327 1.23933
30.0936 24.0515 1.24022
30.1922 24.0702 1.2411
30.2908 24.0889 1.24198
30.3894 24.1074 1.24285
30.488 24.126 1.24372
30.5866 24.1444 1.24459
30.6852 24.1628 1.24546
30.7838 24.1811 1.24632
30.8824 24.1993 1.24718
30.981 24.2174 1.24803
31.0796 24.2355 1.24889
31.1782 24.2536 1.24974
31.2768 24.2715 1.25058
31.3754 24.2894 1.25143
31.474 24.3072 1.25227
31.5726 24.325 1.25311
31.6712 24.3427 1.25394
31.7698 24.3603 1.25477
31.8684 24.3779 1.2556
31.967 24.3954 1.25643
32.0656 24.4128 1.25726
32.1642 24.4302 1.25808
32.2628 24.4475 1.2589
32.3614 24.4648 1.25971
32.46 24.482 1.26053
32.5586 24.4991 1.26134
32.6572 24.5162 1.26215
32.7558 24.5332 1.26295
32.8544 24.5502 1.26376
32.953 24.5671 1.26456
33.0516 24.5839 1.26535
33.1502 24.6007 1.26615
33.2487 24.6174 1.26694
33.3473 24.6341 1.26773
33.4459 24.6507 1.26852
33.5445 24.6673 1.2693
33.6431 24.6838 1.27009
33.7417 24.7002 1.27087
33.8403 24.7166 1.27165
33.9389 24.7329 1.27242
34.0375 24.7492 1.27319
34.1361 24.7654 1.27396
34.2347 24.7816 1.27473
34.3333 24.7977 1.2755
34.4319 24.8137 1.27626
34.5305 24.8298 1.27702
34.6291 24.8457 1.27778
34.7277 24.8616 1.27854
34.8263 24.8774 1.27929
34.9249 24.8932 1.28004
35.0235 24.909 1.28079
35.1221 24.9247 1.28154
35.2207 24.9403 1.28228
35.3193 24.9559 1.28303
35.4179 24.9714 1.28377
35.5165 24.9869 1.28451
35.6151 25.0024 1.28524
35.7137 25.0178 1.28598
35.8123 25.0331 1.28671
35.9109 25.0484 1.28744
36.0095 25.0636 1.28816
36.1081 25.0788 1.28889
36.2067 25.094 1.28961
36.3053 25.1091 1.29033
36.4039 25.1241 1.29105
36.5025 25.1391 1.29177
36.6011 25.1541 1.29248
36.6997 25.169 1.29319
36.7983 25.1839 1.2939
36.8969 25.1987 1.29461
36.9955 25.2134 1.29532
37.0941 25.2282 1.29602
37.1927 25.2428 1.29672
37.2913 25.2575 1.29742
37.3899 25.2721 1.29812
37.4885 25.2866 1.29882
37.5871 25.3011 1.29951
37.6857 25.3156 1.3002
37.7843 25.33 1.30089
37.8829 25.3443 1.30158
37.9815 25.3587 1.30227
38.0801 25.3729 1.30295
38.1787 25.3872 1.30364
38.2773 25.4014 1.30432
38.3759 25.4155 1.30499
38.4745 25.4296 1.30567
38.5731 25.4437 1.30635
38.6717 25.4577 1.30702
38.7703 25.4717 1.30769
38.8689 25.4857 1.30836
38.9675 25.4996 1.30903
39.0661 25.5134 1.30969
39.1647 25.5272 1.31036
39.2633 25.541 1.31102
39.3619 25.5548 1.31168
39.4605 25.5685 1.31234
39.5591 25.5821 1.31299
39.6577 25.5957 1.31365
39.7563 25.6093 1.3143
39.8549 25.6228 1.31495
39.9535 25.6364 1.3156
40.0521 25.6498 1.31625
40.1507 25.6632 1.31689
40.2492 25.6766 1.31754
40.3478 25.69 1.31818
40.4464 25.7033 1.31882
40.545 25.7165 1.31946
40.6436 25.7298 1.3201
40.7422 25.743 1.32073
40.8408 25.7561 1.32137
40.9394 25.7693 1.322
41.038 25.7823 1.32263
41.1366 25.7954 1.32326
41.2352 25.8084 1.32389
41.3338 25.8214 1.32451
41.4324 25.8343 1.32514
41.531 25.8472 1.32576
41.6296 25.8601 1.32638
41.7282 25.8729 1.327
41.8268 25.8857 1.32762
41.9254 25.8985 1.32823
42.024 25.9112 1.32885
42.1226 25.9239 1.32946
42.2212 25.9365 1.33007
42.3198 25.9492 1.33068
42.4184 25.9617 1.33129
42.517 25.9743 1.3319
42.6156 25.9868 1.3325
42.7142 25.9993 1.3331
42.8128 26.0117 1.33371
42.9114 26.0242 1.33431
43.01 26.0365 1.33491
43.1086 26.0489 1.3355
43.2072 26.0612 1.3361
43.3058 26.0735 1.3367
43.4044 26.0857 1.33729
43.503 26.098 1.33788
43.6016 26.1102 1.33847
43.7002 26.1223 1.33906
43.7988 26.1344 1.33965
43.8974 26.1465 1.34023
43.996 26.1586 1.34082
44.0946 26.1706 1.3414
44.1932 26.1826 1.34198
44.2918 26.1946 1.34256
44.3904 26.2065 1.34314
44.489 26.2184 1.34372
44.5876 26.2303 1.34429
44.6862 26.2421 1.34487
44.7848 26.2539 1.34544
44.8834 26.2657 1.34601
44.982 26.2774 1.34658
45.0806 26.2892 1.34715
45.1792 26.3009 1.34772
45.2778 26.3125 1.34829
45.3764 26.3241 1.34885
45.475 26.3357 1.34941
45.5736 26.3473 1.34998
45.6722 26.3588 1.35054
45.7708 26.3704 1.3511
45.8694 26.3818 1.35165
45.968 26.3933 1.35221
46.0666 26.4047 1.35277
46.1652 26.4161 1.35332
46.2638 26.4275 1.35387
46.3624 26.4388 1.35443
46.461 26.4501 1.35498
46.5596 26.4614 1.35553
46.6582 26.4727 1.35607
46.7568 26.4839 1.35662
46.8554 26.4951 1.35717
46.954 26.5062 1.35771
47.0526 26.5174 1.35825
47.1512 26.5285 1.35879
47.2497 26.5396 1.35933
47.3483 26.5507 1.35987
47.4469 26.5617 1.36041
47.5455 26.5727 1.36095
47.6441 26.5837 1.36148
47.7427 26.5946 1.36202
47.8413 26.6056 1.36255
47.9399 26.6165 1.36308
48.0385 26.6273 1.36361
48.1371 26.6382 1.36414
48.2357 26.649 1.36467
48.3343 26.6598 1.3652
48.4329 26.6706 1.36572
48.5315 26.6813 1.36625
48.6301 26.692 1.36677
48.7287 26.7027 1.36729
48.8273 26.7134 1.36782
48.9259 26.724 1.36834
49.0245 26.7347 1.36886
49.1231 26.7453 1.36937
49.2217 26.7558 1.36989
49.3203 26.7664 1.37041
49.4189 26.7769 1.37092
49.5175 26.7874 1.37143
49.6161 26.7979 1.37195
49.7147 26.8083 1.37246
49.8133 26.8187 1.37297
49.9119 26.8291 1.37348
50.0105 26.8395 1.37398
50.1091 26.8499 1.37449
50.2077 26.8602 1.375
50.3063 26.8705 1.3755
50.4049 26.8808 1.37601
50.5035 26.8911 1.37651
50.6021 26.9013 1.37701
50.7007 26.9115 1.37751
50.7993 26.9217 1.37801
50.8979 26.9319 1.37851
50.9965 26.942 1.37901
51.0951 26.9521 1.3795
51.1937 26.9622 1.38
51.2923 26.9723 1.38049
51.3909 26.9824 1.38099
51.4895 26.9924 1.38148
51.5881 27.0024 1.38197
51.6867 27.0124 1.38246
51.7853 27.0223 1.38295
51.8839 27.0323 1.38344
51.9825 27.0422 1.38392
52.0811 27.0521 1.38441
52.1797 27.062 1.38489
52.2783 27.0718 1.38538
52.3769 27.0817 1.38586
52.4755 27.0915 1.38634
52.5741 27.1013 1.38682
52.6727 27.111 1.38731
52.7713 27.1208 1.38778
52.8699 27.1305 1.38826
52.9685 27.1402 1.38874
53.0671 27.1499 1.38922
53.1657 27.1596 1.38969
53.2643 27.1692 1.39017
53.3629 27.1788 1.39064
53.4615 27.1884 1.39111
53.5601 27.198 1.39158
53.6587 27.2076 1.39205
53.7573 27.2171 1.39252
53.8559 27.2266 1.39299
53.9545 27.2361 1.39346
54.0531 27.2456 1.39393
54.1517 27.2551 1.39439
54.2503 27.2645 1.39486
54.3488 27.2739 1.39532
54.4474 27.2833 1.39579
54.546 27.2927 1.39625
54.6446 27.3021 1.39671
54.7432 27.3114 1.39717
54.8418 27.3207 1.39763
54.9404 27.33 1.39809
55.039 27.3393 1.39855
55.1376 27.3486 1.399
55.2362 27.3578 1.39946
55.3348 27.367 1.39991
55.4334 27.3763 1.40037
55.532 27.3854 1.40082
55.6306 27.3946 1.40127
55.7292 27.4038 1.40173
55.8278 27.4129 1.40218
55.9264 27.422 1.40263
56.025 27.4311 1.40308
56.1236 27.4402 1.40352
56.2222 27.4492 1.40397
56.3208 27.4582 1.40442
56.4194 27.4673 1.40486
56.518 27.4763 1.40531
56.6166 27.4852 1.40575
56.7152 27.4942 1.4062
56.8138 27.5031 1.40664
56.9124 27.5121 1.40708
57.011 27.521 1.40752
57.1096 27.5299 1.40796
57.2082 27.5387 1.4084
57.3068 27.5476 1.40884
57.4054 27.5564 1.40927
57.504 27.5653 1.40971
57.6026 27.5741 1.41015
57.7012 27.5828 1.41058
57.7998 27.5916 1.41102
57.8984 27.6004 1.41145
57.997 27.6091 1.41188
58.0956 27.6178 1.41231
58.1942 27.6265 1.41274
58.2928 27.6352 1.41317
58.3914 27.6438 1.4136
58.49 27.6525 1.41403
58.5886 27.6611 1.41446
58.6872 27.6697 1.41489
58.7858 27.6783 1.41531
58.8844 27.6869 1.41574
58.983 27.6955 1.41616
59.0816 27.704 1.41659
59.1802 27.7125 1.41701
59.2788 27.7211 1.41743
59.3774 27.7295 1.41785
59.476 27.738 1.41827
59.5746 27.7465 1.41869
59.6732 27.7549 1.41911
59.7718 27.7634 1.41953
59.8704 27.7718 1.41995
59.969 27.7802 1.42037
60.0676 27.7886 1.42078
60.1662 27.7969 1.4212
60.2648 27.8053 1.42161
60.3634 27.8136 1.42203
60.462 27.8219 1.42244
60.5606 27.8302 1.42285
60.6592 27.8385 1.42326
60.7578 27.8468 1.42367
60.8564 27.855 1.42408
60.955 27.8633 1.42449
61.0536 27.8715 1.4249
61.1522 27.8797 1.42531
61.2508 27.8879 1.42572
61.3493 27.8961 1.42613
61.4479 27.9042 1.42653
61.5465 27.9124 1.42694
61.6451 27.9205 1.42734
61.7437 27.9286 1.42774
61.8423 27.9367 1.42815
61.9409 27.9448 1.42855
62.0395 27.9529 1.42895
62.1381 27.9609 1.42935
62.2367 27.969 1.42975
62.3353 27.977 1.43015
62.4339 27.985 1.43055
62.5325 27.993 1.43095
62.6311 28.001 1.43135
62.7297 28.009 1.43175
62.8283 28.0169 1.43214
62.9269 28.0248 1.43254
63.0255 28.0328 1.43293
63.1241 28.0407 1.43333
63.2227 28.0486 1.43372
63.3213 28.0565 1.43411
63.4199 28.0643 1.4345
63.5185 28.0722 1.4349
63.6171 28.08 1.43529
63.7157 28.0878 1.43568
63.8143 28.0956 1.43607
63.9129 28.1034 1.43646
64.0115 28.1112 1.43684
64.1101 28.119 1.43723
64.2087 28.1267 1.43762
64.3073 28.1345 1.43801
64.4059 28.1422 1.43839
64.5045 28.1499 1.43878
64.6031 28.1576 1.43916
64.7017 28.1653 1.43954
64.8003 28.173 1.43993
64.8989 28.1806 1.44031
64.9975 28.1883 1.44069
65.0961 28.1959 1.44107
65.1947 28.2035 1.44145
65.2933 28.2111 1.44183
65.3919 28.2187 1.44221
65.4905 28.2263 1.44259
65.5891 28.2338 1.44297
65.6877 28.2414 1.44335
65.7863 28.2489 1.44372
65.8849 28.2564 1.4441
65.9835 28.2639 1.44447
66.0821 28.2714 1.44485
66.1807 28.2789 1.44522
66.2793 28.2864 1.4456
66.3779 28.2938 1.44597
66.4765 28.3013 1.44634
66.5751 28.3087 1.44671
66.6737 28.3161 1.44709
66.7723 28.3235 1.44746
66.8709 28.3309 1.44783
66.9695 28.3383 1.4482
67.0681 28.3457 1.44857
67.1667 28.353 1.44893
67.2653 28.3604 1.4493
67.3639 28.3677 1.44967
67.4625 28.375 1.45003
67.5611 28.3823 1.4504
67.6597 28.3896 1.45077
67.7583 28.3969 1.45113
67.8569 28.4042 1.4515
67.9555 28.4114 1.45186
68.0541 28.4187 1.45222
68.1527 28.4259 1.45258
68.2513 28.4331 1.45295
68.3498 28.4403 1.45331
68.4484 28.4475 1.45367
68.547 28.4547 1.45403
68.6456 28.4619 1.45439
68.7442 28.469 1.45475
68.8428 28.4762 1.45511
68.9414 28.4833 1.45546
69.04 28.4904 1.45582
69.1386 28.4975 1.45618
69.2372 28.5046 1.45653
69.3358 28.5117 1.45689
69.4344 28.5188 1.45724
69.533 28.5258 1.4576
69.6316 28.5329 1.45795
69.7302 28.5399 1.45831
69.8288 28.5469 1.45866
69.9274 28.554 1.45901
70.026 28.561 1.45936
70.1246 28.568 1.45971
70.2232 28.5749 1.46007
70.3218 28.5819 1.46042
70.4204 28.5889 1.46077
70.519 28.5958 1.46111
70.6176 28.6027 1.46146
70.7162 28.6097 1.46181
70.8148 28.6166 1.46216
70.9134 28.6235 1.46251
71.012 28.6304 1.46285
71.1106 28.6372 1.4632
71.2092 28.6441 1.46354
71.3078 28.651 1.46389
71.4064 28.6578 1.46423
71.505 28.6646 1.46458
71.6036 28.6715 1.46492
71.7022 28.6783 1.46526
71.8008 28.6851 1.4656
71.8994 28.6919 1.46595
71.998 28.6987 1.46629
72.0966 28.7054 1.46663
72.1952 28.7122 1.46697
72.2938 28.7189 1.46731
72.3924 28.7257 1.46765
72.491 28.7324 1.46799
72.5896 28.7391 1.46832
72.6882 28.7458 1.46866
72.7868 28.7525 1.469
72.8854 28.7592 1.46934
72.984 28.7658 1.46967
73.0826 28.7725 1.47001
73.1812 28.7792 1.47034
73.2798 28.7858 1.47068
73.3784 28.7924 1.47101
73.477 28.799 1.47134
73.5756 28.8056 1.47168
73.6742 28.8122 1.47201
73.7728 28.8188 1.47234
73.8714 28.8254 1.47267
73.97 28.832 1.47301
74.0686 28.8385 1.47334
74.1672 28.8451 1.47367
74.2658 28.8516 1.474
74.3644 28.8581 1.47433
74.463 28.8647 1.47465
74.5616 28.8712 1.47498
74.6602 28.8777 1.47531
74.7588 28.8841 1.47564
74.8574 28.8906 1.47596
74.956 28.8971 1.47629
75.0546 28.9035 1.47662
75.1532 28.91 1.47694
75.2518 28.9164 1.47727
75.3504 28.9228 1.47759
75.4489 28.9293 1.47792
75.5475 28.9357 1.47824
75.6461 28.9421 1.47856
75.7447 28.9485 1.47889
75.8433 28.9548 1.47921
75.9419 28.9612 1.47953
76.0405 28.9676 1.47985
76.1391 28.9739 1.48017
76.2377 28.9802 1.48049
76.3363 28.9866 1.48081
76.4349 28.9929 1.48113
76.5335 28.9992 1.48145
76.6321 29.0055 1.48177
76.7307 29.0118 1.48209
76.8293 29.0181 1.48241
76.9279 29.0244 1.48272
77.0265 29.0306 1.48304
77.1251 29.0369 1.48336
77.2237 29.0431 1.48367
77.3223 29.0494 1.48399
77.4209 29.0556 1.4843
77.5195 29.0618 1.48462
77.6181 29.068 1.48493
77.7167 29.0742 1.48525
77.8153 29.0804 1.48556
77.9139 29.0866 1.48587
78.0125 29.0927 1.48618
78.1111 29.0989 1.4865
78.2097 29.1051 1.48681
78.3083 29.1112 1.48712
78.4069 29.1173 1.48743
78.5055 29.1235 1.48774
78.6041 29.1296 1.48805
78.7027 29.1357 1.48836
78.8013 29.1418 1.48867
78.8999 29.1479 1.48898
78.9985 29.154 1.48929
79.0971 29.16 1.48959
79.1957 29.1661 1.4899
79.2943 29.1722 1.49021
79.3929 29.1782 1.49052
79.4915 29.1842 1.49082
79.5901 29.1903 1.49113
79.6887 29.1963 1.49143
79.7873 29.2023 1.49174
79.8859 29.2083 1.49204
79.9845 29.2143 1.49235
80.0831 29.2203 1.49265
80.1817 29.2263 1.49295
80.2803 29.2322 1.49326
80.3789 29.2382 1.49356
80.4775 29.2441 1.49386
80.5761 29.2501 1.49416
80.6747 29.256 1.49446
80.7733 29.2619 1.49477
80.8719 29.2679 1.49507
80.9705 29.2738 1.49537
81.0691 29.2797 1.49567
81.1677 29.2856 1.49597
81.2663 29.2915 1.49626
81.3649 29.2973 1.49656
81.4635 29.3032 1.49686
81.5621 29.3091 1.49716
81.6607 29.3149 1.49746
81.7593 29.3208 1.49775
81.8579 29.3266 1.49805
81.9565 29.3324 1.49835
82.0551 29.3382 1.49864
82.1537 29.344 1.49894
82.2523 29.3498 1.49923
82.3509 29.3556 1.49953
82.4494 29.3614 1.49982
82.548 29.3672 1.50012
82.6466 29.373 1.50041
82.7452 29.3787 1.5007
82.8438 29.3845 1.50099
82.9424 29.3902 1.50129
83.041 29.396 1.50158
83.1396 29.4017 1.50187
83.2382 29.4074 1.50216
83.3368 29.4131 1.50245
83.4354 29.4189 1.50274
83.534 29.4246 1.50303
83.6326 29.4302 1.50332
83.7312 29.4359 1.50361
83.8298 29.4416 1.5039
83.9284 29.4473 1.50419
84.027 29.4529 1.50448
84.1256 29.4586 1.50477
84.2242 29.4642 1.50505
84.3228 29.4699 1.50534
84.4214 29.4755 1.50563
84.52 29.4811 1.50591
84.6186 29.4867 1.5062
84.7172 29.4923 1.50649
84.8158 29.4979 1.50677
84.9144 29.5035 1.50706
85.013 29.5091 1.50734
85.1116 29.5147 1.50763
85.2102 29.5203 1.50791
85.3088 29.5258 1.50819
85.4074 29.5314 1.50848
85.506 29.5369 1.50876
85.6046 29.5424 1.50904
85.7032 29.548 1.50932
85.8018 29.5535 1.5096
85.9004 29.559 1.50989
85.999 29.5645 1.51017
86.0976 29.57 1.51045
86.1962 29.5755 1.51073
86.2948 29.581 1.51101
86.3934 29.5865 1.51129
86.492 29.592 1.51157
86.5906 29.5974 1.51185
86.6892 29.6029 1.51213
86.7878 29.6083 1.5124
86.8864 29.6138 1.51268
86.985 29.6192 1.51296
87.0836 29.6246 1.51324
87.1822 29.6301 1.51351
87.2808 29.6355 1.51379
87.3794 29.6409 1.51407
87.478 29.6463 1.51434
87.5766 29.6517 1.51462
87.6752 29.6571 1.51489
87.7738 29.6625 1.51517
87.8724 29.6678 1.51544
87.971 29.6732 1.51572
88.0696 29.6785 1.51599
88.1682 29.6839 1.51626
88.2668 29.6892 1.51654
88.3654 29.6946 1.51681
88.464 29.6999 1.51708
88.5626 29.7052 1.51735
88.6612 29.7106 1.51763
88.7598 29.7159 1.5179
88.8584 29.7212 1.51817
88.957 29.7265 1.51844
89.0556 29.7317 1.51871
89.1542 29.737 1.51898
89.2528 29.7423 1.51925
89.3514 29.7476 1.51952
89.4499 29.7528 1.51979
89.5485 29.7581 1.52006
89.6471 29.7633 1.52033
89.7457 29.7686 1.5206
89.8443 29.7738 1.52086
89.9429 29.779 1.52113
90.0415 29.7843 1.5214
90.1401 29.7895 1.52167
90.2387 29.7947 1.52193
90.3373 29.7999 1.5222
90.4359 29.8051 1.52246
90.5345 29.8103 1.52273
90.6331 29.8155 1.523
90.7317 29.8206 1.52326
90.8303 29.8258 1.52353
90.9289 29.831 1.52379
91.0275 29.8361 1.52405
91.1261 29.8413 1.52432
91.2247 29.8464 1.52458
91.3233 29.8516 1.52485
91.4219 29.8567 1.52511
91.5205 29.8618 1.52537
91.6191 29.8669 1.52563
91.7177 29.872 1.5259
91.8163 29.8771 1.52616
91.9149 29.8822 1.52642
92.0135 29.8873 1.52668
92.1121 29.8924 1.52694
92.2107 29.8975 1.5272
92.3093 29.9026 1.52746
92.4079 29.9076 1.52772
92.5065 29.9127 1.52798
92.6051 29.9177 1.52824
92.7037 29.9228 1.5285
92.8023 29.9278 1.52876
92.9009 29.9329 1.52902
92.9995 29.9379 1.52927
93.0981 29.9429 1.52953
93.1967 29.9479 1.52979
93.2953 29.9529 1.53005
93.3939 29.9579 1.5303
93.4925 29.9629 1.53056
93.5911 29.9679 1.53082
93.6897 29.9729 1.53107
93.7883 29.9779 1.53133
93.8869 29.9829 1.53158
93.9855 29.9878 1.53184
94.0841 29.9928 1.53209
94.1827 29.9978 1.53235
94.2813 30.0027 1.5326
94.3799 30.0076 1.53286
94.4785 30.0126 1.53311
94.5771 30.0175 1.53336
94.6757 30.0224 1.53362
94.7743 30.0274 1.53387
94.8729 30.0323 1.53412
94.9715 30.0372 1.53437
95.0701 30.0421 1.53463
95.1687 30.047 1.53488
95.2673 30.0519 1.53513
95.3659 30.0567 1.53538
95.4645 30.0616 1.53563
95.5631 30.0665 1.53588
95.6617 30.0714 1.53613
95.7603 30.0762 1.53638
95.8589 30.0811 1.53663
95.9575 30.0859 1.53688
96.0561 30.0908 1.53713
96.1547 30.0956 1.53738
96.2533 30.1004 1.53763
96.3519 30.1053 1.53787
96.4505 30.1101 1.53812
96.549 30.1149 1.53837
96.6476 30.1197 1.53862
96.7462 30.1245 1.53886
96.8448 30.1293 1.53911
96.9434 30.1341 1.53936
97.042 30.1389 1.5396
97.1406 30.1437 1.53985
97.2392 30.1484 1.5401
97.3378 30.1532 1.54034
97.4364 30.158 1.54059
97.535 30.1627 1.54083
97.6336 30.1675 1.54108
97.7322 30.1722 1.54132
97.8308 30.177 1.54157
97.9294 30.1817 1.54181
98.028 30.1864 1.54205
98.1266 30.1911 1.5423
98.2252 30.1959 1.54254
98.3238 30.2006 1.54278
98.4224 30.2053 1.54303
98.521 30.21 1.54327
98.6196 30.2147 1.54351
98.7182 30.2194 1.54375
98.8168 30.224 1.54399
98.9154 30.2287 1.54423
99.014 30.2334 1.54448
99.1126 30.2381 1.54472
99.2112 30.2427 1.54496
99.3098 30.2474 1.5452
99.4084 30.252 1.54544
99.507 30.2567 1.54568
99.6056 30.2613 1.54592
99.7042 30.266 1.54615
99.8028 30.2706 1.54639
99.9014 30.2752 1.54663
100 30.2798 1.54687
