1.5 1.99093 0.39157
1.5986 2.50416 0.407968
1.6972 2.99471 0.423803
1.7958 3.46178 0.439018
1.89439 3.90836 0.45368
1.99299 4.33519 0.467797
2.09159 4.74252 0.481363
2.19019 5.13247 0.494432
2.28879 5.50658 0.50704
2.38739 5.86534 0.519198
2.48599 6.20933 0.530918
2.58458 6.53976 0.542233
2.68318 6.85813 0.553183
2.78178 7.16494 0.563781
2.88038 7.4607 0.574041
2.97898 7.74588 0.583976
3.07758 8.02101 0.593599
3.17618 8.28716 0.602942
3.27477 8.5449 0.612021
3.37337 8.7946 0.620847
3.47197 9.03662 0.629429
3.57057 9.27128 0.637778
3.66917 9.49888 0.645902
3.76777 9.71974 0.653809
3.86637 9.93516 0.661516
3.96496 10.1459 0.669036
4.06356 10.3517 0.676376
4.16216 10.5522 0.683544
4.26076 10.7471 0.690547
4.35936 10.9362 0.697389
4.45796 11.1194 0.704078
4.55656 11.2966 0.710619
4.65516 11.4676 0.717017
4.75375 11.6325 0.723277
4.85235 11.7915 0.729408
4.95095 11.9452 0.735417
5.04955 12.0941 0.741309
5.14815 12.2386 0.747087
5.24675 12.379 0.752755
5.34535 12.5159 0.758316
5.44394 12.6494 0.763773
5.54254 12.78 0.76913
5.64114 12.9078 0.774391
5.73974 13.0331 0.779556
5.83834 13.1562 0.78463
5.93694 13.2772 0.789615
6.03554 13.3964 0.794514
6.13413 13.514 0.799329
6.23273 13.6297 0.804064
6.33133 13.7435 0.808723
6.42993 13.8554 0.813309
6.52853 13.9653 0.817824
6.62713 14.0735 0.822269
6.72573 14.1798 0.826647
6.82432 14.2845 0.830958
6.92292 14.3874 0.835206
7.02152 14.4887 0.839392
7.12012 14.5885 0.843516
7.21872 14.6866 0.847582
7.31732 14.7833 0.851589
7.41592 14.8785 0.85554
7.51451 14.9723 0.859437
7.61311 15.0646 0.863279
7.71171 15.1556 0.867069
7.81031 15.2453 0.870808
7.90891 15.3337 0.874497
8.00751 15.4208 0.878138
8.10611 15.5067 0.88173
8.2047 15.5914 0.885277
8.3033 15.6749 0.88878
8.4019 15.7574 0.892241
8.5005 15.8388 0.895659
8.5991 15.9191 0.899036
8.6977 15.9984 0.902373
8.7963 16.0767 0.905671
8.89489 16.154 0.908931
8.99349 16.2303 0.912152
9.09209 16.3057 0.915337
9.19069 16.3802 0.918486
9.28929 16.4538 0.921599
9.38789 16.5265 0.924678
9.48649 16.5983 0.927723
9.58509 16.6693 0.930734
9.68368 16.7394 0.933713
9.78228 16.8087 0.936659
9.88088 16.8772 0.939575
9.97948 16.945 0.942459
10.0781 17.012 0.945313
10.1767 17.0782 0.948138
10.2753 17.1437 0.950933
10.3739 17.2084 0.9537
10.4725 17.2725 0.956439
10.5711 17.3358 0.95915
10.6697 17.3985 0.961834
10.7683 17.4605 0.964491
10.8669 17.5218 0.967123
10.9655 17.5825 0.969729
11.0641 17.6426 0.97231
11.1627 17.7021 0.974867
11.2613 17.761 0.977401
11.3599 17.8193 0.979911
11.4585 17.877 0.982399
11.5571 17.9342 0.984864
11.6557 17.9908 0.987307
11.7543 18.0468 0.989728
11.8529 18.1024 0.992128
11.9515 18.1574 0.994507
12.0501 18.2119 0.996866
12.1486 18.2659 0.999204
12.2472 18.3194 1.00152
12.3458 18.3724 1.00382
12.4444 18.4249 1.0061
12.543 18.477 1.00836
12.6416 18.5285 1.0106
12.7402 18.5796 1.01282
12.8388 18.6303 1.01503
12.9374 18.6805 1.01721
13.036 18.7303 1.01938
13.1346 18.7796 1.02153
13.2332 18.8286 1.02366
13.3318 18.8771 1.02578
13.4304 18.9252 1.02788
13.529 18.9728 1.02996
13.6276 19.0201 1.03203
13.7262 19.067 1.03408
13.8248 19.1135 1.03612
13.9234 19.1596 1.03814
14.022 19.2053 1.04014
14.1206 19.2507 1.04213
14.2192 19.2957 1.04411
14.3178 19.3403 1.04607
14.4164 19.3846 1.04801
14.515 19.4285 1.04994
14.6136 19.472 1.05186
14.7122 19.5153 1.05376
14.8108 19.5582 1.05565
14.9094 19.6007 1.05752
15.008 19.6429 1.05938
15.1066 19.6848 1.06123
15.2052 19.7264 1.06307
15.3038 19.7677 1.06489
15.4024 19.8087 1.0667
15.501 19.8493 1.0685
15.5996 19.8897 1.07029
15.6982 19.9298 1.07206
15.7968 19.9696 1.07382
15.8954 20.0091 1.07557
15.994 20.0483 1.07731
16.0926 20.0873 1.07904
16.1912 20.126 1.08076
16.2898 20.1644 1.08246
16.3884 20.2026 1.08416
16.487 20.2404 1.08584
16.5856 20.2781 1.08751
16.6842 20.3154 1.08917
16.7828 20.3526 1.09083
16.8814 20.3894 1.09247
16.98 20.426 1.0941
17.0786 20.4624 1.09572
17.1772 20.4986 1.09733
17.2758 20.5344 1.09893
17.3744 20.5701 1.10052
17.473 20.6055 1.10211
17.5716 20.6407 1.10368
17.6702 20.6757 1.10524
17.7688 20.7104 1.10679
17.8674 20.745 1.10834
17.966 20.7793 1.10987
18.0646 20.8134 1.1114
18.1632 20.8472 1.11292
18.2618 20.8809 1.11442
18.3604 20.9143 1.11592
18.459 20.9476 1.11742
18.5576 20.9806 1.1189
18.6562 21.0134 1.12037
18.7548 21.0461 1.12184
18.8534 21.0785 1.12329
18.952 21.1107 1.12474
19.0506 21.1428 1.12618
19.1491 21.1746 1.12762
19.2477 21.2063 1.12904
19.3463 21.2377 1.13046
19.4449 21.269 1.13187
19.5435 21.3001 1.13327
19.6421 21.331 1.13466
19.7407 21.3617 1.13605
19.8393 21.3923 1.13743
19.9379 21.4227 1.1388
20.0365 21.4529 1.14016
20.1351 21.4829 1.14152
20.2337 21.5128 1.14287
20.3323 21.5424 1.14421
20.4309 21.572 1.14555
20.5295 21.6013 1.14687
20.6281 21.6305 1.1482
20.7267 21.6595 1.14951
20.8253 21.6884 1.15082
20.9239 21.7171 1.15212
21.0225 21.7456 1.15341
21.1211 21.774 1.1547
21.2197 21.8023 1.15598
21.3183 21.8303 1.15726
21.4169 21.8583 1.15852
21.5155 21.886 1.15979
21.6141 21.9137 1.16104
21.7127 21.9411 1.16229
21.8113 21.9685 1.16353
21.9099 21.9957 1.16477
22.0085 22.0227 1.166
22.1071 22.0496 1.16723
22.2057 22.0764 1.16845
22.3043 22.1031 1.16966
22.4029 22.1296 1.17087
22.5015 22.1559 1.17207
22.6001 22.1822 1.17327
22.6987 22.2083 1.17446
22.7973 22.2343 1.17565
22.8959 22.2601 1.17683
22.9945 22.2858 1.178
23.0931 22.3114 1.17917
23.1917 22.3369 1.18034
23.2903 22.3622 1.18149
23.3889 22.3875 1.18265
23.4875 22.4126 1.1838
23.5861 22.4375 1.18494
23.6847 22.4624 1.18608
23.7833 22.4871 1.18721
23.8819 22.5117 1.18834
23.9805 22.5362 1.18946
24.0791 22.5606 1.19058
24.1777 22.5849 1.19169
24.2763 22.609 1.1928
24.3749 22.6331 1.1939
24.4735 22.657 1.195
24.5721 22.6808 1.1961
24.6707 22.7045 1.19719
24.7693 22.7281 1.19827
24.8679 22.7516 1.19935
24.9665 22.775 1.20043
25.0651 22.7983 1.2015
25.1637 22.8214 1.20256
25.2623 22.8445 1.20362
25.3609 22.8675 1.20468
25.4595 22.8903 1.20573
25.5581 22.9131 1.20678
25.6567 22.9357 1.20783
25.7553 22.9583 1.20886
25.8539 22.9807 1.2099
25.9525 23.0031 1.21093
26.0511 23.0253 1.21196
26.1496 23.0475 1.21298
26.2482 23.0695 1.214
26.3468 23.0915 1.21501
26.4454 23.1133 1.21602
26.544 23.1351 1.21703
26.6426 23.1568 1.21803
26.7412 23.1784 1.21903
26.8398 23.1999 1.22002
26.9384 23.2213 1.22101
27.037 23.2426 1.222
27.1356 23.2638 1.22298
27.2342 23.2849 1.22396
27.3328 23.3059 1.22494
27.4314 23.3269 1.22591
27.53 23.3478 1.22687
27.6286 23.3685 1.22784
27.7272 23.3892 1.2288
27.8258 23.4098 1.22975
27.9244 23.4303 1.2307
28.023 23.4508 1.23165
28.1216 23.4711 1.2326
28.2202 23.4914 1.23354
28.3188 23.5116 1.23448
28.4174 23.5317 1.23541
28.516 23.5517 1.23634
28.6146 23.5716 1.23727
28.7132 23.5915 1.23819
28.8118 23.6113 1.23911
28.9104 23.631 1.24003
29.009 23.6506 1.24094
29.1076 23.6701 1.24185
29.2062 23.6896 1.24276
29.3048 23.709 1.24366
29.4034 23.7283 1.24456
29.502 23.7475 1.24546
29.6006 23.7667 1.24635
29.6992 23.7858 1.24724
29.7978 23.8048 1.24813
29.8964 23.8237 1.24901
29.995 23.8426 1.24989
30.0936 23.8614 1.25077
30.1922 23.8801 1.25164
30.2908 23.8988 1.25252
30.3894 23.9174 1.25338
30.488 23.9359 1.25425
30.5866 23.9543 1.25511
30.6852 23.9727 1.25597
30.7838 23.991 1.25683
30.8824 24.0092 1.25768
30.981 24.0274 1.25853
31.0796 24.0454 1.25938
31.1782 24.0635 1.26022
31.2768 24.0814 1.26106
31.3754 24.0993 1.2619
31.474 24.1172 1.26273
31.5726 24.1349 1.26357
31.6712 24.1526 1.2644
31.7698 24.1702 1.26522
31.8684 24.1878 1.26605
31.967 24.2053 1.26687
32.0656 24.2228 1.26769
32.1642 24.2401 1.2685
32.2628 24.2575 1.26932
32.3614 24.2747 1.27013
32.46 24.2919 1.27093
32.5586 24.3091 1.27174
32.6572 24.3261 1.27254
32.7558 24.3432 1.27334
32.8544 24.3601 1.27414
32.953 24.377 1.27493
33.0516 24.3939 1.27573
33.1502 24.4107 1.27652
33.2487 24.4274 1.2773
33.3473 24.4441 1.27809
33.4459 24.4607 1.27887
33.5445 24.4772 1.27965
33.6431 24.4937 1.28043
33.7417 24.5102 1.2812
33.8403 24.5266 1.28198
33.9389 24.5429 1.28275
34.0375 24.5592 1.28351
34.1361 24.5754 1.28428
34.2347 24.5916 1.28504
34.3333 24.6077 1.2858
34.4319 24.6237 1.28656
34.5305 24.6397 1.28731
34.6291 24.6557 1.28807
34.7277 24.6716 1.28882
34.8263 24.6875 1.28957
34.9249 24.7033 1.29031
35.0235 24.719 1.29106
35.1221 24.7347 1.2918
35.2207 24.7503 1.29254
35.3193 24.7659 1.29328
35.4179 24.7815 1.29401
35.5165 24.797 1.29475
35.6151 24.8124 1.29548
35.7137 24.8278 1.29621
35.8123 24.8432 1.29693
35.9109 24.8585 1.29766
36.0095 24.8737 1.29838
36.1081 24.8889 1.2991
36.2067 24.9041 1.29982
36.3053 24.9192 1.30053
36.4039 24.9342 1.30125
36.5025 24.9492 1.30196
36.6011 24.9642 1.30267
36.6997 24.9791 1.30338
36.7983 24.994 1.30408
36.8969 25.0088 1.30478
36.9955 25.0236 1.30549
37.0941 25.0383 1.30618
37.1927 25.053 1.30688
37.2913 25.0676 1.30758
37.3899 25.0822 1.30827
37.4885 25.0968 1.30896
37.5871 25.1113 1.30965
37.6857 25.1257 1.31034
37.7843 25.1401 1.31102
37.8829 25.1545 1.31171
37.9815 25.1688 1.31239
38.0801 25.1831 1.31307
38.1787 25.1974 1.31375
38.2773 25.2116 1.31442
38.3759 25.2257 1.3151
38.4745 25.2398 1.31577
38.5731 25.2539 1.31644
38.6717 25.2679 1.31711
38.7703 25.2819 1.31777
38.8689 25.2959 1.31844
38.9675 25.3098 1.3191
39.0661 25.3237 1.31976
39.1647 25.3375 1.32042
39.2633 25.3513 1.32108
39.3619 25.365 1.32174
39.4605 25.3787 1.32239
39.5591 25.3924 1.32304
39.6577 25.406 1.32369
39.7563 25.4196 1.32434
39.8549 25.4331 1.32499
39.9535 25.4467 1.32563
40.0521 25.4601 1.32628
40.1507 25.4736 1.32692
40.2492 25.4869 1.32756
40.3478 25.5003 1.32819
40.4464 25.5136 1.32883
40.545 25.5269 1.32947
40.6436 25.5401 1.3301
40.7422 25.5533 1.33073
40.8408 25.5665 1.33136
40.9394 25.5796 1.33199
41.038 25.5927 1.33262
41.1366 25.6058 1.33324
41.2352 25.6188 1.33386
41.3338 25.6318 1.33449
41.4324 25.6447 1.33511
41.531 25.6576 1.33572
41.6296 25.6705 1.33634
41.7282 25.6833 1.33696
41.8268 25.6961 1.33757
41.9254 25.7089 1.33818
42.024 25.7216 1.33879
42.1226 25.7343 1.3394
42.2212 25.747 1.34001
42.3198 25.7596 1.34061
42.4184 25.7722 1.34122
42.517 25.7848 1.34182
42.6156 25.7973 1.34242
42.7142 25.8098 1.34302
42.8128 25.8223 1.34362
42.9114 25.8347 1.34422
43.01 25.8471 1.34481
43.1086 25.8594 1.34541
43.2072 25.8718 1.346
43.3058 25.884 1.34659
43.4044 25.8963 1.34718
43.503 25.9085 1.34777
43.6016 25.9207 1.34835
43.7002 25.9329 1.34894
43.7988 25.945 1.34952
43.8974 25.9571 1.3501
43.996 25.9692 1.35068
44.0946 25.9812 1.35126
44.1932 25.9932 1.35184
44.2918 26.0052 1.35242
44.3904 26.0171 1.35299
44.489 26.029 1.35356
44.5876 26.0409 1.35414
44.6862 26.0528 1.35471
44.7848 26.0646 1.35528
44.8834 26.0764 1.35585
44.982 26.0881 1.35641
45.0806 26.0999 1.35698
45.1792 26.1116 1.35754
45.2778 26.1232 1.3581
45.3764 26.1349 1.35867
45.475 26.1465 1.35923
45.5736 26.158 1.35978
45.6722 26.1696 1.36034
45.7708 26.1811 1.3609
45.8694 26.1926 1.36145
45.968 26.2041 1.362
46.0666 26.2155 1.36256
46.1652 26.2269 1.36311
46.2638 26.2383 1.36366
46.3624 26.2496 1.36421
46.461 26.2609 1.36475
46.5596 26.2722 1.3653
46.6582 26.2835 1.36584
46.7568 26.2947 1.36639
46.8554 26.3059 1.36693
46.954 26.3171 1.36747
47.0526 26.3283 1.36801
47.1512 26.3394 1.36855
47.2497 26.3505 1.36908
47.3483 26.3615 1.36962
47.4469 26.3726 1.37015
47.5455 26.3836 1.37069
47.6441 26.3946 1.37122
47.7427 26.4055 1.37175
47.8413 26.4165 1.37228
47.9399 26.4274 1.37281
48.0385 26.4383 1.37333
48.1371 26.4491 1.37386
48.2357 26.46 1.37438
48.3343 26.4708 1.37491
48.4329 26.4815 1.37543
48.5315 26.4923 1.37595
48.6301 26.503 1.37647
48.7287 26.5137 1.37699
48.8273 26.5244 1.37751
48.9259 26.5351 1.37803
49.0245 26.5457 1.37854
49.1231 26.5563 1.37906
49.2217 26.5669 1.37957
49.3203 26.5774 1.38008
49.4189 26.588 1.38059
49.5175 26.5985 1.3811
49.6161 26.609 1.38161
49.7147 26.6194 1.38212
49.8133 26.6298 1.38263
49.9119 26.6403 1.38313
50.0105 26.6506 1.38364
50.1091 26.661 1.38414
50.2077 26.6713 1.38465
50.3063 26.6817 1.38515
50.4049 26.692 1.38565
50.5035 26.7022 1.38615
50.6021 26.7125 1.38665
50.7007 26.7227 1.38714
50.7993 26.7329 1.38764
50.8979 26.7431 1.38813
50.9965 26.7532 1.38863
51.0951 26.7633 1.38912
51.1937 26.7735 1.38961
51.2923 26.7835 1.39011
51.3909 26.7936 1.3906
51.4895 26.8036 1.39108
51.5881 26.8137 1.39157
51.6867 26.8237 1.39206
51.7853 26.8336 1.39255
51.8839 26.8436 1.39303
51.9825 26.8535 1.39352
52.0811 26.8634 1.394
52.1797 26.8733 1.39448
52.2783 26.8832 1.39496
52.3769 26.893 1.39544
52.4755 26.9028 1.39592
52.5741 26.9126 1.3964
52.6727 26.9224 1.39688
52.7713 26.9322 1.39735
52.8699 26.9419 1.39783
52.9685 26.9516 1.3983
53.0671 26.9613 1.39878
53.1657 26.971 1.39925
53.2643 26.9806 1.39972
53.3629 26.9903 1.40019
53.4615 26.9999 1.40066
53.5601 27.0095 1.40113
53.6587 27.019 1.4016
53.7573 27.0286 1.40206
53.8559 27.0381 1.40253
53.9545 27.0476 1.40299
54.0531 27.0571 1.40346
54.1517 27.0666 1.40392
54.2503 27.076 1.40438
54.3488 27.0855 1.40484
54.4474 27.0949 1.4053
54.546 27.1043 1.40576
54.6446 27.1136 1.40622
54.7432 27.123 1.40668
54.8418 27.1323 1.40714
54.9404 27.1416 1.40759
55.039 27.1509 1.40805
55.1376 27.1602 1.4085
55.2362 27.1694 1.40895
55.3348 27.1787 1.40941
55.4334 27.1879 1.40986
55.532 27.1971 1.41031
55.6306 27.2063 1.41076
55.7292 27.2154 1.41121
55.8278 27.2246 1.41166
55.9264 27.2337 1.4121
56.025 27.2428 1.41255
56.1236 27.2519 1.41299
56.2222 27.2609 1.41344
56.3208 27.27 1.41388
56.4194 27.279 1.41433
56.518 27.288 1.41477
56.6166 27.297 1.41521
56.7152 27.306 1.41565
56.8138 27.3149 1.41609
56.9124 27.3239 1.41653
57.011 27.3328 1.41697
57.1096 27.3417 1.4174
57.2082 27.3506 1.41784
57.3068 27.3594 1.41827
57.4054 27.3683 1.41871
57.504 27.3771 1.41914
57.6026 27.3859 1.41958
57.7012 27.3947 1.42001
57.7998 27.4035 1.42044
57.8984 27.4122 1.42087
57.997 27.421 1.4213
58.0956 27.4297 1.42173
58.1942 27.4384 1.42216
58.2928 27.4471 1.42258
58.3914 27.4558 1.42301
58.49 27.4644 1.42344
58.5886 27.4731 1.42386
58.6872 27.4817 1.42429
58.7858 27.4903 1.42471
58.8844 27.4989 1.42513
58.983 27.5075 1.42555
59.0816 27.516 1.42598
59.1802 27.5245 1.4264
59.2788 27.5331 1.42682
59.3774 27.5416 1.42724
59.476 27.5501 1.42765
59.5746 27.5585 1.42807
59.6732 27.567 1.42849
59.7718 27.5754 1.4289
59.8704 27.5839 1.42932
59.969 27.5923 1.42973
60.0676 27.6007 1.43015
60.1662 27.609 1.43056
60.2648 27.6174 1.43097
60.3634 27.6257 1.43138
60.462 27.6341 1.43179
60.5606 27.6424 1.4322
60.6592 27.6507 1.43261
60.7578 27.6589 1.43302
60.8564 27.6672 1.43343
60.955 27.6755 1.43384
61.0536 27.6837 1.43424
61.1522 27.6919 1.43465
61.2508 27.7001 1.43505
61.3493 27.7083 1.43546
61.4479 27.7165 1.43586
61.5465 27.7246 1.43626
61.6451 27.7328 1.43667
61.7437 27.7409 1.43707
61.8423 27.749 1.43747
61.9409 27.7571 1.43787
62.0395 27.7652 1.43827
62.1381 27.7732 1.43867
62.2367 27.7813 1.43906
62.3353 27.7893 1.43946
62.4339 27.7973 1.43986
62.5325 27.8054 1.44025
62.6311 27.8133 1.44065
62.7297 27.8213 1.44104
62.8283 27.8293 1.44144
62.9269 27.8372 1.44183
63.0255 27.8452 1.44222
63.1241 27.8531 1.44262
63.2227 27.861 1.44301
63.3213 27.8689 1.4434
63.4199 27.8768 1.44379
63.5185 27.8846 1.44418
63.6171 27.8925 1.44457
63.7157 27.9003 1.44495
63.8143 27.9081 1.44534
63.9129 27.9159 1.44573
64.0115 27.9237 1.44611
64.1101 27.9315 1.4465
64.2087 27.9392 1.44688
64.3073 27.947 1.44727
64.4059 27.9547 1.44765
64.5045 27.9624 1.44803
64.6031 27.9702 1.44842
64.7017 27.9778 1.4488
64.8003 27.9855 1.44918
64.8989 27.9932 1.44956
64.9975 28.0008 1.44994
65.0961 28.0085 1.45032
65.1947 28.0161 1.45069
65.2933 28.0237 1.45107
65.3919 28.0313 1.45145
65.4905 28.0389 1.45183
65.5891 28.0465 1.4522
65.6877 28.054 1.45258
65.7863 28.0616 1.45295
65.8849 28.0691 1.45332
65.9835 28.0766 1.4537
66.0821 28.0841 1.45407
66.1807 28.0916 1.45444
66.2793 28.0991 1.45481
66.3779 28.1066 1.45519
66.4765 28.114 1.45556
66.5751 28.1215 1.45593
66.6737 28.1289 1.45629
66.7723 28.1363 1.45666
66.8709 28.1437 1.45703
66.9695 28.1511 1.4574
67.0681 28.1585 1.45776
67.1667 28.1658 1.45813
67.2653 28.1732 1.4585
67.3639 28.1805 1.45886
67.4625 28.1879 1.45923
67.5611 28.1952 1.45959
67.6597 28.2025 1.45995
67.7583 28.2098 1.46032
67.8569 28.217 1.46068
67.9555 28.2243 1.46104
68.0541 28.2316 1.4614
68.1527 28.2388 1.46176
68.2513 28.246 1.46212
68.3498 28.2532 1.46248
68.4484 28.2604 1.46284
68.547 28.2676 1.4632
68.6456 28.2748 1.46355
68.7442 28.282 1.46391
68.8428 28.2891 1.46427
68.9414 28.2963 1.46462
69.04 28.3034 1.46498
69.1386 28.3105 1.46533
69.2372 28.3176 1.46569
69.3358 28.3247 1.46604
69.4344 28.3318 1.46639
69.533 28.3389 1.46675
69.6316 28.3459 1.4671
69.7302 28.353 1.46745
69.8288 28.36 1.4678
69.9274 28.3671 1.46815
70.026 28.3741 1.4685
70.1246 28.3811 1.46885
70.2232 28.3881 1.4692
70.3218 28.395 1.46955
70.4204 28.402 1.46989
70.519 28.409 1.47024
70.6176 28.4159 1.47059
70.7162 28.4228 1.47093
70.8148 28.4298 1.47128
70.9134 28.4367 1.47162
71.012 28.4436 1.47197
71.1106 28.4505 1.47231
71.2092 28.4573 1.47266
71.3078 28.4642 1.473
71.4064 28.4711 1.47334
71.505 28.4779 1.47368
71.6036 28.4847 1.47402
71.7022 28.4915 1.47436
71.8008 28.4984 1.47471
71.8994 28.5052 1.47504
71.998 28.5119 1.47538
72.0966 28.5187 1.47572
72.1952 28.5255 1.47606
72.2938 28.5322 1.4764
72.3924 28.539 1.47674
72.491 28.5457 1.47707
72.5896 28.5524 1.47741
72.6882 28.5592 1.47774
72.7868 28.5659 1.47808
72.8854 28.5726 1.47841
72.984 28.5792 1.47875
73.0826 28.5859 1.47908
73.1812 28.5926 1.47942
73.2798 28.5992 1.47975
73.3784 28.6059 1.48008
73.477 28.6125 1.48041
73.5756 28.6191 1.48074
73.6742 28.6257 1.48107
73.7728 28.6323 1.48141
73.8714 28.6389 1.48173
73.97 28.6455 1.48206
74.0686 28.652 1.48239
74.1672 28.6586 1.48272
74.2658 28.6651 1.48305
74.3644 28.6717 1.48338
74.463 28.6782 1.4837
74.5616 28.6847 1.48403
74.6602 28.6912 1.48436
74.7588 28.6977 1.48468
74.8574 28.7042 1.48501
74.956 28.7107 1.48533
75.0546 28.7171 1.48566
75.1532 28.7236 1.48598
75.2518 28.73 1.4863
75.3504 28.7365 1.48662
75.4489 28.7429 1.48695
75.5475 28.7493 1.48727
75.6461 28.7557 1.48759
75.7447 28.7621 1.48791
75.8433 28.7685 1.48823
75.9419 28.7749 1.48855
76.0405 28.7813 1.48887
76.1391 28.7876 1.48919
76.2377 28.794 1.48951
76.3363 28.8003 1.48983
76.4349 28.8066 1.49014
76.5335 28.813 1.49046
76.6321 28.8193 1.49078
76.7307 28.8256 1.4911
76.8293 28.8319 1.49141
76.9279 28.8381 1.49173
77.0265 28.8444 1.49204
77.1251 28.8507 1.49236
77.2237 28.8569 1.49267
77.3223 28.8632 1.49298
77.4209 28.8694 1.4933
77.5195 28.8756 1.49361
77.6181 28.8819 1.49392
77.7167 28.8881 1.49424
77.8153 28.8943 1.49455
77.9139 28.9005 1.49486
78.0125 28.9066 1.49517
78.1111 28.9128 1.49548
78.2097 28.919 1.49579
78.3083 28.9251 1.4961
78.4069 28.9313 1.49641
78.5055 28.9374 1.49672
78.6041 28.9435 1.49703
78.7027 28.9497 1.49733
78.8013 28.9558 1.49764
78.8999 28.9619 1.49795
78.9985 28.968 1.49825
79.0971 28.974 1.49856
79.1957 28.9801 1.49887
79.2943 28.9862 1.49917
79.3929 28.9922 1.49948
79.4915 28.9983 1.49978
79.5901 29.0043 1.50008
79.6887 29.0104 1.50039
79.7873 29.0164 1.50069
79.8859 29.0224 1.50099
79.9845 29.0284 1.5013
80.0831 29.0344 1.5016
80.1817 29.0404 1.5019
80.2803 29.0464 1.5022
80.3789 29.0523 1.5025
80.4775 29.0583 1.5028
80.5761 29.0642 1.5031
80.6747 29.0702 1.5034
80.7733 29.0761 1.5037
80.8719 29.082 1.504
80.9705 29.088 1.5043
81.0691 29.0939 1.5046
81.1677 29.0998 1.5049
81.2663 29.1057 1.50519
81.3649 29.1116 1.50549
81.4635 29.1174 1.50579
81.5621 29.1233 1.50608
81.6607 29.1292 1.50638
81.7593 29.135 1.50667
81.8579 29.1409 1.50697
81.9565 29.1467 1.50726
82.0551 29.1525 1.50756
82.1537 29.1584 1.50785
82.2523 29.1642 1.50814
82.3509 29.17 1.50844
82.4494 29.1758 1.50873
82.548 29.1816 1.50902
82.6466 29.1873 1.50931
82.7452 29.1931 1.50961
82.8438 29.1989 1.5099
82.9424 29.2046 1.51019
83.041 29.2104 1.51048
83.1396 29.2161 1.51077
83.2382 29.2218 1.51106
83.3368 29.2276 1.51135
83.4354 29.2333 1.51164
83.534 29.239 1.51192
83.6326 29.2447 1.51221
83.7312 29.2504 1.5125
83.8298 29.2561 1.51279
83.9284 29.2618 1.51308
84.027 29.2674 1.51336
84.1256 29.2731 1.51365
84.2242 29.2787 1.51393
84.3228 29.2844 1.51422
84.4214 29.29 1.5145
84.52 29.2957 1.51479
84.6186 29.3013 1.51507
84.7172 29.3069 1.51536
84.8158 29.3125 1.51564
84.9144 29.3181 1.51593
85.013 29.3237 1.51621
85.1116 29.3293 1.51649
85.2102 29.3349 1.51677
85.3088 29.3404 1.51706
85.4074 29.346 1.51734
85.506 29.3516 1.51762
85.6046 29.3571 1.5179
85.7032 29.3626 1.51818
85.8018 29.3682 1.51846
85.9004 29.3737 1.51874
85.999 29.3792 1.51902
86.0976 29.3847 1.5193
86.1962 29.3902 1.51958
86.2948 29.3957 1.51986
86.3934 29.4012 1.52013
86.492 29.4067 1.52041
86.5906 29.4122 1.52069
86.6892 29.4176 1.52097
86.7878 29.4231 1.52124
86.8864 29.4286 1.52152
86.985 29.434 1.5218
87.0836 29.4394 1.52207
87.1822 29.4449 1.52235
87.2808 29.4503 1.52262
87.3794 29.4557 1.5229
87.478 29.4611 1.52317
87.5766 29.4665 1.52345
87.6752 29.4719 1.52372
87.7738 29.4773 1.52399
87.8724 29.4827 1.52427
87.971 29.4881 1.52454
88.0696 29.4934 1.52481
88.1682 29.4988 1.52508
88.2668 29.5042 1.52536
88.3654 29.5095 1.52563
88.464 29.5148 1.5259
88.5626 29.5202 1.52617
88.6612 29.5255 1.52644
88.7598 29.5308 1.52671
88.8584 29.5361 1.52698
88.957 29.5414 1.52725
89.0556 29.5467 1.52752
89.1542 29.552 1.52779
89.2528 29.5573 1.52805
89.3514 29.5626 1.52832
89.4499 29.5679 1.52859
89.5485 29.5731 1.52886
89.6471 29.5784 1.52913
89.7457 29.5836 1.52939
89.8443 29.5889 1.52966
89.9429 29.5941 1.52993
90.0415 29.5994 1.53019
90.1401 29.6046 1.53046
90.2387 29.6098 1.53072
90.3373 29.615 1.53099
90.4359 29.6202 1.53125
90.5345 29.6254 1.53152
90.6331 29.6306 1.53178
90.7317 29.6358 1.53204
90.8303 29.641 1.53231
90.9289 29.6461 1.53257
91.0275 29.6513 1.53283
91.1261 29.6565 1.5331
91.2247 29.6616 1.53336
91.3233 29.6668 1.53362
91.4219 29.6719 1.53388
91.5205 29.677 1.53414
91.6191 29.6822 1.5344
91.7177 29.6873 1.53466
91.8163 29.6924 1.53492
91.9149 29.6975 1.53518
92.0135 29.7026 1.53544
92.1121 29.7077 1.5357
92.2107 29.7128 1.53596
92.3093 29.7179 1.53622
92.4079 29.7229 1.53648
92.5065 29.728 1.53674
92.6051 29.7331 1.537
92.7037 29.7381 1.53725
92.8023 29.7432 1.53751
92.9009 29.7482 1.53777
92.9995 29.7533 1.53802
93.0981 29.7583 1.53828
93.1967 29.7633 1.53854
93.2953 29.7683 1.53879
93.3939 29.7734 1.53905
93.4925 29.7784 1.5393
93.5911 29.7834 1.53956
93.6897 29.7884 1.53981
93.7883 29.7934 1.54007
93.8869 29.7983 1.54032
93.9855 29.8033 1.54058
94.0841 29.8083 1.54083
94.1827 29.8132 1.54108
94.2813 29.8182 1.54133
94.3799 29.8232 1.54159
94.4785 29.8281 1.54184
94.5771 29.833 1.54209
94.6757 29.838 1.54234
94.7743 29.8429 1.5426
94.8729 29.8478 1.54285
94.9715 29.8527 1.5431
95.0701 29.8577 1.54335
95.1687 29.8626 1.5436
95.2673 29.8675 1.54385
95.3659 29.8724 1.5441
95.4645 29.8772 1.54435
95.5631 29.8821 1.5446
95.6617 29.887 1.54485
95.7603 29.8919 1.54509
95.8589 29.8967 1.54534
95.9575 29.9016 1.54559
96.0561 29.9064 1.54584
96.1547 29.9113 1.54609
96.2533 29.9161 1.54633
96.3519 29.921 1.54658
96.4505 29.9258 1.54683
96.549 29.9306 1.54707
96.6476 29.9354 1.54732
96.7462 29.9402 1.54757
96.8448 29.945 1.54781
96.9434 29.9498 1.54806
97.042 29.9546 1.5483
97.1406 29.9594 1.54855
97.2392 29.9642 1.54879
97.3378 29.969 1.54903
97.4364 29.9738 1.54928
97.535 29.9785 1.54952
97.6336 29.9833 1.54977
97.7322 29.988 1.55001
97.8308 29.9928 1.55025
97.9294 29.9975 1.55049
98.028 30.0023 1.55074
98.1266 30.007 1.55098
98.2252 30.0117 1.55122
98.3238 30.0165 1.55146
98.4224 30.0212 1.5517
98.521 30.0259 1.55195
98.6196 30.0306 1.55219
98.7182 30.0353 1.55243
98.8168 30.04 1.55267
98.9154 30.0447 1.55291
99.014 30.0494 1.55315
99.1126 30.054 1.55339
99.2112 30.0587 1.55363
99.3098 30.0634 1.55386
99.4084 30.068 1.5541
99.507 30.0727 1.55434
99.6056 30.0773 1.55458
99.7042 30.082 1.55482
99.8028 30.0866 1.55505
99.9014 30.0913 1.55529
100 30.0959 1.55553
