1.5 1.6533 0.370342
1.5986 2.18747 0.38685
1.6972 2.69765 0.402828
1.7958 3.18297 0.418203
1.89439 3.64667 0.433041
1.99299 4.08955 0.447342
2.09159 4.51187 0.461095
2.19019 4.91593 0.474353
2.28879 5.30333 0.487153
2.38739 5.67464 0.499502
2.48599 6.03044 0.51141
2.58458 6.37205 0.522909
2.68318 6.70102 0.534042
2.78178 7.01791 0.544821
2.88038 7.32325 0.555257
2.97898 7.61755 0.565364
3.07758 7.90135 0.575156
3.17618 8.17578 0.584664
3.27477 8.44145 0.593905
3.37337 8.69874 0.60289
3.47197 8.94803 0.611627
3.57057 9.18966 0.620128
3.66917 9.42397 0.628399
3.76777 9.65125 0.636451
3.86637 9.87287 0.644298
3.96496 10.0896 0.651956
4.06356 10.3012 0.659432
4.16216 10.5072 0.666732
4.26076 10.7075 0.673864
4.35936 10.9018 0.680834
4.45796 11.09 0.687647
4.55656 11.272 0.694309
4.65516 11.4478 0.700825
4.75375 11.6171 0.707201
4.85235 11.7804 0.713446
4.95095 11.9383 0.719566
5.04955 12.0912 0.725568
5.14815 12.2396 0.731453
5.24675 12.3838 0.737226
5.34535 12.5243 0.74289
5.44394 12.6614 0.748449
5.54254 12.7954 0.753906
5.64114 12.9266 0.759264
5.73974 13.0552 0.764525
5.83834 13.1815 0.769693
5.93694 13.3057 0.774771
6.03554 13.4279 0.77976
6.13413 13.5485 0.784664
6.23273 13.6671 0.789486
6.33133 13.7838 0.794232
6.42993 13.8984 0.798903
6.52853 14.0111 0.803501
6.62713 14.1219 0.808028
6.72573 14.2308 0.812487
6.82432 14.338 0.816878
6.92292 14.4434 0.821204
7.02152 14.5472 0.825467
7.12012 14.6493 0.829667
7.21872 14.7498 0.833808
7.31732 14.8488 0.837889
7.41592 14.9462 0.841913
7.51451 15.0422 0.845881
7.61311 15.1367 0.849794
7.71171 15.2298 0.853653
7.81031 15.3215 0.857461
7.90891 15.4119 0.861218
8.00751 15.501 0.864925
8.10611 15.5888 0.868583
8.2047 15.6755 0.872195
8.3033 15.7609 0.875762
8.4019 15.8452 0.879285
8.5005 15.9284 0.882766
8.5991 16.0105 0.886205
8.6977 16.0916 0.889603
8.7963 16.1716 0.892961
8.89489 16.2506 0.89628
8.99349 16.3286 0.899561
9.09209 16.4056 0.902803
9.19069 16.4817 0.906009
9.28929 16.5569 0.909179
9.38789 16.6311 0.912314
9.48649 16.7045 0.915414
9.58509 16.777 0.91848
9.68368 16.8486 0.921513
9.78228 16.9194 0.924513
9.88088 16.9894 0.927481
9.97948 17.0585 0.930417
10.0781 17.1269 0.933323
10.1767 17.1945 0.936199
10.2753 17.2614 0.939044
10.3739 17.3275 0.941861
10.4725 17.3928 0.944649
10.5711 17.4575 0.947409
10.6697 17.5214 0.950141
10.7683 17.5847 0.952846
10.8669 17.6473 0.955525
10.9655 17.7092 0.958177
11.0641 17.7705 0.960804
11.1627 17.8312 0.963407
11.2613 17.8912 0.965986
11.3599 17.9507 0.968541
11.4585 18.0096 0.971073
11.5571 18.0679 0.973582
11.6557 18.1256 0.976069
11.7543 18.1828 0.978533
11.8529 18.2394 0.980976
11.9515 18.2955 0.983397
12.0501 18.3511 0.985797
12.1486 18.4061 0.988176
12.2472 18.4607 0.990535
12.3458 18.5147 0.992874
12.4444 18.5682 0.995193
12.543 18.6213 0.997493
12.6416 18.6738 0.999773
12.7402 18.7259 1.00203
12.8388 18.7776 1.00428
12.9374 18.8287 1.0065
13.036 18.8795 1.00871
13.1346 18.9297 1.0109
13.2332 18.9796 1.01307
13.3318 19.029 1.01522
13.4304 19.078 1.01736
13.529 19.1265 1.01948
13.6276 19.1747 1.02158
13.7262 19.2225 1.02367
13.8248 19.2698 1.02574
13.9234 19.3168 1.02779
14.022 19.3634 1.02983
14.1206 19.4095 1.03186
14.2192 19.4554 1.03387
14.3178 19.5008 1.03586
14.4164 19.5459 1.03784
14.515 19.5906 1.0398
14.6136 19.635 1.04175
14.7122 19.679 1.04369
14.8108 19.7226 1.04561
14.9094 19.766 1.04752
15.008 19.8089 1.04941
15.1066 19.8516 1.05129
15.2052 19.8939 1.05316
15.3038 19.9359 1.05501
15.4024 19.9776 1.05685
15.501 20.019 1.05868
15.5996 20.0601 1.0605
15.6982 20.1009 1.0623
15.7968 20.1414 1.0641
15.8954 20.1816 1.06588
15.994 20.2216 1.06765
16.0926 20.2612 1.0694
16.1912 20.3006 1.07115
16.2898 20.3397 1.07289
16.3884 20.3785 1.07461
16.487 20.417 1.07632
16.5856 20.4553 1.07802
16.6842 20.4933 1.07971
16.7828 20.5311 1.08139
16.8814 20.5686 1.08306
16.98 20.6058 1.08472
17.0786 20.6428 1.08637
17.1772 20.6796 1.08801
17.2758 20.7161 1.08964
17.3744 20.7524 1.09126
17.473 20.7884 1.09287
17.5716 20.8242 1.09446
17.6702 20.8598 1.09605
17.7688 20.8951 1.09763
17.8674 20.9302 1.0992
17.966 20.9651 1.10077
18.0646 20.9997 1.10232
18.1632 21.0342 1.10386
18.2618 21.0684 1.10539
18.3604 21.1024 1.10692
18.459 21.1362 1.10844
18.5576 21.1698 1.10994
18.6562 21.2031 1.11144
18.7548 21.2363 1.11293
18.8534 21.2693 1.11441
18.952 21.302 1.11589
19.0506 21.3346 1.11735
19.1491 21.367 1.11881
19.2477 21.3992 1.12026
19.3463 21.4311 1.1217
19.4449 21.4629 1.12313
19.5435 21.4945 1.12456
19.6421 21.5259 1.12597
19.7407 21.5572 1.12738
19.8393 21.5882 1.12879
19.9379 21.6191 1.13018
20.0365 21.6498 1.13157
20.1351 21.6803 1.13295
20.2337 21.7106 1.13432
20.3323 21.7408 1.13568
20.4309 21.7708 1.13704
20.5295 21.8006 1.13839
20.6281 21.8303 1.13973
20.7267 21.8598 1.14107
20.8253 21.8891 1.1424
20.9239 21.9182 1.14372
21.0225 21.9472 1.14504
21.1211 21.9761 1.14635
21.2197 22.0048 1.14765
21.3183 22.0333 1.14895
21.4169 22.0616 1.15024
21.5155 22.0898 1.15152
21.6141 22.1179 1.15279
21.7127 22.1458 1.15407
21.8113 22.1736 1.15533
21.9099 22.2012 1.15659
22.0085 22.2287 1.15784
22.1071 22.256 1.15908
22.2057 22.2832 1.16032
22.3043 22.3103 1.16156
22.4029 22.3372 1.16279
22.5015 22.364 1.16401
22.6001 22.3906 1.16523
22.6987 22.4171 1.16644
22.7973 22.4435 1.16764
22.8959 22.4697 1.16884
22.9945 22.4959 1.17004
23.0931 22.5218 1.17123
23.1917 22.5477 1.17241
23.2903 22.5734 1.17359
23.3889 22.599 1.17476
23.4875 22.6245 1.17593
23.5861 22.6499 1.17709
23.6847 22.6751 1.17825
23.7833 22.7002 1.1794
23.8819 22.7252 1.18054
23.9805 22.7501 1.18169
24.0791 22.7748 1.18282
24.1777 22.7994 1.18395
24.2763 22.824 1.18508
24.3749 22.8484 1.1862
24.4735 22.8726 1.18732
24.5721 22.8968 1.18843
24.6707 22.9209 1.18954
24.7693 22.9448 1.19064
24.8679 22.9686 1.19174
24.9665 22.9924 1.19283
25.0651 23.016 1.19392
25.1637 23.0395 1.195
25.2623 23.0629 1.19608
25.3609 23.0862 1.19715
25.4595 23.1094 1.19822
25.5581 23.1325 1.19929
25.6567 23.1555 1.20035
25.7553 23.1783 1.20141
25.8539 23.2011 1.20246
25.9525 23.2238 1.20351
26.0511 23.2464 1.20455
26.1496 23.2688 1.20559
26.2482 23.2912 1.20662
26.3468 23.3135 1.20765
26.4454 23.3357 1.20868
26.544 23.3578 1.2097
26.6426 23.3797 1.21072
26.7412 23.4016 1.21174
26.8398 23.4234 1.21275
26.9384 23.4451 1.21375
27.037 23.4668 1.21475
27.1356 23.4883 1.21575
27.2342 23.5097 1.21675
27.3328 23.531 1.21774
27.4314 23.5523 1.21872
27.53 23.5734 1.21971
27.6286 23.5945 1.22068
27.7272 23.6155 1.22166
27.8258 23.6364 1.22263
27.9244 23.6572 1.2236
28.023 23.6779 1.22456
28.1216 23.6986 1.22552
28.2202 23.7191 1.22648
28.3188 23.7396 1.22743
28.4174 23.76 1.22838
28.516 23.7803 1.22933
28.6146 23.8005 1.23027
28.7132 23.8206 1.23121
28.8118 23.8407 1.23214
28.9104 23.8607 1.23307
29.009 23.8806 1.234
29.1076 23.9004 1.23493
29.2062 23.9201 1.23585
29.3048 23.9398 1.23677
29.4034 23.9594 1.23768
29.502 23.9789 1.23859
29.6006 23.9983 1.2395
29.6992 24.0176 1.2404
29.7978 24.0369 1.2413
29.8964 24.0561 1.2422
29.995 24.0752 1.2431
30.0936 24.0943 1.24399
30.1922 24.1133 1.24488
30.2908 24.1322 1.24576
30.3894 24.151 1.24664
30.488 24.1698 1.24752
30.5866 24.1885 1.2484
30.6852 24.2071 1.24927
30.7838 24.2256 1.25014
30.8824 24.2441 1.25101
30.981 24.2625 1.25187
31.0796 24.2809 1.25273
31.1782 24.2991 1.25359
31.2768 24.3173 1.25444
31.3754 24.3355 1.25529
31.474 24.3535 1.25614
31.5726 24.3716 1.25699
31.6712 24.3895 1.25783
31.7698 24.4074 1.25867
31.8684 24.4252 1.25951
31.967 24.4429 1.26034
32.0656 24.4606 1.26117
32.1642 24.4782 1.262
32.2628 24.4958 1.26283
32.3614 24.5133 1.26365
32.46 24.5307 1.26447
32.5586 24.5481 1.26529
32.6572 24.5654 1.26611
32.7558 24.5826 1.26692
32.8544 24.5998 1.26773
32.953 24.6169 1.26854
33.0516 24.634 1.26934
33.1502 24.651 1.27014
33.2487 24.668 1.27094
33.3473 24.6848 1.27174
33.4459 24.7017 1.27253
33.5445 24.7185 1.27333
33.6431 24.7352 1.27412
33.7417 24.7518 1.2749
33.8403 24.7684 1.27569
33.9389 24.785 1.27647
34.0375 24.8015 1.27725
34.1361 24.8179 1.27803
34.2347 24.8343 1.2788
34.3333 24.8506 1.27957
34.4319 24.8669 1.28034
34.5305 24.8831 1.28111
34.6291 24.8993 1.28188
34.7277 24.9154 1.28264
34.8263 24.9314 1.2834
34.9249 24.9475 1.28416
35.0235 24.9634 1.28491
35.1221 24.9793 1.28567
35.2207 24.9952 1.28642
35.3193 25.011 1.28717
35.4179 25.0267 1.28791
35.5165 25.0424 1.28866
35.6151 25.058 1.2894
35.7137 25.0736 1.29014
35.8123 25.0892 1.29088
35.9109 25.1047 1.29161
36.0095 25.1201 1.29235
36.1081 25.1355 1.29308
36.2067 25.1508 1.29381
36.3053 25.1661 1.29454
36.4039 25.1814 1.29526
36.5025 25.1966 1.29598
36.6011 25.2117 1.2967
36.6997 25.2268 1.29742
36.7983 25.2419 1.29814
36.8969 25.2569 1.29885
36.9955 25.2719 1.29957
37.0941 25.2868 1.30028
37.1927 25.3017 1.30098
37.2913 25.3165 1.30169
37.3899 25.3313 1.30239
37.4885 25.346 1.3031
37.5871 25.3607 1.3038
37.6857 25.3753 1.30449
37.7843 25.3899 1.30519
37.8829 25.4045 1.30588
37.9815 25.419 1.30658
38.0801 25.4335 1.30727
38.1787 25.4479 1.30796
38.2773 25.4623 1.30864
38.3759 25.4766 1.30933
38.4745 25.4909 1.31001
38.5731 25.5051 1.31069
38.6717 25.5193 1.31137
38.7703 25.5335 1.31204
38.8689 25.5476 1.31272
38.9675 25.5617 1.31339
39.0661 25.5758 1.31406
39.1647 25.5898 1.31473
39.2633 25.6037 1.3154
39.3619 25.6176 1.31607
39.4605 25.6315 1.31673
39.5591 25.6453 1.31739
39.6577 25.6591 1.31805
39.7563 25.6729 1.31871
39.8549 25.6866 1.31937
39.9535 25.7003 1.32002
40.0521 25.7139 1.32068
40.1507 25.7275 1.32133
40.2492 25.7411 1.32198
40.3478 25.7546 1.32263
40.4464 25.7681 1.32327
40.545 25.7815 1.32392
40.6436 25.7949 1.32456
40.7422 25.8083 1.3252
40.8408 25.8216 1.32584
40.9394 25.8349 1.32648
41.038 25.8481 1.32711
41.1366 25.8613 1.32775
41.2352 25.8745 1.32838
41.3338 25.8877 1.32901
41.4324 25.9008 1.32964
41.531 25.9138 1.33027
41.6296 25.9269 1.3309
41.7282 25.9398 1.33152
41.8268 25.9528 1.33214
41.9254 25.9657 1.33277
42.024 25.9786 1.33339
42.1226 25.9915 1.334
42.2212 26.0043 1.33462
42.3198 26.0171 1.33524
42.4184 26.0298 1.33585
42.517 26.0425 1.33646
42.6156 26.0552 1.33707
42.7142 26.0678 1.33768
42.8128 26.0804 1.33829
42.9114 26.093 1.33889
43.01 26.1056 1.3395
43.1086 26.1181 1.3401
43.2072 26.1305 1.3407
43.3058 26.143 1.3413
43.4044 26.1554 1.3419
43.503 26.1678 1.3425
43.6016 26.1801 1.34309
43.7002 26.1924 1.34369
43.7988 26.2047 1.34428
43.8974 26.2169 1.34487
43.996 26.2291 1.34546
44.0946 26.2413 1.34605
44.1932 26.2535 1.34663
44.2918 26.2656 1.34722
44.3904 26.2777 1.3478
44.489 26.2897 1.34838
44.5876 26.3017 1.34897
44.6862 26.3137 1.34954
44.7848 26.3257 1.35012
44.8834 26.3376 1.3507
44.982 26.3495 1.35127
45.0806 26.3614 1.35185
45.1792 26.3732 1.35242
45.2778 26.385 1.35299
45.3764 26.3968 1.35356
45.475 26.4085 1.35413
45.5736 26.4202 1.3547
45.6722 26.4319 1.35526
45.7708 26.4436 1.35583
45.8694 26.4552 1.35639
45.968 26.4668 1.35695
46.0666 26.4783 1.35751
46.1652 26.4899 1.35807
46.2638 26.5014 1.35863
46.3624 26.5129 1.35919
46.461 26.5243 1.35974
46.5596 26.5357 1.36029
46.6582 26.5471 1.36085
46.7568 26.5585 1.3614
46.8554 26.5698 1.36195
46.954 26.5811 1.3625
47.0526 26.5924 1.36305
47.1512 26.6037 1.36359
47.2497 26.6149 1.36414
47.3483 26.6261 1.36468
47.4469 26.6373 1.36522
47.5455 26.6484 1.36576
47.6441 26.6595 1.3663
47.7427 26.6706 1.36684
47.8413 26.6817 1.36738
47.9399 26.6927 1.36792
48.0385 26.7037 1.36845
48.1371 26.7147 1.36899
48.2357 26.7257 1.36952
48.3343 26.7366 1.37005
48.4329 26.7475 1.37058
48.5315 26.7584 1.37111
48.6301 26.7692 1.37164
48.7287 26.78 1.37216
48.8273 26.7908 1.37269
48.9259 26.8016 1.37322
49.0245 26.8124 1.37374
49.1231 26.8231 1.37426
49.2217 26.8338 1.37478
49.3203 26.8445 1.3753
49.4189 26.8551 1.37582
49.5175 26.8658 1.37634
49.6161 26.8764 1.37686
49.7147 26.8869 1.37737
49.8133 26.8975 1.37789
49.9119 26.908 1.3784
50.0105 26.9185 1.37891
50.1091 26.929 1.37942
50.2077 26.9394 1.37993
50.3063 26.9499 1.38044
50.4049 26.9603 1.38095
50.5035 26.9707 1.38146
50.6021 26.981 1.38196
50.7007 26.9914 1.38247
50.7993 27.0017 1.38297
50.8979 27.012 1.38347
50.9965 27.0222 1.38398
51.0951 27.0325 1.38448
51.1937 27.0427 1.38498
51.2923 27.0529 1.38547
51.3909 27.0631 1.38597
51.4895 27.0732 1.38647
51.5881 27.0834 1.38696
51.6867 27.0935 1.38746
51.7853 27.1036 1.38795
51.8839 27.1136 1.38844
51.9825 27.1237 1.38894
52.0811 27.1337 1.38943
52.1797 27.1437 1.38991
52.2783 27.1537 1.3904
52.3769 27.1636 1.39089
52.4755 27.1735 1.39138
52.5741 27.1834 1.39186
52.6727 27.1933 1.39235
52.7713 27.2032 1.39283
52.8699 27.213 1.39331
52.9685 27.2229 1.39379
53.0671 27.2327 1.39427
53.1657 27.2424 1.39475
53.2643 27.2522 1.39523
53.3629 27.2619 1.39571
53.4615 27.2717 1.39619
53.5601 27.2814 1.39666
53.6587 27.291 1.39714
53.7573 27.3007 1.39761
53.8559 27.3103 1.39808
53.9545 27.3199 1.39855
54.0531 27.3295 1.39902
54.1517 27.3391 1.39949
54.2503 27.3486 1.39996
54.3488 27.3582 1.40043
54.4474 27.3677 1.4009
54.546 27.3772 1.40137
54.6446 27.3867 1.40183
54.7432 27.3961 1.40229
54.8418 27.4055 1.40276
54.9404 27.4149 1.40322
55.039 27.4243 1.40368
55.1376 27.4337 1.40414
55.2362 27.4431 1.4046
55.3348 27.4524 1.40506
55.4334 27.4617 1.40552
55.532 27.471 1.40598
55.6306 27.4803 1.40643
55.7292 27.4895 1.40689
55.8278 27.4988 1.40734
55.9264 27.508 1.4078
56.025 27.5172 1.40825
56.1236 27.5264 1.4087
56.2222 27.5355 1.40915
56.3208 27.5447 1.4096
56.4194 27.5538 1.41005
56.518 27.5629 1.4105
56.6166 27.572 1.41095
56.7152 27.5811 1.4114
56.8138 27.5901 1.41184
56.9124 27.5991 1.41229
57.011 27.6082 1.41273
57.1096 27.6172 1.41318
57.2082 27.6261 1.41362
57.3068 27.6351 1.41406
57.4054 27.644 1.4145
57.504 27.653 1.41494
57.6026 27.6619 1.41538
57.7012 27.6707 1.41582
57.7998 27.6796 1.41626
57.8984 27.6885 1.41669
57.997 27.6973 1.41713
58.0956 27.7061 1.41757
58.1942 27.7149 1.418
58.2928 27.7237 1.41843
58.3914 27.7325 1.41887
58.49 27.7412 1.4193
58.5886 27.7499 1.41973
58.6872 27.7587 1.42016
58.7858 27.7674 1.42059
58.8844 27.776 1.42102
58.983 27.7847 1.42145
59.0816 27.7933 1.42187
59.1802 27.802 1.4223
59.2788 27.8106 1.42273
59.3774 27.8192 1.42315
59.476 27.8278 1.42358
59.5746 27.8363 1.424
59.6732 27.8449 1.42442
59.7718 27.8534 1.42484
59.8704 27.8619 1.42527
59.969 27.8704 1.42569
60.0676 27.8789 1.42611
60.1662 27.8873 1.42652
60.2648 27.8958 1.42694
60.3634 27.9042 1.42736
60.462 27.9126 1.42778
60.5606 27.921 1.42819
60.6592 27.9294 1.42861
60.7578 27.9378 1.42902
60.8564 27.9461 1.42944
60.955 27.9545 1.42985
61.0536 27.9628 1.43026
61.1522 27.9711 1.43067
61.2508 27.9794 1.43108
61.3493 27.9876 1.43149
61.4479 27.9959 1.4319
61.5465 28.0041 1.43231
61.6451 28.0124 1.43272
61.7437 28.0206 1.43313
61.8423 28.0288 1.43353
61.9409 28.0369 1.43394
62.0395 28.0451 1.43435
62.1381 28.0533 1.43475
62.2367 28.0614 1.43515
62.3353 28.0695 1.43556
62.4339 28.0776 1.43596
62.5325 28.0857 1.43636
62.6311 28.0938 1.43676
62.7297 28.1018 1.43716
62.8283 28.1099 1.43756
62.9269 28.1179 1.43796
63.0255 28.1259 1.43836
63.1241 28.1339 1.43876
63.2227 28.1419 1.43915
63.3213 28.1499 1.43955
63.4199 28.1578 1.43995
63.5185 28.1658 1.44034
63.6171 28.1737 1.44073
63.7157 28.1816 1.44113
63.8143 28.1895 1.44152
63.9129 28.1974 1.44191
64.0115 28.2053 1.4423
64.1101 28.2131 1.4427
64.2087 28.221 1.44309
64.3073 28.2288 1.44348
64.4059 28.2366 1.44386
64.5045 28.2444 1.44425
64.6031 28.2522 1.44464
64.7017 28.26 1.44503
64.8003 28.2677 1.44541
64.8989 28.2755 1.4458
64.9975 28.2832 1.44618
65.0961 28.2909 1.44657
65.1947 28.2986 1.44695
65.2933 28.3063 1.44733
65.3919 28.314 1.44772
65.4905 28.3216 1.4481
65.5891 28.3293 1.44848
65.6877 28.3369 1.44886
65.7863 28.3445 1.44924
65.8849 28.3522 1.44962
65.9835 28.3597 1.45
66.0821 28.3673 1.45038
66.1807 28.3749 1.45075
66.2793 28.3825 1.45113
66.3779 28.39 1.45151
66.4765 28.3975 1.45188
66.5751 28.405 1.45226
66.6737 28.4125 1.45263
66.7723 28.42 1.45301
66.8709 28.4275 1.45338
66.9695 28.435 1.45375
67.0681 28.4424 1.45412
67.1667 28.4499 1.4545
67.2653 28.4573 1.45487
67.3639 28.4647 1.45524
67.4625 28.4721 1.45561
67.5611 28.4795 1.45598
67.6597 28.4869 1.45634
67.7583 28.4942 1.45671
67.8569 28.5016 1.45708
67.9555 28.5089 1.45745
68.0541 28.5162 1.45781
68.1527 28.5235 1.45818
68.2513 28.5308 1.45854
68.3498 28.5381 1.45891
68.4484 28.5454 1.45927
68.547 28.5527 1.45963
68.6456 28.5599 1.46
68.7442 28.5672 1.46036
68.8428 28.5744 1.46072
68.9414 28.5816 1.46108
69.04 28.5888 1.46144
69.1386 28.596 1.4618
69.2372 28.6032 1.46216
69.3358 28.6103 1.46252
69.4344 28.6175 1.46288
69.533 28.6246 1.46323
69.6316 28.6317 1.46359
69.7302 28.6389 1.46395
69.8288 28.646 1.4643
69.9274 28.6531 1.46466
70.026 28.6601 1.46501
70.1246 28.6672 1.46537
70.2232 28.6743 1.46572
70.3218 28.6813 1.46607
70.4204 28.6884 1.46643
70.519 28.6954 1.46678
70.6176 28.7024 1.46713
70.7162 28.7094 1.46748
70.8148 28.7164 1.46783
70.9134 28.7234 1.46818
71.012 28.7303 1.46853
71.1106 28.7373 1.46888
71.2092 28.7442 1.46923
71.3078 28.7512 1.46958
71.4064 28.7581 1.46992
71.505 28.765 1.47027
71.6036 28.7719 1.47062
71.7022 28.7788 1.47096
71.8008 28.7857 1.47131
71.8994 28.7925 1.47165
71.998 28.7994 1.472
72.0966 28.8062 1.47234
72.1952 28.8131 1.47268
72.2938 28.8199 1.47303
72.3924 28.8267 1.47337
72.491 28.8335 1.47371
72.5896 28.8403 1.47405
72.6882 28.8471 1.47439
72.7868 28.8538 1.47473
72.8854 28.8606 1.47507
72.984 28.8673 1.47541
73.0826 28.8741 1.47575
73.1812 28.8808 1.47609
73.2798 28.8875 1.47642
73.3784 28.8942 1.47676
73.477 28.9009 1.4771
73.5756 28.9076 1.47743
73.6742 28.9142 1.47777
73.7728 28.9209 1.4781
73.8714 28.9276 1.47844
73.97 28.9342 1.47877
74.0686 28.9408 1.4791
74.1672 28.9474 1.47944
74.2658 28.9541 1.47977
74.3644 28.9607 1.4801
74.463 28.9672 1.48043
74.5616 28.9738 1.48076
74.6602 28.9804 1.4811
74.7588 28.9869 1.48143
74.8574 28.9935 1.48176
74.956 29 1.48208
75.0546 29.0066 1.48241
75.1532 29.0131 1.48274
75.2518 29.0196 1.48307
75.3504 29.0261 1.4834
75.4489 29.0326 1.48372
75.5475 29.039 1.48405
75.6461 29.0455 1.48438
75.7447 29.052 1.4847
75.8433 29.0584 1.48503
75.9419 29.0649 1.48535
76.0405 29.0713 1.48567
76.1391 29.0777 1.486
76.2377 29.0841 1.48632
76.3363 29.0905 1.48664
76.4349 29.0969 1.48697
76.5335 29.1033 1.48729
76.6321 29.1097 1.48761
76.7307 29.116 1.48793
76.8293 29.1224 1.48825
76.9279 29.1287 1.48857
77.0265 29.135 1.48889
77.1251 29.1414 1.48921
77.2237 29.1477 1.48953
77.3223 29.154 1.48985
77.4209 29.1603 1.49016
77.5195 29.1666 1.49048
77.6181 29.1728 1.4908
77.7167 29.1791 1.49111
77.8153 29.1854 1.49143
77.9139 29.1916 1.49175
78.0125 29.1979 1.49206
78.1111 29.2041 1.49238
78.2097 29.2103 1.49269
78.3083 29.2165 1.493
78.4069 29.2227 1.49332
78.5055 29.2289 1.49363
78.6041 29.2351 1.49394
78.7027 29.2413 1.49426
78.8013 29.2474 1.49457
78.8999 29.2536 1.49488
78.9985 29.2598 1.49519
79.0971 29.2659 1.4955
79.1957 29.272 1.49581
79.2943 29.2781 1.49612
79.3929 29.2843 1.49643
79.4915 29.2904 1.49674
79.5901 29.2965 1.49705
79.6887 29.3025 1.49735
79.7873 29.3086 1.49766
79.8859 29.3147 1.49797
79.9845 29.3208 1.49828
80.0831 29.3268 1.49858
80.1817 29.3328 1.49889
80.2803 29.3389 1.49919
80.3789 29.3449 1.4995
80.4775 29.3509 1.4998
80.5761 29.3569 1.50011
80.6747 29.3629 1.50041
80.7733 29.3689 1.50072
80.8719 29.3749 1.50102
80.9705 29.3809 1.50132
81.0691 29.3868 1.50162
81.1677 29.3928 1.50193
81.2663 29.3988 1.50223
81.3649 29.4047 1.50253
81.4635 29.4106 1.50283
81.5621 29.4165 1.50313
81.6607 29.4225 1.50343
81.7593 29.4284 1.50373
81.8579 29.4343 1.50403
81.9565 29.4402 1.50433
82.0551 29.446 1.50462
82.1537 29.4519 1.50492
82.2523 29.4578 1.50522
82.3509 29.4636 1.50552
82.4494 29.4695 1.50581
82.548 29.4753 1.50611
82.6466 29.4812 1.50641
82.7452 29.487 1.5067
82.8438 29.4928 1.507
82.9424 29.4986 1.50729
83.041 29.5044 1.50759
83.1396 29.5102 1.50788
83.2382 29.516 1.50817
83.3368 29.5218 1.50847
83.4354 29.5275 1.50876
83.534 29.5333 1.50905
83.6326 29.539 1.50935
83.7312 29.5448 1.50964
83.8298 29.5505 1.50993
83.9284 29.5563 1.51022
84.027 29.562 1.51051
84.1256 29.5677 1.5108
84.2242 29.5734 1.51109
84.3228 29.5791 1.51138
84.4214 29.5848 1.51167
84.52 29.5905 1.51196
84.6186 29.5961 1.51225
84.7172 29.6018 1.51253
84.8158 29.6075 1.51282
84.9144 29.6131 1.51311
85.013 29.6188 1.5134
85.1116 29.6244 1.51368
85.2102 29.63 1.51397
85.3088 29.6357 1.51426
85.4074 29.6413 1.51454
85.506 29.6469 1.51483
85.6046 29.6525 1.51511
85.7032 29.6581 1.5154
85.8018 29.6636 1.51568
85.9004 29.6692 1.51596
85.999 29.6748 1.51625
86.0976 29.6804 1.51653
86.1962 29.6859 1.51681
86.2948 29.6914 1.5171
86.3934 29.697 1.51738
86.492 29.7025 1.51766
86.5906 29.708 1.51794
86.6892 29.7136 1.51822
86.7878 29.7191 1.5185
86.8864 29.7246 1.51878
86.985 29.7301 1.51906
87.0836 29.7356 1.51934
87.1822 29.741 1.51962
87.2808 29.7465 1.5199
87.3794 29.752 1.52018
87.478 29.7574 1.52046
87.5766 29.7629 1.52074
87.6752 29.7683 1.52101
87.7738 29.7738 1.52129
87.8724 29.7792 1.52157
87.971 29.7846 1.52184
88.0696 29.79 1.52212
88.1682 29.7954 1.5224
88.2668 29.8008 1.52267
88.3654 29.8062 1.52295
88.464 29.8116 1.52322
88.5626 29.817 1.5235
88.6612 29.8224 1.52377
88.7598 29.8277 1.52404
88.8584 29.8331 1.52432
88.957 29.8385 1.52459
89.0556 29.8438 1.52486
89.1542 29.8491 1.52514
89.2528 29.8545 1.52541
89.3514 29.8598 1.52568
89.4499 29.8651 1.52595
89.5485 29.8704 1.52622
89.6471 29.8757 1.52649
89.7457 29.881 1.52676
89.8443 29.8863 1.52703
89.9429 29.8916 1.5273
90.0415 29.8969 1.52757
90.1401 29.9022 1.52784
90.2387 29.9074 1.52811
90.3373 29.9127 1.52838
90.4359 29.9179 1.52865
90.5345 29.9232 1.52892
90.6331 29.9284 1.52918
90.7317 29.9336 1.52945
90.8303 29.9389 1.52972
90.9289 29.9441 1.52999
91.0275 29.9493 1.53025
91.1261 29.9545 1.53052
91.2247 29.9597 1.53078
91.3233 29.9649 1.53105
91.4219 29.9701 1.53131
91.5205 29.9752 1.53158
91.6191 29.9804 1.53184
91.7177 29.9856 1.53211
91.8163 29.9907 1.53237
91.9149 29.9959 1.53264
92.0135 30.001 1.5329
92.1121 30.0062 1.53316
92.2107 30.0113 1.53343
92.3093 30.0164 1.53369
92.4079 30.0216 1.53395
92.5065 30.0267 1.53421
92.6051 30.0318 1.53447
92.7037 30.0369 1.53473
92.8023 30.042 1.53499
92.9009 30.0471 1.53526
92.9995 30.0521 1.53552
93.0981 30.0572 1.53578
93.1967 30.0623 1.53604
93.2953 30.0673 1.53629
93.3939 30.0724 1.53655
93.4925 30.0775 1.53681
93.5911 30.0825 1.53707
93.6897 30.0875 1.53733
93.7883 30.0926 1.53759
93.8869 30.0976 1.53784
93.9855 30.1026 1.5381
94.0841 30.1076 1.53836
94.1827 30.1126 1.53862
94.2813 30.1176 1.53887
94.3799 30.1226 1.53913
94.4785 30.1276 1.53938
94.5771 30.1326 1.53964
94.6757 30.1376 1.53989
94.7743 30.1425 1.54015
94.8729 30.1475 1.5404
94.9715 30.1525 1.54066
95.0701 30.1574 1.54091
95.1687 30.1624 1.54117
95.2673 30.1673 1.54142
95.3659 30.1722 1.54167
95.4645 30.1772 1.54193
95.5631 30.1821 1.54218
95.6617 30.187 1.54243
95.7603 30.1919 1.54268
95.8589 30.1968 1.54293
95.9575 30.2017 1.54319
96.0561 30.2066 1.54344
96.1547 30.2115 1.54369
96.2533 30.2164 1.54394
96.3519 30.2213 1.54419
96.4505 30.2261 1.54444
96.549 30.231 1.54469
96.6476 30.2359 1.54494
96.7462 30.2407 1.54519
96.8448 30.2456 1.54544
96.9434 30.2504 1.54569
97.042 30.2552 1.54593
97.1406 30.2601 1.54618
97.2392 30.2649 1.54643
97.3378 30.2697 1.54668
97.4364 30.2745 1.54693
97.535 30.2793 1.54717
97.6336 30.2841 1.54742
97.7322 30.2889 1.54767
97.8308 30.2937 1.54791
97.9294 30.2985 1.54816
98.028 30.3033 1.5484
98.1266 30.308 1.54865
98.2252 30.3128 1.54889
98.3238 30.3176 1.54914
98.4224 30.3223 1.54938
98.521 30.3271 1.54963
98.6196 30.3318 1.54987
98.7182 30.3366 1.55012
98.8168 30.3413 1.55036
98.9154 30.346 1.5506
99.014 30.3507 1.55085
99.1126 30.3555 1.55109
99.2112 30.3602 1.55133
99.3098 30.3649 1.55157
99.4084 30.3696 1.55182
99.507 30.3743 1.55206
99.6056 30.379 1.5523
99.7042 30.3837 1.55254
99.8028 30.3883 1.55278
99.9014 30.393 1.55302
100 30.3977 1.55326
