1e-05 69.8347 3.17258
0.00101099 16.9236 0.939643
0.00201198 13.1958 0.800924
0.00301297 11.3 0.736713
0.00401396 10.0674 0.698613
0.00501495 9.17014 0.673325
0.00601595 8.47381 0.65543
0.00701694 7.90808 0.642223
0.00801793 7.4352 0.632237
0.00901892 7.03095 0.624545
0.0100199 6.67839 0.618513
0.0110209 6.36725 0.613771
0.0120219 6.08985 0.610048
0.0130229 5.83958 0.607103
0.0140239 5.61203 0.604787
0.0150249 5.40389 0.602991
0.0160259 5.21258 0.601635
0.0170268 5.03576 0.600641
0.0180278 4.87136 0.599927
0.0190288 4.71789 0.599457
0.0200298 4.57423 0.599196
0.0210308 4.43938 0.59911
0.0220318 4.31252 0.599183
0.0230328 4.19284 0.599394
0.0240338 4.07957 0.59971
0.0250348 3.97209 0.600109
0.0260358 3.86992 0.60059
0.0270368 3.77266 0.601142
0.0280377 3.67994 0.601751
0.0290387 3.59141 0.602407
0.0300397 3.50679 0.603114
0.0310407 3.42579 0.603864
0.0320417 3.34813 0.604643
0.0330427 3.27357 0.60544
0.0340437 3.2019 0.606251
0.0350447 3.13295 0.607082
0.0360457 3.06655 0.607928
0.0370467 3.00257 0.608784
0.0380477 2.94087 0.609644
0.0390486 2.88131 0.610506
0.0400496 2.8238 0.611378
0.0410506 2.76821 0.612255
0.0420516 2.71443 0.613132
0.0430526 2.66238 0.614003
0.0440536 2.61194 0.614863
0.0450546 2.56305 0.615713
0.0460556 2.51564 0.616559
0.0470566 2.46963 0.6174
0.0480576 2.42498 0.618233
0.0490586 2.3816 0.619054
0.0500595 2.33946 0.619863
0.0510605 2.29849 0.620659
0.0520615 2.25866 0.621448
0.0530625 2.21991 0.622229
0.0540635 2.1822 0.623
0.0550645 2.14549 0.623758
0.0560655 2.10972 0.6245
0.0570665 2.07486 0.625224
0.0580675 2.04087 0.625931
0.0590685 2.00774 0.626626
0.0600695 1.97542 0.627309
0.0610705 1.94389 0.627979
0.0620714 1.91311 0.628635
0.0630724 1.88307 0.629274
0.0640734 1.85372 0.629895
0.0650744 1.82506 0.630498
0.0660754 1.79706 0.631086
0.0670764 1.76969 0.631663
0.0680774 1.74295 0.632227
0.0690784 1.71681 0.632776
0.0700794 1.69123 0.633308
0.0710804 1.66622 0.633824
0.0720814 1.64174 0.634321
0.0730823 1.61778 0.634798
0.0740833 1.59432 0.635259
0.0750843 1.57136 0.635706
0.0760853 1.54889 0.636139
0.0770863 1.52687 0.636557
0.0780873 1.50531 0.636959
0.0790883 1.48418 0.637344
0.0800893 1.46347 0.637713
0.0810903 1.44317 0.638064
0.0820913 1.42326 0.638397
0.0830923 1.40375 0.638717
0.0840932 1.38462 0.639025
0.0850942 1.36586 0.639318
0.0860952 1.34746 0.639597
0.0870962 1.32941 0.639861
0.0880972 1.3117 0.640108
0.0890982 1.29432 0.640339
0.0900992 1.27725 0.640552
0.0911002 1.2605 0.640746
0.0921012 1.24405 0.640926
0.0931022 1.2279 0.641092
0.0941032 1.21205 0.641245
0.0951041 1.19649 0.641383
0.0961051 1.1812 0.641507
0.0971061 1.16618 0.641615
0.0981071 1.15142 0.641708
0.0991081 1.13692 0.641785
0.100109 1.12266 0.641845
0.10111 1.10865 0.64189
0.102111 1.09487 0.641921
0.103112 1.08133 0.64194
0.104113 1.06803 0.641945
0.105114 1.05494 0.641937
0.106115 1.04208 0.641915
0.107116 1.02943 0.641879
0.108117 1.01698 0.641827
0.109118 1.00474 0.641761
0.110119 0.992695 0.641678
0.11112 0.98084 0.64158
0.112121 0.969178 0.641469
0.113122 0.957709 0.641346
0.114123 0.946426 0.64121
0.115124 0.935325 0.641061
0.116125 0.924399 0.640899
0.117126 0.913644 0.640723
0.118127 0.903056 0.640533
0.119128 0.892628 0.64033
0.120129 0.882358 0.640112
0.12113 0.872239 0.63988
0.122131 0.862271 0.639634
0.123132 0.852456 0.639376
0.124133 0.842792 0.639106
0.125134 0.833275 0.638825
0.126135 0.823901 0.638531
0.127136 0.814667 0.638224
0.128137 0.80557 0.637906
0.129138 0.796606 0.637574
0.130139 0.787771 0.637229
0.13114 0.779063 0.63687
0.132141 0.770479 0.636499
0.133142 0.762016 0.636113
0.134143 0.753678 0.635717
0.135144 0.745464 0.635309
0.136145 0.73737 0.63489
0.137146 0.729393 0.63446
0.138147 0.721529 0.634018
0.139148 0.713777 0.633564
0.140149 0.706132 0.633098
0.14115 0.698593 0.63262
0.142151 0.691156 0.63213
0.143152 0.683818 0.631627
0.144153 0.676578 0.631112
0.145154 0.669436 0.630585
0.146155 0.662394 0.630048
0.147156 0.655451 0.6295
0.148157 0.648603 0.628941
0.149158 0.641849 0.628372
0.150159 0.635186 0.627792
0.15116 0.628612 0.627201
0.152161 0.622126 0.626599
0.153162 0.615724 0.625985
0.154163 0.609405 0.62536
0.155164 0.603167 0.624724
0.156165 0.597008 0.624077
0.157166 0.590929 0.623418
0.158167 0.584932 0.62275
0.159168 0.579016 0.622072
0.160169 0.573179 0.621385
0.16117 0.567418 0.620687
0.162171 0.561731 0.619979
0.163172 0.556117 0.619261
0.164173 0.550574 0.618533
0.165174 0.545101 0.617794
0.166175 0.539694 0.617045
0.167175 0.534353 0.616286
0.168176 0.529077 0.615516
0.169177 0.523863 0.614736
0.170178 0.518716 0.613946
0.171179 0.513636 0.613147
0.17218 0.508619 0.612339
0.173181 0.503666 0.611522
0.174182 0.498774 0.610695
0.175183 0.493942 0.609859
0.176184 0.489169 0.609014
0.177185 0.484453 0.60816
0.178186 0.479794 0.607296
0.179187 0.475189 0.606423
0.180188 0.470638 0.60554
0.181189 0.46614 0.604648
0.18219 0.461695 0.603748
0.183191 0.457306 0.602839
0.184192 0.452971 0.601921
0.185193 0.448689 0.600995
0.186194 0.444459 0.600061
0.187195 0.44028 0.599118
0.188196 0.436149 0.598167
0.189197 0.432067 0.597207
0.190198 0.428031 0.596239
0.191199 0.424041 0.595263
0.1922 0.420095 0.594278
0.193201 0.416193 0.593284
0.194202 0.412333 0.592282
0.195203 0.408515 0.591272
0.196204 0.404743 0.590253
0.197205 0.401015 0.589227
0.198206 0.39733 0.588193
0.199207 0.393688 0.587151
0.200208 0.390087 0.586101
0.201209 0.386526 0.585044
0.20221 0.383006 0.583979
0.203211 0.379524 0.582907
0.204212 0.376081 0.581827
0.205213 0.372675 0.58074
0.206214 0.369306 0.579646
0.207215 0.365973 0.578544
0.208216 0.362676 0.577435
0.209217 0.359416 0.576319
0.210218 0.356194 0.575197
0.211219 0.353009 0.574067
0.21222 0.349859 0.572931
0.213221 0.346745 0.571788
0.214222 0.343665 0.570638
0.215223 0.340618 0.569481
0.216224 0.337604 0.568317
0.217225 0.334622 0.567147
0.218226 0.33167 0.56597
0.219227 0.32875 0.564787
0.220228 0.325858 0.563597
0.221229 0.322996 0.5624
0.22223 0.320163 0.561197
0.223231 0.317361 0.559987
0.224232 0.314589 0.558771
0.225233 0.311848 0.557548
0.226234 0.309136 0.556319
0.227235 0.306452 0.555084
0.228236 0.303797 0.553843
0.229237 0.301169 0.552596
0.230238 0.298569 0.551343
0.231239 0.295995 0.550085
0.23224 0.293447 0.548821
0.233241 0.290925 0.547552
0.234242 0.288427 0.546278
0.235243 0.285954 0.544998
0.236244 0.283506 0.543713
0.237245 0.281085 0.542423
0.238246 0.27869 0.541127
0.239247 0.27632 0.539826
0.240248 0.273974 0.53852
0.241249 0.271653 0.537208
0.24225 0.269356 0.535892
0.243251 0.267081 0.534571
0.244252 0.264829 0.533244
0.245253 0.262599 0.531913
0.246254 0.260391 0.530577
0.247255 0.258204 0.529236
0.248256 0.256037 0.52789
0.249257 0.253891 0.52654
0.250258 0.251765 0.525185
0.251259 0.24966 0.523825
0.25226 0.247577 0.522459
0.253261 0.245515 0.521089
0.254262 0.243474 0.519714
0.255263 0.241453 0.518335
0.256264 0.239451 0.516951
0.257265 0.23747 0.515563
0.258266 0.235507 0.514171
0.259267 0.233563 0.512775
0.260268 0.231638 0.511376
0.261269 0.229731 0.509972
0.26227 0.227841 0.508565
0.263271 0.225969 0.507155
0.264272 0.224114 0.505742
0.265273 0.222278 0.504325
0.266274 0.22046 0.502904
0.267275 0.21866 0.501479
0.268276 0.216878 0.500051
0.269277 0.215114 0.498619
0.270278 0.213367 0.497183
0.271279 0.211636 0.495744
0.27228 0.209921 0.494302
0.273281 0.208223 0.492856
0.274282 0.20654 0.491407
0.275283 0.204872 0.489956
0.276284 0.203219 0.488501
0.277285 0.20158 0.487044
0.278285 0.199956 0.485583
0.279286 0.198346 0.48412
0.280287 0.196752 0.482653
0.281288 0.195172 0.481182
0.282289 0.193608 0.479709
0.28329 0.192058 0.478232
0.284291 0.190523 0.476752
0.285292 0.189002 0.47527
0.286293 0.187495 0.473784
0.287294 0.186002 0.472297
0.288295 0.184522 0.470807
0.289296 0.183055 0.469315
0.290297 0.181601 0.467821
0.291298 0.18016 0.466325
0.292299 0.178731 0.464827
0.2933 0.177315 0.463328
0.294301 0.175911 0.461827
0.295302 0.17452 0.460324
0.296303 0.173142 0.458818
0.297304 0.171777 0.45731
0.298305 0.170425 0.4558
0.299306 0.169085 0.454288
0.300307 0.167757 0.452773
0.301308 0.16644 0.451258
0.302309 0.165136 0.44974
0.30331 0.163842 0.448221
0.304311 0.16256 0.4467
0.305312 0.161289 0.445178
0.306313 0.160028 0.443655
0.307314 0.158778 0.44213
0.308315 0.157538 0.440604
0.309316 0.156308 0.439077
0.310317 0.155089 0.437548
0.311318 0.153882 0.436017
0.312319 0.152685 0.434483
0.31332 0.151499 0.432949
0.314321 0.150323 0.431412
0.315322 0.149157 0.429875
0.316323 0.148002 0.428336
0.317324 0.146856 0.426797
0.318325 0.14572 0.425256
0.319326 0.144594 0.423715
0.320327 0.143477 0.422174
0.321328 0.14237 0.420633
0.322329 0.141271 0.419091
0.32333 0.140182 0.41755
0.324331 0.139101 0.416009
0.325332 0.13803 0.414466
0.326333 0.136969 0.412923
0.327334 0.135918 0.41138
0.328335 0.134875 0.409835
0.329336 0.133842 0.40829
0.330337 0.132818 0.406745
0.331338 0.131802 0.405199
0.332339 0.130795 0.403653
0.33334 0.129796 0.402107
0.334341 0.128805 0.400561
0.335342 0.127823 0.399015
0.336343 0.126848 0.397469
0.337344 0.12588 0.395923
0.338345 0.124921 0.394378
0.339346 0.123968 0.392833
0.340347 0.123023 0.391287
0.341348 0.122087 0.389741
0.342349 0.121158 0.388195
0.34335 0.120237 0.386648
0.344351 0.119324 0.385101
0.345352 0.118419 0.383554
0.346353 0.11752 0.382007
0.347354 0.11663 0.38046
0.348355 0.115746 0.378914
0.349356 0.11487 0.377369
0.350357 0.114 0.375824
0.351358 0.113138 0.374281
0.352359 0.112282 0.372738
0.35336 0.111433 0.371197
0.354361 0.11059 0.369658
0.355362 0.109754 0.36812
0.356363 0.108925 0.366582
0.357364 0.108103 0.365045
0.358365 0.107288 0.363508
0.359366 0.10648 0.361972
0.360367 0.105678 0.360437
0.361368 0.104883 0.358903
0.362369 0.104095 0.357369
0.36337 0.103312 0.355837
0.364371 0.102536 0.354305
0.365372 0.101766 0.352775
0.366373 0.101002 0.351247
0.367374 0.100243 0.349719
0.368375 0.0994906 0.348194
0.369376 0.0987434 0.34667
0.370377 0.0980016 0.345147
0.371378 0.0972653 0.343626
0.372379 0.096535 0.342106
0.37338 0.0958106 0.340586
0.374381 0.095092 0.339068
0.375382 0.0943792 0.33755
0.376383 0.093672 0.336033
0.377384 0.0929703 0.334518
0.378385 0.0922742 0.333004
0.379386 0.0915834 0.331492
0.380387 0.0908979 0.329982
0.381388 0.0902176 0.328473
0.382389 0.0895425 0.326967
0.38339 0.0888725 0.325463
0.384391 0.0882074 0.323962
0.385392 0.0875473 0.322463
0.386393 0.086892 0.320967
0.387394 0.0862416 0.319473
0.388395 0.0855966 0.317981
0.389395 0.0849568 0.316491
0.390396 0.0843222 0.315002
0.391397 0.0836926 0.313515
0.392398 0.083068 0.31203
0.393399 0.0824482 0.310547
0.3944 0.0818331 0.309067
0.395401 0.0812227 0.307588
0.396402 0.0806169 0.306112
0.397403 0.0800155 0.304638
0.398404 0.0794186 0.303167
0.399405 0.0788259 0.301698
0.400406 0.0782374 0.300232
0.401407 0.077653 0.298769
0.402408 0.0770727 0.297308
0.403409 0.0764965 0.29585
0.40441 0.0759247 0.294393
0.405411 0.0753574 0.292939
0.406412 0.0747944 0.291486
0.407413 0.0742356 0.290035
0.408414 0.0736811 0.288587
0.409415 0.0731308 0.287141
0.410416 0.0725845 0.285697
0.411417 0.0720423 0.284256
0.412418 0.0715041 0.282818
0.413419 0.0709698 0.281383
0.41442 0.0704394 0.279952
0.415421 0.0699127 0.278523
0.416422 0.0693898 0.277098
0.417423 0.0688707 0.275676
0.418424 0.0683551 0.274258
0.419425 0.0678433 0.272844
0.420426 0.0673355 0.271432
0.421427 0.0668316 0.270023
0.422428 0.0663316 0.268617
0.423429 0.0658355 0.267213
0.42443 0.0653431 0.265813
0.425431 0.0648543 0.264415
0.426432 0.0643692 0.263021
0.427433 0.0638875 0.261629
0.428434 0.0634094 0.260241
0.429435 0.0629346 0.258856
0.430436 0.0624631 0.257474
0.431437 0.0619949 0.256096
0.432438 0.0615299 0.254721
0.433439 0.061068 0.25335
0.43444 0.0606091 0.251982
0.435441 0.0601532 0.250618
0.436442 0.0597006 0.249256
0.437443 0.0592514 0.247898
0.438444 0.0588054 0.246542
0.439445 0.0583627 0.245188
0.440446 0.0579231 0.243838
0.441447 0.0574868 0.242492
0.442448 0.0570535 0.241148
0.443449 0.0566233 0.239808
0.44445 0.0561962 0.238471
0.445451 0.055772 0.237138
0.446452 0.0553508 0.235809
0.447453 0.0549325 0.234483
0.448454 0.0545171 0.233162
0.449455 0.0541045 0.231844
0.450456 0.0536948 0.230531
0.451457 0.0532877 0.229223
0.452458 0.0528836 0.227918
0.453459 0.0524825 0.226616
0.45446 0.0520844 0.225318
0.455461 0.0516892 0.224024
0.456462 0.0512969 0.222733
0.457463 0.0509074 0.221445
0.458464 0.0505207 0.220162
0.459465 0.0501368 0.218882
0.460466 0.0497555 0.217605
0.461467 0.0493768 0.216333
0.462468 0.0490007 0.215064
0.463469 0.0486272 0.2138
0.46447 0.0482561 0.212539
0.465471 0.0478874 0.211283
0.466472 0.0475211 0.21003
0.467473 0.0471572 0.208782
0.468474 0.0467955 0.207538
0.469475 0.0464364 0.206297
0.470476 0.0460798 0.20506
0.471477 0.0457257 0.203826
0.472478 0.0453741 0.202596
0.473479 0.0450249 0.201369
0.47448 0.0446781 0.200146
0.475481 0.0443338 0.198927
0.476482 0.0439918 0.197712
0.477483 0.0436521 0.196501
0.478484 0.0433147 0.195294
0.479485 0.0429796 0.194091
0.480486 0.0426468 0.192893
0.481487 0.0423162 0.191699
0.482488 0.0419878 0.190509
0.483489 0.0416615 0.189324
0.48449 0.0413374 0.188144
0.485491 0.0410155 0.186968
0.486492 0.040696 0.185796
0.487493 0.0403787 0.184628
0.488494 0.0400638 0.183465
0.489495 0.0397511 0.182305
0.490496 0.0394405 0.181149
0.491497 0.0391322 0.179998
0.492498 0.038826 0.17885
0.493499 0.0385218 0.177707
0.4945 0.0382197 0.176568
0.495501 0.0379195 0.175433
0.496502 0.0376214 0.174302
0.497503 0.0373251 0.173176
0.498504 0.0370308 0.172054
0.499505 0.0367383 0.170936
0.500505 0.0364476 0.169823
0.501506 0.0361586 0.168714
0.502507 0.0358716 0.167609
0.503508 0.0355865 0.166507
0.504509 0.0353033 0.16541
0.50551 0.035022 0.164317
0.506511 0.0347427 0.163227
0.507512 0.0344652 0.162142
0.508513 0.0341896 0.16106
0.509514 0.0339159 0.159983
0.510515 0.0336439 0.15891
0.511516 0.0333738 0.157842
0.512517 0.0331054 0.156778
0.513518 0.0328388 0.155718
0.514519 0.0325739 0.154663
0.51552 0.0323108 0.153612
0.516521 0.0320494 0.152566
0.517522 0.0317896 0.151525
0.518523 0.0315315 0.150489
0.519524 0.0312752 0.149457
0.520525 0.0310208 0.148429
0.521526 0.0307681 0.147406
0.522527 0.0305171 0.146386
0.523528 0.0302679 0.145372
0.524529 0.0300205 0.144361
0.52553 0.0297746 0.143355
0.526531 0.0295304 0.142353
0.527532 0.0292879 0.141355
0.528533 0.0290469 0.140361
0.529534 0.0288075 0.139372
0.530535 0.0285696 0.138388
0.531536 0.0283332 0.137407
0.532537 0.0280983 0.136432
0.533538 0.0278649 0.13546
0.534539 0.0276329 0.134493
0.53554 0.0274023 0.13353
0.536541 0.0271731 0.132571
0.537542 0.0269456 0.131617
0.538543 0.0267195 0.130666
0.539544 0.0264949 0.129719
0.540545 0.0262718 0.128777
0.541546 0.0260502 0.127839
0.542547 0.0258301 0.126905
0.543548 0.0256114 0.125975
0.544549 0.0253942 0.125049
0.54555 0.0251784 0.124128
0.546551 0.024964 0.123211
0.547552 0.024751 0.122299
0.548553 0.0245394 0.121391
0.549554 0.0243292 0.120488
0.550555 0.0241203 0.119589
0.551556 0.0239128 0.118695
0.552557 0.0237067 0.117805
0.553558 0.0235019 0.11692
0.554559 0.0232987 0.116039
0.55556 0.0230968 0.115163
0.556561 0.0228964 0.11429
0.557562 0.0226973 0.113423
0.558563 0.0224996 0.112559
0.559564 0.0223032 0.111699
0.560565 0.0221082 0.110844
0.561566 0.0219144 0.109993
0.562567 0.021722 0.109147
0.563568 0.0215307 0.108304
0.564569 0.0213407 0.107466
0.56557 0.0211519 0.106632
0.566571 0.0209643 0.105803
0.567572 0.0207779 0.104977
0.568573 0.0205926 0.104156
0.569574 0.0204085 0.103339
0.570575 0.0202255 0.102526
0.571576 0.0200438 0.101717
0.572577 0.0198633 0.100912
0.573578 0.0196839 0.100111
0.574579 0.0195058 0.0993146
0.57558 0.0193289 0.0985218
0.576581 0.0191531 0.0977331
0.577582 0.0189786 0.0969486
0.578583 0.0188051 0.0961683
0.579584 0.0186329 0.0953921
0.580585 0.0184618 0.0946201
0.581586 0.0182918 0.0938524
0.582587 0.018123 0.0930889
0.583588 0.0179553 0.0923298
0.584589 0.0177887 0.0915749
0.58559 0.0176232 0.0908244
0.586591 0.0174588 0.0900782
0.587592 0.0172956 0.0893363
0.588593 0.0171336 0.0885986
0.589594 0.0169727 0.0878651
0.590595 0.0168129 0.0871357
0.591596 0.0166543 0.0864105
0.592597 0.0164967 0.0856894
0.593598 0.0163403 0.0849723
0.594599 0.016185 0.0842593
0.5956 0.0160307 0.0835504
0.596601 0.0158775 0.0828455
0.597602 0.0157253 0.0821447
0.598603 0.0155741 0.0814478
0.599604 0.015424 0.080755
0.600605 0.0152748 0.0800661
0.601606 0.0151266 0.0793812
0.602607 0.0149793 0.0787002
0.603608 0.0148331 0.0780231
0.604609 0.0146877 0.0773499
0.60561 0.0145434 0.0766806
0.606611 0.0144 0.076015
0.607612 0.0142577 0.0753533
0.608613 0.0141163 0.0746954
0.609614 0.013976 0.0740414
0.610615 0.0138366 0.0733912
0.611615 0.0136982 0.0727449
0.612616 0.0135607 0.0721025
0.613617 0.0134242 0.071464
0.614618 0.0132887 0.0708294
0.615619 0.0131541 0.0701987
0.61662 0.0130205 0.0695719
0.617621 0.0128878 0.068949
0.618622 0.012756 0.0683301
0.619623 0.0126252 0.0677151
0.620624 0.0124953 0.0671041
0.621625 0.0123663 0.066497
0.622626 0.0122383 0.0658939
0.623627 0.0121113 0.0652947
0.624628 0.0119852 0.0646993
0.625629 0.0118601 0.0641079
0.62663 0.0117359 0.0635202
0.627631 0.0116126 0.0629364
0.628632 0.0114902 0.0623563
0.629633 0.0113687 0.06178
0.630634 0.0112481 0.0612074
0.631635 0.0111284 0.0606385
0.632636 0.0110096 0.0600732
0.633637 0.0108916 0.0595117
0.634638 0.0107744 0.0589537
0.635639 0.0106581 0.0583994
0.63664 0.0105426 0.0578486
0.637641 0.010428 0.0573014
0.638642 0.0103141 0.0567577
0.639643 0.010201 0.0562175
0.640644 0.0100888 0.0556809
0.641645 0.00997747 0.0551478
0.642646 0.00986695 0.0546183
0.643647 0.00975725 0.0540923
0.644648 0.00964839 0.0535698
0.645649 0.00954035 0.0530509
0.64665 0.00943314 0.0525355
0.647651 0.00932674 0.0520236
0.648652 0.00922115 0.0515152
0.649653 0.00911637 0.0510103
0.650654 0.0090124 0.0505089
0.651655 0.00890923 0.050011
0.652656 0.00880686 0.0495167
0.653657 0.00870528 0.0490258
0.654658 0.00860449 0.0485384
0.655659 0.00850448 0.0480544
0.65666 0.00840527 0.047574
0.657661 0.00830687 0.0470971
0.658662 0.00820929 0.0466238
0.659663 0.00811251 0.0461539
0.660664 0.00801654 0.0456876
0.661665 0.00792135 0.0452246
0.662666 0.00782695 0.0447651
0.663667 0.00773331 0.0443089
0.664668 0.00764044 0.0438561
0.665669 0.00754833 0.0434065
0.66667 0.00745695 0.0429603
0.667671 0.00736632 0.0425173
0.668672 0.00727642 0.0420775
0.669673 0.00718723 0.0416409
0.670674 0.00709876 0.0412074
0.671675 0.00701099 0.0407771
0.672676 0.00692392 0.0403498
0.673677 0.00683754 0.0399256
0.674678 0.00675185 0.0395046
0.675679 0.00666689 0.0390867
0.67668 0.00658265 0.0386719
0.677681 0.00649912 0.0382604
0.678682 0.0064163 0.0378519
0.679683 0.0063342 0.0374466
0.680684 0.00625279 0.0370444
0.681685 0.00617209 0.0366453
0.682686 0.00609209 0.0362493
0.683687 0.00601279 0.0358563
0.684688 0.00593418 0.0354665
0.685689 0.00585626 0.0350796
0.68669 0.00577902 0.0346958
0.687691 0.00570247 0.034315
0.688692 0.0056266 0.0339372
0.689693 0.00555141 0.0335624
0.690694 0.00547689 0.0331905
0.691695 0.00540305 0.0328217
0.692696 0.00532991 0.0324559
0.693697 0.00525747 0.0320933
0.694698 0.00518573 0.0317337
0.695699 0.00511468 0.0313772
0.6967 0.00504431 0.0310236
0.697701 0.00497461 0.030673
0.698702 0.00490557 0.0303254
0.699703 0.00483719 0.0299806
0.700704 0.00476945 0.0296387
0.701705 0.00470235 0.0292996
0.702706 0.00463589 0.0289633
0.703707 0.00457005 0.0286297
0.704708 0.00450482 0.0282988
0.705709 0.00444021 0.0279707
0.70671 0.00437619 0.0276451
0.707711 0.00431277 0.0273222
0.708712 0.00424993 0.0270019
0.709713 0.00418768 0.0266841
0.710714 0.00412606 0.0263691
0.711715 0.00406506 0.0260569
0.712716 0.00400467 0.0257474
0.713717 0.0039449 0.0254406
0.714718 0.00388574 0.0251365
0.715719 0.00382717 0.024835
0.71672 0.00376921 0.0245362
0.717721 0.00371185 0.02424
0.718722 0.00365508 0.0239464
0.719723 0.00359889 0.0236553
0.720724 0.00354329 0.0233669
0.721725 0.00348827 0.0230809
0.722725 0.00343383 0.0227975
0.723726 0.00337996 0.0225166
0.724727 0.00332666 0.0222382
0.725728 0.00327392 0.0219622
0.726729 0.00322175 0.0216887
0.72773 0.00317016 0.0214178
0.728731 0.00311918 0.0211495
0.729732 0.00306879 0.0208838
0.730733 0.00301899 0.0206207
0.731734 0.00296978 0.0203601
0.732735 0.00292113 0.020102
0.733736 0.00287304 0.0198464
0.734737 0.00282551 0.0195933
0.735738 0.00277853 0.0193425
0.736739 0.00273209 0.019094
0.73774 0.00268617 0.0188479
0.738741 0.00264078 0.018604
0.739742 0.0025959 0.0183624
0.740743 0.00255153 0.018123
0.741744 0.00250766 0.0178858
0.742745 0.00246428 0.0176507
0.743746 0.00242138 0.0174177
0.744747 0.00237896 0.0171868
0.745748 0.00233707 0.0169582
0.746749 0.0022957 0.0167319
0.74775 0.00225486 0.0165078
0.748751 0.00221454 0.016286
0.749752 0.00217473 0.0160665
0.750753 0.00213542 0.0158491
0.751754 0.00209662 0.0156339
0.752755 0.00205831 0.0154209
0.753756 0.00202049 0.01521
0.754757 0.00198315 0.0150013
0.755758 0.00194629 0.0147946
0.756759 0.0019099 0.0145899
0.75776 0.00187397 0.0143873
0.758761 0.00183851 0.0141868
0.759762 0.00180349 0.0139882
0.760763 0.00176893 0.0137915
0.761764 0.0017348 0.0135968
0.762765 0.00170112 0.0134041
0.763766 0.00166793 0.0132135
0.764767 0.00163524 0.0130251
0.765768 0.00160304 0.0128387
0.766769 0.00157131 0.0126545
0.76777 0.00154005 0.0124723
0.768771 0.00150924 0.0122921
0.769772 0.00147889 0.0121139
0.770773 0.00144898 0.0119376
0.771774 0.0014195 0.0117632
0.772775 0.00139044 0.0115907
0.773776 0.0013618 0.01142
0.774777 0.00133357 0.0112511
0.775778 0.00130574 0.011084
0.776779 0.00127829 0.0109186
0.77778 0.00125123 0.0107549
0.778781 0.00122454 0.0105928
0.779782 0.00119822 0.0104324
0.780783 0.00117227 0.0102736
0.781784 0.00114676 0.0101167
0.782785 0.00112167 0.0099617
0.783786 0.001097 0.00980847
0.784787 0.00107274 0.00965705
0.785788 0.00104889 0.0095074
0.786789 0.00102543 0.00935949
0.78779 0.00100236 0.00921331
0.788791 0.000979675 0.00906881
0.789792 0.000957359 0.00892599
0.790793 0.000935407 0.0087848
0.791794 0.000913812 0.00864524
0.792795 0.000892567 0.00850726
0.793796 0.000871664 0.00837085
0.794797 0.000851096 0.00823598
0.795798 0.000830855 0.00810263
0.796799 0.000810934 0.00797077
0.7978 0.000791325 0.00784038
0.798801 0.00077205 0.00771152
0.799802 0.000753162 0.00758438
0.800803 0.000734654 0.00745891
0.801804 0.000716516 0.0073351
0.802805 0.000698738 0.00721291
0.803806 0.000681311 0.0070923
0.804807 0.000664225 0.00697324
0.805808 0.00064747 0.0068557
0.806809 0.000631036 0.00673965
0.80781 0.000614915 0.00662505
0.808811 0.000599096 0.00651187
0.809812 0.000583571 0.00640008
0.810813 0.00056833 0.00628965
0.811814 0.000553363 0.00618055
0.812815 0.000538662 0.00607274
0.813816 0.000524218 0.0059662
0.814817 0.000510021 0.00586089
0.815818 0.000496062 0.00575679
0.816819 0.00048237 0.00565397
0.81782 0.000468999 0.0055526
0.818821 0.000455941 0.00545266
0.819822 0.000443187 0.00535412
0.820823 0.000430728 0.00525696
0.821824 0.000418555 0.00516115
0.822825 0.000406658 0.00506666
0.823826 0.00039503 0.00497347
0.824827 0.000383661 0.00488156
0.825828 0.000372542 0.00479089
0.826829 0.000361664 0.00470144
0.82783 0.00035102 0.00461319
0.828831 0.000340599 0.00452612
0.829832 0.000330395 0.00444019
0.830833 0.000320398 0.00435538
0.831834 0.000310599 0.00427168
0.832835 0.000300992 0.00418905
0.833835 0.000291566 0.00410747
0.834836 0.000282354 0.00402704
0.835837 0.000273408 0.00394789
0.836838 0.000264719 0.00387001
0.837839 0.000256277 0.00379336
0.83884 0.000248073 0.00371792
0.839841 0.000240097 0.00364364
0.840842 0.000232341 0.00357052
0.841843 0.000224794 0.00349851
0.842844 0.000217447 0.00342758
0.843845 0.000210292 0.00335772
0.844846 0.000203319 0.00328889
0.845847 0.00019652 0.00322106
0.846848 0.000189884 0.00315421
0.847849 0.000183404 0.0030883
0.84885 0.000177071 0.00302332
0.849851 0.000170875 0.00295922
0.850852 0.000164809 0.002896
0.851853 0.000158863 0.00283361
0.852854 0.000153068 0.00277215
0.853855 0.000147473 0.00271176
0.854856 0.000142072 0.00265242
0.855857 0.000136856 0.0025941
0.856858 0.000131816 0.00253678
0.857859 0.000126945 0.00248044
0.85886 0.000122235 0.00242506
0.859861 0.000117677 0.0023706
0.860862 0.000113264 0.00231705
0.861863 0.000108988 0.00226438
0.862864 0.000104841 0.00221258
0.863865 0.000100815 0.00216161
0.864866 9.69022e-05 0.00211145
0.865867 9.30955e-05 0.00206209
0.866868 8.9387e-05 0.0020135
0.867869 8.57691e-05 0.00196566
0.86887 8.22344e-05 0.00191854
0.869871 7.87754e-05 0.00187213
0.870872 7.54178e-05 0.0018265
0.871873 7.22062e-05 0.0017818
0.872874 6.9134e-05 0.00173799
0.873875 6.6194e-05 0.00169505
0.874876 6.33793e-05 0.00165296
0.875877 6.06826e-05 0.00161169
0.876878 5.8097e-05 0.00157122
0.877879 5.56156e-05 0.00153152
0.87888 5.32315e-05 0.00149258
0.879881 5.09378e-05 0.00145435
0.880882 4.87277e-05 0.00141683
0.881883 4.65944e-05 0.00137999
0.882884 4.45312e-05 0.0013438
0.883885 4.25314e-05 0.00130824
0.884886 4.05884e-05 0.00127328
0.885887 3.86956e-05 0.00123892
0.886888 3.68465e-05 0.00120511
0.887889 3.50345e-05 0.00117184
0.88889 3.32781e-05 0.00113917
0.889891 3.16154e-05 0.00110725
0.890892 3.00419e-05 0.00107605
0.891893 2.85525e-05 0.00104555
0.892894 2.71419e-05 0.00101573
0.893895 2.58052e-05 0.000986577
0.894896 2.45371e-05 0.000958062
0.895897 2.33327e-05 0.000930168
0.896898 2.2187e-05 0.000902874
0.897899 2.10948e-05 0.000876162
0.8989 2.00513e-05 0.00085001
0.899901 1.90516e-05 0.000824399
0.900902 1.80908e-05 0.00079931
0.901903 1.7164e-05 0.000774723
0.902904 1.62664e-05 0.000750619
0.903905 1.53931e-05 0.000726979
0.904906 1.45396e-05 0.000703783
0.905907 1.37009e-05 0.000681013
0.906908 1.2889e-05 0.000658727
0.907909 1.21317e-05 0.000637051
0.90891 1.14262e-05 0.00061597
0.909911 1.07691e-05 0.000595462
0.910912 1.01569e-05 0.000575506
0.911913 9.58614e-06 0.000556083
0.912914 9.05343e-06 0.000537173
0.913915 8.55536e-06 0.000518755
0.914916 8.08857e-06 0.000500809
0.915917 7.64969e-06 0.000483315
0.916918 7.23539e-06 0.000466254
0.917919 6.84237e-06 0.000449606
0.91892 6.46734e-06 0.000433352
0.919921 6.10702e-06 0.000417471
0.920922 5.75819e-06 0.000401946
0.921923 5.4176e-06 0.000386757
0.922924 5.08206e-06 0.000371885
0.923925 4.74839e-06 0.000357312
0.924926 4.42381e-06 0.00034309
0.925927 4.12544e-06 0.000329341
0.926928 3.85189e-06 0.00031605
0.927929 3.6013e-06 0.000303198
0.92893 3.37184e-06 0.000290768
0.929931 3.16169e-06 0.000278743
0.930932 2.96906e-06 0.000267105
0.931933 2.79212e-06 0.000255837
0.932934 2.62911e-06 0.000244922
0.933935 2.47825e-06 0.000234342
0.934936 2.33778e-06 0.00022408
0.935937 2.20593e-06 0.000214121
0.936938 2.08098e-06 0.000204446
0.937939 1.96119e-06 0.000195039
0.93894 1.84485e-06 0.000185884
0.939941 1.73024e-06 0.000176965
0.940942 1.61568e-06 0.000168264
0.941943 1.49946e-06 0.000159765
0.942944 1.38651e-06 0.000151536
0.943945 1.28427e-06 0.00014367
0.944945 1.19194e-06 0.000136149
0.945946 1.10872e-06 0.000128958
0.946947 1.03379e-06 0.00012208
0.947948 9.66364e-07 0.000115499
0.948949 9.05629e-07 0.000109199
0.94995 8.50796e-07 0.000103164
0.950951 8.01076e-07 9.73787e-05
0.951952 7.55685e-07 9.18265e-05
0.952953 7.13845e-07 8.64921e-05
0.953954 6.74782e-07 8.13597e-05
0.954955 6.37727e-07 7.64139e-05
0.955956 6.01915e-07 7.16394e-05
0.956957 5.66587e-07 6.70208e-05
0.957958 5.30989e-07 6.25429e-05
0.958959 4.9437e-07 5.81907e-05
0.95996 4.56255e-07 5.39572e-05
0.960961 4.20382e-07 4.99589e-05
0.961962 3.87944e-07 4.62255e-05
0.962963 3.58661e-07 4.27404e-05
0.963964 3.3225e-07 3.94874e-05
0.964965 3.08435e-07 3.64503e-05
0.965966 2.86939e-07 3.3613e-05
0.966967 2.67485e-07 3.09594e-05
0.967968 2.49801e-07 2.84737e-05
0.968969 2.33614e-07 2.614e-05
0.96997 2.18656e-07 2.39426e-05
0.970971 2.04656e-07 2.18659e-05
0.971972 1.91349e-07 1.98943e-05
0.972973 1.7847e-07 1.80125e-05
0.973974 1.65754e-07 1.62051e-05
0.974975 1.52941e-07 1.44568e-05
0.975976 1.39769e-07 1.27525e-05
0.976977 1.26233e-07 1.10991e-05
0.977978 1.13785e-07 9.62406e-06
0.978979 1.02596e-07 8.33506e-06
0.97998 9.254e-08 7.21339e-06
0.980981 8.34918e-08 6.24049e-06
0.981982 7.53275e-08 5.3979e-06
0.982983 6.79239e-08 4.66728e-06
0.983984 6.11582e-08 4.03041e-06
0.984985 5.49086e-08 3.46915e-06
0.985986 4.90541e-08 2.96551e-06
0.986987 4.34741e-08 2.50157e-06
0.987988 3.80491e-08 2.05956e-06
0.988989 3.26601e-08 1.62178e-06
0.98999 2.71889e-08 1.17065e-06
0.990991 2.19271e-08 7.54916e-07
0.991992 1.75623e-08 4.8274e-07
0.992993 1.39336e-08 3.21049e-07
0.993994 1.08553e-08 2.32739e-07
0.994995 8.14276e-09 1.80927e-07
0.995996 5.61259e-09 1.28953e-07
0.996997 3.22161e-09 5.66207e-08
0.997998 1.65832e-09 3.87364e-08
0.998999 4.99879e-10 3.09044e-08
1 0 3.28899e-24
