1.5 1.80001 0.385378
1.5986 2.3022 0.401238
1.6972 2.78363 0.416597
1.7958 3.24305 0.431388
1.89439 3.68325 0.445671
1.99299 4.10472 0.459445
2.09159 4.50747 0.472702
2.19019 4.89356 0.485488
2.28879 5.26441 0.49784
2.38739 5.62041 0.509762
2.48599 5.96202 0.521266
2.58458 6.29044 0.53238
2.68318 6.60712 0.543145
2.78178 6.91252 0.553571
2.88038 7.2071 0.563671
2.97898 7.4913 0.573457
3.07758 7.76559 0.58294
3.17618 8.03107 0.592153
3.27477 8.2883 0.601109
3.37337 8.53762 0.60982
3.47197 8.77936 0.618294
3.57057 9.01382 0.626541
3.66917 9.24131 0.634568
3.76777 9.46211 0.642384
3.86637 9.67753 0.650004
3.96496 9.88836 0.657442
4.06356 10.0942 0.664705
4.16216 10.2949 0.6718
4.26076 10.49 0.678732
4.35936 10.6793 0.685508
4.45796 10.8628 0.692133
4.55656 11.0403 0.698613
4.65516 11.2118 0.704953
4.75375 11.3771 0.711158
4.85235 11.5365 0.717235
4.95095 11.6907 0.723194
5.04955 11.8401 0.729037
5.14815 11.9851 0.734768
5.24675 12.1261 0.740391
5.34535 12.2636 0.745908
5.44394 12.3977 0.751325
5.54254 12.5288 0.756642
5.64114 12.6572 0.761864
5.73974 12.7832 0.766993
5.83834 12.9068 0.772031
5.93694 13.0285 0.776982
6.03554 13.1483 0.781848
6.13413 13.2665 0.78663
6.23273 13.3828 0.791335
6.33133 13.4972 0.795964
6.42993 13.6096 0.800522
6.52853 13.7202 0.805009
6.62713 13.8289 0.809428
6.72573 13.9359 0.81378
6.82432 14.0411 0.818067
6.92292 14.1447 0.82229
7.02152 14.2466 0.826453
7.12012 14.3469 0.830555
7.21872 14.4457 0.834598
7.31732 14.543 0.838585
7.41592 14.6388 0.842516
7.51451 14.7331 0.846392
7.61311 14.8261 0.850215
7.71171 14.9176 0.853987
7.81031 15.0079 0.857708
7.90891 15.0968 0.861379
8.00751 15.1845 0.865002
8.10611 15.271 0.868578
8.2047 15.3562 0.872109
8.3033 15.4403 0.875597
8.4019 15.5233 0.879042
8.5005 15.6053 0.882446
8.5991 15.6862 0.885809
8.6977 15.766 0.889132
8.7963 15.8449 0.892416
8.89489 15.9227 0.895663
8.99349 15.9996 0.898872
9.09209 16.0755 0.902044
9.19069 16.1505 0.905181
9.28929 16.2246 0.908283
9.38789 16.2979 0.91135
9.48649 16.3702 0.914384
9.58509 16.4417 0.917384
9.68368 16.5124 0.920353
9.78228 16.5822 0.923289
9.88088 16.6512 0.926195
9.97948 16.7195 0.929069
10.0781 16.787 0.931914
10.1767 16.8537 0.93473
10.2753 16.9197 0.937516
10.3739 16.985 0.940274
10.4725 17.0495 0.943005
10.5711 17.1133 0.945708
10.6697 17.1765 0.948384
10.7683 17.239 0.951033
10.8669 17.3008 0.953657
10.9655 17.362 0.956256
11.0641 17.4225 0.95883
11.1627 17.4825 0.96138
11.2613 17.5418 0.963907
11.3599 17.6006 0.96641
11.4585 17.6588 0.968892
11.5571 17.7164 0.971351
11.6557 17.7735 0.973788
11.7543 17.83 0.976203
11.8529 17.886 0.978597
11.9515 17.9415 0.980971
12.0501 17.9964 0.983324
12.1486 18.0508 0.985656
12.2472 18.1048 0.987969
12.3458 18.1582 0.990263
12.4444 18.2112 0.992536
12.543 18.2637 0.994791
12.6416 18.3157 0.997028
12.7402 18.3672 0.999245
12.8388 18.4183 1.00145
12.9374 18.4689 1.00363
13.036 18.5191 1.00579
13.1346 18.5689 1.00794
13.2332 18.6183 1.01007
13.3318 18.6672 1.01218
13.4304 18.7157 1.01428
13.529 18.7638 1.01636
13.6276 18.8114 1.01842
13.7262 18.8587 1.02047
13.8248 18.9056 1.0225
13.9234 18.9521 1.02452
14.022 18.9983 1.02652
14.1206 19.044 1.0285
14.2192 19.0894 1.03047
14.3178 19.1344 1.03243
14.4164 19.1791 1.03437
14.515 19.2234 1.0363
14.6136 19.2673 1.03821
14.7122 19.3109 1.04011
14.8108 19.3542 1.042
14.9094 19.3971 1.04387
15.008 19.4397 1.04573
15.1066 19.482 1.04758
15.2052 19.5239 1.04941
15.3038 19.5656 1.05123
15.4024 19.6069 1.05304
15.501 19.6479 1.05484
15.5996 19.6887 1.05662
15.6982 19.7291 1.05839
15.7968 19.7693 1.06015
15.8954 19.8092 1.0619
15.994 19.8488 1.06364
16.0926 19.8881 1.06536
16.1912 19.9271 1.06708
16.2898 19.9659 1.06878
16.3884 20.0044 1.07047
16.487 20.0426 1.07216
16.5856 20.0806 1.07383
16.6842 20.1183 1.07549
16.7828 20.1557 1.07714
16.8814 20.193 1.07878
16.98 20.2299 1.08041
17.0786 20.2666 1.08203
17.1772 20.3031 1.08364
17.2758 20.3393 1.08524
17.3744 20.3753 1.08683
17.473 20.4111 1.08841
17.5716 20.4466 1.08998
17.6702 20.4819 1.09154
17.7688 20.517 1.0931
17.8674 20.5518 1.09464
17.966 20.5864 1.09617
18.0646 20.6208 1.0977
18.1632 20.655 1.09921
18.2618 20.689 1.10072
18.3604 20.7228 1.10222
18.459 20.7563 1.10371
18.5576 20.7897 1.10519
18.6562 20.8228 1.10667
18.7548 20.8557 1.10813
18.8534 20.8885 1.10959
18.952 20.921 1.11104
19.0506 20.9533 1.11248
19.1491 20.9855 1.11391
19.2477 21.0175 1.11533
19.3463 21.0492 1.11675
19.4449 21.0808 1.11816
19.5435 21.1122 1.11956
19.6421 21.1434 1.12095
19.7407 21.1744 1.12234
19.8393 21.2053 1.12372
19.9379 21.2359 1.12509
20.0365 21.2664 1.12645
20.1351 21.2967 1.12781
20.2337 21.3269 1.12916
20.3323 21.3569 1.1305
20.4309 21.3867 1.13183
20.5295 21.4163 1.13316
20.6281 21.4458 1.13448
20.7267 21.4751 1.1358
20.8253 21.5042 1.1371
20.9239 21.5332 1.13841
21.0225 21.562 1.1397
21.1211 21.5907 1.14099
21.2197 21.6192 1.14227
21.3183 21.6475 1.14354
21.4169 21.6757 1.14481
21.5155 21.7038 1.14607
21.6141 21.7316 1.14733
21.7127 21.7594 1.14858
21.8113 21.787 1.14982
21.9099 21.8145 1.15106
22.0085 21.8418 1.15229
22.1071 21.869 1.15352
22.2057 21.896 1.15474
22.3043 21.9229 1.15595
22.4029 21.9497 1.15716
22.5015 21.9763 1.15836
22.6001 22.0028 1.15956
22.6987 22.0291 1.16075
22.7973 22.0554 1.16194
22.8959 22.0815 1.16312
22.9945 22.1075 1.16429
23.0931 22.1333 1.16546
23.1917 22.159 1.16663
23.2903 22.1846 1.16778
23.3889 22.2101 1.16894
23.4875 22.2354 1.17009
23.5861 22.2606 1.17123
23.6847 22.2857 1.17237
23.7833 22.3107 1.1735
23.8819 22.3356 1.17463
23.9805 22.3603 1.17575
24.0791 22.3849 1.17687
24.1777 22.4094 1.17799
24.2763 22.4338 1.17909
24.3749 22.4581 1.1802
24.4735 22.4823 1.1813
24.5721 22.5063 1.18239
24.6707 22.5303 1.18348
24.7693 22.5541 1.18457
24.8679 22.5778 1.18565
24.9665 22.6014 1.18672
25.0651 22.6249 1.18779
25.1637 22.6483 1.18886
25.2623 22.6716 1.18992
25.3609 22.6948 1.19098
25.4595 22.7179 1.19203
25.5581 22.7409 1.19308
25.6567 22.7638 1.19413
25.7553 22.7865 1.19517
25.8539 22.8092 1.1962
25.9525 22.8318 1.19723
26.0511 22.8543 1.19826
26.1496 22.8766 1.19928
26.2482 22.8989 1.2003
26.3468 22.9211 1.20132
26.4454 22.9432 1.20233
26.544 22.9652 1.20334
26.6426 22.9871 1.20434
26.7412 23.0089 1.20534
26.8398 23.0306 1.20633
26.9384 23.0522 1.20732
27.037 23.0737 1.20831
27.1356 23.0951 1.20929
27.2342 23.1165 1.21027
27.3328 23.1377 1.21125
27.4314 23.1589 1.21222
27.53 23.18 1.21319
27.6286 23.2009 1.21415
27.7272 23.2218 1.21511
27.8258 23.2427 1.21607
27.9244 23.2634 1.21702
28.023 23.284 1.21797
28.1216 23.3046 1.21892
28.2202 23.325 1.21986
28.3188 23.3454 1.2208
28.4174 23.3657 1.22173
28.516 23.386 1.22266
28.6146 23.4061 1.22359
28.7132 23.4262 1.22452
28.8118 23.4461 1.22544
28.9104 23.466 1.22635
29.009 23.4859 1.22727
29.1076 23.5056 1.22818
29.2062 23.5253 1.22909
29.3048 23.5449 1.22999
29.4034 23.5644 1.23089
29.502 23.5838 1.23179
29.6006 23.6032 1.23268
29.6992 23.6224 1.23357
29.7978 23.6417 1.23446
29.8964 23.6608 1.23535
29.995 23.6798 1.23623
30.0936 23.6988 1.23711
30.1922 23.7177 1.23798
30.2908 23.7366 1.23885
30.3894 23.7554 1.23972
30.488 23.774 1.24059
30.5866 23.7927 1.24145
30.6852 23.8112 1.24231
30.7838 23.8297 1.24317
30.8824 23.8481 1.24402
30.981 23.8665 1.24487
31.0796 23.8848 1.24572
31.1782 23.903 1.24657
31.2768 23.9211 1.24741
31.3754 23.9392 1.24825
31.474 23.9572 1.24908
31.5726 23.9751 1.24992
31.6712 23.993 1.25075
31.7698 24.0108 1.25157
31.8684 24.0286 1.2524
31.967 24.0463 1.25322
32.0656 24.0639 1.25404
32.1642 24.0815 1.25486
32.2628 24.099 1.25567
32.3614 24.1164 1.25648
32.46 24.1338 1.25729
32.5586 24.1511 1.2581
32.6572 24.1683 1.2589
32.7558 24.1855 1.2597
32.8544 24.2027 1.2605
32.953 24.2198 1.2613
33.0516 24.2368 1.26209
33.1502 24.2537 1.26288
33.2487 24.2706 1.26367
33.3473 24.2875 1.26446
33.4459 24.3043 1.26524
33.5445 24.321 1.26602
33.6431 24.3377 1.2668
33.7417 24.3543 1.26757
33.8403 24.3708 1.26835
33.9389 24.3873 1.26912
34.0375 24.4038 1.26989
34.1361 24.4202 1.27065
34.2347 24.4365 1.27142
34.3333 24.4528 1.27218
34.4319 24.469 1.27294
34.5305 24.4852 1.2737
34.6291 24.5013 1.27445
34.7277 24.5174 1.2752
34.8263 24.5334 1.27595
34.9249 24.5494 1.2767
35.0235 24.5653 1.27744
35.1221 24.5811 1.27819
35.2207 24.597 1.27893
35.3193 24.6127 1.27967
35.4179 24.6284 1.2804
35.5165 24.6441 1.28114
35.6151 24.6597 1.28187
35.7137 24.6752 1.2826
35.8123 24.6907 1.28333
35.9109 24.7062 1.28405
36.0095 24.7216 1.28478
36.1081 24.737 1.2855
36.2067 24.7523 1.28622
36.3053 24.7675 1.28693
36.4039 24.7827 1.28765
36.5025 24.7979 1.28836
36.6011 24.813 1.28907
36.6997 24.8281 1.28978
36.7983 24.8431 1.29049
36.8969 24.8581 1.29119
36.9955 24.873 1.29189
37.0941 24.8879 1.29259
37.1927 24.9028 1.29329
37.2913 24.9176 1.29399
37.3899 24.9323 1.29468
37.4885 24.947 1.29537
37.5871 24.9617 1.29606
37.6857 24.9763 1.29675
37.7843 24.9908 1.29744
37.8829 25.0054 1.29812
37.9815 25.0198 1.29881
38.0801 25.0343 1.29949
38.1787 25.0487 1.30017
38.2773 25.063 1.30084
38.3759 25.0773 1.30152
38.4745 25.0916 1.30219
38.5731 25.1058 1.30286
38.6717 25.12 1.30353
38.7703 25.1341 1.3042
38.8689 25.1482 1.30487
38.9675 25.1623 1.30553
39.0661 25.1763 1.30619
39.1647 25.1903 1.30685
39.2633 25.2042 1.30751
39.3619 25.2181 1.30817
39.4605 25.2319 1.30882
39.5591 25.2458 1.30948
39.6577 25.2595 1.31013
39.7563 25.2733 1.31078
39.8549 25.2869 1.31143
39.9535 25.3006 1.31207
40.0521 25.3142 1.31272
40.1507 25.3278 1.31336
40.2492 25.3413 1.314
40.3478 25.3548 1.31464
40.4464 25.3683 1.31528
40.545 25.3817 1.31591
40.6436 25.3951 1.31655
40.7422 25.4084 1.31718
40.8408 25.4217 1.31781
40.9394 25.435 1.31844
41.038 25.4482 1.31907
41.1366 25.4614 1.31969
41.2352 25.4746 1.32032
41.3338 25.4877 1.32094
41.4324 25.5008 1.32156
41.531 25.5138 1.32218
41.6296 25.5268 1.3228
41.7282 25.5398 1.32342
41.8268 25.5527 1.32403
41.9254 25.5656 1.32464
42.024 25.5785 1.32526
42.1226 25.5913 1.32587
42.2212 25.6041 1.32647
42.3198 25.6169 1.32708
42.4184 25.6296 1.32769
42.517 25.6423 1.32829
42.6156 25.655 1.32889
42.7142 25.6676 1.32949
42.8128 25.6802 1.33009
42.9114 25.6928 1.33069
43.01 25.7053 1.33129
43.1086 25.7178 1.33188
43.2072 25.7302 1.33248
43.3058 25.7426 1.33307
43.4044 25.755 1.33366
43.503 25.7674 1.33425
43.6016 25.7797 1.33483
43.7002 25.792 1.33542
43.7988 25.8043 1.33601
43.8974 25.8165 1.33659
43.996 25.8287 1.33717
44.0946 25.8409 1.33775
44.1932 25.853 1.33833
44.2918 25.8651 1.33891
44.3904 25.8772 1.33948
44.489 25.8892 1.34006
44.5876 25.9012 1.34063
44.6862 25.9132 1.3412
44.7848 25.9251 1.34177
44.8834 25.937 1.34234
44.982 25.9489 1.34291
45.0806 25.9608 1.34348
45.1792 25.9726 1.34404
45.2778 25.9844 1.34461
45.3764 25.9961 1.34517
45.475 26.0079 1.34573
45.5736 26.0196 1.34629
45.6722 26.0312 1.34685
45.7708 26.0429 1.3474
45.8694 26.0545 1.34796
45.968 26.0661 1.34852
46.0666 26.0776 1.34907
46.1652 26.0892 1.34962
46.2638 26.1007 1.35017
46.3624 26.1121 1.35072
46.461 26.1236 1.35127
46.5596 26.135 1.35182
46.6582 26.1464 1.35236
46.7568 26.1577 1.3529
46.8554 26.169 1.35345
46.954 26.1803 1.35399
47.0526 26.1916 1.35453
47.1512 26.2029 1.35507
47.2497 26.2141 1.35561
47.3483 26.2253 1.35614
47.4469 26.2364 1.35668
47.5455 26.2475 1.35721
47.6441 26.2587 1.35775
47.7427 26.2697 1.35828
47.8413 26.2808 1.35881
47.9399 26.2918 1.35934
48.0385 26.3028 1.35987
48.1371 26.3138 1.3604
48.2357 26.3247 1.36092
48.3343 26.3357 1.36145
48.4329 26.3465 1.36197
48.5315 26.3574 1.36249
48.6301 26.3683 1.36301
48.7287 26.3791 1.36353
48.8273 26.3899 1.36405
48.9259 26.4006 1.36457
49.0245 26.4114 1.36509
49.1231 26.4221 1.3656
49.2217 26.4328 1.36612
49.3203 26.4435 1.36663
49.4189 26.4541 1.36714
49.5175 26.4647 1.36766
49.6161 26.4753 1.36817
49.7147 26.4859 1.36868
49.8133 26.4964 1.36918
49.9119 26.507 1.36969
50.0105 26.5175 1.3702
50.1091 26.5279 1.3707
50.2077 26.5384 1.37121
50.3063 26.5488 1.37171
50.4049 26.5592 1.37221
50.5035 26.5696 1.37271
50.6021 26.58 1.37321
50.7007 26.5903 1.37371
50.7993 26.6006 1.37421
50.8979 26.6109 1.3747
50.9965 26.6211 1.3752
51.0951 26.6314 1.37569
51.1937 26.6416 1.37619
51.2923 26.6518 1.37668
51.3909 26.662 1.37717
51.4895 26.6721 1.37766
51.5881 26.6822 1.37815
51.6867 26.6923 1.37864
51.7853 26.7024 1.37912
51.8839 26.7125 1.37961
51.9825 26.7225 1.3801
52.0811 26.7325 1.38058
52.1797 26.7425 1.38106
52.2783 26.7525 1.38155
52.3769 26.7625 1.38203
52.4755 26.7724 1.38251
52.5741 26.7823 1.38299
52.6727 26.7922 1.38347
52.7713 26.802 1.38394
52.8699 26.8119 1.38442
52.9685 26.8217 1.38489
53.0671 26.8315 1.38537
53.1657 26.8413 1.38584
53.2643 26.851 1.38632
53.3629 26.8608 1.38679
53.4615 26.8705 1.38726
53.5601 26.8802 1.38773
53.6587 26.8898 1.3882
53.7573 26.8995 1.38866
53.8559 26.9091 1.38913
53.9545 26.9187 1.3896
54.0531 26.9283 1.39006
54.1517 26.9379 1.39053
54.2503 26.9475 1.39099
54.3488 26.957 1.39145
54.4474 26.9665 1.39191
54.546 26.976 1.39237
54.6446 26.9855 1.39283
54.7432 26.9949 1.39329
54.8418 27.0043 1.39375
54.9404 27.0138 1.39421
55.039 27.0232 1.39466
55.1376 27.0325 1.39512
55.2362 27.0419 1.39557
55.3348 27.0512 1.39603
55.4334 27.0605 1.39648
55.532 27.0698 1.39693
55.6306 27.0791 1.39738
55.7292 27.0884 1.39783
55.8278 27.0976 1.39828
55.9264 27.1068 1.39873
56.025 27.116 1.39918
56.1236 27.1252 1.39962
56.2222 27.1344 1.40007
56.3208 27.1435 1.40051
56.4194 27.1526 1.40096
56.518 27.1617 1.4014
56.6166 27.1708 1.40184
56.7152 27.1799 1.40229
56.8138 27.1889 1.40273
56.9124 27.198 1.40317
57.011 27.207 1.40361
57.1096 27.216 1.40404
57.2082 27.225 1.40448
57.3068 27.2339 1.40492
57.4054 27.2429 1.40535
57.504 27.2518 1.40579
57.6026 27.2607 1.40622
57.7012 27.2696 1.40666
57.7998 27.2785 1.40709
57.8984 27.2873 1.40752
57.997 27.2962 1.40795
58.0956 27.305 1.40838
58.1942 27.3138 1.40881
58.2928 27.3226 1.40924
58.3914 27.3313 1.40967
58.49 27.3401 1.41009
58.5886 27.3488 1.41052
58.6872 27.3575 1.41095
58.7858 27.3662 1.41137
58.8844 27.3749 1.41179
58.983 27.3836 1.41222
59.0816 27.3922 1.41264
59.1802 27.4009 1.41306
59.2788 27.4095 1.41348
59.3774 27.4181 1.4139
59.476 27.4266 1.41432
59.5746 27.4352 1.41474
59.6732 27.4438 1.41516
59.7718 27.4523 1.41558
59.8704 27.4608 1.41599
59.969 27.4693 1.41641
60.0676 27.4778 1.41682
60.1662 27.4863 1.41724
60.2648 27.4947 1.41765
60.3634 27.5031 1.41806
60.462 27.5116 1.41847
60.5606 27.52 1.41889
60.6592 27.5284 1.4193
60.7578 27.5367 1.41971
60.8564 27.5451 1.42011
60.955 27.5534 1.42052
61.0536 27.5617 1.42093
61.1522 27.57 1.42134
61.2508 27.5783 1.42174
61.3493 27.5866 1.42215
61.4479 27.5949 1.42255
61.5465 27.6031 1.42296
61.6451 27.6114 1.42336
61.7437 27.6196 1.42376
61.8423 27.6278 1.42416
61.9409 27.6359 1.42457
62.0395 27.6441 1.42497
62.1381 27.6523 1.42537
62.2367 27.6604 1.42577
62.3353 27.6685 1.42616
62.4339 27.6766 1.42656
62.5325 27.6847 1.42696
62.6311 27.6928 1.42735
62.7297 27.7009 1.42775
62.8283 27.7089 1.42815
62.9269 27.717 1.42854
63.0255 27.725 1.42893
63.1241 27.733 1.42933
63.2227 27.741 1.42972
63.3213 27.749 1.43011
63.4199 27.7569 1.4305
63.5185 27.7649 1.43089
63.6171 27.7728 1.43128
63.7157 27.7807 1.43167
63.8143 27.7886 1.43206
63.9129 27.7965 1.43245
64.0115 27.8044 1.43283
64.1101 27.8123 1.43322
64.2087 27.8201 1.43361
64.3073 27.8279 1.43399
64.4059 27.8358 1.43437
64.5045 27.8436 1.43476
64.6031 27.8513 1.43514
64.7017 27.8591 1.43552
64.8003 27.8669 1.43591
64.8989 27.8746 1.43629
64.9975 27.8824 1.43667
65.0961 27.8901 1.43705
65.1947 27.8978 1.43743
65.2933 27.9055 1.43781
65.3919 27.9132 1.43818
65.4905 27.9209 1.43856
65.5891 27.9285 1.43894
65.6877 27.9362 1.43931
65.7863 27.9438 1.43969
65.8849 27.9514 1.44007
65.9835 27.959 1.44044
66.0821 27.9666 1.44081
66.1807 27.9742 1.44119
66.2793 27.9817 1.44156
66.3779 27.9893 1.44193
66.4765 27.9968 1.4423
66.5751 28.0043 1.44267
66.6737 28.0118 1.44304
66.7723 28.0193 1.44341
66.8709 28.0268 1.44378
66.9695 28.0343 1.44415
67.0681 28.0417 1.44452
67.1667 28.0492 1.44489
67.2653 28.0566 1.44525
67.3639 28.064 1.44562
67.4625 28.0714 1.44598
67.5611 28.0788 1.44635
67.6597 28.0862 1.44671
67.7583 28.0936 1.44708
67.8569 28.1009 1.44744
67.9555 28.1083 1.4478
68.0541 28.1156 1.44816
68.1527 28.1229 1.44853
68.2513 28.1303 1.44889
68.3498 28.1375 1.44925
68.4484 28.1448 1.44961
68.547 28.1521 1.44997
68.6456 28.1594 1.45032
68.7442 28.1666 1.45068
68.8428 28.1738 1.45104
68.9414 28.1811 1.4514
69.04 28.1883 1.45175
69.1386 28.1955 1.45211
69.2372 28.2026 1.45246
69.3358 28.2098 1.45282
69.4344 28.217 1.45317
69.533 28.2241 1.45353
69.6316 28.2313 1.45388
69.7302 28.2384 1.45423
69.8288 28.2455 1.45458
69.9274 28.2526 1.45493
70.026 28.2597 1.45529
70.1246 28.2668 1.45564
70.2232 28.2738 1.45599
70.3218 28.2809 1.45633
70.4204 28.2879 1.45668
70.519 28.295 1.45703
70.6176 28.302 1.45738
70.7162 28.309 1.45773
70.8148 28.316 1.45807
70.9134 28.323 1.45842
71.012 28.33 1.45876
71.1106 28.3369 1.45911
71.2092 28.3439 1.45945
71.3078 28.3508 1.4598
71.4064 28.3578 1.46014
71.505 28.3647 1.46048
71.6036 28.3716 1.46083
71.7022 28.3785 1.46117
71.8008 28.3854 1.46151
71.8994 28.3922 1.46185
71.998 28.3991 1.46219
72.0966 28.406 1.46253
72.1952 28.4128 1.46287
72.2938 28.4196 1.46321
72.3924 28.4264 1.46355
72.491 28.4332 1.46388
72.5896 28.44 1.46422
72.6882 28.4468 1.46456
72.7868 28.4536 1.46489
72.8854 28.4604 1.46523
72.984 28.4671 1.46556
73.0826 28.4739 1.4659
73.1812 28.4806 1.46623
73.2798 28.4873 1.46657
73.3784 28.494 1.4669
73.477 28.5007 1.46723
73.5756 28.5074 1.46757
73.6742 28.5141 1.4679
73.7728 28.5208 1.46823
73.8714 28.5274 1.46856
73.97 28.5341 1.46889
74.0686 28.5407 1.46922
74.1672 28.5474 1.46955
74.2658 28.554 1.46988
74.3644 28.5606 1.47021
74.463 28.5672 1.47053
74.5616 28.5738 1.47086
74.6602 28.5803 1.47119
74.7588 28.5869 1.47152
74.8574 28.5935 1.47184
74.956 28.6 1.47217
75.0546 28.6066 1.47249
75.1532 28.6131 1.47282
75.2518 28.6196 1.47314
75.3504 28.6261 1.47346
75.4489 28.6326 1.47379
75.5475 28.6391 1.47411
75.6461 28.6456 1.47443
75.7447 28.652 1.47475
75.8433 28.6585 1.47508
75.9419 28.6649 1.4754
76.0405 28.6714 1.47572
76.1391 28.6778 1.47604
76.2377 28.6842 1.47636
76.3363 28.6906 1.47668
76.4349 28.697 1.477
76.5335 28.7034 1.47731
76.6321 28.7098 1.47763
76.7307 28.7162 1.47795
76.8293 28.7225 1.47827
76.9279 28.7289 1.47858
77.0265 28.7352 1.4789
77.1251 28.7416 1.47921
77.2237 28.7479 1.47953
77.3223 28.7542 1.47984
77.4209 28.7605 1.48016
77.5195 28.7668 1.48047
77.6181 28.7731 1.48079
77.7167 28.7794 1.4811
77.8153 28.7856 1.48141
77.9139 28.7919 1.48172
78.0125 28.7981 1.48204
78.1111 28.8044 1.48235
78.2097 28.8106 1.48266
78.3083 28.8168 1.48297
78.4069 28.823 1.48328
78.5055 28.8293 1.48359
78.6041 28.8354 1.4839
78.7027 28.8416 1.48421
78.8013 28.8478 1.48451
78.8999 28.854 1.48482
78.9985 28.8601 1.48513
79.0971 28.8663 1.48544
79.1957 28.8724 1.48574
79.2943 28.8786 1.48605
79.3929 28.8847 1.48636
79.4915 28.8908 1.48666
79.5901 28.8969 1.48697
79.6887 28.903 1.48727
79.7873 28.9091 1.48757
79.8859 28.9152 1.48788
79.9845 28.9212 1.48818
80.0831 28.9273 1.48849
80.1817 28.9334 1.48879
80.2803 28.9394 1.48909
80.3789 28.9454 1.48939
80.4775 28.9515 1.48969
80.5761 28.9575 1.48999
80.6747 28.9635 1.49029
80.7733 28.9695 1.4906
80.8719 28.9755 1.49089
80.9705 28.9815 1.49119
81.0691 28.9874 1.49149
81.1677 28.9934 1.49179
81.2663 28.9994 1.49209
81.3649 29.0053 1.49239
81.4635 29.0113 1.49269
81.5621 29.0172 1.49298
81.6607 29.0231 1.49328
81.7593 29.029 1.49358
81.8579 29.035 1.49387
81.9565 29.0409 1.49417
82.0551 29.0468 1.49446
82.1537 29.0526 1.49476
82.2523 29.0585 1.49505
82.3509 29.0644 1.49535
82.4494 29.0702 1.49564
82.548 29.0761 1.49593
82.6466 29.0819 1.49622
82.7452 29.0878 1.49652
82.8438 29.0936 1.49681
82.9424 29.0994 1.4971
83.041 29.1052 1.49739
83.1396 29.111 1.49768
83.2382 29.1168 1.49797
83.3368 29.1226 1.49826
83.4354 29.1284 1.49855
83.534 29.1342 1.49884
83.6326 29.1399 1.49913
83.7312 29.1457 1.49942
83.8298 29.1514 1.49971
83.9284 29.1572 1.5
84.027 29.1629 1.50029
84.1256 29.1686 1.50057
84.2242 29.1744 1.50086
84.3228 29.1801 1.50115
84.4214 29.1858 1.50143
84.52 29.1915 1.50172
84.6186 29.1971 1.502
84.7172 29.2028 1.50229
84.8158 29.2085 1.50257
84.9144 29.2142 1.50286
85.013 29.2198 1.50314
85.1116 29.2255 1.50342
85.2102 29.2311 1.50371
85.3088 29.2367 1.50399
85.4074 29.2424 1.50427
85.506 29.248 1.50456
85.6046 29.2536 1.50484
85.7032 29.2592 1.50512
85.8018 29.2648 1.5054
85.9004 29.2704 1.50568
85.999 29.276 1.50596
86.0976 29.2815 1.50624
86.1962 29.2871 1.50652
86.2948 29.2926 1.5068
86.3934 29.2982 1.50708
86.492 29.3037 1.50736
86.5906 29.3093 1.50764
86.6892 29.3148 1.50792
86.7878 29.3203 1.50819
86.8864 29.3258 1.50847
86.985 29.3313 1.50875
87.0836 29.3368 1.50902
87.1822 29.3423 1.5093
87.2808 29.3478 1.50958
87.3794 29.3533 1.50985
87.478 29.3588 1.51013
87.5766 29.3642 1.5104
87.6752 29.3697 1.51068
87.7738 29.3751 1.51095
87.8724 29.3806 1.51123
87.971 29.386 1.5115
88.0696 29.3914 1.51177
88.1682 29.3969 1.51204
88.2668 29.4023 1.51232
88.3654 29.4077 1.51259
88.464 29.4131 1.51286
88.5626 29.4185 1.51313
88.6612 29.4239 1.5134
88.7598 29.4292 1.51368
88.8584 29.4346 1.51395
88.957 29.44 1.51422
89.0556 29.4453 1.51449
89.1542 29.4507 1.51476
89.2528 29.456 1.51503
89.3514 29.4614 1.51529
89.4499 29.4667 1.51556
89.5485 29.472 1.51583
89.6471 29.4773 1.5161
89.7457 29.4826 1.51637
89.8443 29.4879 1.51664
89.9429 29.4932 1.5169
90.0415 29.4985 1.51717
90.1401 29.5038 1.51744
90.2387 29.5091 1.5177
90.3373 29.5144 1.51797
90.4359 29.5196 1.51823
90.5345 29.5249 1.5185
90.6331 29.5301 1.51876
90.7317 29.5354 1.51903
90.8303 29.5406 1.51929
90.9289 29.5458 1.51956
91.0275 29.5511 1.51982
91.1261 29.5563 1.52008
91.2247 29.5615 1.52035
91.3233 29.5667 1.52061
91.4219 29.5719 1.52087
91.5205 29.5771 1.52113
91.6191 29.5823 1.5214
91.7177 29.5874 1.52166
91.8163 29.5926 1.52192
91.9149 29.5978 1.52218
92.0135 29.6029 1.52244
92.1121 29.6081 1.5227
92.2107 29.6132 1.52296
92.3093 29.6184 1.52322
92.4079 29.6235 1.52348
92.5065 29.6286 1.52374
92.6051 29.6337 1.524
92.7037 29.6389 1.52425
92.8023 29.644 1.52451
92.9009 29.6491 1.52477
92.9995 29.6542 1.52503
93.0981 29.6592 1.52529
93.1967 29.6643 1.52554
93.2953 29.6694 1.5258
93.3939 29.6745 1.52606
93.4925 29.6795 1.52631
93.5911 29.6846 1.52657
93.6897 29.6896 1.52682
93.7883 29.6947 1.52708
93.8869 29.6997 1.52733
93.9855 29.7048 1.52759
94.0841 29.7098 1.52784
94.1827 29.7148 1.5281
94.2813 29.7198 1.52835
94.3799 29.7248 1.5286
94.4785 29.7298 1.52886
94.5771 29.7348 1.52911
94.6757 29.7398 1.52936
94.7743 29.7448 1.52961
94.8729 29.7498 1.52987
94.9715 29.7547 1.53012
95.0701 29.7597 1.53037
95.1687 29.7647 1.53062
95.2673 29.7696 1.53087
95.3659 29.7746 1.53112
95.4645 29.7795 1.53137
95.5631 29.7844 1.53162
95.6617 29.7894 1.53187
95.7603 29.7943 1.53212
95.8589 29.7992 1.53237
95.9575 29.8041 1.53262
96.0561 29.809 1.53287
96.1547 29.8139 1.53312
96.2533 29.8188 1.53337
96.3519 29.8237 1.53361
96.4505 29.8286 1.53386
96.549 29.8335 1.53411
96.6476 29.8383 1.53436
96.7462 29.8432 1.5346
96.8448 29.8481 1.53485
96.9434 29.8529 1.53509
97.042 29.8578 1.53534
97.1406 29.8626 1.53559
97.2392 29.8674 1.53583
97.3378 29.8723 1.53608
97.4364 29.8771 1.53632
97.535 29.8819 1.53657
97.6336 29.8867 1.53681
97.7322 29.8915 1.53705
97.8308 29.8963 1.5373
97.9294 29.9011 1.53754
98.028 29.9059 1.53778
98.1266 29.9107 1.53803
98.2252 29.9155 1.53827
98.3238 29.9203 1.53851
98.4224 29.925 1.53875
98.521 29.9298 1.539
98.6196 29.9346 1.53924
98.7182 29.9393 1.53948
98.8168 29.9441 1.53972
98.9154 29.9488 1.53996
99.014 29.9535 1.5402
99.1126 29.9583 1.54044
99.2112 29.963 1.54068
99.3098 29.9677 1.54092
99.4084 29.9724 1.54116
99.507 29.9771 1.5414
99.6056 29.9818 1.54164
99.7042 29.9865 1.54188
99.8028 29.9912 1.54212
99.9014 29.9959 1.54236
100 30.0006 1.54259
