1e-05 70.14 3.15299
0.00101099 16.9238 0.9355
0.00201198 13.1716 0.797236
0.00301297 11.2649 0.733244
0.00401396 10.0264 0.695284
0.00501495 9.12572 0.670095
0.00601595 8.42737 0.652287
0.00701694 7.86053 0.639145
0.00801793 7.38709 0.629214
0.00901892 6.98266 0.621571
0.0100199 6.63021 0.615581
0.0110209 6.31937 0.610878
0.0120219 6.04241 0.60719
0.0130229 5.79268 0.604278
0.0140239 5.56575 0.601993
0.0150249 5.35829 0.600226
0.0160259 5.16768 0.598897
0.0170268 4.99161 0.597929
0.0180278 4.82796 0.597241
0.0190288 4.67526 0.596795
0.0200298 4.53238 0.596559
0.0210308 4.39831 0.596498
0.0220318 4.27222 0.596595
0.0230328 4.1533 0.596828
0.0240338 4.0408 0.597167
0.0250348 3.93407 0.597589
0.0260358 3.83265 0.598093
0.0270368 3.73614 0.598667
0.0280377 3.64414 0.599298
0.0290387 3.55632 0.599976
0.0300397 3.4724 0.600705
0.0310407 3.39209 0.601477
0.0320417 3.31511 0.602278
0.0330427 3.24121 0.603097
0.0340437 3.17018 0.60393
0.0350447 3.10187 0.604783
0.0360457 3.0361 0.605652
0.0370467 2.97273 0.60653
0.0380477 2.91162 0.607412
0.0390486 2.85265 0.608295
0.0400496 2.79571 0.609188
0.0410506 2.74069 0.610087
0.0420516 2.68747 0.610984
0.0430526 2.63595 0.611876
0.0440536 2.58605 0.612757
0.0450546 2.53767 0.613627
0.0460556 2.49076 0.614494
0.0470566 2.44526 0.615355
0.0480576 2.40108 0.616207
0.0490586 2.35819 0.617049
0.0500595 2.31651 0.617878
0.0510605 2.27599 0.618694
0.0520615 2.23661 0.619503
0.0530625 2.1983 0.620305
0.0540635 2.16102 0.621097
0.0550645 2.12472 0.621875
0.0560655 2.08936 0.622638
0.0570665 2.05491 0.623383
0.0580675 2.02131 0.624109
0.0590685 1.98856 0.624823
0.0600695 1.95662 0.625525
0.0610705 1.92546 0.626214
0.0620714 1.89505 0.626887
0.0630724 1.86536 0.627544
0.0640734 1.83636 0.628184
0.0650744 1.80804 0.628805
0.0660754 1.78037 0.629411
0.0670764 1.75333 0.630006
0.0680774 1.72691 0.630587
0.0690784 1.70107 0.631153
0.0700794 1.67581 0.631704
0.0710804 1.6511 0.632236
0.0720814 1.62691 0.63275
0.0730823 1.60324 0.633244
0.0740833 1.58006 0.633721
0.0750843 1.55738 0.634185
0.0760853 1.53518 0.634634
0.0770863 1.51343 0.635068
0.0780873 1.49213 0.635486
0.0790883 1.47125 0.635887
0.0800893 1.4508 0.636271
0.0810903 1.43074 0.636638
0.0820913 1.41108 0.636986
0.0830923 1.3918 0.637321
0.0840932 1.3729 0.637643
0.0850942 1.35437 0.637952
0.0860952 1.3362 0.638245
0.0870962 1.31837 0.638523
0.0880972 1.30087 0.638784
0.0890982 1.2837 0.639029
0.0900992 1.26684 0.639255
0.0911002 1.25029 0.639463
0.0921012 1.23404 0.639656
0.0931022 1.21809 0.639836
0.0941032 1.20243 0.640001
0.0951041 1.18705 0.640152
0.0961051 1.17195 0.640288
0.0971061 1.15711 0.640409
0.0981071 1.14253 0.640514
0.0991081 1.1282 0.640603
0.100109 1.11412 0.640675
0.10111 1.10027 0.640731
0.102111 1.08666 0.640773
0.103112 1.07328 0.640803
0.104113 1.06013 0.64082
0.105114 1.04721 0.640823
0.106115 1.0345 0.640811
0.107116 1.022 0.640785
0.108117 1.0097 0.640744
0.109118 0.997604 0.640687
0.110119 0.9857 0.640615
0.11112 0.973984 0.640527
0.112121 0.96246 0.640426
0.113122 0.951126 0.640312
0.114123 0.939975 0.640185
0.115124 0.929004 0.640045
0.116125 0.918206 0.639892
0.117126 0.907577 0.639726
0.118127 0.897111 0.639545
0.119128 0.886804 0.63935
0.120129 0.876653 0.639141
0.12113 0.866651 0.638917
0.122131 0.856797 0.638678
0.123132 0.847095 0.638428
0.124133 0.837542 0.638166
0.125134 0.828133 0.637892
0.126135 0.818866 0.637605
0.127136 0.809738 0.637306
0.128137 0.800743 0.636994
0.129138 0.79188 0.636669
0.130139 0.783145 0.63633
0.13114 0.774535 0.635978
0.132141 0.766047 0.635613
0.133142 0.757679 0.635234
0.134143 0.749434 0.634843
0.135144 0.741311 0.634441
0.136145 0.733306 0.634028
0.137146 0.725417 0.633603
0.138147 0.71764 0.633166
0.139148 0.709973 0.632718
0.140149 0.702412 0.632257
0.14115 0.694954 0.631784
0.142151 0.687598 0.631299
0.143152 0.68034 0.630801
0.144153 0.673178 0.63029
0.145154 0.666112 0.629767
0.146155 0.659146 0.629234
0.147156 0.652276 0.62869
0.148157 0.645501 0.628136
0.149158 0.638819 0.62757
0.150159 0.632226 0.626994
0.15116 0.625721 0.626406
0.152161 0.619302 0.625807
0.153162 0.612967 0.625197
0.154163 0.606714 0.624575
0.155164 0.60054 0.623942
0.156165 0.594445 0.623297
0.157166 0.588428 0.622641
0.158167 0.582493 0.621975
0.159168 0.576637 0.6213
0.160169 0.570859 0.620614
0.16117 0.565156 0.619918
0.162171 0.559527 0.619213
0.163172 0.55397 0.618496
0.164173 0.548482 0.61777
0.165174 0.543063 0.617033
0.166175 0.53771 0.616285
0.167175 0.532422 0.615527
0.168176 0.527197 0.614758
0.169177 0.522035 0.613979
0.170178 0.516938 0.61319
0.171179 0.511906 0.612392
0.17218 0.506938 0.611584
0.173181 0.502032 0.610767
0.174182 0.497187 0.609941
0.175183 0.492401 0.609105
0.176184 0.487673 0.60826
0.177185 0.483002 0.607405
0.178186 0.478386 0.606541
0.179187 0.473824 0.605667
0.180188 0.469315 0.604784
0.181189 0.464859 0.603892
0.18219 0.460454 0.60299
0.183191 0.456105 0.602081
0.184192 0.45181 0.601162
0.185193 0.447567 0.600236
0.186194 0.443375 0.5993
0.187195 0.439233 0.598356
0.188196 0.435139 0.597404
0.189197 0.431093 0.596443
0.190198 0.427092 0.595473
0.191199 0.423137 0.594495
0.1922 0.419226 0.593508
0.193201 0.415358 0.592513
0.194202 0.411531 0.591509
0.195203 0.407746 0.590496
0.196204 0.404006 0.589476
0.197205 0.40031 0.588447
0.198206 0.396656 0.58741
0.199207 0.393045 0.586365
0.200208 0.389474 0.585313
0.201209 0.385943 0.584253
0.20221 0.382452 0.583185
0.203211 0.378999 0.582109
0.204212 0.375584 0.581026
0.205213 0.372206 0.579936
0.206214 0.368864 0.578838
0.207215 0.365557 0.577733
0.208216 0.362286 0.57662
0.209217 0.359052 0.575501
0.210218 0.355856 0.574374
0.211219 0.352696 0.573241
0.21222 0.349571 0.5721
0.213221 0.34648 0.570953
0.214222 0.343424 0.569798
0.215223 0.340401 0.568637
0.216224 0.337409 0.567469
0.217225 0.334449 0.566294
0.218226 0.33152 0.565113
0.219227 0.328621 0.563925
0.220228 0.325751 0.56273
0.221229 0.32291 0.561528
0.22223 0.320097 0.56032
0.223231 0.317316 0.559106
0.224232 0.314564 0.557884
0.225233 0.311843 0.556657
0.226234 0.30915 0.555423
0.227235 0.306486 0.554182
0.228236 0.303849 0.552936
0.229237 0.30124 0.551684
0.230238 0.298657 0.550426
0.231239 0.296101 0.549162
0.23224 0.293571 0.547893
0.233241 0.291065 0.546618
0.234242 0.288584 0.545337
0.235243 0.286128 0.544052
0.236244 0.283696 0.542761
0.237245 0.281291 0.541464
0.238246 0.278911 0.540162
0.239247 0.276556 0.538854
0.240248 0.274225 0.537541
0.241249 0.271919 0.536223
0.24225 0.269635 0.5349
0.243251 0.267375 0.533571
0.244252 0.265137 0.532238
0.245253 0.262921 0.530899
0.246254 0.260726 0.529556
0.247255 0.258552 0.528208
0.248256 0.256398 0.526855
0.249257 0.254264 0.525498
0.250258 0.25215 0.524135
0.251259 0.250058 0.522768
0.25226 0.247987 0.521395
0.253261 0.245936 0.520018
0.254262 0.243907 0.518636
0.255263 0.241897 0.517249
0.256264 0.239906 0.515858
0.257265 0.237935 0.514463
0.258266 0.235983 0.513064
0.259267 0.23405 0.51166
0.260268 0.232135 0.510253
0.261269 0.230238 0.508842
0.26227 0.228358 0.507428
0.263271 0.226496 0.50601
0.264272 0.22465 0.504589
0.265273 0.222823 0.503164
0.266274 0.221014 0.501735
0.267275 0.219224 0.500302
0.268276 0.21745 0.498865
0.269277 0.215695 0.497425
0.270278 0.213956 0.495981
0.271279 0.212233 0.494534
0.27228 0.210527 0.493083
0.273281 0.208836 0.49163
0.274282 0.207161 0.490173
0.275283 0.2055 0.488713
0.276284 0.203855 0.487249
0.277285 0.202224 0.485783
0.278285 0.200606 0.484315
0.279286 0.199003 0.482843
0.280287 0.197416 0.481367
0.281288 0.195843 0.479888
0.282289 0.194285 0.478406
0.28329 0.192742 0.476921
0.284291 0.191213 0.475432
0.285292 0.189698 0.473941
0.286293 0.188197 0.472447
0.287294 0.186709 0.470951
0.288295 0.185235 0.469452
0.289296 0.183774 0.467951
0.290297 0.182325 0.466448
0.291298 0.180889 0.464943
0.292299 0.179465 0.463437
0.2933 0.178054 0.461929
0.294301 0.176655 0.460419
0.295302 0.175268 0.458907
0.296303 0.173895 0.457393
0.297304 0.172535 0.455876
0.298305 0.171187 0.454357
0.299306 0.169851 0.452836
0.300307 0.168527 0.451313
0.301308 0.167215 0.449788
0.302309 0.165915 0.448262
0.30331 0.164625 0.446734
0.304311 0.163347 0.445204
0.305312 0.162079 0.443673
0.306313 0.160822 0.442141
0.307314 0.159575 0.440607
0.308315 0.158339 0.439073
0.309316 0.157112 0.437537
0.310317 0.155897 0.435999
0.311318 0.154692 0.434459
0.312319 0.153498 0.432917
0.31332 0.152315 0.431373
0.314321 0.151142 0.429828
0.315322 0.149979 0.428282
0.316323 0.148826 0.426734
0.317324 0.147683 0.425186
0.318325 0.14655 0.423637
0.319326 0.145426 0.422087
0.320327 0.144311 0.420537
0.321328 0.143206 0.418987
0.322329 0.14211 0.417436
0.32333 0.141022 0.415886
0.324331 0.139944 0.414336
0.325332 0.138875 0.412785
0.326333 0.137815 0.411233
0.327334 0.136766 0.40968
0.328335 0.135725 0.408127
0.329336 0.134693 0.406573
0.330337 0.13367 0.405019
0.331338 0.132656 0.403464
0.332339 0.13165 0.401909
0.33334 0.130653 0.400354
0.334341 0.129663 0.398799
0.335342 0.128682 0.397244
0.336343 0.127708 0.39569
0.337344 0.126742 0.394135
0.338345 0.125783 0.392581
0.339346 0.124832 0.391028
0.340347 0.123888 0.389474
0.341348 0.122952 0.387919
0.342349 0.122024 0.386364
0.34335 0.121104 0.384809
0.344351 0.120191 0.383254
0.345352 0.119286 0.381698
0.346353 0.118389 0.380143
0.347354 0.117499 0.378588
0.348355 0.116615 0.377034
0.349356 0.115739 0.37548
0.350357 0.11487 0.373928
0.351358 0.114008 0.372376
0.352359 0.113152 0.370826
0.35336 0.112303 0.369277
0.354361 0.111461 0.367729
0.355362 0.110625 0.366183
0.356363 0.109796 0.364638
0.357364 0.108974 0.363092
0.358365 0.108159 0.361548
0.359366 0.10735 0.360004
0.360367 0.106549 0.358461
0.361368 0.105754 0.356919
0.362369 0.104965 0.355378
0.36337 0.104182 0.353838
0.364371 0.103406 0.352299
0.365372 0.102635 0.350761
0.366373 0.101871 0.349225
0.367374 0.101112 0.34769
0.368375 0.100358 0.346157
0.369376 0.0996106 0.344626
0.370377 0.0988683 0.343096
0.371378 0.0981314 0.341568
0.372379 0.0974005 0.34004
0.37338 0.0966754 0.338513
0.374381 0.0959561 0.336987
0.375382 0.0952425 0.335462
0.376383 0.0945344 0.333938
0.377384 0.093832 0.332416
0.378385 0.0931349 0.330895
0.379386 0.0924432 0.329375
0.380387 0.0917568 0.327858
0.381388 0.0910756 0.326343
0.382389 0.0903995 0.32483
0.38339 0.0897284 0.323319
0.384391 0.0890623 0.321811
0.385392 0.0884011 0.320305
0.386393 0.0877447 0.318802
0.387394 0.0870932 0.317302
0.388395 0.086447 0.315803
0.389395 0.0858061 0.314306
0.390396 0.0851703 0.312811
0.391397 0.0845394 0.311317
0.392398 0.0839135 0.309826
0.393399 0.0832924 0.308336
0.3944 0.0826761 0.306849
0.395401 0.0820643 0.305364
0.396402 0.0814571 0.303882
0.397403 0.0808544 0.302402
0.398404 0.080256 0.300924
0.399405 0.0796619 0.299449
0.400406 0.0790719 0.297977
0.401407 0.0784861 0.296508
0.402408 0.0779043 0.295041
0.403409 0.0773266 0.293577
0.40441 0.0767533 0.292114
0.405411 0.0761843 0.290654
0.406412 0.0756197 0.289195
0.407413 0.0750594 0.287739
0.408414 0.0745033 0.286284
0.409415 0.0739513 0.284833
0.410416 0.0734033 0.283384
0.411417 0.0728594 0.281937
0.412418 0.0723195 0.280494
0.413419 0.0717834 0.279053
0.41442 0.0712512 0.277616
0.415421 0.0707228 0.276182
0.416422 0.0701982 0.274751
0.417423 0.0696772 0.273324
0.418424 0.0691599 0.271901
0.419425 0.0686462 0.270481
0.420426 0.0681365 0.269064
0.421427 0.0676308 0.26765
0.422428 0.0671289 0.266239
0.423429 0.0666308 0.26483
0.42443 0.0661365 0.263425
0.425431 0.0656458 0.262022
0.426432 0.0651587 0.260622
0.427433 0.0646751 0.259226
0.428434 0.0641949 0.257833
0.429435 0.0637181 0.256443
0.430436 0.0632446 0.255057
0.431437 0.0627744 0.253674
0.432438 0.0623073 0.252294
0.433439 0.0618434 0.250918
0.43444 0.0613824 0.249546
0.435441 0.0609245 0.248177
0.436442 0.0604698 0.246811
0.437443 0.0600185 0.245448
0.438444 0.0595704 0.244088
0.439445 0.0591256 0.24273
0.440446 0.0586839 0.241376
0.441447 0.0582454 0.240025
0.442448 0.05781 0.238677
0.443449 0.0573776 0.237333
0.44445 0.0569483 0.235992
0.445451 0.056522 0.234655
0.446452 0.0560986 0.233322
0.447453 0.0556781 0.231993
0.448454 0.0552605 0.230667
0.449455 0.0548457 0.229346
0.450456 0.0544337 0.228029
0.451457 0.0540245 0.226717
0.452458 0.0536181 0.225408
0.453459 0.0532147 0.224103
0.45446 0.0528143 0.222802
0.455461 0.0524169 0.221504
0.456462 0.0520223 0.220209
0.457463 0.0516306 0.218918
0.458464 0.0512416 0.217631
0.459465 0.0508553 0.216348
0.460466 0.0504717 0.215069
0.461467 0.0500907 0.213793
0.462468 0.0497123 0.212521
0.463469 0.0493364 0.211254
0.46447 0.048963 0.20999
0.465471 0.048592 0.208731
0.466472 0.0482233 0.207476
0.467473 0.047857 0.206224
0.468474 0.047493 0.204978
0.469475 0.0471315 0.203734
0.470476 0.0467725 0.202494
0.471477 0.0464161 0.201258
0.472478 0.0460621 0.200025
0.473479 0.0457105 0.198796
0.47448 0.0453613 0.197571
0.475481 0.0450146 0.196349
0.476482 0.0446701 0.195132
0.477483 0.0443281 0.193919
0.478484 0.0439883 0.19271
0.479485 0.0436508 0.191505
0.480486 0.0433155 0.190305
0.481487 0.0429824 0.189109
0.482488 0.0426516 0.187917
0.483489 0.0423229 0.18673
0.48449 0.0419964 0.185548
0.485491 0.041672 0.184371
0.486492 0.04135 0.183198
0.487493 0.0410303 0.182028
0.488494 0.0407129 0.180863
0.489495 0.0403977 0.179702
0.490496 0.0400848 0.178545
0.491497 0.0397739 0.177392
0.492498 0.0394652 0.176243
0.493499 0.0391586 0.175099
0.4945 0.038854 0.173958
0.495501 0.0385514 0.172823
0.496502 0.0382507 0.171691
0.497503 0.037952 0.170564
0.498504 0.0376551 0.169441
0.499505 0.0373601 0.168323
0.500505 0.0370669 0.167209
0.501506 0.0367755 0.166099
0.502507 0.0364859 0.164994
0.503508 0.0361983 0.163892
0.504509 0.0359127 0.162795
0.50551 0.0356289 0.161701
0.506511 0.0353471 0.160611
0.507512 0.0350671 0.159526
0.508513 0.034789 0.158444
0.509514 0.0345127 0.157367
0.510515 0.0342382 0.156295
0.511516 0.0339655 0.155226
0.512517 0.0336947 0.154163
0.513518 0.0334255 0.153103
0.514519 0.0331581 0.152049
0.51552 0.0328925 0.150999
0.516521 0.0326285 0.149953
0.517522 0.0323663 0.148913
0.518523 0.0321057 0.147877
0.519524 0.0318468 0.146846
0.520525 0.0315898 0.145819
0.521526 0.0313346 0.144797
0.522527 0.0310812 0.143779
0.523528 0.0308294 0.142765
0.524529 0.0305794 0.141756
0.52553 0.0303311 0.140751
0.526531 0.0300843 0.13975
0.527532 0.0298393 0.138754
0.528533 0.0295957 0.137762
0.529534 0.0293538 0.136775
0.530535 0.0291134 0.135792
0.531536 0.0288745 0.134813
0.532537 0.0286371 0.133839
0.533538 0.0284011 0.13287
0.534539 0.0281665 0.131905
0.53554 0.0279334 0.130944
0.536541 0.0277018 0.129988
0.537542 0.0274716 0.129035
0.538543 0.027243 0.128087
0.539544 0.0270159 0.127143
0.540545 0.0267903 0.126203
0.541546 0.0265662 0.125267
0.542547 0.0263435 0.124336
0.543548 0.0261223 0.123409
0.544549 0.0259026 0.122486
0.54555 0.0256842 0.121568
0.546551 0.0254673 0.120654
0.547552 0.0252518 0.119745
0.548553 0.0250377 0.118841
0.549554 0.0248249 0.11794
0.550555 0.0246135 0.117045
0.551556 0.0244035 0.116154
0.552557 0.0241949 0.115268
0.553558 0.0239876 0.114387
0.554559 0.0237818 0.11351
0.55556 0.0235775 0.112637
0.556561 0.0233745 0.111768
0.557562 0.023173 0.110904
0.558563 0.0229727 0.110045
0.559564 0.0227739 0.109189
0.560565 0.0225763 0.108338
0.561566 0.0223801 0.107492
0.562567 0.0221851 0.106649
0.563568 0.0219914 0.105811
0.564569 0.0217989 0.104978
0.56557 0.0216076 0.104148
0.566571 0.0214175 0.103323
0.567572 0.0212286 0.102502
0.568573 0.0210409 0.101686
0.569574 0.0208542 0.100874
0.570575 0.0206688 0.100066
0.571576 0.0204846 0.0992619
0.572577 0.0203016 0.098462
0.573578 0.0201198 0.0976662
0.574579 0.0199392 0.0968745
0.57558 0.0197597 0.096087
0.576581 0.0195815 0.0953037
0.577582 0.0194045 0.0945246
0.578583 0.0192286 0.0937497
0.579584 0.0190539 0.092979
0.580585 0.0188803 0.0922127
0.581586 0.0187079 0.0914507
0.582587 0.0185366 0.0906929
0.583588 0.0183664 0.0899396
0.584589 0.0181974 0.0891906
0.58559 0.0180294 0.088446
0.586591 0.0178626 0.0877059
0.587592 0.017697 0.0869701
0.588593 0.0175325 0.0862385
0.589594 0.0173691 0.0855112
0.590595 0.017207 0.0847881
0.591596 0.0170459 0.0840692
0.592597 0.016886 0.0833545
0.593598 0.0167271 0.082644
0.594599 0.0165694 0.0819375
0.5956 0.0164127 0.0812352
0.596601 0.016257 0.080537
0.597602 0.0161024 0.0798429
0.598603 0.0159489 0.0791529
0.599604 0.0157963 0.0784669
0.600605 0.0156447 0.0777849
0.601606 0.0154942 0.0771069
0.602607 0.0153445 0.0764329
0.603608 0.0151959 0.0757629
0.604609 0.0150481 0.0750968
0.60561 0.0149014 0.0744346
0.606611 0.0147557 0.0737762
0.607612 0.014611 0.0731218
0.608613 0.0144673 0.0724712
0.609614 0.0143245 0.0718246
0.610615 0.0141828 0.0711819
0.611615 0.014042 0.0705431
0.612616 0.0139022 0.0699082
0.613617 0.0137634 0.0692773
0.614618 0.0136255 0.0686503
0.615619 0.0134886 0.0680273
0.61662 0.0133526 0.0674082
0.617621 0.0132176 0.0667931
0.618622 0.0130835 0.066182
0.619623 0.0129504 0.0655749
0.620624 0.0128182 0.0649718
0.621625 0.0126869 0.0643727
0.622626 0.0125566 0.0637776
0.623627 0.0124273 0.0631864
0.624628 0.0122989 0.0625992
0.625629 0.0121715 0.0620159
0.62663 0.012045 0.0614364
0.627631 0.0119194 0.0608608
0.628632 0.0117948 0.060289
0.629633 0.0116711 0.059721
0.630634 0.0115482 0.0591568
0.631635 0.0114263 0.0585963
0.632636 0.0113052 0.0580395
0.633637 0.0111849 0.0574864
0.634638 0.0110656 0.056937
0.635639 0.010947 0.0563912
0.63664 0.0108293 0.055849
0.637641 0.0107124 0.0553104
0.638642 0.0105963 0.0547753
0.639643 0.0104811 0.0542438
0.640644 0.0103667 0.0537159
0.641645 0.0102531 0.0531916
0.642646 0.0101404 0.0526709
0.643647 0.0100285 0.0521537
0.644648 0.00991746 0.0516401
0.645649 0.00980725 0.0511301
0.64665 0.00969786 0.0506236
0.647651 0.00958929 0.0501207
0.648652 0.00948155 0.0496213
0.649653 0.00937462 0.0491254
0.650654 0.0092685 0.0486331
0.651655 0.00916319 0.0481442
0.652656 0.00905869 0.0476589
0.653657 0.00895499 0.0471771
0.654658 0.00885208 0.0466988
0.655659 0.00874997 0.046224
0.65666 0.00864865 0.0457527
0.657661 0.00854816 0.045285
0.658662 0.0084485 0.0448209
0.659663 0.00834964 0.0443602
0.660664 0.0082516 0.0439031
0.661665 0.00815434 0.0434494
0.662666 0.00805788 0.0429991
0.663667 0.00796219 0.0425522
0.664668 0.00786728 0.0421087
0.665669 0.00777312 0.0416685
0.66667 0.00767972 0.0412316
0.667671 0.00758706 0.040798
0.668672 0.00749514 0.0403675
0.669673 0.00740395 0.0399403
0.670674 0.00731348 0.0395162
0.671675 0.00722372 0.0390953
0.672676 0.00713466 0.0386775
0.673677 0.0070463 0.0382627
0.674678 0.00695864 0.037851
0.675679 0.00687172 0.0374426
0.67668 0.00678552 0.0370373
0.677681 0.00670004 0.0366352
0.678682 0.00661528 0.0362363
0.679683 0.00653124 0.0358405
0.680684 0.0064479 0.0354478
0.681685 0.00636528 0.0350583
0.682686 0.00628337 0.0346718
0.683687 0.00620216 0.0342884
0.684688 0.00612165 0.033908
0.685689 0.00604184 0.0335307
0.68669 0.00596272 0.0331564
0.687691 0.0058843 0.0327852
0.688692 0.00580657 0.0324169
0.689693 0.00572953 0.0320516
0.690694 0.00565317 0.0316893
0.691695 0.0055775 0.03133
0.692696 0.00550253 0.0309737
0.693697 0.00542828 0.0306206
0.694698 0.00535474 0.0302705
0.695699 0.00528189 0.0299235
0.6967 0.00520972 0.0295795
0.697701 0.00513824 0.0292384
0.698702 0.00506743 0.0289003
0.699703 0.00499728 0.028565
0.700704 0.00492779 0.0282326
0.701705 0.00485895 0.027903
0.702706 0.00479075 0.0275762
0.703707 0.00472318 0.0272521
0.704708 0.00465624 0.0269308
0.705709 0.00458991 0.0266121
0.70671 0.0045242 0.026296
0.707711 0.00445909 0.0259825
0.708712 0.00439457 0.0256716
0.709713 0.00433066 0.0253633
0.710714 0.00426737 0.0250577
0.711715 0.00420472 0.0247549
0.712716 0.00414269 0.0244548
0.713717 0.00408128 0.0241574
0.714718 0.00402049 0.0238627
0.715719 0.00396031 0.0235706
0.71672 0.00390074 0.0232812
0.717721 0.00384178 0.0229944
0.718722 0.00378342 0.0227101
0.719723 0.00372566 0.0224285
0.720724 0.00366849 0.0221493
0.721725 0.00361191 0.0218727
0.722725 0.00355592 0.0215986
0.723726 0.00350051 0.021327
0.724727 0.00344569 0.0210578
0.725728 0.00339144 0.020791
0.726729 0.00333776 0.0205267
0.72773 0.00328468 0.0202649
0.728731 0.00323222 0.0200057
0.729732 0.00318036 0.0197492
0.730733 0.0031291 0.0194952
0.731734 0.00307843 0.0192437
0.732735 0.00302834 0.0189947
0.733736 0.00297882 0.0187482
0.734737 0.00292987 0.018504
0.735738 0.00288147 0.0182622
0.736739 0.00283362 0.0180228
0.73774 0.00278632 0.0177856
0.738741 0.00273955 0.0175507
0.739742 0.0026933 0.017318
0.740743 0.00264757 0.0170875
0.741744 0.00260235 0.0168592
0.742745 0.00255763 0.0166329
0.743746 0.00251341 0.0164087
0.744747 0.00246967 0.0161866
0.745748 0.00242647 0.0159667
0.746749 0.00238381 0.0157491
0.74775 0.00234168 0.0155338
0.748751 0.00230008 0.0153207
0.749752 0.002259 0.0151098
0.750753 0.00221844 0.0149011
0.751754 0.0021784 0.0146946
0.752755 0.00213885 0.0144902
0.753756 0.00209981 0.0142879
0.754757 0.00206126 0.0140876
0.755758 0.00202319 0.0138894
0.756759 0.00198561 0.0136933
0.75776 0.0019485 0.0134991
0.758761 0.00191186 0.013307
0.759762 0.00187569 0.0131167
0.760763 0.00183998 0.0129284
0.761764 0.00180472 0.012742
0.762765 0.00176991 0.0125575
0.763766 0.00173562 0.0123752
0.764767 0.00170182 0.0121949
0.765768 0.00166853 0.0120168
0.766769 0.00163572 0.0118406
0.76777 0.00160339 0.0116665
0.768771 0.00157152 0.0114944
0.769772 0.00154012 0.0113242
0.770773 0.00150917 0.0111559
0.771774 0.00147867 0.0109895
0.772775 0.0014486 0.0108249
0.773776 0.00141895 0.0106621
0.774777 0.00138973 0.0105011
0.775778 0.00136091 0.0103417
0.776779 0.00133249 0.0101841
0.77778 0.00130447 0.0100281
0.778781 0.00127683 0.00987378
0.779782 0.00124956 0.00972102
0.780783 0.00122269 0.00956988
0.781784 0.00119625 0.00942056
0.782785 0.00117025 0.00927307
0.783786 0.00114469 0.00912738
0.784787 0.00111954 0.00898344
0.785788 0.00109481 0.00884125
0.786789 0.00107049 0.00870076
0.78779 0.00104656 0.00856195
0.788791 0.00102302 0.00842481
0.789792 0.000999872 0.00828929
0.790793 0.000977094 0.00815537
0.791794 0.000954684 0.00802302
0.792795 0.000932634 0.00789223
0.793796 0.000910937 0.00776296
0.794797 0.000889584 0.00763519
0.795798 0.000868569 0.00750888
0.796799 0.000847885 0.00738403
0.7978 0.000827523 0.00726059
0.798801 0.000807505 0.00713865
0.799802 0.000787885 0.00701837
0.800803 0.000768657 0.00689974
0.801804 0.000749808 0.00678272
0.802805 0.000731331 0.00666728
0.803806 0.000713214 0.00655338
0.804807 0.000695449 0.00644099
0.805808 0.000678024 0.00633007
0.806809 0.000660931 0.0062206
0.80781 0.00064416 0.00611255
0.808811 0.000627701 0.00600587
0.809812 0.000611545 0.00590054
0.810813 0.000595683 0.00579652
0.811814 0.000580104 0.00569379
0.812815 0.000564801 0.00559231
0.813816 0.000549762 0.00549205
0.814817 0.00053498 0.00539297
0.815818 0.000520446 0.00529506
0.816819 0.000506187 0.00519839
0.81782 0.000492258 0.00510313
0.818821 0.000478653 0.00500926
0.819822 0.000465362 0.00491675
0.820823 0.000452374 0.00482557
0.821824 0.000439682 0.0047357
0.822825 0.000427276 0.00464711
0.823826 0.000415147 0.00455978
0.824827 0.000403286 0.00447368
0.825828 0.000391683 0.00438878
0.826829 0.000380331 0.00430506
0.82783 0.00036922 0.00422249
0.828831 0.000358342 0.00414105
0.829832 0.000347688 0.00406071
0.830833 0.000337248 0.00398145
0.831834 0.000327016 0.00390324
0.832835 0.000316981 0.00382606
0.833835 0.000307136 0.00374988
0.834836 0.000297513 0.0036748
0.835837 0.000288165 0.00360096
0.836838 0.000279083 0.00352834
0.837839 0.000270257 0.0034569
0.83884 0.000261677 0.00338663
0.839841 0.000253334 0.00331749
0.840842 0.000245218 0.00324944
0.841843 0.000237319 0.00318247
0.842844 0.000229629 0.00311654
0.843845 0.000222137 0.00305163
0.844846 0.000214835 0.0029877
0.845847 0.000207712 0.00292473
0.846848 0.000200761 0.00286269
0.847849 0.000193971 0.00280155
0.84885 0.000187334 0.00274129
0.849851 0.000180841 0.00268188
0.850852 0.000174482 0.00262329
0.851853 0.00016825 0.0025655
0.852854 0.000162175 0.00250858
0.853855 0.000156308 0.0024527
0.854856 0.000150642 0.00239782
0.855857 0.000145167 0.00234392
0.856858 0.000139877 0.00229098
0.857859 0.000134762 0.00223897
0.85886 0.000129814 0.00218787
0.859861 0.000125025 0.00213765
0.860862 0.000120386 0.0020883
0.861863 0.00011589 0.00203979
0.862864 0.000111529 0.0019921
0.863865 0.000107294 0.00194519
0.864866 0.000103177 0.00189906
0.865867 9.91713e-05 0.00185368
0.866868 9.52682e-05 0.00180903
0.867869 9.146e-05 0.00176507
0.86887 8.7739e-05 0.0017218
0.869871 8.40975e-05 0.00167919
0.870872 8.05623e-05 0.00163732
0.871873 7.71792e-05 0.00159633
0.872874 7.39414e-05 0.00155618
0.873875 7.08417e-05 0.00151687
0.874876 6.78725e-05 0.00147835
0.875877 6.50266e-05 0.00144062
0.876878 6.22967e-05 0.00140364
0.877879 5.96756e-05 0.00136739
0.87888 5.71562e-05 0.00133185
0.879881 5.47314e-05 0.00129699
0.880882 5.2394e-05 0.00126279
0.881883 5.01371e-05 0.00122922
0.882884 4.79537e-05 0.00119627
0.883885 4.58368e-05 0.00116391
0.884886 4.37796e-05 0.00113211
0.885887 4.17753e-05 0.00110086
0.886888 3.98171e-05 0.00107013
0.887889 3.78981e-05 0.0010399
0.88889 3.60376e-05 0.00101023
0.889891 3.42752e-05 0.000981259
0.890892 3.26062e-05 0.000952971
0.891893 3.10252e-05 0.000925345
0.892894 2.95269e-05 0.000898359
0.893895 2.81059e-05 0.000871994
0.894896 2.67569e-05 0.00084623
0.895897 2.54746e-05 0.000821046
0.896898 2.42539e-05 0.000796423
0.897899 2.30895e-05 0.000772341
0.8989 2.19762e-05 0.00074878
0.899901 2.0909e-05 0.000725722
0.900902 1.98828e-05 0.000703147
0.901903 1.88924e-05 0.000681036
0.902904 1.79329e-05 0.000659369
0.903905 1.69992e-05 0.000638129
0.904906 1.60864e-05 0.000617295
0.905907 1.51896e-05 0.00059685
0.906908 1.43212e-05 0.00057685
0.907909 1.35102e-05 0.000557419
0.90891 1.27537e-05 0.000538542
0.909911 1.20481e-05 0.000520198
0.910912 1.13897e-05 0.000502368
0.911913 1.0775e-05 0.000485031
0.912914 1.02004e-05 0.000468169
0.913915 9.66223e-06 0.000451761
0.914916 9.15707e-06 0.000435789
0.915917 8.68137e-06 0.000420234
0.916918 8.23165e-06 0.000405076
0.917919 7.80443e-06 0.000390296
0.91892 7.39627e-06 0.000375876
0.919921 7.00375e-06 0.000361797
0.920922 6.62347e-06 0.00034804
0.921923 6.25205e-06 0.000334586
0.922924 5.88614e-06 0.000321419
0.923925 5.52239e-06 0.000308518
0.924926 5.1684e-06 0.000295938
0.925927 4.84212e-06 0.000283792
0.926928 4.54206e-06 0.000272067
0.927929 4.26629e-06 0.000260747
0.92893 4.01289e-06 0.000249813
0.929931 3.77994e-06 0.00023925
0.930932 3.56554e-06 0.00022904
0.931933 3.36781e-06 0.000219168
0.932934 3.18486e-06 0.000209615
0.933935 3.01484e-06 0.000200368
0.934936 2.85589e-06 0.000191408
0.935937 2.70617e-06 0.00018272
0.936938 2.56385e-06 0.000174287
0.937939 2.42711e-06 0.000166094
0.93894 2.29415e-06 0.000158125
0.939941 2.16317e-06 0.000150365
0.940942 2.0324e-06 0.000142796
0.941943 1.90005e-06 0.000135405
0.942944 1.77129e-06 0.000128254
0.943945 1.65394e-06 0.000121431
0.944945 1.54719e-06 0.000114922
0.945946 1.45016e-06 0.000108711
0.946947 1.36201e-06 0.000102782
0.947948 1.2819e-06 9.71197e-05
0.948949 1.20898e-06 9.17101e-05
0.94995 1.14241e-06 8.65375e-05
0.950951 1.08137e-06 8.15871e-05
0.951952 1.02504e-06 7.6844e-05
0.952953 9.72581e-07 7.22933e-05
0.953954 9.23192e-07 6.79206e-05
0.954955 8.7606e-07 6.37111e-05
0.955956 8.30379e-07 5.96503e-05
0.956957 7.85351e-07 5.5724e-05
0.957958 7.40181e-07 5.19177e-05
0.958959 6.94078e-07 4.82172e-05
0.95996 6.46543e-07 4.46161e-05
0.960961 6.01512e-07 4.12216e-05
0.961962 5.60244e-07 3.80615e-05
0.962963 5.22441e-07 3.51207e-05
0.963964 4.87811e-07 3.23844e-05
0.964965 4.56058e-07 2.98379e-05
0.965966 4.26893e-07 2.74666e-05
0.966967 4.00026e-07 2.52559e-05
0.967968 3.75169e-07 2.31913e-05
0.968969 3.52037e-07 2.12585e-05
0.96997 3.30345e-07 1.94432e-05
0.970971 3.09811e-07 1.77311e-05
0.971972 2.90155e-07 1.61082e-05
0.972973 2.71097e-07 1.45605e-05
0.973974 2.52361e-07 1.30739e-05
0.974975 2.33671e-07 1.16347e-05
0.975976 2.14753e-07 1.0229e-05
0.976977 1.95611e-07 8.86262e-06
0.977978 1.77826e-07 7.6483e-06
0.978979 1.61579e-07 6.59302e-06
0.97998 1.46726e-07 5.68057e-06
0.980981 1.33124e-07 4.89482e-06
0.981982 1.20632e-07 4.21973e-06
0.982983 1.09109e-07 3.63938e-06
0.983984 9.84142e-08 3.13792e-06
0.984985 8.84095e-08 2.69963e-06
0.985986 7.89564e-08 2.30884e-06
0.986987 6.99175e-08 1.95001e-06
0.987988 6.11561e-08 1.60769e-06
0.988989 5.25366e-08 1.26651e-06
0.98999 4.3924e-08 9.11208e-07
0.990991 3.57101e-08 5.82326e-07
0.991992 2.87797e-08 3.70962e-07
0.992993 2.29136e-08 2.49757e-07
0.993994 1.78604e-08 1.87959e-07
0.994995 1.33701e-08 1.55002e-07
0.995996 9.19435e-09 1.20503e-07
0.996997 5.29734e-09 6.71969e-08
0.997998 2.72831e-09 5.45824e-08
0.998999 8.22299e-10 4.93719e-08
1 1.39589e-26 2.54e-24
