1e-05 70.268 3.14136
0.00101099 16.9259 0.937028
0.00201198 13.1606 0.799032
0.00301297 11.2491 0.735206
0.00401396 10.0086 0.697354
0.00501495 9.10717 0.672234
0.00601595 8.40876 0.654458
0.00701694 7.84229 0.641321
0.00801793 7.36938 0.631375
0.00901892 6.96557 0.623698
0.0100199 6.61383 0.617661
0.0110209 6.30373 0.612898
0.0120219 6.02753 0.609141
0.0130229 5.77855 0.606151
0.0140239 5.55235 0.603782
0.0150249 5.34561 0.601925
0.0160259 5.15571 0.600501
0.0170268 4.98033 0.599434
0.0180278 4.81733 0.598645
0.0190288 4.66526 0.598095
0.0200298 4.52298 0.597752
0.0210308 4.38949 0.597583
0.0220318 4.26397 0.59757
0.0230328 4.14559 0.597693
0.0240338 4.03361 0.597922
0.0250348 3.92737 0.598233
0.0260358 3.82643 0.598627
0.0270368 3.73036 0.599091
0.0280377 3.63879 0.599612
0.0290387 3.55139 0.600181
0.0300397 3.46787 0.600802
0.0310407 3.38793 0.601465
0.0320417 3.31132 0.602158
0.0330427 3.23777 0.602871
0.0340437 3.16707 0.603599
0.0350447 3.09908 0.604348
0.0360457 3.03362 0.605114
0.0370467 2.97055 0.605891
0.0380477 2.90972 0.606673
0.0390486 2.85102 0.607459
0.0400496 2.79434 0.608256
0.0410506 2.73956 0.60906
0.0420516 2.68658 0.609864
0.0430526 2.63529 0.610664
0.0440536 2.5856 0.611456
0.0450546 2.53743 0.612238
0.0460556 2.49073 0.613019
0.0470566 2.44541 0.613795
0.0480576 2.40142 0.614565
0.0490586 2.3587 0.615325
0.0500595 2.31719 0.616075
0.0510605 2.27684 0.616813
0.0520615 2.23761 0.617546
0.0530625 2.19944 0.618274
0.0540635 2.16231 0.618992
0.0550645 2.12614 0.619699
0.0560655 2.09092 0.620392
0.0570665 2.05658 0.621069
0.0580675 2.02311 0.621729
0.0590685 1.99047 0.62238
0.0600695 1.95864 0.623019
0.0610705 1.92758 0.623647
0.0620714 1.89727 0.624261
0.0630724 1.86768 0.624861
0.0640734 1.83878 0.625445
0.0650744 1.81054 0.626013
0.0660754 1.78295 0.626567
0.0670764 1.756 0.627111
0.0680774 1.72965 0.627643
0.0690784 1.70389 0.628161
0.0700794 1.6787 0.628666
0.0710804 1.65405 0.629154
0.0720814 1.62993 0.629625
0.0730823 1.60632 0.630078
0.0740833 1.5832 0.630516
0.0750843 1.56058 0.630941
0.0760853 1.53842 0.631354
0.0770863 1.51673 0.631752
0.0780873 1.49547 0.632137
0.0790883 1.47464 0.632506
0.0800893 1.45423 0.632859
0.0810903 1.43421 0.633196
0.0820913 1.41459 0.633517
0.0830923 1.39535 0.633825
0.0840932 1.37649 0.634122
0.0850942 1.35799 0.634406
0.0860952 1.33984 0.634677
0.0870962 1.32204 0.634933
0.0880972 1.30457 0.635174
0.0890982 1.28743 0.635399
0.0900992 1.27059 0.635608
0.0911002 1.25406 0.6358
0.0921012 1.23783 0.635978
0.0931022 1.22191 0.636144
0.0941032 1.20626 0.636297
0.0951041 1.19091 0.636436
0.0961051 1.17582 0.636562
0.0971061 1.161 0.636674
0.0981071 1.14643 0.63677
0.0991081 1.13211 0.636852
0.100109 1.11804 0.636918
0.10111 1.1042 0.636969
0.102111 1.0906 0.637008
0.103112 1.07723 0.637035
0.104113 1.06409 0.63705
0.105114 1.05117 0.637052
0.106115 1.03847 0.637041
0.107116 1.02597 0.637016
0.108117 1.01368 0.636977
0.109118 1.00159 0.636923
0.110119 0.989686 0.636855
0.11112 0.977972 0.636772
0.112121 0.966449 0.636676
0.113122 0.955116 0.636569
0.114123 0.943965 0.63645
0.115124 0.932993 0.636319
0.116125 0.922193 0.636175
0.117126 0.911562 0.636018
0.118127 0.901093 0.635848
0.119128 0.890784 0.635664
0.120129 0.880628 0.635467
0.12113 0.870623 0.635256
0.122131 0.860765 0.635032
0.123132 0.851058 0.634796
0.124133 0.841499 0.634549
0.125134 0.832085 0.634291
0.126135 0.822812 0.634021
0.127136 0.813676 0.633739
0.128137 0.804675 0.633445
0.129138 0.795805 0.633139
0.130139 0.787062 0.632819
0.13114 0.778444 0.632487
0.132141 0.769948 0.632142
0.133142 0.761571 0.631784
0.134143 0.753317 0.631416
0.135144 0.745185 0.631036
0.136145 0.737171 0.630646
0.137146 0.729272 0.630245
0.138147 0.721485 0.629832
0.139148 0.713807 0.629408
0.140149 0.706235 0.628973
0.14115 0.698767 0.628525
0.142151 0.6914 0.628066
0.143152 0.684131 0.627594
0.144153 0.676958 0.627111
0.145154 0.669881 0.626616
0.146155 0.662902 0.62611
0.147156 0.656021 0.625595
0.148157 0.649234 0.625069
0.149158 0.642539 0.624533
0.150159 0.635934 0.623986
0.15116 0.629417 0.623428
0.152161 0.622985 0.62286
0.153162 0.616637 0.62228
0.154163 0.610371 0.621689
0.155164 0.604185 0.621088
0.156165 0.598076 0.620474
0.157166 0.592046 0.619851
0.158167 0.586098 0.619218
0.159168 0.580229 0.618575
0.160169 0.574437 0.617922
0.16117 0.568721 0.61726
0.162171 0.563078 0.616588
0.163172 0.557507 0.615905
0.164173 0.552005 0.615213
0.165174 0.546572 0.61451
0.166175 0.541205 0.613798
0.167175 0.535903 0.613075
0.168176 0.530665 0.612341
0.169177 0.525488 0.611597
0.170178 0.520378 0.610844
0.171179 0.515332 0.610082
0.17218 0.51035 0.609311
0.173181 0.50543 0.608531
0.174182 0.500571 0.607741
0.175183 0.49577 0.606943
0.176184 0.491028 0.606135
0.177185 0.486343 0.605317
0.178186 0.481713 0.604491
0.179187 0.477137 0.603655
0.180188 0.472615 0.60281
0.181189 0.468144 0.601955
0.18219 0.463725 0.601092
0.183191 0.459362 0.60022
0.184192 0.455053 0.59934
0.185193 0.450795 0.598452
0.186194 0.446589 0.597555
0.187195 0.442433 0.59665
0.188196 0.438325 0.595737
0.189197 0.434264 0.594815
0.190198 0.43025 0.593884
0.191199 0.426281 0.592945
0.1922 0.422355 0.591997
0.193201 0.418473 0.591041
0.194202 0.414632 0.590076
0.195203 0.410834 0.589102
0.196204 0.40708 0.588121
0.197205 0.40337 0.587131
0.198206 0.399702 0.586134
0.199207 0.396076 0.585129
0.200208 0.392492 0.584116
0.201209 0.388947 0.583096
0.20221 0.385442 0.582067
0.203211 0.381975 0.581032
0.204212 0.378547 0.579988
0.205213 0.375155 0.578937
0.206214 0.371799 0.577879
0.207215 0.368479 0.576813
0.208216 0.365194 0.57574
0.209217 0.361947 0.57466
0.210218 0.358737 0.573573
0.211219 0.355563 0.572479
0.21222 0.352425 0.571378
0.213221 0.349321 0.57027
0.214222 0.346251 0.569155
0.215223 0.343214 0.568033
0.216224 0.340209 0.566904
0.217225 0.337236 0.565769
0.218226 0.334294 0.564626
0.219227 0.331381 0.563477
0.220228 0.328498 0.562321
0.221229 0.325643 0.561159
0.22223 0.322818 0.559989
0.223231 0.320023 0.558813
0.224232 0.317259 0.557631
0.225233 0.314524 0.556442
0.226234 0.311818 0.555246
0.227235 0.309141 0.554044
0.228236 0.306491 0.552837
0.229237 0.303869 0.551623
0.230238 0.301274 0.550403
0.231239 0.298705 0.549177
0.23224 0.296162 0.547946
0.233241 0.293644 0.546708
0.234242 0.291151 0.545466
0.235243 0.288682 0.544218
0.236244 0.286238 0.542964
0.237245 0.28382 0.541705
0.238246 0.281428 0.54044
0.239247 0.279061 0.539169
0.240248 0.276718 0.537894
0.241249 0.2744 0.536612
0.24225 0.272104 0.535326
0.243251 0.269832 0.534034
0.244252 0.267582 0.532737
0.245253 0.265354 0.531435
0.246254 0.263147 0.530128
0.247255 0.260962 0.528816
0.248256 0.258796 0.527499
0.249257 0.256651 0.526177
0.250258 0.254525 0.52485
0.251259 0.252422 0.523517
0.25226 0.250339 0.52218
0.253261 0.248277 0.520837
0.254262 0.246236 0.519489
0.255263 0.244215 0.518137
0.256264 0.242213 0.51678
0.257265 0.240231 0.515418
0.258266 0.238268 0.514052
0.259267 0.236323 0.512682
0.260268 0.234397 0.511308
0.261269 0.232488 0.50993
0.26227 0.230598 0.508549
0.263271 0.228724 0.507163
0.264272 0.226868 0.505775
0.265273 0.22503 0.504382
0.266274 0.22321 0.502985
0.267275 0.221409 0.501584
0.268276 0.219625 0.500179
0.269277 0.217859 0.49877
0.270278 0.216109 0.497358
0.271279 0.214376 0.495942
0.27228 0.212659 0.494522
0.273281 0.210958 0.493099
0.274282 0.209272 0.491672
0.275283 0.207601 0.490242
0.276284 0.205945 0.488809
0.277285 0.204304 0.487373
0.278285 0.202676 0.485933
0.279286 0.201063 0.484491
0.280287 0.199465 0.483044
0.281288 0.197883 0.481594
0.282289 0.196315 0.48014
0.28329 0.194762 0.478683
0.284291 0.193223 0.477222
0.285292 0.191698 0.475759
0.286293 0.190187 0.474292
0.287294 0.18869 0.472823
0.288295 0.187206 0.471352
0.289296 0.185735 0.469877
0.290297 0.184276 0.468401
0.291298 0.182831 0.466922
0.292299 0.181398 0.465442
0.2933 0.179977 0.46396
0.294301 0.178568 0.462475
0.295302 0.177172 0.460988
0.296303 0.17579 0.459498
0.297304 0.17442 0.458006
0.298305 0.173063 0.456511
0.299306 0.171718 0.455014
0.300307 0.170385 0.453515
0.301308 0.169064 0.452013
0.302309 0.167754 0.45051
0.30331 0.166455 0.449005
0.304311 0.165168 0.447498
0.305312 0.163891 0.44599
0.306313 0.162625 0.44448
0.307314 0.16137 0.442968
0.308315 0.160124 0.441455
0.309316 0.158889 0.439941
0.310317 0.157665 0.438424
0.311318 0.156451 0.436905
0.312319 0.155249 0.435383
0.31332 0.154057 0.43386
0.314321 0.152875 0.432335
0.315322 0.151704 0.430809
0.316323 0.150542 0.429282
0.317324 0.149391 0.427753
0.318325 0.148249 0.426223
0.319326 0.147117 0.424692
0.320327 0.145994 0.423161
0.321328 0.14488 0.421629
0.322329 0.143776 0.420097
0.32333 0.14268 0.418565
0.324331 0.141593 0.417032
0.325332 0.140516 0.415499
0.326333 0.139449 0.413964
0.327334 0.138391 0.412428
0.328335 0.137342 0.410891
0.329336 0.136302 0.409354
0.330337 0.135272 0.407816
0.331338 0.134249 0.406277
0.332339 0.133236 0.404738
0.33334 0.13223 0.403198
0.334341 0.131233 0.401658
0.335342 0.130244 0.400118
0.336343 0.129262 0.398578
0.337344 0.128288 0.397038
0.338345 0.127322 0.395498
0.339346 0.126363 0.393958
0.340347 0.125411 0.392418
0.341348 0.124468 0.390877
0.342349 0.123532 0.389335
0.34335 0.122605 0.387793
0.344351 0.121685 0.38625
0.345352 0.120772 0.384707
0.346353 0.119867 0.383164
0.347354 0.11897 0.381621
0.348355 0.118079 0.380079
0.349356 0.117196 0.378537
0.350357 0.116319 0.376995
0.351358 0.11545 0.375455
0.352359 0.114587 0.373915
0.35336 0.113731 0.372377
0.354361 0.112881 0.37084
0.355362 0.112038 0.369304
0.356363 0.111202 0.367769
0.357364 0.110373 0.366234
0.358365 0.109551 0.364699
0.359366 0.108736 0.363164
0.360367 0.107927 0.36163
0.361368 0.107125 0.360097
0.362369 0.106329 0.358565
0.36337 0.10554 0.357033
0.364371 0.104756 0.355502
0.365372 0.103979 0.353973
0.366373 0.103208 0.352445
0.367374 0.102442 0.350918
0.368375 0.101682 0.349392
0.369376 0.100928 0.347868
0.370377 0.100179 0.346346
0.371378 0.0994354 0.344825
0.372379 0.0986978 0.343304
0.37338 0.0979662 0.341784
0.374381 0.0972404 0.340265
0.375382 0.0965203 0.338746
0.376383 0.0958058 0.337229
0.377384 0.0950969 0.335712
0.378385 0.0943935 0.334197
0.379386 0.0936954 0.332684
0.380387 0.0930027 0.331172
0.381388 0.0923151 0.329662
0.382389 0.0916327 0.328155
0.38339 0.0909554 0.326649
0.384391 0.090283 0.325146
0.385392 0.0896156 0.323645
0.386393 0.088953 0.322147
0.387394 0.0882954 0.320652
0.388395 0.0876431 0.319157
0.389395 0.086996 0.317665
0.390396 0.0863541 0.316174
0.391397 0.0857172 0.314685
0.392398 0.0850852 0.313197
0.393399 0.0844581 0.311712
0.3944 0.0838358 0.310228
0.395401 0.0832181 0.308747
0.396402 0.0826049 0.307268
0.397403 0.0819962 0.305791
0.398404 0.081392 0.304317
0.399405 0.080792 0.302845
0.400406 0.0801962 0.301376
0.401407 0.0796045 0.299909
0.402408 0.0790168 0.298446
0.403409 0.0784333 0.296984
0.40441 0.0778543 0.295524
0.405411 0.0772796 0.294066
0.406412 0.0767093 0.29261
0.407413 0.0761432 0.291156
0.408414 0.0755814 0.289704
0.409415 0.0750237 0.288255
0.410416 0.0744702 0.286807
0.411417 0.0739206 0.285363
0.412418 0.0733751 0.283921
0.413419 0.0728335 0.282482
0.41442 0.0722957 0.281047
0.415421 0.0717618 0.279614
0.416422 0.0712316 0.278185
0.417423 0.0707052 0.27676
0.418424 0.0701824 0.275338
0.419425 0.0696633 0.27392
0.420426 0.0691482 0.272504
0.421427 0.0686371 0.271091
0.422428 0.0681298 0.26968
0.423429 0.0676264 0.268273
0.42443 0.0671268 0.266868
0.425431 0.0666308 0.265466
0.426432 0.0661384 0.264067
0.427433 0.0656496 0.262672
0.428434 0.0651642 0.261279
0.429435 0.0646822 0.25989
0.430436 0.0642036 0.258504
0.431437 0.0637281 0.257121
0.432438 0.0632559 0.255742
0.433439 0.0627868 0.254366
0.43444 0.0623208 0.252994
0.435441 0.0618577 0.251625
0.436442 0.061398 0.25026
0.437443 0.0609415 0.248896
0.438444 0.0604884 0.247536
0.439445 0.0600385 0.246178
0.440446 0.0595918 0.244824
0.441447 0.0591483 0.243472
0.442448 0.0587079 0.242124
0.443449 0.0582705 0.24078
0.44445 0.0578363 0.239438
0.445451 0.057405 0.238101
0.446452 0.0569767 0.236767
0.447453 0.0565513 0.235437
0.448454 0.0561288 0.234111
0.449455 0.0557091 0.232789
0.450456 0.0552923 0.231471
0.451457 0.0548782 0.230158
0.452458 0.0544671 0.228848
0.453459 0.0540589 0.227542
0.45446 0.0536538 0.22624
0.455461 0.0532517 0.22494
0.456462 0.0528524 0.223645
0.457463 0.052456 0.222353
0.458464 0.0520623 0.221064
0.459465 0.0516714 0.21978
0.460466 0.0512832 0.218499
0.461467 0.0508976 0.217222
0.462468 0.0505146 0.215948
0.463469 0.0501342 0.214679
0.46447 0.0497562 0.213414
0.465471 0.0493806 0.212152
0.466472 0.0490075 0.210895
0.467473 0.0486367 0.209642
0.468474 0.0482682 0.208393
0.469475 0.0479022 0.207148
0.470476 0.0475387 0.205906
0.471477 0.0471777 0.204667
0.472478 0.0468193 0.203432
0.473479 0.0464633 0.2022
0.47448 0.0461097 0.200973
0.475481 0.0457585 0.199749
0.476482 0.0454097 0.198529
0.477483 0.0450632 0.197313
0.478484 0.0447191 0.196101
0.479485 0.0443772 0.194894
0.480486 0.0440376 0.19369
0.481487 0.0437003 0.192491
0.482488 0.0433651 0.191297
0.483489 0.0430322 0.190107
0.48449 0.0427014 0.188922
0.485491 0.0423728 0.187741
0.486492 0.0420465 0.186565
0.487493 0.0417226 0.185392
0.488494 0.041401 0.184223
0.489495 0.0410817 0.183058
0.490496 0.0407646 0.181898
0.491497 0.0404496 0.180741
0.492498 0.0401368 0.179589
0.493499 0.039826 0.17844
0.4945 0.0395173 0.177296
0.495501 0.0392106 0.176156
0.496502 0.0389059 0.175021
0.497503 0.0386031 0.173889
0.498504 0.0383022 0.172762
0.499505 0.0380032 0.17164
0.500505 0.037706 0.170521
0.501506 0.0374105 0.169407
0.502507 0.037117 0.168297
0.503508 0.0368254 0.167191
0.504509 0.0365358 0.166089
0.50551 0.0362481 0.16499
0.506511 0.0359623 0.163896
0.507512 0.0356784 0.162805
0.508513 0.0353964 0.161719
0.509514 0.0351162 0.160636
0.510515 0.0348378 0.159558
0.511516 0.0345613 0.158485
0.512517 0.0342866 0.157416
0.513518 0.0340136 0.156351
0.514519 0.0337424 0.155291
0.51552 0.0334729 0.154235
0.516521 0.0332052 0.153184
0.517522 0.0329391 0.152137
0.518523 0.0326748 0.151096
0.519524 0.0324122 0.150059
0.520525 0.0321515 0.149026
0.521526 0.0318925 0.147997
0.522527 0.0316354 0.146973
0.523528 0.03138 0.145953
0.524529 0.0311263 0.144937
0.52553 0.0308743 0.143926
0.526531 0.0306239 0.142918
0.527532 0.0303752 0.141915
0.528533 0.030128 0.140917
0.529534 0.0298825 0.139923
0.530535 0.0296385 0.138933
0.531536 0.029396 0.137947
0.532537 0.029155 0.136966
0.533538 0.0289155 0.135989
0.534539 0.0286774 0.135017
0.53554 0.0284407 0.134049
0.536541 0.0282056 0.133085
0.537542 0.027972 0.132125
0.538543 0.0277399 0.131169
0.539544 0.0275093 0.130218
0.540545 0.0272802 0.12927
0.541546 0.0270526 0.128326
0.542547 0.0268265 0.127387
0.543548 0.0266019 0.126452
0.544549 0.0263787 0.125521
0.54555 0.026157 0.124595
0.546551 0.0259367 0.123673
0.547552 0.0257178 0.122755
0.548553 0.0255003 0.121842
0.549554 0.0252842 0.120934
0.550555 0.0250695 0.12003
0.551556 0.0248562 0.11913
0.552557 0.0246442 0.118236
0.553558 0.0244337 0.117345
0.554559 0.0242246 0.116459
0.55556 0.024017 0.115578
0.556561 0.0238108 0.1147
0.557562 0.023606 0.113827
0.558563 0.0234025 0.112958
0.559564 0.0232005 0.112094
0.560565 0.0229997 0.111234
0.561566 0.0228003 0.110378
0.562567 0.0226021 0.109526
0.563568 0.0224052 0.108679
0.564569 0.0222096 0.107835
0.56557 0.0220152 0.106996
0.566571 0.021822 0.106162
0.567572 0.0216299 0.105331
0.568573 0.0214391 0.104505
0.569574 0.0212494 0.103683
0.570575 0.0210608 0.102865
0.571576 0.0208736 0.102051
0.572577 0.0206875 0.101241
0.573578 0.0205027 0.100436
0.574579 0.020319 0.0996338
0.57558 0.0201366 0.098836
0.576581 0.0199554 0.0980424
0.577582 0.0197754 0.097253
0.578583 0.0195965 0.0964677
0.579584 0.0194188 0.0956867
0.580585 0.0192423 0.0949098
0.581586 0.0190669 0.0941372
0.582587 0.0188927 0.0933689
0.583588 0.0187196 0.092605
0.584589 0.0185477 0.0918453
0.58559 0.0183769 0.09109
0.586591 0.0182072 0.0903391
0.587592 0.0180387 0.0895925
0.588593 0.0178714 0.0888501
0.589594 0.0177052 0.0881119
0.590595 0.0175402 0.0873778
0.591596 0.0173763 0.0866479
0.592597 0.0172136 0.0859221
0.593598 0.017052 0.0852004
0.594599 0.0168914 0.0844828
0.5956 0.016732 0.0837693
0.596601 0.0165736 0.0830599
0.597602 0.0164163 0.0823545
0.598603 0.01626 0.0816531
0.599604 0.0161047 0.0809558
0.600605 0.0159505 0.0802624
0.601606 0.0157972 0.079573
0.602607 0.0156449 0.0788876
0.603608 0.0154936 0.0782062
0.604609 0.0153432 0.0775287
0.60561 0.0151939 0.076855
0.606611 0.0150456 0.0761851
0.607612 0.0148982 0.0755191
0.608613 0.0147519 0.0748569
0.609614 0.0146066 0.0741987
0.610615 0.0144623 0.0735443
0.611615 0.014319 0.0728938
0.612616 0.0141766 0.0722472
0.613617 0.0140353 0.0716046
0.614618 0.0138949 0.0709658
0.615619 0.0137554 0.0703311
0.61662 0.013617 0.0697002
0.617621 0.0134795 0.0690733
0.618622 0.013343 0.0684504
0.619623 0.0132074 0.0678315
0.620624 0.0130727 0.0672165
0.621625 0.012939 0.0666056
0.622626 0.0128063 0.0659986
0.623627 0.0126746 0.0653956
0.624628 0.0125438 0.0647964
0.625629 0.012414 0.0642011
0.62663 0.0122852 0.0636097
0.627631 0.0121573 0.0630221
0.628632 0.0120303 0.0624384
0.629633 0.0119042 0.0618584
0.630634 0.0117791 0.0612821
0.631635 0.0116548 0.0607096
0.632636 0.0115314 0.0601408
0.633637 0.0114089 0.0595757
0.634638 0.0112873 0.0590142
0.635639 0.0111665 0.0584564
0.63664 0.0110465 0.0579022
0.637641 0.0109274 0.0573515
0.638642 0.0108091 0.0568045
0.639643 0.0106917 0.056261
0.640644 0.0105751 0.055721
0.641645 0.0104593 0.0551847
0.642646 0.0103445 0.0546519
0.643647 0.0102304 0.0541227
0.644648 0.0101172 0.053597
0.645649 0.0100049 0.0530749
0.64665 0.0098934 0.0525563
0.647651 0.00978273 0.0520413
0.648652 0.00967289 0.0515299
0.649653 0.00956389 0.051022
0.650654 0.0094557 0.0505176
0.651655 0.00934834 0.0500167
0.652656 0.0092418 0.0495194
0.653657 0.00913607 0.0490256
0.654658 0.00903115 0.0485354
0.655659 0.00892704 0.0480486
0.65666 0.00882374 0.0475654
0.657661 0.00872128 0.0470858
0.658662 0.00861965 0.0466097
0.659663 0.00851885 0.0461371
0.660664 0.00841887 0.0456681
0.661665 0.00831969 0.0452025
0.662666 0.00822131 0.0447403
0.663667 0.00812373 0.0442816
0.664668 0.00802692 0.0438262
0.665669 0.0079309 0.0433742
0.66667 0.00783563 0.0429255
0.667671 0.00774113 0.04248
0.668672 0.00764737 0.0420378
0.669673 0.00755436 0.0415988
0.670674 0.00746207 0.041163
0.671675 0.00737052 0.0407304
0.672676 0.00727967 0.0403008
0.673677 0.00718954 0.0398744
0.674678 0.00710013 0.0394511
0.675679 0.00701146 0.0390311
0.67668 0.00692352 0.0386142
0.677681 0.00683632 0.0382005
0.678682 0.00674985 0.03779
0.679683 0.00666411 0.0373826
0.680684 0.00657909 0.0369784
0.681685 0.00649479 0.0365774
0.682686 0.00641122 0.0361794
0.683687 0.00632836 0.0357845
0.684688 0.00624621 0.0353927
0.685689 0.00616478 0.035004
0.68669 0.00608405 0.0346184
0.687691 0.00600404 0.0342358
0.688692 0.00592472 0.0338562
0.689693 0.0058461 0.0334797
0.690694 0.00576818 0.0331062
0.691695 0.00569096 0.0327357
0.692696 0.00561447 0.0323683
0.693697 0.0055387 0.032004
0.694698 0.00546364 0.0316429
0.695699 0.00538929 0.0312848
0.6967 0.00531565 0.0309298
0.697701 0.00524269 0.0305777
0.698702 0.00517042 0.0302286
0.699703 0.00509882 0.0298825
0.700704 0.0050279 0.0295392
0.701705 0.00495763 0.0291987
0.702706 0.00488802 0.0288611
0.703707 0.00481905 0.0285262
0.704708 0.00475072 0.0281941
0.705709 0.00468302 0.0278647
0.70671 0.00461594 0.027538
0.707711 0.00454948 0.0272139
0.708712 0.00448363 0.0268924
0.709713 0.00441839 0.0265735
0.710714 0.00435379 0.0262575
0.711715 0.00428983 0.0259442
0.712716 0.00422651 0.0256337
0.713717 0.00416382 0.0253259
0.714718 0.00410176 0.0250208
0.715719 0.00404032 0.0247184
0.71672 0.00397951 0.0244186
0.717721 0.00391931 0.0241215
0.718722 0.00385973 0.0238271
0.719723 0.00380076 0.0235352
0.720724 0.00374239 0.023246
0.721725 0.00368463 0.0229593
0.722725 0.00362746 0.0226751
0.723726 0.00357089 0.0223935
0.724727 0.00351491 0.0221144
0.725728 0.00345953 0.0218377
0.726729 0.00340472 0.0215636
0.72773 0.00335053 0.021292
0.728731 0.00329696 0.0210231
0.729732 0.00324401 0.0207569
0.730733 0.00319167 0.0204932
0.731734 0.00313993 0.0202321
0.732735 0.00308878 0.0199736
0.733736 0.00303822 0.0197175
0.734737 0.00298824 0.0194639
0.735738 0.00293882 0.0192127
0.736739 0.00288996 0.0189639
0.73774 0.00284166 0.0187174
0.738741 0.00279389 0.0184732
0.739742 0.00274667 0.0182313
0.740743 0.00269997 0.0179916
0.741744 0.0026538 0.0177541
0.742745 0.00260813 0.0175188
0.743746 0.00256297 0.0172856
0.744747 0.00251832 0.0170545
0.745748 0.0024742 0.0168256
0.746749 0.00243064 0.0165991
0.74775 0.00238762 0.0163749
0.748751 0.00234514 0.016153
0.749752 0.00230319 0.0159334
0.750753 0.00226178 0.015716
0.751754 0.00222088 0.0155007
0.752755 0.0021805 0.0152877
0.753756 0.00214063 0.0150768
0.754757 0.00210126 0.0148681
0.755758 0.00206239 0.0146614
0.756759 0.00202401 0.0144568
0.75776 0.00198612 0.0142543
0.758761 0.0019487 0.0140538
0.759762 0.00191176 0.0138553
0.760763 0.0018753 0.0136588
0.761764 0.00183929 0.0134642
0.762765 0.00180375 0.0132717
0.763766 0.00176873 0.0130813
0.764767 0.00173422 0.012893
0.765768 0.00170022 0.0127069
0.766769 0.00166672 0.0125229
0.76777 0.0016337 0.012341
0.768771 0.00160117 0.012161
0.769772 0.0015691 0.0119831
0.770773 0.0015375 0.0118071
0.771774 0.00150635 0.0116331
0.772775 0.00147565 0.0114609
0.773776 0.00144538 0.0112906
0.774777 0.00141553 0.0111221
0.775778 0.00138611 0.0109553
0.776779 0.00135709 0.0107903
0.77778 0.00132848 0.010627
0.778781 0.00130026 0.0104654
0.779782 0.00127242 0.0103054
0.780783 0.00124498 0.0101471
0.781784 0.00121799 0.00999066
0.782785 0.00119145 0.0098361
0.783786 0.00116535 0.00968338
0.784787 0.00113968 0.00953247
0.785788 0.00111443 0.00938335
0.786789 0.0010896 0.009236
0.78779 0.00106517 0.00909037
0.788791 0.00104114 0.00894645
0.789792 0.00101751 0.00880421
0.790793 0.000994258 0.00866362
0.791794 0.000971382 0.00852467
0.792795 0.000948874 0.00838731
0.793796 0.000926726 0.00825153
0.794797 0.000904931 0.00811729
0.795798 0.000883482 0.00798459
0.796799 0.000862369 0.00785338
0.7978 0.000841587 0.00772365
0.798801 0.000821157 0.00759546
0.799802 0.000801133 0.00746899
0.800803 0.000781509 0.00734422
0.801804 0.000762274 0.00722111
0.802805 0.000743418 0.00709963
0.803806 0.00072493 0.00697974
0.804807 0.000706802 0.00686142
0.805808 0.000689022 0.00674462
0.806809 0.000671581 0.00662932
0.80781 0.000654469 0.00651548
0.808811 0.000637676 0.00640307
0.809812 0.000621193 0.00629206
0.810813 0.00060501 0.00618241
0.811814 0.000589117 0.00607409
0.812815 0.000573505 0.00596707
0.813816 0.000558165 0.00586133
0.814817 0.000543087 0.00575682
0.815818 0.000528262 0.00565352
0.816819 0.000513718 0.00555151
0.81782 0.000499513 0.00545096
0.818821 0.000485638 0.00535185
0.819822 0.000472083 0.00525415
0.820823 0.00045884 0.00515783
0.821824 0.000445898 0.00506286
0.822825 0.000433249 0.00496923
0.823826 0.000420883 0.0048769
0.824827 0.000408791 0.00478585
0.825828 0.000396964 0.00469605
0.826829 0.000385393 0.00460748
0.82783 0.000374068 0.0045201
0.828831 0.00036298 0.00443391
0.829832 0.000352122 0.00434886
0.830833 0.000341483 0.00426494
0.831834 0.000331056 0.00418211
0.832835 0.000320831 0.00410037
0.833835 0.0003108 0.00401967
0.834836 0.000300996 0.00394012
0.835837 0.000291473 0.00386186
0.836838 0.000282222 0.00378487
0.837839 0.000273232 0.00370911
0.83884 0.000264495 0.00363457
0.839841 0.000255999 0.00356119
0.840842 0.000247735 0.00348897
0.841843 0.000239694 0.00341787
0.842844 0.000231865 0.00334785
0.843845 0.000224239 0.00327889
0.844846 0.000216807 0.00321097
0.845847 0.000209559 0.00314405
0.846848 0.000202486 0.0030781
0.847849 0.000195578 0.0030131
0.84885 0.000188826 0.00294902
0.849851 0.00018222 0.00288583
0.850852 0.000175753 0.0028235
0.851853 0.000169413 0.00276201
0.852854 0.000163235 0.00270144
0.853855 0.00015727 0.00264195
0.854856 0.00015151 0.0025835
0.855857 0.000145946 0.00252608
0.856858 0.00014057 0.00246967
0.857859 0.000135374 0.00241423
0.85886 0.000130348 0.00235974
0.859861 0.000125484 0.00230618
0.860862 0.000120774 0.00225352
0.861863 0.00011621 0.00220175
0.862864 0.000111783 0.00215083
0.863865 0.000107485 0.00210075
0.864866 0.000103308 0.00205148
0.865867 9.92443e-05 0.002003
0.866868 9.52853e-05 0.00195528
0.867869 9.14231e-05 0.00190831
0.86887 8.76499e-05 0.00186206
0.869871 8.39577e-05 0.0018165
0.870872 8.03739e-05 0.00177173
0.871873 7.69455e-05 0.00172787
0.872874 7.36656e-05 0.00168491
0.873875 7.05266e-05 0.00164282
0.874876 6.7521e-05 0.00160158
0.875877 6.46413e-05 0.00156115
0.876878 6.188e-05 0.00152151
0.877879 5.92298e-05 0.00148265
0.87888 5.66833e-05 0.00144453
0.879881 5.42333e-05 0.00140713
0.880882 5.18725e-05 0.00137043
0.881883 4.95938e-05 0.0013344
0.882884 4.739e-05 0.00129902
0.883885 4.5254e-05 0.00126426
0.884886 4.31788e-05 0.0012301
0.885887 4.11574e-05 0.00119652
0.886888 3.91828e-05 0.0011635
0.887889 3.72481e-05 0.001131
0.88889 3.5373e-05 0.00109911
0.889891 3.3598e-05 0.00106795
0.890892 3.19182e-05 0.00103751
0.891893 3.03283e-05 0.00100777
0.892894 2.88227e-05 0.000978703
0.893895 2.73959e-05 0.000950295
0.894896 2.60426e-05 0.000922521
0.895897 2.47572e-05 0.000895363
0.896898 2.35345e-05 0.000868799
0.897899 2.23692e-05 0.000842809
0.8989 2.12559e-05 0.000817374
0.899901 2.01895e-05 0.000792472
0.900902 1.91646e-05 0.000768085
0.901903 1.81761e-05 0.000744193
0.902904 1.72189e-05 0.000720775
0.903905 1.62878e-05 0.000697813
0.904906 1.53779e-05 0.000675287
0.905907 1.44839e-05 0.000653178
0.906908 1.36186e-05 0.000631544
0.907909 1.28118e-05 0.000610515
0.90891 1.20605e-05 0.000590073
0.909911 1.13609e-05 0.000570198
0.910912 1.07094e-05 0.000550869
0.911913 1.01022e-05 0.000532065
0.912914 9.53572e-06 0.000513766
0.913915 9.00632e-06 0.000495952
0.914916 8.51037e-06 0.000478603
0.915917 8.04428e-06 0.000461699
0.916918 7.60448e-06 0.000445219
0.917919 7.18743e-06 0.000429145
0.91892 6.7896e-06 0.000413456
0.919921 6.40751e-06 0.000398134
0.920922 6.03766e-06 0.000383158
0.921923 5.67661e-06 0.00036851
0.922924 5.32093e-06 0.00035417
0.923925 4.9672e-06 0.000340119
0.924926 4.62319e-06 0.000326413
0.925927 4.30724e-06 0.000313172
0.926928 4.01784e-06 0.00030038
0.927929 3.75302e-06 0.00028802
0.92893 3.5108e-06 0.000276075
0.929931 3.28923e-06 0.000264526
0.930932 3.08637e-06 0.000253357
0.931933 2.90029e-06 0.000242549
0.932934 2.72908e-06 0.000232086
0.933935 2.57083e-06 0.000221951
0.934936 2.42364e-06 0.000212126
0.935937 2.28563e-06 0.000202594
0.936938 2.15494e-06 0.000193339
0.937939 2.02971e-06 0.000184344
0.93894 1.9081e-06 0.000175592
0.939941 1.78826e-06 0.000167068
0.940942 1.66839e-06 0.000158753
0.941943 1.54666e-06 0.000150633
0.942944 1.42834e-06 0.000142773
0.943945 1.32143e-06 0.000135267
0.944945 1.22506e-06 0.000128099
0.945946 1.13839e-06 0.000121251
0.946947 1.06053e-06 0.000114709
0.947948 9.90639e-07 0.000108455
0.948949 9.27849e-07 0.000102475
0.94995 8.71314e-07 9.67509e-05
0.950951 8.2019e-07 9.12683e-05
0.951952 7.73638e-07 8.60112e-05
0.952953 7.30825e-07 8.09638e-05
0.953954 6.90921e-07 7.61108e-05
0.954955 6.53103e-07 7.14367e-05
0.955956 6.16553e-07 6.69261e-05
0.956957 5.80458e-07 6.25639e-05
0.957958 5.44009e-07 5.83349e-05
0.958959 5.06405e-07 5.42241e-05
0.95996 4.67134e-07 5.02246e-05
0.960961 4.3018e-07 4.64511e-05
0.961962 3.96818e-07 4.2933e-05
0.962963 3.66752e-07 3.96542e-05
0.963964 3.39686e-07 3.65986e-05
0.964965 3.15328e-07 3.37505e-05
0.965966 2.93384e-07 3.10942e-05
0.966967 2.73567e-07 2.86139e-05
0.967968 2.55587e-07 2.62941e-05
0.968969 2.39159e-07 2.41193e-05
0.96997 2.23998e-07 2.20742e-05
0.970971 2.09821e-07 2.01435e-05
0.971972 1.96348e-07 1.8312e-05
0.972973 1.83299e-07 1.65645e-05
0.973974 1.70396e-07 1.48862e-05
0.974975 1.57364e-07 1.32621e-05
0.975976 1.43929e-07 1.16774e-05
0.976977 1.30082e-07 1.01384e-05
0.977978 1.17335e-07 8.76826e-06
0.978979 1.05867e-07 7.57432e-06
0.97998 9.55526e-08 6.53878e-06
0.980981 8.62632e-08 5.64389e-06
0.981982 7.78733e-08 4.87202e-06
0.982983 7.02573e-08 4.20565e-06
0.983984 6.32908e-08 3.62737e-06
0.984985 5.68499e-08 3.11986e-06
0.985986 5.08115e-08 2.66592e-06
0.986987 4.50532e-08 2.24844e-06
0.987988 3.94534e-08 1.85043e-06
0.988989 3.38913e-08 1.45498e-06
0.98999 2.82466e-08 1.04532e-06
0.990991 2.28152e-08 6.6694e-07
0.991992 1.82954e-08 4.21511e-07
0.992993 1.45254e-08 2.78247e-07
0.993994 1.13179e-08 2.02579e-07
0.994995 8.48708e-09 1.60144e-07
0.995996 5.84788e-09 1.16787e-07
0.996997 3.35949e-09 5.34014e-08
0.997998 1.72945e-09 3.83143e-08
0.998999 5.21273e-10 3.18899e-08
1 0 0
