1.5 2.321 0.376484
1.5986 2.82816 0.393345
1.6972 3.31247 0.409569
1.7958 3.77334 0.425116
1.89439 4.21374 0.440063
1.99299 4.63448 0.454424
2.09159 5.03589 0.468203
2.19019 5.42006 0.481457
2.28879 5.78852 0.494227
2.38739 6.14181 0.506527
2.48599 6.4805 0.518374
2.58458 6.80582 0.529801
2.68318 7.1192 0.540849
2.78178 7.42118 0.551535
2.88038 7.71226 0.561873
2.97898 7.99292 0.571877
3.07758 8.26367 0.581563
3.17618 8.52557 0.590962
3.27477 8.77919 0.600091
3.37337 9.02489 0.608961
3.47197 9.26301 0.617583
3.57057 9.49389 0.625967
3.66917 9.71784 0.634122
3.76777 9.93514 0.642059
3.86637 10.1471 0.649791
3.96496 10.3545 0.657334
4.06356 10.557 0.664694
4.16216 10.7543 0.67188
4.26076 10.9461 0.678897
4.35936 11.1322 0.685753
4.45796 11.3124 0.692454
4.55656 11.4867 0.699005
4.65516 11.655 0.705412
4.75375 11.8171 0.71168
4.85235 11.9734 0.717817
4.95095 12.1245 0.723831
5.04955 12.2708 0.729727
5.14815 12.4128 0.735508
5.24675 12.5508 0.741178
5.34535 12.6852 0.74674
5.44394 12.8164 0.752198
5.54254 12.9446 0.757554
5.64114 13.0701 0.762813
5.73974 13.1932 0.767977
5.83834 13.3141 0.773049
5.93694 13.433 0.778031
6.03554 13.5502 0.782927
6.13413 13.6657 0.787738
6.23273 13.7795 0.792469
6.33133 13.8913 0.797124
6.42993 14.0012 0.801706
6.52853 14.1093 0.806215
6.62713 14.2155 0.810655
6.72573 14.3201 0.815027
6.82432 14.4229 0.819332
6.92292 14.5241 0.823574
7.02152 14.6237 0.827752
7.12012 14.7217 0.83187
7.21872 14.8182 0.835928
7.31732 14.9132 0.839928
7.41592 15.0068 0.843872
7.51451 15.099 0.847761
7.61311 15.1898 0.851595
7.71171 15.2792 0.855378
7.81031 15.3674 0.859109
7.90891 15.4543 0.86279
8.00751 15.5399 0.866422
8.10611 15.6243 0.870006
8.2047 15.7076 0.873545
8.3033 15.7898 0.877039
8.4019 15.8708 0.880491
8.5005 15.9508 0.883901
8.5991 16.0298 0.887269
8.6977 16.1078 0.890597
8.7963 16.1848 0.893886
8.89489 16.2608 0.897137
8.99349 16.3359 0.900349
9.09209 16.41 0.903525
9.19069 16.4832 0.906664
9.28929 16.5556 0.909768
9.38789 16.6271 0.912838
9.48649 16.6977 0.915873
9.58509 16.7675 0.918875
9.68368 16.8365 0.921844
9.78228 16.9047 0.924782
9.88088 16.9721 0.927687
9.97948 17.0387 0.930563
10.0781 17.1046 0.933407
10.1767 17.1697 0.936222
10.2753 17.2341 0.939009
10.3739 17.2978 0.941766
10.4725 17.3608 0.944495
10.5711 17.4231 0.947197
10.6697 17.4848 0.949872
10.7683 17.5457 0.95252
10.8669 17.6061 0.955143
10.9655 17.6658 0.957739
11.0641 17.7249 0.960311
11.1627 17.7834 0.962859
11.2613 17.8413 0.965384
11.3599 17.8987 0.967885
11.4585 17.9554 0.970364
11.5571 18.0117 0.97282
11.6557 18.0674 0.975254
11.7543 18.1225 0.977666
11.8529 18.1772 0.980057
11.9515 18.2313 0.982427
12.0501 18.2849 0.984776
12.1486 18.3381 0.987105
12.2472 18.3907 0.989414
12.3458 18.4428 0.991703
12.4444 18.4945 0.993973
12.543 18.5457 0.996224
12.6416 18.5965 0.998455
12.7402 18.6468 1.00067
12.8388 18.6966 1.00286
12.9374 18.746 1.00504
13.036 18.795 1.0072
13.1346 18.8436 1.00934
13.2332 18.8917 1.01147
13.3318 18.9394 1.01357
13.4304 18.9868 1.01567
13.529 19.0337 1.01774
13.6276 19.0802 1.0198
13.7262 19.1263 1.02184
13.8248 19.1721 1.02387
13.9234 19.2175 1.02588
14.022 19.2625 1.02788
14.1206 19.3071 1.02986
14.2192 19.3514 1.03182
14.3178 19.3953 1.03377
14.4164 19.4389 1.03571
14.515 19.4821 1.03763
14.6136 19.525 1.03954
14.7122 19.5675 1.04143
14.8108 19.6097 1.04331
14.9094 19.6516 1.04518
15.008 19.6932 1.04703
15.1066 19.7344 1.04887
15.2052 19.7754 1.0507
15.3038 19.816 1.05252
15.4024 19.8563 1.05432
15.501 19.8963 1.05611
15.5996 19.9361 1.05789
15.6982 19.9755 1.05965
15.7968 20.0147 1.06141
15.8954 20.0536 1.06315
15.994 20.0922 1.06488
16.0926 20.1306 1.0666
16.1912 20.1687 1.06831
16.2898 20.2065 1.07001
16.3884 20.2441 1.07169
16.487 20.2814 1.07337
16.5856 20.3184 1.07503
16.6842 20.3552 1.07669
16.7828 20.3917 1.07833
16.8814 20.428 1.07996
16.98 20.4641 1.08159
17.0786 20.4999 1.0832
17.1772 20.5355 1.0848
17.2758 20.5708 1.0864
17.3744 20.6059 1.08798
17.473 20.6408 1.08956
17.5716 20.6754 1.09112
17.6702 20.7099 1.09268
17.7688 20.7441 1.09422
17.8674 20.7781 1.09576
17.966 20.8118 1.09729
18.0646 20.8454 1.0988
18.1632 20.8788 1.10031
18.2618 20.9119 1.10182
18.3604 20.9448 1.10331
18.459 20.9776 1.10479
18.5576 21.0101 1.10627
18.6562 21.0424 1.10773
18.7548 21.0745 1.10919
18.8534 21.1065 1.11064
18.952 21.1382 1.11208
19.0506 21.1698 1.11352
19.1491 21.2011 1.11494
19.2477 21.2323 1.11636
19.3463 21.2633 1.11777
19.4449 21.2941 1.11917
19.5435 21.3247 1.12056
19.6421 21.3551 1.12195
19.7407 21.3854 1.12333
19.8393 21.4155 1.1247
19.9379 21.4454 1.12607
20.0365 21.4752 1.12742
20.1351 21.5047 1.12877
20.2337 21.5341 1.13012
20.3323 21.5634 1.13145
20.4309 21.5924 1.13278
20.5295 21.6213 1.1341
20.6281 21.6501 1.13541
20.7267 21.6787 1.13672
20.8253 21.7071 1.13802
20.9239 21.7354 1.13932
21.0225 21.7635 1.1406
21.1211 21.7914 1.14189
21.2197 21.8192 1.14316
21.3183 21.8469 1.14443
21.4169 21.8744 1.14569
21.5155 21.9018 1.14694
21.6141 21.929 1.14819
21.7127 21.956 1.14944
21.8113 21.983 1.15067
21.9099 22.0098 1.1519
22.0085 22.0364 1.15313
22.1071 22.0629 1.15435
22.2057 22.0893 1.15556
22.3043 22.1155 1.15677
22.4029 22.1416 1.15797
22.5015 22.1676 1.15917
22.6001 22.1935 1.16036
22.6987 22.2192 1.16154
22.7973 22.2448 1.16272
22.8959 22.2702 1.1639
22.9945 22.2956 1.16506
23.0931 22.3208 1.16623
23.1917 22.3459 1.16738
23.2903 22.3708 1.16854
23.3889 22.3957 1.16968
23.4875 22.4204 1.17083
23.5861 22.445 1.17196
23.6847 22.4695 1.1731
23.7833 22.4939 1.17422
23.8819 22.5181 1.17534
23.9805 22.5422 1.17646
24.0791 22.5663 1.17757
24.1777 22.5902 1.17868
24.2763 22.614 1.17978
24.3749 22.6376 1.18088
24.4735 22.6612 1.18197
24.5721 22.6847 1.18306
24.6707 22.708 1.18414
24.7693 22.7313 1.18522
24.8679 22.7544 1.18629
24.9665 22.7775 1.18736
25.0651 22.8004 1.18843
25.1637 22.8232 1.18949
25.2623 22.8459 1.19054
25.3609 22.8685 1.19159
25.4595 22.8911 1.19264
25.5581 22.9135 1.19368
25.6567 22.9358 1.19472
25.7553 22.958 1.19576
25.8539 22.9801 1.19678
25.9525 23.0022 1.19781
26.0511 23.0241 1.19883
26.1496 23.0459 1.19985
26.2482 23.0676 1.20086
26.3468 23.0893 1.20187
26.4454 23.1108 1.20287
26.544 23.1323 1.20387
26.6426 23.1536 1.20487
26.7412 23.1749 1.20586
26.8398 23.1961 1.20685
26.9384 23.2172 1.20784
27.037 23.2381 1.20882
27.1356 23.2591 1.20979
27.2342 23.2799 1.21077
27.3328 23.3006 1.21173
27.4314 23.3212 1.2127
27.53 23.3418 1.21366
27.6286 23.3623 1.21462
27.7272 23.3827 1.21557
27.8258 23.403 1.21652
27.9244 23.4232 1.21747
28.023 23.4433 1.21841
28.1216 23.4634 1.21935
28.2202 23.4833 1.22029
28.3188 23.5032 1.22122
28.4174 23.523 1.22215
28.516 23.5428 1.22307
28.6146 23.5624 1.224
28.7132 23.582 1.22491
28.8118 23.6015 1.22583
28.9104 23.6209 1.22674
29.009 23.6402 1.22765
29.1076 23.6595 1.22855
29.2062 23.6787 1.22945
29.3048 23.6978 1.23035
29.4034 23.7168 1.23125
29.502 23.7358 1.23214
29.6006 23.7547 1.23303
29.6992 23.7735 1.23391
29.7978 23.7922 1.23479
29.8964 23.8109 1.23567
29.995 23.8295 1.23655
30.0936 23.848 1.23742
30.1922 23.8664 1.23829
30.2908 23.8848 1.23916
30.3894 23.9031 1.24002
30.488 23.9214 1.24088
30.5866 23.9396 1.24174
30.6852 23.9577 1.24259
30.7838 23.9757 1.24344
30.8824 23.9937 1.24429
30.981 24.0116 1.24513
31.0796 24.0294 1.24597
31.1782 24.0472 1.24681
31.2768 24.0649 1.24765
31.3754 24.0825 1.24848
31.474 24.1001 1.24931
31.5726 24.1176 1.25014
31.6712 24.135 1.25097
31.7698 24.1524 1.25179
31.8684 24.1697 1.25261
31.967 24.187 1.25342
32.0656 24.2042 1.25424
32.1642 24.2213 1.25505
32.2628 24.2384 1.25586
32.3614 24.2554 1.25666
32.46 24.2723 1.25747
32.5586 24.2892 1.25827
32.6572 24.3061 1.25906
32.7558 24.3229 1.25986
32.8544 24.3396 1.26065
32.953 24.3562 1.26144
33.0516 24.3728 1.26223
33.1502 24.3894 1.26301
33.2487 24.4059 1.2638
33.3473 24.4223 1.26458
33.4459 24.4387 1.26536
33.5445 24.455 1.26613
33.6431 24.4713 1.2669
33.7417 24.4875 1.26767
33.8403 24.5036 1.26844
33.9389 24.5197 1.26921
34.0375 24.5358 1.26997
34.1361 24.5518 1.27073
34.2347 24.5677 1.27149
34.3333 24.5836 1.27224
34.4319 24.5994 1.273
34.5305 24.6152 1.27375
34.6291 24.631 1.2745
34.7277 24.6466 1.27524
34.8263 24.6623 1.27599
34.9249 24.6778 1.27673
35.0235 24.6934 1.27747
35.1221 24.7088 1.27821
35.2207 24.7243 1.27894
35.3193 24.7396 1.27968
35.4179 24.755 1.28041
35.5165 24.7702 1.28114
35.6151 24.7855 1.28186
35.7137 24.8006 1.28259
35.8123 24.8158 1.28331
35.9109 24.8309 1.28403
36.0095 24.8459 1.28475
36.1081 24.8609 1.28546
36.2067 24.8758 1.28618
36.3053 24.8907 1.28689
36.4039 24.9055 1.2876
36.5025 24.9203 1.2883
36.6011 24.9351 1.28901
36.6997 24.9498 1.28971
36.7983 24.9645 1.29041
36.8969 24.9791 1.29111
36.9955 24.9936 1.29181
37.0941 25.0082 1.29251
37.1927 25.0226 1.2932
37.2913 25.0371 1.29389
37.3899 25.0515 1.29458
37.4885 25.0658 1.29527
37.5871 25.0801 1.29595
37.6857 25.0944 1.29663
37.7843 25.1086 1.29732
37.8829 25.1228 1.29799
37.9815 25.1369 1.29867
38.0801 25.151 1.29935
38.1787 25.165 1.30002
38.2773 25.179 1.30069
38.3759 25.193 1.30136
38.4745 25.2069 1.30203
38.5731 25.2208 1.3027
38.6717 25.2346 1.30336
38.7703 25.2484 1.30402
38.8689 25.2622 1.30468
38.9675 25.2759 1.30534
39.0661 25.2896 1.306
39.1647 25.3032 1.30666
39.2633 25.3168 1.30731
39.3619 25.3303 1.30796
39.4605 25.3439 1.30861
39.5591 25.3573 1.30926
39.6577 25.3708 1.30991
39.7563 25.3842 1.31055
39.8549 25.3975 1.31119
39.9535 25.4108 1.31183
40.0521 25.4241 1.31247
40.1507 25.4374 1.31311
40.2492 25.4506 1.31375
40.3478 25.4637 1.31438
40.4464 25.4769 1.31501
40.545 25.49 1.31564
40.6436 25.503 1.31627
40.7422 25.516 1.3169
40.8408 25.529 1.31753
40.9394 25.542 1.31815
41.038 25.5549 1.31877
41.1366 25.5678 1.3194
41.2352 25.5806 1.32001
41.3338 25.5934 1.32063
41.4324 25.6062 1.32125
41.531 25.6189 1.32186
41.6296 25.6316 1.32248
41.7282 25.6443 1.32309
41.8268 25.6569 1.3237
41.9254 25.6695 1.32431
42.024 25.682 1.32491
42.1226 25.6946 1.32552
42.2212 25.707 1.32612
42.3198 25.7195 1.32672
42.4184 25.7319 1.32732
42.517 25.7443 1.32792
42.6156 25.7567 1.32852
42.7142 25.769 1.32912
42.8128 25.7813 1.32971
42.9114 25.7935 1.3303
43.01 25.8057 1.3309
43.1086 25.8179 1.33149
43.2072 25.8301 1.33207
43.3058 25.8422 1.33266
43.4044 25.8543 1.33325
43.503 25.8664 1.33383
43.6016 25.8784 1.33441
43.7002 25.8904 1.33499
43.7988 25.9023 1.33557
43.8974 25.9143 1.33615
43.996 25.9262 1.33673
44.0946 25.9381 1.33731
44.1932 25.9499 1.33788
44.2918 25.9617 1.33845
44.3904 25.9735 1.33902
44.489 25.9852 1.33959
44.5876 25.9969 1.34016
44.6862 26.0086 1.34073
44.7848 26.0203 1.3413
44.8834 26.0319 1.34186
44.982 26.0435 1.34242
45.0806 26.0551 1.34299
45.1792 26.0666 1.34355
45.2778 26.0781 1.3441
45.3764 26.0896 1.34466
45.475 26.101 1.34522
45.5736 26.1125 1.34577
45.6722 26.1239 1.34633
45.7708 26.1352 1.34688
45.8694 26.1465 1.34743
45.968 26.1579 1.34798
46.0666 26.1691 1.34853
46.1652 26.1804 1.34908
46.2638 26.1916 1.34962
46.3624 26.2028 1.35017
46.461 26.214 1.35071
46.5596 26.2251 1.35125
46.6582 26.2362 1.35179
46.7568 26.2473 1.35233
46.8554 26.2583 1.35287
46.954 26.2694 1.35341
47.0526 26.2804 1.35395
47.1512 26.2913 1.35448
47.2497 26.3023 1.35501
47.3483 26.3132 1.35555
47.4469 26.3241 1.35608
47.5455 26.335 1.35661
47.6441 26.3458 1.35714
47.7427 26.3566 1.35766
47.8413 26.3674 1.35819
47.9399 26.3782 1.35872
48.0385 26.3889 1.35924
48.1371 26.3996 1.35976
48.2357 26.4103 1.36028
48.3343 26.4209 1.3608
48.4329 26.4316 1.36132
48.5315 26.4422 1.36184
48.6301 26.4528 1.36236
48.7287 26.4633 1.36287
48.8273 26.4739 1.36339
48.9259 26.4844 1.3639
49.0245 26.4949 1.36442
49.1231 26.5053 1.36493
49.2217 26.5158 1.36544
49.3203 26.5262 1.36595
49.4189 26.5366 1.36645
49.5175 26.5469 1.36696
49.6161 26.5573 1.36747
49.7147 26.5676 1.36797
49.8133 26.5779 1.36848
49.9119 26.5882 1.36898
50.0105 26.5984 1.36948
50.1091 26.6086 1.36998
50.2077 26.6188 1.37048
50.3063 26.629 1.37098
50.4049 26.6392 1.37148
50.5035 26.6493 1.37197
50.6021 26.6594 1.37247
50.7007 26.6695 1.37296
50.7993 26.6795 1.37345
50.8979 26.6896 1.37395
50.9965 26.6996 1.37444
51.0951 26.7096 1.37493
51.1937 26.7196 1.37542
51.2923 26.7295 1.3759
51.3909 26.7394 1.37639
51.4895 26.7493 1.37688
51.5881 26.7592 1.37736
51.6867 26.7691 1.37785
51.7853 26.7789 1.37833
51.8839 26.7888 1.37881
51.9825 26.7985 1.37929
52.0811 26.8083 1.37977
52.1797 26.8181 1.38025
52.2783 26.8278 1.38073
52.3769 26.8375 1.38121
52.4755 26.8472 1.38168
52.5741 26.8569 1.38216
52.6727 26.8665 1.38263
52.7713 26.8762 1.38311
52.8699 26.8858 1.38358
52.9685 26.8954 1.38405
53.0671 26.9049 1.38452
53.1657 26.9145 1.38499
53.2643 26.924 1.38546
53.3629 26.9335 1.38592
53.4615 26.943 1.38639
53.5601 26.9524 1.38686
53.6587 26.9619 1.38732
53.7573 26.9713 1.38779
53.8559 26.9807 1.38825
53.9545 26.9901 1.38871
54.0531 26.9994 1.38917
54.1517 27.0088 1.38963
54.2503 27.0181 1.39009
54.3488 27.0274 1.39055
54.4474 27.0367 1.39101
54.546 27.046 1.39146
54.6446 27.0552 1.39192
54.7432 27.0644 1.39237
54.8418 27.0736 1.39283
54.9404 27.0828 1.39328
55.039 27.092 1.39373
55.1376 27.1011 1.39418
55.2362 27.1103 1.39463
55.3348 27.1194 1.39508
55.4334 27.1285 1.39553
55.532 27.1376 1.39598
55.6306 27.1466 1.39643
55.7292 27.1556 1.39687
55.8278 27.1647 1.39732
55.9264 27.1737 1.39776
56.025 27.1826 1.3982
56.1236 27.1916 1.39865
56.2222 27.2005 1.39909
56.3208 27.2095 1.39953
56.4194 27.2184 1.39997
56.518 27.2273 1.40041
56.6166 27.2361 1.40085
56.7152 27.245 1.40129
56.8138 27.2538 1.40172
56.9124 27.2626 1.40216
57.011 27.2715 1.40259
57.1096 27.2802 1.40303
57.2082 27.289 1.40346
57.3068 27.2977 1.40389
57.4054 27.3065 1.40432
57.504 27.3152 1.40476
57.6026 27.3239 1.40519
57.7012 27.3326 1.40562
57.7998 27.3412 1.40604
57.8984 27.3499 1.40647
57.997 27.3585 1.4069
58.0956 27.3671 1.40733
58.1942 27.3757 1.40775
58.2928 27.3843 1.40818
58.3914 27.3928 1.4086
58.49 27.4014 1.40902
58.5886 27.4099 1.40944
58.6872 27.4184 1.40987
58.7858 27.4269 1.41029
58.8844 27.4354 1.41071
58.983 27.4438 1.41113
59.0816 27.4523 1.41154
59.1802 27.4607 1.41196
59.2788 27.4691 1.41238
59.3774 27.4775 1.4128
59.476 27.4859 1.41321
59.5746 27.4942 1.41363
59.6732 27.5026 1.41404
59.7718 27.5109 1.41445
59.8704 27.5192 1.41487
59.969 27.5275 1.41528
60.0676 27.5358 1.41569
60.1662 27.5441 1.4161
60.2648 27.5523 1.41651
60.3634 27.5606 1.41692
60.462 27.5688 1.41732
60.5606 27.577 1.41773
60.6592 27.5852 1.41814
60.7578 27.5933 1.41854
60.8564 27.6015 1.41895
60.955 27.6096 1.41935
61.0536 27.6178 1.41976
61.1522 27.6259 1.42016
61.2508 27.634 1.42056
61.3493 27.642 1.42096
61.4479 27.6501 1.42137
61.5465 27.6582 1.42177
61.6451 27.6662 1.42217
61.7437 27.6742 1.42256
61.8423 27.6822 1.42296
61.9409 27.6902 1.42336
62.0395 27.6982 1.42376
62.1381 27.7061 1.42415
62.2367 27.7141 1.42455
62.3353 27.722 1.42494
62.4339 27.7299 1.42534
62.5325 27.7378 1.42573
62.6311 27.7457 1.42612
62.7297 27.7536 1.42651
62.8283 27.7615 1.42691
62.9269 27.7693 1.4273
63.0255 27.7771 1.42769
63.1241 27.7849 1.42808
63.2227 27.7927 1.42846
63.3213 27.8005 1.42885
63.4199 27.8083 1.42924
63.5185 27.8161 1.42963
63.6171 27.8238 1.43001
63.7157 27.8315 1.4304
63.8143 27.8393 1.43078
63.9129 27.847 1.43117
64.0115 27.8546 1.43155
64.1101 27.8623 1.43193
64.2087 27.87 1.43232
64.3073 27.8776 1.4327
64.4059 27.8853 1.43308
64.5045 27.8929 1.43346
64.6031 27.9005 1.43384
64.7017 27.9081 1.43422
64.8003 27.9157 1.43459
64.8989 27.9232 1.43497
64.9975 27.9308 1.43535
65.0961 27.9383 1.43573
65.1947 27.9459 1.4361
65.2933 27.9534 1.43648
65.3919 27.9609 1.43685
65.4905 27.9684 1.43723
65.5891 27.9758 1.4376
65.6877 27.9833 1.43797
65.7863 27.9907 1.43834
65.8849 27.9982 1.43871
65.9835 28.0056 1.43909
66.0821 28.013 1.43946
66.1807 28.0204 1.43983
66.2793 28.0278 1.44019
66.3779 28.0351 1.44056
66.4765 28.0425 1.44093
66.5751 28.0499 1.4413
66.6737 28.0572 1.44167
66.7723 28.0645 1.44203
66.8709 28.0718 1.4424
66.9695 28.0791 1.44276
67.0681 28.0864 1.44313
67.1667 28.0937 1.44349
67.2653 28.1009 1.44385
67.3639 28.1082 1.44422
67.4625 28.1154 1.44458
67.5611 28.1226 1.44494
67.6597 28.1298 1.4453
67.7583 28.137 1.44566
67.8569 28.1442 1.44602
67.9555 28.1514 1.44638
68.0541 28.1585 1.44674
68.1527 28.1657 1.4471
68.2513 28.1728 1.44745
68.3498 28.1799 1.44781
68.4484 28.187 1.44817
68.547 28.1941 1.44852
68.6456 28.2012 1.44888
68.7442 28.2083 1.44923
68.8428 28.2153 1.44959
68.9414 28.2224 1.44994
69.04 28.2294 1.45029
69.1386 28.2365 1.45064
69.2372 28.2435 1.451
69.3358 28.2505 1.45135
69.4344 28.2575 1.4517
69.533 28.2645 1.45205
69.6316 28.2714 1.4524
69.7302 28.2784 1.45275
69.8288 28.2853 1.4531
69.9274 28.2923 1.45344
70.026 28.2992 1.45379
70.1246 28.3061 1.45414
70.2232 28.313 1.45448
70.3218 28.3199 1.45483
70.4204 28.3268 1.45518
70.519 28.3336 1.45552
70.6176 28.3405 1.45586
70.7162 28.3473 1.45621
70.8148 28.3542 1.45655
70.9134 28.361 1.45689
71.012 28.3678 1.45724
71.1106 28.3746 1.45758
71.2092 28.3814 1.45792
71.3078 28.3882 1.45826
71.4064 28.3949 1.4586
71.505 28.4017 1.45894
71.6036 28.4084 1.45928
71.7022 28.4152 1.45962
71.8008 28.4219 1.45996
71.8994 28.4286 1.46029
71.998 28.4353 1.46063
72.0966 28.442 1.46097
72.1952 28.4487 1.4613
72.2938 28.4553 1.46164
72.3924 28.462 1.46197
72.491 28.4686 1.46231
72.5896 28.4753 1.46264
72.6882 28.4819 1.46297
72.7868 28.4885 1.46331
72.8854 28.4951 1.46364
72.984 28.5017 1.46397
73.0826 28.5083 1.4643
73.1812 28.5149 1.46464
73.2798 28.5215 1.46497
73.3784 28.528 1.4653
73.477 28.5345 1.46563
73.5756 28.5411 1.46595
73.6742 28.5476 1.46628
73.7728 28.5541 1.46661
73.8714 28.5606 1.46694
73.97 28.5671 1.46727
74.0686 28.5736 1.46759
74.1672 28.5801 1.46792
74.2658 28.5865 1.46824
74.3644 28.593 1.46857
74.463 28.5994 1.46889
74.5616 28.6059 1.46922
74.6602 28.6123 1.46954
74.7588 28.6187 1.46987
74.8574 28.6251 1.47019
74.956 28.6315 1.47051
75.0546 28.6379 1.47083
75.1532 28.6442 1.47115
75.2518 28.6506 1.47148
75.3504 28.657 1.4718
75.4489 28.6633 1.47212
75.5475 28.6696 1.47244
75.6461 28.676 1.47276
75.7447 28.6823 1.47307
75.8433 28.6886 1.47339
75.9419 28.6949 1.47371
76.0405 28.7012 1.47403
76.1391 28.7074 1.47435
76.2377 28.7137 1.47466
76.3363 28.72 1.47498
76.4349 28.7262 1.47529
76.5335 28.7325 1.47561
76.6321 28.7387 1.47592
76.7307 28.7449 1.47624
76.8293 28.7511 1.47655
76.9279 28.7573 1.47687
77.0265 28.7635 1.47718
77.1251 28.7697 1.47749
77.2237 28.7759 1.4778
77.3223 28.782 1.47811
77.4209 28.7882 1.47843
77.5195 28.7944 1.47874
77.6181 28.8005 1.47905
77.7167 28.8066 1.47936
77.8153 28.8127 1.47967
77.9139 28.8189 1.47998
78.0125 28.825 1.48029
78.1111 28.831 1.48059
78.2097 28.8371 1.4809
78.3083 28.8432 1.48121
78.4069 28.8493 1.48152
78.5055 28.8553 1.48182
78.6041 28.8614 1.48213
78.7027 28.8674 1.48243
78.8013 28.8735 1.48274
78.8999 28.8795 1.48304
78.9985 28.8855 1.48335
79.0971 28.8915 1.48365
79.1957 28.8975 1.48396
79.2943 28.9035 1.48426
79.3929 28.9095 1.48456
79.4915 28.9154 1.48487
79.5901 28.9214 1.48517
79.6887 28.9274 1.48547
79.7873 28.9333 1.48577
79.8859 28.9392 1.48607
79.9845 28.9452 1.48637
80.0831 28.9511 1.48667
80.1817 28.957 1.48697
80.2803 28.9629 1.48727
80.3789 28.9688 1.48757
80.4775 28.9747 1.48787
80.5761 28.9806 1.48817
80.6747 28.9864 1.48846
80.7733 28.9923 1.48876
80.8719 28.9981 1.48906
80.9705 29.004 1.48936
81.0691 29.0098 1.48965
81.1677 29.0157 1.48995
81.2663 29.0215 1.49024
81.3649 29.0273 1.49054
81.4635 29.0331 1.49083
81.5621 29.0389 1.49113
81.6607 29.0447 1.49142
81.7593 29.0504 1.49171
81.8579 29.0562 1.49201
81.9565 29.062 1.4923
82.0551 29.0677 1.49259
82.1537 29.0735 1.49288
82.2523 29.0792 1.49318
82.3509 29.085 1.49347
82.4494 29.0907 1.49376
82.548 29.0964 1.49405
82.6466 29.1021 1.49434
82.7452 29.1078 1.49463
82.8438 29.1135 1.49492
82.9424 29.1192 1.4952
83.041 29.1248 1.49549
83.1396 29.1305 1.49578
83.2382 29.1362 1.49607
83.3368 29.1418 1.49636
83.4354 29.1475 1.49664
83.534 29.1531 1.49693
83.6326 29.1587 1.49722
83.7312 29.1644 1.4975
83.8298 29.17 1.49779
83.9284 29.1756 1.49807
84.027 29.1812 1.49836
84.1256 29.1868 1.49864
84.2242 29.1924 1.49893
84.3228 29.1979 1.49921
84.4214 29.2035 1.49949
84.52 29.2091 1.49978
84.6186 29.2146 1.50006
84.7172 29.2202 1.50034
84.8158 29.2257 1.50062
84.9144 29.2312 1.50091
85.013 29.2367 1.50119
85.1116 29.2423 1.50147
85.2102 29.2478 1.50175
85.3088 29.2533 1.50203
85.4074 29.2588 1.50231
85.506 29.2643 1.50259
85.6046 29.2697 1.50287
85.7032 29.2752 1.50314
85.8018 29.2807 1.50342
85.9004 29.2861 1.5037
85.999 29.2916 1.50398
86.0976 29.297 1.50426
86.1962 29.3024 1.50453
86.2948 29.3079 1.50481
86.3934 29.3133 1.50509
86.492 29.3187 1.50536
86.5906 29.3241 1.50564
86.6892 29.3295 1.50591
86.7878 29.3349 1.50619
86.8864 29.3403 1.50646
86.985 29.3457 1.50674
87.0836 29.351 1.50701
87.1822 29.3564 1.50728
87.2808 29.3618 1.50756
87.3794 29.3671 1.50783
87.478 29.3725 1.5081
87.5766 29.3778 1.50838
87.6752 29.3831 1.50865
87.7738 29.3884 1.50892
87.8724 29.3938 1.50919
87.971 29.3991 1.50946
88.0696 29.4044 1.50973
88.1682 29.4097 1.51
88.2668 29.4149 1.51027
88.3654 29.4202 1.51054
88.464 29.4255 1.51081
88.5626 29.4308 1.51108
88.6612 29.436 1.51135
88.7598 29.4413 1.51162
88.8584 29.4465 1.51189
88.957 29.4518 1.51215
89.0556 29.457 1.51242
89.1542 29.4622 1.51269
89.2528 29.4674 1.51295
89.3514 29.4727 1.51322
89.4499 29.4779 1.51349
89.5485 29.4831 1.51375
89.6471 29.4883 1.51402
89.7457 29.4934 1.51428
89.8443 29.4986 1.51455
89.9429 29.5038 1.51481
90.0415 29.509 1.51508
90.1401 29.5141 1.51534
90.2387 29.5193 1.5156
90.3373 29.5244 1.51587
90.4359 29.5296 1.51613
90.5345 29.5347 1.51639
90.6331 29.5398 1.51665
90.7317 29.5449 1.51692
90.8303 29.55 1.51718
90.9289 29.5552 1.51744
91.0275 29.5603 1.5177
91.1261 29.5654 1.51796
91.2247 29.5704 1.51822
91.3233 29.5755 1.51848
91.4219 29.5806 1.51874
91.5205 29.5857 1.519
91.6191 29.5907 1.51926
91.7177 29.5958 1.51952
91.8163 29.6008 1.51978
91.9149 29.6059 1.52004
92.0135 29.6109 1.52029
92.1121 29.6159 1.52055
92.2107 29.621 1.52081
92.3093 29.626 1.52107
92.4079 29.631 1.52132
92.5065 29.636 1.52158
92.6051 29.641 1.52184
92.7037 29.646 1.52209
92.8023 29.651 1.52235
92.9009 29.656 1.5226
92.9995 29.661 1.52286
93.0981 29.6659 1.52311
93.1967 29.6709 1.52337
93.2953 29.6758 1.52362
93.3939 29.6808 1.52387
93.4925 29.6857 1.52413
93.5911 29.6907 1.52438
93.6897 29.6956 1.52463
93.7883 29.7005 1.52489
93.8869 29.7055 1.52514
93.9855 29.7104 1.52539
94.0841 29.7153 1.52564
94.1827 29.7202 1.5259
94.2813 29.7251 1.52615
94.3799 29.73 1.5264
94.4785 29.7349 1.52665
94.5771 29.7397 1.5269
94.6757 29.7446 1.52715
94.7743 29.7495 1.5274
94.8729 29.7543 1.52765
94.9715 29.7592 1.5279
95.0701 29.764 1.52815
95.1687 29.7689 1.52839
95.2673 29.7737 1.52864
95.3659 29.7786 1.52889
95.4645 29.7834 1.52914
95.5631 29.7882 1.52939
95.6617 29.793 1.52963
95.7603 29.7978 1.52988
95.8589 29.8026 1.53013
95.9575 29.8074 1.53037
96.0561 29.8122 1.53062
96.1547 29.817 1.53087
96.2533 29.8218 1.53111
96.3519 29.8266 1.53136
96.4505 29.8313 1.5316
96.549 29.8361 1.53185
96.6476 29.8409 1.53209
96.7462 29.8456 1.53234
96.8448 29.8503 1.53258
96.9434 29.8551 1.53282
97.042 29.8598 1.53307
97.1406 29.8646 1.53331
97.2392 29.8693 1.53355
97.3378 29.874 1.5338
97.4364 29.8787 1.53404
97.535 29.8834 1.53428
97.6336 29.8881 1.53452
97.7322 29.8928 1.53476
97.8308 29.8975 1.535
97.9294 29.9022 1.53525
98.028 29.9069 1.53549
98.1266 29.9115 1.53573
98.2252 29.9162 1.53597
98.3238 29.9209 1.53621
98.4224 29.9255 1.53645
98.521 29.9302 1.53669
98.6196 29.9348 1.53693
98.7182 29.9395 1.53716
98.8168 29.9441 1.5374
98.9154 29.9487 1.53764
99.014 29.9534 1.53788
99.1126 29.958 1.53812
99.2112 29.9626 1.53835
99.3098 29.9672 1.53859
99.4084 29.9718 1.53883
99.507 29.9764 1.53907
99.6056 29.981 1.5393
99.7042 29.9856 1.53954
99.8028 29.9902 1.53978
99.9014 29.9948 1.54001
100 29.9993 1.54025
