1e-05 68.1971 3.1233
0.00101099 16.5327 0.913592
0.00201198 13.0055 0.78586
0.00301297 11.2055 0.726493
0.00401396 10.0221 0.690836
0.00501495 9.15035 0.666856
0.00601595 8.46669 0.649684
0.00701694 7.90627 0.636856
0.00801793 7.43442 0.627052
0.00901892 7.02864 0.619422
0.0100199 6.67305 0.613373
0.0110209 6.35815 0.608569
0.0120219 6.07654 0.604752
0.0130229 5.82204 0.601695
0.0140239 5.59022 0.599256
0.0150249 5.37802 0.59733
0.0160259 5.18289 0.59584
0.0170268 5.00247 0.59471
0.0180278 4.83479 0.593862
0.0190288 4.67832 0.593258
0.0200298 4.53191 0.592866
0.0210308 4.39462 0.592652
0.0220318 4.26559 0.592598
0.0230328 4.14397 0.592684
0.0240338 4.029 0.592879
0.0250348 3.92007 0.59316
0.0260358 3.81665 0.593525
0.0270368 3.71833 0.593963
0.0280377 3.62472 0.594461
0.0290387 3.53549 0.595008
0.0300397 3.45032 0.595608
0.0310407 3.36891 0.596253
0.0320417 3.29098 0.596928
0.0330427 3.21627 0.597625
0.0340437 3.14456 0.598338
0.0350447 3.07568 0.599073
0.0360457 3.00945 0.599826
0.0370467 2.94573 0.60059
0.0380477 2.88435 0.60136
0.0390486 2.82519 0.602135
0.0400496 2.76815 0.60292
0.0410506 2.7131 0.603713
0.0420516 2.65992 0.604507
0.0430526 2.6085 0.605297
0.0440536 2.55874 0.606079
0.0450546 2.51057 0.606851
0.0460556 2.46391 0.607622
0.0470566 2.41871 0.608388
0.0480576 2.37488 0.609148
0.0490586 2.33236 0.609899
0.0500595 2.29108 0.610639
0.0510605 2.251 0.611368
0.0520615 2.21207 0.612092
0.0530625 2.17425 0.612811
0.0540635 2.13748 0.613521
0.0550645 2.10171 0.614219
0.0560655 2.0669 0.614903
0.0570665 2.033 0.615572
0.0580675 1.99998 0.616224
0.0590685 1.96781 0.616866
0.0600695 1.93646 0.617497
0.0610705 1.90591 0.618117
0.0620714 1.87612 0.618723
0.0630724 1.84705 0.619315
0.0640734 1.81868 0.619891
0.0650744 1.79097 0.620451
0.0660754 1.76393 0.620999
0.0670764 1.73752 0.621536
0.0680774 1.71174 0.622062
0.0690784 1.68654 0.622575
0.0700794 1.66191 0.623073
0.0710804 1.63783 0.623556
0.0720814 1.61428 0.624023
0.0730823 1.59122 0.624472
0.0740833 1.56867 0.624906
0.0750843 1.54661 0.625327
0.0760853 1.52502 0.625736
0.0770863 1.50388 0.626132
0.0780873 1.48319 0.626514
0.0790883 1.46292 0.626881
0.0800893 1.44306 0.627232
0.0810903 1.42359 0.627569
0.0820913 1.40451 0.627889
0.0830923 1.3858 0.628197
0.0840932 1.36748 0.628494
0.0850942 1.34951 0.628779
0.0860952 1.33189 0.629051
0.0870962 1.31461 0.629309
0.0880972 1.29766 0.629552
0.0890982 1.28102 0.629781
0.0900992 1.26468 0.629993
0.0911002 1.24865 0.630189
0.0921012 1.2329 0.630372
0.0931022 1.21746 0.630543
0.0941032 1.20229 0.630701
0.0951041 1.1874 0.630847
0.0961051 1.17278 0.630979
0.0971061 1.15842 0.631098
0.0981071 1.1443 0.631202
0.0991081 1.13043 0.631292
0.100109 1.11679 0.631368
0.10111 1.10337 0.631429
0.102111 1.09019 0.631478
0.103112 1.07724 0.631516
0.104113 1.0645 0.631542
0.105114 1.05198 0.631556
0.106115 1.03967 0.631557
0.107116 1.02756 0.631546
0.108117 1.01565 0.63152
0.109118 1.00393 0.631481
0.110119 0.99239 0.631428
0.11112 0.981032 0.63136
0.112121 0.969859 0.63128
0.113122 0.958868 0.631189
0.114123 0.948054 0.631087
0.115124 0.937412 0.630973
0.116125 0.926936 0.630847
0.117126 0.916622 0.630709
0.118127 0.906465 0.630558
0.119128 0.896459 0.630395
0.120129 0.886601 0.630218
0.12113 0.876885 0.630028
0.122131 0.867311 0.629825
0.123132 0.857881 0.629611
0.124133 0.848594 0.629387
0.125134 0.839446 0.629152
0.126135 0.830433 0.628905
0.127136 0.821552 0.628648
0.128137 0.812799 0.628378
0.129138 0.804171 0.628097
0.130139 0.795664 0.627803
0.13114 0.787276 0.627497
0.132141 0.779004 0.627179
0.133142 0.770845 0.626848
0.134143 0.762804 0.626506
0.135144 0.754879 0.626154
0.136145 0.747066 0.625792
0.137146 0.739364 0.62542
0.138147 0.731768 0.625036
0.139148 0.724276 0.624641
0.140149 0.716885 0.624236
0.14115 0.709593 0.623818
0.142151 0.702396 0.62339
0.143152 0.695293 0.622949
0.144153 0.688281 0.622497
0.145154 0.68136 0.622033
0.146155 0.674533 0.62156
0.147156 0.667799 0.621077
0.148157 0.661155 0.620584
0.149158 0.654598 0.620081
0.150159 0.648126 0.619567
0.15116 0.641738 0.619044
0.152161 0.635432 0.618509
0.153162 0.629205 0.617964
0.154163 0.623055 0.617408
0.155164 0.616981 0.616841
0.156165 0.610981 0.616263
0.157166 0.605056 0.615675
0.158167 0.599208 0.615077
0.159168 0.593435 0.61447
0.160169 0.587735 0.613854
0.16117 0.582108 0.613228
0.162171 0.57655 0.612593
0.163172 0.57106 0.611947
0.164173 0.565636 0.611292
0.165174 0.560278 0.610627
0.166175 0.554982 0.609951
0.167175 0.549748 0.609266
0.168176 0.544574 0.60857
0.169177 0.539459 0.607864
0.170178 0.534407 0.607149
0.171179 0.529417 0.606425
0.17218 0.524486 0.605692
0.173181 0.519615 0.60495
0.174182 0.514801 0.604199
0.175183 0.510044 0.603439
0.176184 0.505342 0.60267
0.177185 0.500694 0.601891
0.178186 0.496099 0.601103
0.179187 0.491555 0.600306
0.180188 0.487062 0.5995
0.181189 0.482618 0.598684
0.18219 0.478224 0.59786
0.183191 0.473882 0.597027
0.184192 0.469592 0.596186
0.185193 0.465351 0.595337
0.186194 0.461158 0.59448
0.187195 0.457013 0.593614
0.188196 0.452915 0.59274
0.189197 0.448861 0.591857
0.190198 0.444852 0.590966
0.191199 0.440885 0.590066
0.1922 0.436961 0.589157
0.193201 0.433077 0.58824
0.194202 0.429234 0.587314
0.195203 0.42543 0.586379
0.196204 0.421669 0.585436
0.197205 0.41795 0.584486
0.198206 0.414271 0.583527
0.199207 0.410633 0.582561
0.200208 0.407033 0.581587
0.201209 0.403472 0.580605
0.20221 0.399948 0.579615
0.203211 0.396462 0.578618
0.204212 0.393011 0.577612
0.205213 0.389596 0.576599
0.206214 0.386216 0.575579
0.207215 0.38287 0.574551
0.208216 0.379558 0.573515
0.209217 0.376282 0.572472
0.210218 0.373041 0.571423
0.211219 0.369834 0.570366
0.21222 0.366662 0.569302
0.213221 0.363523 0.568231
0.214222 0.360417 0.567153
0.215223 0.357342 0.566067
0.216224 0.354298 0.564975
0.217225 0.351284 0.563876
0.218226 0.3483 0.56277
0.219227 0.345345 0.561656
0.220228 0.342418 0.560536
0.221229 0.339519 0.559409
0.22223 0.336648 0.558274
0.223231 0.333806 0.557133
0.224232 0.330994 0.555985
0.225233 0.328209 0.554831
0.226234 0.325453 0.553669
0.227235 0.322724 0.552502
0.228236 0.320023 0.551328
0.229237 0.317347 0.550147
0.230238 0.314698 0.548961
0.231239 0.312073 0.547768
0.23224 0.309474 0.54657
0.233241 0.3069 0.545365
0.234242 0.304349 0.544155
0.235243 0.301822 0.542938
0.236244 0.299319 0.541716
0.237245 0.296842 0.540489
0.238246 0.294389 0.539255
0.239247 0.29196 0.538016
0.240248 0.289555 0.536771
0.241249 0.287174 0.53552
0.24225 0.284815 0.534264
0.243251 0.282478 0.533002
0.244252 0.280163 0.531735
0.245253 0.27787 0.530462
0.246254 0.275597 0.529184
0.247255 0.273344 0.527901
0.248256 0.271112 0.526612
0.249257 0.268899 0.525319
0.250258 0.266705 0.524019
0.251259 0.264533 0.522714
0.25226 0.262381 0.521404
0.253261 0.260249 0.520088
0.254262 0.258138 0.518768
0.255263 0.256045 0.517442
0.256264 0.253972 0.516111
0.257265 0.251918 0.514776
0.258266 0.249883 0.513435
0.259267 0.247865 0.512091
0.260268 0.245866 0.510742
0.261269 0.243885 0.509389
0.26227 0.24192 0.508031
0.263271 0.239973 0.50667
0.264272 0.238043 0.505305
0.265273 0.236131 0.503936
0.266274 0.234236 0.502562
0.267275 0.23236 0.501184
0.268276 0.230501 0.499801
0.269277 0.228658 0.498415
0.270278 0.226833 0.497024
0.271279 0.225023 0.49563
0.27228 0.22323 0.494231
0.273281 0.221452 0.492829
0.274282 0.219689 0.491423
0.275283 0.217941 0.490013
0.276284 0.216208 0.4886
0.277285 0.214489 0.487183
0.278285 0.212785 0.485763
0.279286 0.211094 0.48434
0.280287 0.209419 0.482912
0.281288 0.207758 0.48148
0.282289 0.206112 0.480044
0.28329 0.20448 0.478605
0.284291 0.202863 0.477162
0.285292 0.20126 0.475716
0.286293 0.19967 0.474266
0.287294 0.198094 0.472814
0.288295 0.196531 0.471358
0.289296 0.194981 0.4699
0.290297 0.193444 0.46844
0.291298 0.19192 0.466977
0.292299 0.190408 0.465511
0.2933 0.188908 0.464043
0.294301 0.18742 0.462573
0.295302 0.185946 0.4611
0.296303 0.184485 0.459624
0.297304 0.183036 0.458146
0.298305 0.1816 0.456664
0.299306 0.180175 0.45518
0.300307 0.178763 0.453693
0.301308 0.177363 0.452205
0.302309 0.175974 0.450713
0.30331 0.174597 0.44922
0.304311 0.17323 0.447725
0.305312 0.171875 0.446227
0.306313 0.17053 0.444728
0.307314 0.169196 0.443227
0.308315 0.167872 0.441725
0.309316 0.166559 0.440221
0.310317 0.165256 0.438714
0.311318 0.163964 0.437204
0.312319 0.162684 0.435692
0.31332 0.161413 0.434178
0.314321 0.160154 0.432662
0.315322 0.158904 0.431144
0.316323 0.157665 0.429624
0.317324 0.156436 0.428103
0.318325 0.155216 0.426581
0.319326 0.154006 0.425058
0.320327 0.152806 0.423534
0.321328 0.151615 0.422009
0.322329 0.150434 0.420484
0.32333 0.149262 0.418958
0.324331 0.148098 0.417432
0.325332 0.146945 0.415904
0.326333 0.145801 0.414376
0.327334 0.144667 0.412845
0.328335 0.143542 0.411314
0.329336 0.142427 0.409782
0.330337 0.14132 0.408249
0.331338 0.140223 0.406715
0.332339 0.139134 0.40518
0.33334 0.138053 0.403645
0.334341 0.136981 0.402109
0.335342 0.135917 0.400572
0.336343 0.134861 0.399036
0.337344 0.133813 0.397499
0.338345 0.132772 0.395962
0.339346 0.13174 0.394425
0.340347 0.130715 0.392888
0.341348 0.129698 0.391349
0.342349 0.128689 0.389809
0.34335 0.127689 0.388268
0.344351 0.126696 0.386727
0.345352 0.125711 0.385185
0.346353 0.124734 0.383643
0.347354 0.123764 0.382101
0.348355 0.122802 0.380559
0.349356 0.121847 0.379018
0.350357 0.120899 0.377477
0.351358 0.119958 0.375936
0.352359 0.119025 0.374396
0.35336 0.118098 0.372857
0.354361 0.117178 0.37132
0.355362 0.116265 0.369783
0.356363 0.11536 0.368246
0.357364 0.114461 0.36671
0.358365 0.11357 0.365173
0.359366 0.112686 0.363637
0.360367 0.111809 0.362101
0.361368 0.110938 0.360566
0.362369 0.110074 0.359031
0.36337 0.109217 0.357497
0.364371 0.108366 0.355964
0.365372 0.107522 0.354431
0.366373 0.106683 0.3529
0.367374 0.105851 0.35137
0.368375 0.105025 0.349841
0.369376 0.104204 0.348313
0.370377 0.10339 0.346787
0.371378 0.102581 0.345262
0.372379 0.101778 0.343737
0.37338 0.100981 0.342213
0.374381 0.100191 0.340689
0.375382 0.0994065 0.339166
0.376383 0.098628 0.337644
0.377384 0.0978553 0.336122
0.378385 0.0970883 0.334602
0.379386 0.0963271 0.333083
0.380387 0.0955714 0.331566
0.381388 0.0948213 0.330051
0.382389 0.0940767 0.328537
0.38339 0.0933375 0.327026
0.384391 0.0926036 0.325517
0.385392 0.091875 0.32401
0.386393 0.0911516 0.322505
0.387394 0.0904335 0.321003
0.388395 0.089721 0.319502
0.389395 0.0890141 0.318002
0.390396 0.0883126 0.316504
0.391397 0.0876165 0.315008
0.392398 0.0869256 0.313513
0.393399 0.0862399 0.31202
0.3944 0.0855592 0.310529
0.395401 0.0848835 0.309039
0.396402 0.0842127 0.307552
0.397403 0.0835468 0.306068
0.398404 0.0828855 0.304585
0.399405 0.0822289 0.303105
0.400406 0.0815769 0.301627
0.401407 0.0809293 0.300152
0.402408 0.0802861 0.298679
0.403409 0.0796474 0.297209
0.40441 0.0790134 0.29574
0.405411 0.0783842 0.294273
0.406412 0.0777596 0.292807
0.407413 0.0771395 0.291344
0.408414 0.0765241 0.289882
0.409415 0.0759131 0.288423
0.410416 0.0753065 0.286966
0.411417 0.0747043 0.285511
0.412418 0.0741065 0.28406
0.413419 0.0735129 0.282611
0.41442 0.0729236 0.281165
0.415421 0.0723384 0.279722
0.416422 0.0717574 0.278282
0.417423 0.0711804 0.276846
0.418424 0.0706075 0.275414
0.419425 0.0700386 0.273985
0.420426 0.0694741 0.272558
0.421427 0.0689139 0.271134
0.422428 0.0683579 0.269713
0.423429 0.067806 0.268294
0.42443 0.0672582 0.266878
0.425431 0.0667145 0.265465
0.426432 0.0661747 0.264054
0.427433 0.0656387 0.262647
0.428434 0.0651066 0.261243
0.429435 0.0645783 0.259842
0.430436 0.0640536 0.258444
0.431437 0.0635325 0.25705
0.432438 0.063015 0.255658
0.433439 0.0625009 0.254271
0.43444 0.0619903 0.252887
0.435441 0.0614831 0.251506
0.436442 0.0609795 0.250128
0.437443 0.0604795 0.248753
0.438444 0.0599832 0.24738
0.439445 0.0594904 0.24601
0.440446 0.0590012 0.244643
0.441447 0.0585155 0.243279
0.442448 0.0580333 0.241919
0.443449 0.0575544 0.240561
0.44445 0.057079 0.239208
0.445451 0.056607 0.237857
0.446452 0.0561382 0.236511
0.447453 0.0556728 0.235168
0.448454 0.0552106 0.233829
0.449455 0.0547516 0.232495
0.450456 0.0542957 0.231164
0.451457 0.0538431 0.229838
0.452458 0.0533936 0.228516
0.453459 0.0529476 0.227197
0.45446 0.0525048 0.225882
0.455461 0.0520654 0.22457
0.456462 0.0516292 0.223261
0.457463 0.0511962 0.221956
0.458464 0.0507663 0.220655
0.459465 0.0503394 0.219357
0.460466 0.0499157 0.218063
0.461467 0.0494948 0.216773
0.462468 0.049077 0.215487
0.463469 0.048662 0.214205
0.46447 0.0482499 0.212927
0.465471 0.0478405 0.211652
0.466472 0.0474339 0.210382
0.467473 0.04703 0.209117
0.468474 0.0466288 0.207855
0.469475 0.0462305 0.206597
0.470476 0.045835 0.205342
0.471477 0.0454423 0.204091
0.472478 0.0450525 0.202843
0.473479 0.0446654 0.201598
0.47448 0.0442812 0.200358
0.475481 0.0438996 0.199122
0.476482 0.0435208 0.197889
0.477483 0.0431447 0.19666
0.478484 0.0427712 0.195436
0.479485 0.0424004 0.194216
0.480486 0.0420322 0.193
0.481487 0.0416666 0.191789
0.482488 0.0413035 0.190583
0.483489 0.040943 0.189381
0.48449 0.0405849 0.188183
0.485491 0.0402295 0.186991
0.486492 0.0398767 0.185802
0.487493 0.0395266 0.184617
0.488494 0.0391791 0.183437
0.489495 0.0388343 0.18226
0.490496 0.0384919 0.181088
0.491497 0.0381521 0.179919
0.492498 0.0378147 0.178755
0.493499 0.0374798 0.177595
0.4945 0.0371472 0.17644
0.495501 0.036817 0.175289
0.496502 0.0364891 0.174142
0.497503 0.0361634 0.172999
0.498504 0.03584 0.171861
0.499505 0.0355188 0.170727
0.500505 0.0351997 0.169598
0.501506 0.0348828 0.168473
0.502507 0.034568 0.167353
0.503508 0.0342556 0.166236
0.504509 0.0339454 0.165123
0.50551 0.0336375 0.164014
0.506511 0.0333318 0.162909
0.507512 0.0330283 0.161808
0.508513 0.0327271 0.160712
0.509514 0.032428 0.15962
0.510515 0.032131 0.158532
0.511516 0.0318362 0.157448
0.512517 0.0315435 0.156369
0.513518 0.0312529 0.155295
0.514519 0.0309644 0.154225
0.51552 0.0306779 0.15316
0.516521 0.0303935 0.1521
0.517522 0.0301111 0.151045
0.518523 0.0298307 0.149995
0.519524 0.0295524 0.148949
0.520525 0.0292763 0.147907
0.521526 0.0290023 0.14687
0.522527 0.0287303 0.145837
0.523528 0.0284604 0.144809
0.524529 0.0281926 0.143785
0.52553 0.0279267 0.142765
0.526531 0.0276629 0.14175
0.527532 0.0274009 0.14074
0.528533 0.0271409 0.139734
0.529534 0.0268827 0.138732
0.530535 0.0266264 0.137735
0.531536 0.0263719 0.136742
0.532537 0.0261192 0.135754
0.533538 0.0258683 0.13477
0.534539 0.0256191 0.133791
0.53554 0.0253717 0.132816
0.536541 0.025126 0.131846
0.537542 0.0248822 0.13088
0.538543 0.0246402 0.129917
0.539544 0.0244001 0.12896
0.540545 0.0241617 0.128006
0.541546 0.0239251 0.127056
0.542547 0.0236903 0.126111
0.543548 0.0234573 0.125171
0.544549 0.023226 0.124235
0.54555 0.0229964 0.123303
0.546551 0.0227686 0.122376
0.547552 0.0225424 0.121453
0.548553 0.022318 0.120535
0.549554 0.0220952 0.119622
0.550555 0.0218741 0.118714
0.551556 0.0216546 0.11781
0.552557 0.0214368 0.116911
0.553558 0.0212207 0.116017
0.554559 0.0210063 0.115127
0.55556 0.0207937 0.114241
0.556561 0.0205828 0.11336
0.557562 0.0203735 0.112484
0.558563 0.0201659 0.111612
0.559564 0.0199599 0.110744
0.560565 0.0197556 0.109881
0.561566 0.0195528 0.109022
0.562567 0.0193515 0.108167
0.563568 0.0191518 0.107317
0.564569 0.0189536 0.106472
0.56557 0.0187569 0.10563
0.566571 0.0185617 0.104793
0.567572 0.0183679 0.103961
0.568573 0.0181755 0.103133
0.569574 0.0179845 0.102309
0.570575 0.0177949 0.10149
0.571576 0.0176069 0.100674
0.572577 0.0174204 0.099863
0.573578 0.0172353 0.0990559
0.574579 0.0170517 0.098253
0.57558 0.0168696 0.0974544
0.576581 0.0166889 0.09666
0.577582 0.0165097 0.0958699
0.578583 0.0163319 0.0950841
0.579584 0.0161555 0.0943027
0.580585 0.0159805 0.0935256
0.581586 0.0158069 0.0927529
0.582587 0.0156347 0.0919847
0.583588 0.0154638 0.0912208
0.584589 0.0152944 0.0904615
0.58559 0.0151262 0.0897067
0.586591 0.0149594 0.0889563
0.587592 0.014794 0.0882105
0.588593 0.0146301 0.0874689
0.589594 0.0144675 0.0867317
0.590595 0.0143063 0.0859988
0.591596 0.0141466 0.0852702
0.592597 0.0139881 0.0845459
0.593598 0.0138311 0.0838258
0.594599 0.0136753 0.0831099
0.5956 0.0135208 0.0823982
0.596601 0.0133676 0.0816907
0.597602 0.0132157 0.0809873
0.598603 0.013065 0.0802882
0.599604 0.0129156 0.0795931
0.600605 0.0127673 0.0789022
0.601606 0.0126203 0.0782153
0.602607 0.0124744 0.0775325
0.603608 0.0123297 0.0768538
0.604609 0.0121862 0.0761791
0.60561 0.0120438 0.0755084
0.606611 0.0119028 0.0748416
0.607612 0.0117629 0.0741787
0.608613 0.0116243 0.0735199
0.609614 0.0114869 0.0728651
0.610615 0.0113506 0.0722142
0.611615 0.0112156 0.0715674
0.612616 0.0110817 0.0709245
0.613617 0.010949 0.0702857
0.614618 0.0108174 0.069651
0.615619 0.010687 0.0690202
0.61662 0.0105578 0.0683935
0.617621 0.0104296 0.0677709
0.618622 0.0103026 0.0671524
0.619623 0.0101767 0.0665379
0.620624 0.0100518 0.0659275
0.621625 0.00992811 0.0653211
0.622626 0.00980554 0.0647189
0.623627 0.00968415 0.0641207
0.624628 0.00956392 0.0635265
0.625629 0.00944482 0.0629363
0.62663 0.00932685 0.0623501
0.627631 0.00920999 0.0617678
0.628632 0.00909421 0.0611894
0.629633 0.00897952 0.0606148
0.630634 0.00886588 0.0600441
0.631635 0.00875329 0.0594773
0.632636 0.00864173 0.0589142
0.633637 0.00853118 0.0583549
0.634638 0.00842164 0.0577993
0.635639 0.00831307 0.0572474
0.63664 0.00820548 0.0566991
0.637641 0.00809884 0.0561546
0.638642 0.00799314 0.0556136
0.639643 0.00788842 0.0550763
0.640644 0.00778473 0.0545427
0.641645 0.00768205 0.0540127
0.642646 0.00758038 0.0534864
0.643647 0.00747971 0.0529637
0.644648 0.00738003 0.0524447
0.645649 0.00728133 0.0519293
0.64665 0.00718359 0.0514175
0.647651 0.00708681 0.0509094
0.648652 0.00699097 0.0504048
0.649653 0.00689608 0.0499039
0.650654 0.00680211 0.0494065
0.651655 0.00670906 0.0489127
0.652656 0.00661692 0.0484225
0.653657 0.00652568 0.0479359
0.654658 0.00643533 0.0474528
0.655659 0.00634586 0.0469733
0.65666 0.00625727 0.0464973
0.657661 0.00616965 0.046025
0.658662 0.00608297 0.0455563
0.659663 0.00599725 0.0450913
0.660664 0.00591244 0.0446297
0.661665 0.00582855 0.0441717
0.662666 0.00574556 0.0437172
0.663667 0.00566345 0.0432661
0.664668 0.00558221 0.0428185
0.665669 0.00550183 0.0423742
0.66667 0.00542229 0.0419333
0.667671 0.00534357 0.0414957
0.668672 0.00526567 0.0410613
0.669673 0.00518857 0.0406303
0.670674 0.00511225 0.0402024
0.671675 0.00503671 0.0397777
0.672676 0.00496193 0.0393561
0.673677 0.00488789 0.0389376
0.674678 0.00481465 0.0385223
0.675679 0.00474223 0.0381103
0.67668 0.00467065 0.0377016
0.677681 0.00459988 0.037296
0.678682 0.00452992 0.0368937
0.679683 0.00446075 0.0364945
0.680684 0.00439237 0.0360985
0.681685 0.00432477 0.0357057
0.682686 0.00425793 0.035316
0.683687 0.00419185 0.0349294
0.684688 0.00412652 0.0345459
0.685689 0.00406192 0.0341656
0.68669 0.00399806 0.0337882
0.687691 0.00393491 0.033414
0.688692 0.00387247 0.0330427
0.689693 0.00381073 0.0326745
0.690694 0.00374968 0.0323093
0.691695 0.00368932 0.031947
0.692696 0.00362973 0.031588
0.693697 0.00357091 0.0312321
0.694698 0.00351284 0.0308793
0.695699 0.00345552 0.0305296
0.6967 0.00339893 0.0301829
0.697701 0.00334306 0.0298392
0.698702 0.00328788 0.0294985
0.699703 0.0032334 0.0291607
0.700704 0.00317959 0.0288258
0.701705 0.00312644 0.0284937
0.702706 0.00307394 0.0281645
0.703707 0.00302208 0.027838
0.704708 0.00297084 0.0275142
0.705709 0.0029202 0.0271931
0.70671 0.00287016 0.0268747
0.707711 0.0028207 0.0265589
0.708712 0.00277182 0.0262456
0.709713 0.00272352 0.025935
0.710714 0.00267589 0.0256272
0.711715 0.00262891 0.0253222
0.712716 0.00258258 0.0250199
0.713717 0.00253688 0.0247203
0.714718 0.00249181 0.0244234
0.715719 0.00244735 0.0241293
0.71672 0.0024035 0.0238377
0.717721 0.00236024 0.0235488
0.718722 0.00231756 0.0232625
0.719723 0.00227545 0.0229788
0.720724 0.00223391 0.0226977
0.721725 0.00219292 0.022419
0.722725 0.00215247 0.0221429
0.723726 0.00211255 0.0218693
0.724727 0.00207315 0.0215982
0.725728 0.00203427 0.0213295
0.726729 0.00199589 0.0210632
0.72773 0.00195808 0.0207995
0.728731 0.00192086 0.0205384
0.729732 0.00188423 0.0202799
0.730733 0.00184817 0.0200241
0.731734 0.00181268 0.0197708
0.732735 0.00177773 0.0195199
0.733736 0.00174332 0.0192716
0.734737 0.00170943 0.0190256
0.735738 0.00167605 0.018782
0.736739 0.00164316 0.0185408
0.73774 0.00161076 0.0183019
0.738741 0.00157883 0.0180652
0.739742 0.00154735 0.0178307
0.740743 0.00151632 0.0175985
0.741744 0.00148573 0.0173683
0.742745 0.00145555 0.0171403
0.743746 0.00142579 0.0169144
0.744747 0.00139642 0.0166905
0.745748 0.00136754 0.0164688
0.746749 0.00133915 0.0162495
0.74775 0.00131125 0.0160324
0.748751 0.00128383 0.0158176
0.749752 0.00125688 0.0156049
0.750753 0.00123038 0.0153945
0.751754 0.00120433 0.0151862
0.752755 0.00117871 0.0149801
0.753756 0.00115351 0.0147761
0.754757 0.00112873 0.0145741
0.755758 0.00110434 0.0143742
0.756759 0.00108035 0.0141763
0.75776 0.00105674 0.0139805
0.758761 0.0010335 0.0137866
0.759762 0.00101062 0.0135946
0.760763 0.000988084 0.0134046
0.761764 0.000965893 0.0132164
0.762765 0.000944047 0.0130302
0.763766 0.000922626 0.012846
0.764767 0.000901633 0.012664
0.765768 0.000881056 0.0124841
0.766769 0.000860884 0.0123063
0.76777 0.000841103 0.0121304
0.768771 0.000821703 0.0119566
0.769772 0.000802672 0.0117846
0.770773 0.000783997 0.0116146
0.771774 0.000765668 0.0114464
0.772775 0.000747673 0.01128
0.773776 0.00073 0.0111154
0.774777 0.000712638 0.0109526
0.775778 0.000695576 0.0107915
0.776779 0.000678803 0.0106321
0.77778 0.000662307 0.0104743
0.778781 0.000646078 0.0103181
0.779782 0.000630105 0.0101635
0.780783 0.000614403 0.0100105
0.781784 0.000599046 0.00985935
0.782785 0.000584032 0.00970999
0.783786 0.000569351 0.00956242
0.784787 0.000554992 0.00941661
0.785788 0.000540945 0.00927252
0.786789 0.0005272 0.00913013
0.78779 0.000513747 0.00898942
0.788791 0.000500577 0.00885035
0.789792 0.000487678 0.00871291
0.790793 0.000475042 0.00857705
0.791794 0.000462659 0.00844276
0.792795 0.000450519 0.00831
0.793796 0.000438613 0.00817876
0.794797 0.000426931 0.00804901
0.795798 0.000415463 0.00792071
0.796799 0.000404201 0.00779384
0.7978 0.000393135 0.00766839
0.798801 0.000382289 0.00754441
0.799802 0.000371726 0.00742209
0.800803 0.00036144 0.0073014
0.801804 0.000351421 0.00718232
0.802805 0.000341658 0.00706481
0.803806 0.000332141 0.00694882
0.804807 0.000322861 0.00683434
0.805808 0.000313808 0.00672132
0.806809 0.000304972 0.00660973
0.80781 0.000296344 0.00649955
0.808811 0.000287914 0.00639073
0.809812 0.000279672 0.00628324
0.810813 0.000271609 0.00617706
0.811814 0.000263716 0.00607215
0.812815 0.000255983 0.00596848
0.813816 0.000248401 0.00586601
0.814817 0.000240961 0.00576472
0.815818 0.000233655 0.00566458
0.816819 0.000226508 0.00556566
0.81782 0.000219574 0.00546814
0.818821 0.000212848 0.00537199
0.819822 0.00020632 0.00527719
0.820823 0.000199983 0.00518372
0.821824 0.000193828 0.00509154
0.822825 0.000187847 0.00500063
0.823826 0.000182033 0.00491096
0.824827 0.000176377 0.00482251
0.825828 0.000170872 0.00473525
0.826829 0.000165509 0.00464916
0.82783 0.000160282 0.00456421
0.828831 0.000155181 0.00448037
0.829832 0.0001502 0.00439763
0.830833 0.000145332 0.00431596
0.831834 0.000140567 0.00423533
0.832835 0.0001359 0.00415572
0.833835 0.000131322 0.0040771
0.834836 0.00012686 0.00399957
0.835837 0.000122556 0.00392327
0.836838 0.000118404 0.00384817
0.837839 0.000114398 0.00377426
0.83884 0.00011053 0.00370149
0.839841 0.000106792 0.00362984
0.840842 0.000103179 0.00355928
0.841843 9.96835e-05 0.00348978
0.842844 9.62981e-05 0.00342132
0.843845 9.30164e-05 0.00335386
0.844846 8.98317e-05 0.00328738
0.845847 8.67372e-05 0.00322185
0.846848 8.37263e-05 0.00315724
0.847849 8.07924e-05 0.00309353
0.84885 7.7929e-05 0.00303069
0.849851 7.51295e-05 0.00296869
0.850852 7.23875e-05 0.00290751
0.851853 6.96966e-05 0.00284711
0.852854 6.70778e-05 0.00278759
0.853855 6.45661e-05 0.00272909
0.854856 6.21567e-05 0.00267157
0.855857 5.98443e-05 0.00261503
0.856858 5.76238e-05 0.00255944
0.857859 5.549e-05 0.00250477
0.85886 5.3438e-05 0.002451
0.859861 5.14626e-05 0.00239812
0.860862 4.95587e-05 0.00234609
0.861863 4.77216e-05 0.00229489
0.862864 4.59461e-05 0.00224451
0.863865 4.42274e-05 0.00219492
0.864866 4.25606e-05 0.00214609
0.865867 4.09408e-05 0.00209802
0.866868 3.93633e-05 0.00205067
0.867869 3.78232e-05 0.00200403
0.86887 3.63158e-05 0.00195806
0.869871 3.48364e-05 0.00191277
0.870872 3.33998e-05 0.00186821
0.871873 3.20325e-05 0.00182451
0.872874 3.07309e-05 0.00178167
0.873875 2.94913e-05 0.00173965
0.874876 2.83099e-05 0.00169843
0.875877 2.7183e-05 0.00165798
0.876878 2.61069e-05 0.00161829
0.877879 2.50778e-05 0.00157932
0.87888 2.40922e-05 0.00154107
0.879881 2.31464e-05 0.00150349
0.880882 2.22368e-05 0.00146658
0.881883 2.13598e-05 0.00143031
0.882884 2.05118e-05 0.00139465
0.883885 1.96894e-05 0.00135959
0.884886 1.88889e-05 0.0013251
0.885887 1.81069e-05 0.00129115
0.886888 1.73399e-05 0.00125774
0.887889 1.65846e-05 0.00122484
0.88889 1.58498e-05 0.0011925
0.889891 1.51545e-05 0.00116086
0.890892 1.44968e-05 0.0011299
0.891893 1.38743e-05 0.00109959
0.892894 1.32848e-05 0.00106993
0.893895 1.2726e-05 0.0010409
0.894896 1.21956e-05 0.00101246
0.895897 1.16914e-05 0.000984616
0.896898 1.12111e-05 0.000957336
0.897899 1.07525e-05 0.000930604
0.8989 1.03134e-05 0.000904403
0.899901 9.89156e-06 0.000878715
0.900902 9.48482e-06 0.000853521
0.901903 9.09103e-06 0.000828803
0.902904 8.70802e-06 0.000804545
0.903905 8.33365e-06 0.000780728
0.904906 7.96581e-06 0.000757335
0.905907 7.60237e-06 0.000734348
0.906908 7.24825e-06 0.000711821
0.907909 6.9152e-06 0.000689869
0.90891 6.60219e-06 0.000668477
0.909911 6.3079e-06 0.000647626
0.910912 6.03099e-06 0.000627298
0.911913 5.77014e-06 0.000607473
0.912914 5.52404e-06 0.000588135
0.913915 5.29138e-06 0.000569263
0.914916 5.07087e-06 0.000550841
0.915917 4.86122e-06 0.000532851
0.916918 4.66116e-06 0.000515273
0.917919 4.46941e-06 0.000498091
0.91892 4.28471e-06 0.000481287
0.919921 4.10581e-06 0.000464843
0.920922 3.93146e-06 0.000448741
0.921923 3.76042e-06 0.000432965
0.922924 3.59146e-06 0.000417497
0.923925 3.42337e-06 0.000402319
0.924926 3.25876e-06 0.000387481
0.925927 3.10399e-06 0.00037309
0.926928 2.95857e-06 0.000359133
0.927929 2.82188e-06 0.000345593
0.92893 2.69328e-06 0.000332456
0.929931 2.57217e-06 0.000319706
0.930932 2.45791e-06 0.000307327
0.931933 2.34989e-06 0.000295304
0.932934 2.2475e-06 0.000283623
0.933935 2.15013e-06 0.000272268
0.934936 2.05719e-06 0.000261223
0.935937 1.96806e-06 0.000250474
0.936938 1.88215e-06 0.000240007
0.937939 1.79887e-06 0.000229806
0.93894 1.71764e-06 0.000219857
0.939941 1.63786e-06 0.000210145
0.940942 1.55895e-06 0.000200656
0.941943 1.48034e-06 0.000191375
0.942944 1.40375e-06 0.000182362
0.943945 1.33174e-06 0.000173696
0.944945 1.26403e-06 0.000165364
0.945946 1.20034e-06 0.000157352
0.946947 1.14037e-06 0.000149645
0.947948 1.08384e-06 0.00014223
0.948949 1.03045e-06 0.000135093
0.94995 9.79934e-07 0.00012822
0.950951 9.31996e-07 0.000121596
0.951952 8.86358e-07 0.000115209
0.952953 8.42741e-07 0.000109045
0.953954 8.00867e-07 0.00010309
0.954955 7.60461e-07 9.73303e-05
0.955956 7.21247e-07 9.17535e-05
0.956957 6.82954e-07 8.63459e-05
0.957958 6.4531e-07 8.10943e-05
0.958959 6.08047e-07 7.59856e-05
0.95996 5.71006e-07 7.10141e-05
0.960961 5.3569e-07 6.6284e-05
0.961962 5.02552e-07 6.18214e-05
0.962963 4.71449e-07 5.76114e-05
0.963964 4.42237e-07 5.36391e-05
0.964965 4.14776e-07 4.98898e-05
0.965966 3.88926e-07 4.63488e-05
0.966967 3.64546e-07 4.30016e-05
0.967968 3.41497e-07 3.98337e-05
0.968969 3.19643e-07 3.68306e-05
0.96997 2.98845e-07 3.39781e-05
0.970971 2.78968e-07 3.1262e-05
0.971972 2.59875e-07 2.86681e-05
0.972973 2.41433e-07 2.61824e-05
0.973974 2.23507e-07 2.37909e-05
0.974975 2.05965e-07 2.14798e-05
0.975976 1.88674e-07 1.92352e-05
0.976977 1.7167e-07 1.70652e-05
0.977978 1.55922e-07 1.50972e-05
0.978979 1.41508e-07 1.33378e-05
0.97998 1.28308e-07 1.17676e-05
0.980981 1.162e-07 1.03673e-05
0.981982 1.05066e-07 9.11765e-06
0.982983 9.47866e-08 7.99956e-06
0.983984 8.5245e-08 6.99407e-06
0.984985 7.63236e-08 6.08229e-06
0.985986 6.7906e-08 5.24548e-06
0.986987 5.98764e-08 4.46501e-06
0.987988 5.21199e-08 3.72233e-06
0.988989 4.4522e-08 2.99905e-06
0.98999 3.69693e-08 2.27685e-06
0.990991 2.98267e-08 1.61636e-06
0.991992 2.38928e-08 1.14637e-06
0.992993 1.89495e-08 8.25419e-07
0.993994 1.47497e-08 6.07229e-07
0.994995 1.10476e-08 4.45802e-07
0.995996 7.59906e-09 2.95415e-07
0.996997 4.35086e-09 1.34957e-07
0.997998 2.2387e-09 7.75068e-08
0.998999 6.74708e-10 4.67166e-08
1 0 0
