1e-05 69.9377 3.11656
0.00101099 16.868 0.936361
0.00201198 13.1196 0.799494
0.00301297 11.2159 0.736114
0.00401396 9.98017 0.698476
0.00501495 9.08196 0.673455
0.00601595 8.38589 0.655719
0.00701694 7.82113 0.642583
0.00801793 7.34961 0.632612
0.00901892 6.94695 0.624894
0.0100199 6.59615 0.618803
0.0110209 6.28683 0.613977
0.0120219 6.01129 0.610151
0.0130229 5.76289 0.607088
0.0140239 5.53721 0.604641
0.0150249 5.33092 0.602703
0.0160259 5.14142 0.601197
0.0170268 4.9664 0.600046
0.0180278 4.80374 0.599172
0.0190288 4.65197 0.598536
0.0200298 4.50997 0.598108
0.0210308 4.37674 0.597852
0.0220318 4.25145 0.597753
0.0230328 4.13331 0.597789
0.0240338 4.02153 0.597931
0.0250348 3.91549 0.598157
0.0260358 3.81473 0.598465
0.0270368 3.71884 0.598843
0.0280377 3.62744 0.59928
0.0290387 3.5402 0.599765
0.0300397 3.45683 0.600302
0.0310407 3.37704 0.600882
0.0320417 3.30057 0.601493
0.0330427 3.22715 0.602125
0.0340437 3.15659 0.602772
0.0350447 3.08873 0.603441
0.0360457 3.02339 0.604128
0.0370467 2.96044 0.604825
0.0380477 2.89973 0.605529
0.0390486 2.84114 0.606238
0.0400496 2.78457 0.606959
0.0410506 2.72991 0.607686
0.0420516 2.67703 0.608415
0.0430526 2.62584 0.609141
0.0440536 2.57626 0.609859
0.0450546 2.52819 0.610569
0.0460556 2.48158 0.611277
0.0470566 2.43636 0.611981
0.0480576 2.39247 0.612679
0.0490586 2.34984 0.613369
0.0500595 2.30842 0.61405
0.0510605 2.26815 0.61472
0.0520615 2.22901 0.615387
0.0530625 2.19093 0.616048
0.0540635 2.15388 0.616701
0.0550645 2.1178 0.617344
0.0560655 2.08266 0.617974
0.0570665 2.0484 0.618588
0.0580675 2.01501 0.619186
0.0590685 1.98245 0.619775
0.0600695 1.9507 0.620353
0.0610705 1.91972 0.620921
0.0620714 1.88948 0.621475
0.0630724 1.85996 0.622016
0.0640734 1.83114 0.622542
0.0650744 1.80297 0.623053
0.0660754 1.77546 0.623551
0.0670764 1.74857 0.62404
0.0680774 1.72229 0.624517
0.0690784 1.6966 0.624983
0.0700794 1.67148 0.625434
0.0710804 1.6469 0.62587
0.0720814 1.62284 0.62629
0.0730823 1.59929 0.626693
0.0740833 1.57624 0.627081
0.0750843 1.55368 0.627458
0.0760853 1.53159 0.627822
0.0770863 1.50996 0.628174
0.0780873 1.48877 0.628511
0.0790883 1.468 0.628834
0.0800893 1.44765 0.629143
0.0810903 1.42769 0.629436
0.0820913 1.40813 0.629713
0.0830923 1.38895 0.629979
0.0840932 1.37014 0.630234
0.0850942 1.3517 0.630478
0.0860952 1.33362 0.630708
0.0870962 1.31587 0.630925
0.0880972 1.29846 0.631127
0.0890982 1.28137 0.631315
0.0900992 1.26459 0.631486
0.0911002 1.24811 0.631642
0.0921012 1.23194 0.631784
0.0931022 1.21606 0.631915
0.0941032 1.20047 0.632034
0.0951041 1.18516 0.63214
0.0961051 1.17013 0.632233
0.0971061 1.15536 0.632312
0.0981071 1.14084 0.632377
0.0991081 1.12657 0.632429
0.100109 1.11255 0.632465
0.10111 1.09876 0.632487
0.102111 1.08521 0.632498
0.103112 1.07189 0.632498
0.104113 1.05879 0.632486
0.105114 1.04592 0.632462
0.106115 1.03326 0.632426
0.107116 1.02081 0.632376
0.108117 1.00857 0.632313
0.109118 0.996519 0.632237
0.110119 0.984662 0.632146
0.11112 0.972993 0.632041
0.112121 0.961513 0.631925
0.113122 0.950223 0.631797
0.114123 0.939115 0.631658
0.115124 0.928185 0.631508
0.116125 0.917427 0.631346
0.117126 0.906837 0.631171
0.118127 0.89641 0.630984
0.119128 0.886141 0.630785
0.120129 0.876025 0.630572
0.12113 0.86606 0.630346
0.122131 0.856241 0.630108
0.123132 0.846573 0.629858
0.124133 0.837053 0.629599
0.125134 0.827677 0.629328
0.126135 0.818442 0.629046
0.127136 0.809344 0.628754
0.128137 0.80038 0.628449
0.129138 0.791546 0.628133
0.130139 0.78284 0.627805
0.13114 0.774258 0.627464
0.132141 0.765797 0.627111
0.133142 0.757455 0.626746
0.134143 0.749236 0.626371
0.135144 0.741138 0.625985
0.136145 0.733158 0.62559
0.137146 0.725293 0.625183
0.138147 0.71754 0.624766
0.139148 0.709895 0.624339
0.140149 0.702356 0.6239
0.14115 0.694921 0.62345
0.142151 0.687586 0.622989
0.143152 0.680349 0.622516
0.144153 0.673207 0.622032
0.145154 0.666161 0.621536
0.146155 0.659214 0.621032
0.147156 0.652364 0.620517
0.148157 0.645608 0.619993
0.149158 0.638943 0.619459
0.150159 0.632368 0.618915
0.15116 0.625881 0.61836
0.152161 0.619479 0.617795
0.153162 0.61316 0.61722
0.154163 0.606923 0.616634
0.155164 0.600765 0.616038
0.156165 0.594684 0.61543
0.157166 0.588683 0.614813
0.158167 0.582762 0.614187
0.159168 0.57692 0.613551
0.160169 0.571155 0.612906
0.16117 0.565466 0.612252
0.162171 0.55985 0.611589
0.163172 0.554305 0.610916
0.164173 0.548829 0.610233
0.165174 0.543422 0.609541
0.166175 0.538081 0.608839
0.167175 0.532804 0.608127
0.168176 0.52759 0.607405
0.169177 0.522439 0.606673
0.170178 0.517353 0.605933
0.171179 0.512331 0.605184
0.17218 0.507373 0.604426
0.173181 0.502477 0.603659
0.174182 0.497642 0.602884
0.175183 0.492865 0.6021
0.176184 0.488146 0.601307
0.177185 0.483484 0.600505
0.178186 0.478877 0.599695
0.179187 0.474324 0.598875
0.180188 0.469823 0.598046
0.181189 0.465374 0.597209
0.18219 0.460978 0.596363
0.183191 0.456637 0.595509
0.184192 0.452349 0.594647
0.185193 0.448113 0.593778
0.186194 0.443927 0.5929
0.187195 0.439792 0.592014
0.188196 0.435705 0.59112
0.189197 0.431665 0.590218
0.190198 0.427671 0.589307
0.191199 0.423722 0.588389
0.1922 0.419816 0.587462
0.193201 0.415953 0.586527
0.194202 0.412132 0.585584
0.195203 0.408353 0.584633
0.196204 0.404619 0.583674
0.197205 0.400927 0.582708
0.198206 0.397279 0.581734
0.199207 0.393672 0.580753
0.200208 0.390106 0.579764
0.201209 0.38658 0.578768
0.20221 0.383093 0.577764
0.203211 0.379644 0.576754
0.204212 0.376233 0.575735
0.205213 0.372859 0.57471
0.206214 0.369521 0.573678
0.207215 0.366218 0.572638
0.208216 0.362951 0.571591
0.209217 0.35972 0.570538
0.210218 0.356527 0.569477
0.211219 0.35337 0.56841
0.21222 0.350248 0.567337
0.213221 0.347161 0.566257
0.214222 0.344107 0.56517
0.215223 0.341086 0.564076
0.216224 0.338097 0.562976
0.217225 0.33514 0.561869
0.218226 0.332213 0.560756
0.219227 0.329316 0.559636
0.220228 0.326448 0.558509
0.221229 0.323609 0.557376
0.22223 0.320799 0.556237
0.223231 0.318019 0.555091
0.224232 0.31527 0.553938
0.225233 0.31255 0.55278
0.226234 0.309858 0.551615
0.227235 0.307196 0.550444
0.228236 0.304561 0.549268
0.229237 0.301953 0.548085
0.230238 0.299372 0.546897
0.231239 0.296817 0.545703
0.23224 0.294287 0.544503
0.233241 0.291783 0.543298
0.234242 0.289304 0.542088
0.235243 0.286848 0.540872
0.236244 0.284417 0.539651
0.237245 0.282013 0.538424
0.238246 0.279633 0.537192
0.239247 0.277279 0.535955
0.240248 0.274949 0.534713
0.241249 0.272643 0.533465
0.24225 0.270361 0.532212
0.243251 0.268101 0.530954
0.244252 0.265863 0.529691
0.245253 0.263647 0.528424
0.246254 0.261452 0.527151
0.247255 0.259278 0.525873
0.248256 0.257125 0.52459
0.249257 0.254991 0.523303
0.250258 0.252877 0.522011
0.251259 0.250785 0.520713
0.25226 0.248714 0.519411
0.253261 0.246664 0.518104
0.254262 0.244634 0.516791
0.255263 0.242624 0.515475
0.256264 0.240633 0.514153
0.257265 0.238662 0.512828
0.258266 0.23671 0.511498
0.259267 0.234776 0.510164
0.260268 0.23286 0.508826
0.261269 0.230962 0.507485
0.26227 0.229082 0.506139
0.263271 0.227219 0.504791
0.264272 0.225373 0.503438
0.265273 0.223546 0.502082
0.266274 0.221736 0.500722
0.267275 0.219945 0.499358
0.268276 0.218171 0.49799
0.269277 0.216414 0.496618
0.270278 0.214674 0.495243
0.271279 0.212951 0.493864
0.27228 0.211244 0.492481
0.273281 0.209552 0.491095
0.274282 0.207876 0.489706
0.275283 0.206214 0.488313
0.276284 0.204568 0.486918
0.277285 0.202935 0.485519
0.278285 0.201317 0.484117
0.279286 0.199713 0.482711
0.280287 0.198124 0.481302
0.281288 0.19655 0.47989
0.282289 0.194991 0.478474
0.28329 0.193447 0.477054
0.284291 0.191916 0.475632
0.285292 0.1904 0.474206
0.286293 0.188898 0.472777
0.287294 0.187409 0.471346
0.288295 0.185933 0.469913
0.289296 0.18447 0.468476
0.290297 0.18302 0.467038
0.291298 0.181583 0.465597
0.292299 0.180158 0.464155
0.2933 0.178745 0.46271
0.294301 0.177344 0.461264
0.295302 0.175956 0.459815
0.296303 0.174582 0.458363
0.297304 0.17322 0.456909
0.298305 0.17187 0.455452
0.299306 0.170533 0.453993
0.300307 0.169207 0.452532
0.301308 0.167894 0.451069
0.302309 0.166591 0.449604
0.30331 0.1653 0.448137
0.304311 0.16402 0.446668
0.305312 0.16275 0.445198
0.306313 0.161492 0.443726
0.307314 0.160243 0.442252
0.308315 0.159005 0.440777
0.309316 0.157776 0.439301
0.310317 0.156559 0.437821
0.311318 0.155353 0.43634
0.312319 0.154157 0.434856
0.31332 0.152972 0.433371
0.314321 0.151797 0.431884
0.315322 0.150632 0.430395
0.316323 0.149477 0.428905
0.317324 0.148332 0.427414
0.318325 0.147197 0.425921
0.319326 0.146071 0.424428
0.320327 0.144955 0.422934
0.321328 0.143847 0.42144
0.322329 0.142749 0.419945
0.32333 0.14166 0.418449
0.324331 0.140579 0.416954
0.325332 0.139508 0.415457
0.326333 0.138447 0.41396
0.327334 0.137395 0.412461
0.328335 0.136352 0.410961
0.329336 0.135318 0.40946
0.330337 0.134293 0.407959
0.331338 0.133277 0.406457
0.332339 0.132269 0.404954
0.33334 0.13127 0.403451
0.334341 0.130278 0.401948
0.335342 0.129295 0.400444
0.336343 0.128319 0.39894
0.337344 0.12735 0.397436
0.338345 0.126389 0.395932
0.339346 0.125436 0.394428
0.340347 0.12449 0.392923
0.341348 0.123552 0.391417
0.342349 0.122622 0.38991
0.34335 0.121699 0.388403
0.344351 0.120785 0.386895
0.345352 0.119878 0.385387
0.346353 0.118978 0.383879
0.347354 0.118085 0.38237
0.348355 0.1172 0.380862
0.349356 0.116322 0.379354
0.350357 0.11545 0.377847
0.351358 0.114586 0.37634
0.352359 0.113728 0.374835
0.35336 0.112877 0.37333
0.354361 0.112032 0.371826
0.355362 0.111194 0.370323
0.356363 0.110362 0.368821
0.357364 0.109538 0.367319
0.358365 0.108721 0.365817
0.359366 0.10791 0.364315
0.360367 0.107106 0.362814
0.361368 0.106309 0.361313
0.362369 0.105518 0.359813
0.36337 0.104733 0.358313
0.364371 0.103954 0.356815
0.365372 0.103182 0.355317
0.366373 0.102415 0.35382
0.367374 0.101654 0.352325
0.368375 0.100898 0.35083
0.369376 0.100148 0.349337
0.370377 0.0994034 0.347845
0.371378 0.0986642 0.346354
0.372379 0.097931 0.344864
0.37338 0.0972036 0.343373
0.374381 0.096482 0.341883
0.375382 0.0957661 0.340394
0.376383 0.0950558 0.338906
0.377384 0.094351 0.337419
0.378385 0.0936516 0.335933
0.379386 0.0929576 0.334448
0.380387 0.0922689 0.332964
0.381388 0.0915853 0.331483
0.382389 0.0909069 0.330003
0.38339 0.0902335 0.328525
0.384391 0.0895651 0.327049
0.385392 0.0889016 0.325575
0.386393 0.0882429 0.324104
0.387394 0.0875891 0.322634
0.388395 0.0869407 0.321166
0.389395 0.0862975 0.3197
0.390396 0.0856593 0.318234
0.391397 0.0850262 0.316771
0.392398 0.084398 0.315309
0.393399 0.0837746 0.313848
0.3944 0.083156 0.312389
0.395401 0.0825419 0.310933
0.396402 0.0819325 0.309478
0.397403 0.0813274 0.308025
0.398404 0.0807268 0.306574
0.399405 0.0801304 0.305126
0.400406 0.0795381 0.30368
0.401407 0.07895 0.302236
0.402408 0.0783659 0.300794
0.403409 0.0777859 0.299355
0.40441 0.0772104 0.297917
0.405411 0.0766392 0.296481
0.406412 0.0760723 0.295046
0.407413 0.0755097 0.293613
0.408414 0.0749513 0.292181
0.409415 0.074397 0.290752
0.410416 0.0738468 0.289325
0.411417 0.0733007 0.287901
0.412418 0.0727585 0.286478
0.413419 0.0722202 0.285059
0.41442 0.0716857 0.283642
0.415421 0.0711551 0.282229
0.416422 0.0706282 0.280818
0.417423 0.0701049 0.27941
0.418424 0.0695853 0.278006
0.419425 0.0690694 0.276605
0.420426 0.0685575 0.275206
0.421427 0.0680495 0.27381
0.422428 0.0675454 0.272416
0.423429 0.0670451 0.271025
0.42443 0.0665485 0.269636
0.425431 0.0660556 0.26825
0.426432 0.0655663 0.266866
0.427433 0.0650805 0.265486
0.428434 0.0645981 0.264108
0.429435 0.0641191 0.262733
0.430436 0.0636434 0.261361
0.431437 0.0631709 0.259992
0.432438 0.0627017 0.258626
0.433439 0.0622355 0.257264
0.43444 0.0617724 0.255904
0.435441 0.0613123 0.254548
0.436442 0.0608554 0.253195
0.437443 0.0604019 0.251844
0.438444 0.0599517 0.250495
0.439445 0.0595047 0.249149
0.440446 0.0590608 0.247805
0.441447 0.0586202 0.246465
0.442448 0.0581826 0.245127
0.443449 0.0577481 0.243792
0.44445 0.0573167 0.242461
0.445451 0.0568882 0.241133
0.446452 0.0564627 0.239809
0.447453 0.0560401 0.238488
0.448454 0.0556203 0.23717
0.449455 0.0552034 0.235857
0.450456 0.0547893 0.234547
0.451457 0.054378 0.233242
0.452458 0.0539695 0.23194
0.453459 0.053564 0.230641
0.45446 0.0531615 0.229346
0.455461 0.052762 0.228053
0.456462 0.0523653 0.226764
0.457463 0.0519715 0.225478
0.458464 0.0515804 0.224196
0.459465 0.0511921 0.222917
0.460466 0.0508064 0.221641
0.461467 0.0504234 0.220369
0.462468 0.0500429 0.219101
0.463469 0.049665 0.217836
0.46447 0.0492895 0.216576
0.465471 0.0489164 0.215318
0.466472 0.0485458 0.214065
0.467473 0.0481774 0.212816
0.468474 0.0478114 0.21157
0.469475 0.0474479 0.210328
0.470476 0.0470869 0.209089
0.471477 0.0467284 0.207853
0.472478 0.0463724 0.20662
0.473479 0.0460188 0.20539
0.47448 0.0456677 0.204164
0.475481 0.0453189 0.202942
0.476482 0.0449725 0.201724
0.477483 0.0446284 0.200509
0.478484 0.0442867 0.199298
0.479485 0.0439472 0.198091
0.480486 0.0436099 0.196888
0.481487 0.0432749 0.19569
0.482488 0.0429421 0.194495
0.483489 0.0426115 0.193305
0.48449 0.042283 0.19212
0.485491 0.0419568 0.190939
0.486492 0.0416328 0.189761
0.487493 0.0413112 0.188588
0.488494 0.0409919 0.187418
0.489495 0.0406749 0.186252
0.490496 0.04036 0.185089
0.491497 0.0400473 0.183931
0.492498 0.0397367 0.182777
0.493499 0.0394282 0.181626
0.4945 0.0391217 0.18048
0.495501 0.0388172 0.179337
0.496502 0.0385147 0.178199
0.497503 0.0382141 0.177065
0.498504 0.0379154 0.175935
0.499505 0.0376186 0.174809
0.500505 0.0373236 0.173687
0.501506 0.0370303 0.172569
0.502507 0.0367389 0.171456
0.503508 0.0364495 0.170346
0.504509 0.036162 0.169239
0.50551 0.0358765 0.168136
0.506511 0.0355928 0.167037
0.507512 0.035311 0.165942
0.508513 0.0350311 0.164851
0.509514 0.0347531 0.163764
0.510515 0.0344768 0.162681
0.511516 0.0342024 0.161602
0.512517 0.0339297 0.160527
0.513518 0.0336589 0.159457
0.514519 0.0333897 0.158391
0.51552 0.0331223 0.15733
0.516521 0.0328566 0.156273
0.517522 0.0325927 0.155221
0.518523 0.0323303 0.154173
0.519524 0.0320698 0.15313
0.520525 0.0318111 0.152091
0.521526 0.0315542 0.151056
0.522527 0.031299 0.150025
0.523528 0.0310456 0.148998
0.524529 0.0307939 0.147975
0.52553 0.0305439 0.146957
0.526531 0.0302956 0.145942
0.527532 0.0300488 0.144932
0.528533 0.0298037 0.143926
0.529534 0.0295601 0.142925
0.530535 0.029318 0.141927
0.531536 0.0290775 0.140934
0.532537 0.0288385 0.139945
0.533538 0.0286009 0.138961
0.534539 0.0283647 0.137981
0.53554 0.02813 0.137005
0.536541 0.0278968 0.136033
0.537542 0.027665 0.135065
0.538543 0.0274349 0.1341
0.539544 0.0272062 0.13314
0.540545 0.026979 0.132184
0.541546 0.0267533 0.131232
0.542547 0.0265291 0.130284
0.543548 0.0263064 0.12934
0.544549 0.0260851 0.1284
0.54555 0.0258652 0.127465
0.546551 0.0256467 0.126534
0.547552 0.0254297 0.125607
0.548553 0.0252141 0.124685
0.549554 0.0249998 0.123767
0.550555 0.024787 0.122854
0.551556 0.0245755 0.121945
0.552557 0.0243653 0.121041
0.553558 0.0241566 0.120141
0.554559 0.0239493 0.119246
0.55556 0.0237435 0.118355
0.556561 0.0235391 0.117468
0.557562 0.0233361 0.116585
0.558563 0.0231345 0.115706
0.559564 0.0229342 0.114832
0.560565 0.0227352 0.113962
0.561566 0.0225375 0.113096
0.562567 0.0223412 0.112234
0.563568 0.022146 0.111377
0.564569 0.0219522 0.110523
0.56557 0.0217595 0.109674
0.566571 0.021568 0.108829
0.567572 0.0213777 0.107989
0.568573 0.0211886 0.107152
0.569574 0.0210006 0.10632
0.570575 0.0208138 0.105492
0.571576 0.0206283 0.104667
0.572577 0.0204439 0.103847
0.573578 0.0202608 0.10303
0.574579 0.0200789 0.102218
0.57558 0.0198981 0.10141
0.576581 0.0197186 0.100605
0.577582 0.0195402 0.0998052
0.578583 0.019363 0.0990092
0.579584 0.019187 0.0982173
0.580585 0.0190122 0.0974296
0.581586 0.0188385 0.0966462
0.582587 0.0186659 0.095867
0.583588 0.0184945 0.0950921
0.584589 0.0183242 0.0943216
0.58559 0.0181551 0.0935553
0.586591 0.017987 0.0927935
0.587592 0.0178201 0.0920359
0.588593 0.0176544 0.0912825
0.589594 0.0174898 0.0905333
0.590595 0.0173264 0.0897881
0.591596 0.0171642 0.0890471
0.592597 0.0170031 0.0883102
0.593598 0.016843 0.0875774
0.594599 0.0166841 0.0868486
0.5956 0.0165262 0.086124
0.596601 0.0163694 0.0854033
0.597602 0.0162137 0.0846867
0.598603 0.016059 0.0839741
0.599604 0.0159053 0.0832655
0.600605 0.0157525 0.0825608
0.601606 0.0156008 0.0818602
0.602607 0.0154501 0.0811635
0.603608 0.0153003 0.0804708
0.604609 0.0151515 0.0797819
0.60561 0.0150037 0.0790969
0.606611 0.0148568 0.0784157
0.607612 0.014711 0.0777383
0.608613 0.0145662 0.0770647
0.609614 0.0144224 0.0763951
0.610615 0.0142796 0.0757292
0.611615 0.0141378 0.0750673
0.612616 0.0139969 0.0744093
0.613617 0.013857 0.0737551
0.614618 0.0137181 0.073105
0.615619 0.0135802 0.0724587
0.61662 0.0134432 0.0718164
0.617621 0.0133071 0.071178
0.618622 0.013172 0.0705437
0.619623 0.0130379 0.0699133
0.620624 0.0129047 0.0692869
0.621625 0.0127724 0.0686645
0.622626 0.0126411 0.0680461
0.623627 0.0125108 0.0674317
0.624628 0.0123815 0.0668211
0.625629 0.0122531 0.0662144
0.62663 0.0121257 0.0656115
0.627631 0.0119992 0.0650125
0.628632 0.0118736 0.0644173
0.629633 0.0117489 0.0638259
0.630634 0.0116251 0.0632382
0.631635 0.0115023 0.0626543
0.632636 0.0113802 0.0620741
0.633637 0.0112591 0.0614976
0.634638 0.0111388 0.0609247
0.635639 0.0110194 0.0603555
0.63664 0.0109008 0.0597899
0.637641 0.010783 0.0592279
0.638642 0.0106661 0.0586695
0.639643 0.0105499 0.0581147
0.640644 0.0104347 0.0575634
0.641645 0.0103203 0.0570157
0.642646 0.0102067 0.0564716
0.643647 0.010094 0.055931
0.644648 0.00998208 0.0553941
0.645649 0.00987103 0.0548607
0.64665 0.00976081 0.0543308
0.647651 0.00965143 0.0538045
0.648652 0.00954287 0.0532818
0.649653 0.00943513 0.0527626
0.650654 0.00932821 0.052247
0.651655 0.00922211 0.051735
0.652656 0.00911682 0.0512265
0.653657 0.00901234 0.0507215
0.654658 0.00890866 0.0502201
0.655659 0.00880578 0.0497222
0.65666 0.00870371 0.0492279
0.657661 0.00860247 0.0487372
0.658662 0.00850206 0.0482501
0.659663 0.00840247 0.0477665
0.660664 0.00830369 0.0472864
0.661665 0.00820571 0.0468099
0.662666 0.00810853 0.0463367
0.663667 0.00801214 0.045867
0.664668 0.00791652 0.0454007
0.665669 0.00782166 0.0449378
0.66667 0.00772757 0.0444781
0.667671 0.00763423 0.0440218
0.668672 0.00754163 0.0435688
0.669673 0.00744976 0.043119
0.670674 0.00735863 0.0426724
0.671675 0.0072682 0.042229
0.672676 0.00717849 0.0417887
0.673677 0.00708948 0.0413516
0.674678 0.00700118 0.0409176
0.675679 0.00691362 0.0404869
0.67668 0.00682678 0.0400594
0.677681 0.00674068 0.0396351
0.678682 0.0066553 0.0392139
0.679683 0.00657063 0.038796
0.680684 0.00648669 0.0383812
0.681685 0.00640347 0.0379696
0.682686 0.00632095 0.0375611
0.683687 0.00623915 0.0371558
0.684688 0.00615806 0.0367536
0.685689 0.00607767 0.0363545
0.68669 0.00599798 0.0359584
0.687691 0.00591899 0.0355655
0.688692 0.00584069 0.0351756
0.689693 0.00576309 0.0347888
0.690694 0.00568618 0.0344051
0.691695 0.00560996 0.0340244
0.692696 0.00553446 0.0336469
0.693697 0.00545968 0.0332725
0.694698 0.0053856 0.0329013
0.695699 0.00531223 0.0325331
0.6967 0.00523955 0.0321681
0.697701 0.00516756 0.031806
0.698702 0.00509625 0.031447
0.699703 0.0050256 0.0310909
0.700704 0.00495562 0.0307377
0.701705 0.00488629 0.0303874
0.702706 0.00481761 0.0300399
0.703707 0.00474956 0.0296953
0.704708 0.00468215 0.0293534
0.705709 0.00461536 0.0290143
0.70671 0.00454918 0.0286779
0.707711 0.00448361 0.0283442
0.708712 0.00441865 0.0280131
0.709713 0.00435429 0.0276847
0.710714 0.00429056 0.0273591
0.711715 0.00422747 0.0270363
0.712716 0.00416501 0.0267163
0.713717 0.00410318 0.0263991
0.714718 0.00404197 0.0260846
0.715719 0.00398137 0.0257728
0.71672 0.00392139 0.0254638
0.717721 0.00386203 0.0251574
0.718722 0.00380327 0.0248537
0.719723 0.00374511 0.0245526
0.720724 0.00368755 0.0242542
0.721725 0.00363059 0.0239584
0.722725 0.00357422 0.0236651
0.723726 0.00351844 0.0233745
0.724727 0.00346324 0.0230864
0.725728 0.00340862 0.0228008
0.726729 0.00335458 0.0225177
0.72773 0.00330115 0.0222373
0.728731 0.00324833 0.0219596
0.729732 0.00319613 0.0216846
0.730733 0.00314453 0.0214122
0.731734 0.00309352 0.0211425
0.732735 0.0030431 0.0208752
0.733736 0.00299325 0.0206106
0.734737 0.00294398 0.0203484
0.735738 0.00289527 0.0200887
0.736739 0.00284711 0.0198314
0.73774 0.00279949 0.0195764
0.738741 0.00275242 0.0193238
0.739742 0.00270587 0.0190736
0.740743 0.00265984 0.0188256
0.741744 0.00261433 0.0185798
0.742745 0.00256932 0.0183362
0.743746 0.00252482 0.0180949
0.744747 0.0024808 0.0178556
0.745748 0.00243733 0.0176187
0.746749 0.00239439 0.0173841
0.74775 0.002352 0.0171519
0.748751 0.00231014 0.0169221
0.749752 0.0022688 0.0166945
0.750753 0.00222799 0.0164692
0.751754 0.00218769 0.0162461
0.752755 0.0021479 0.0160253
0.753756 0.00210861 0.0158066
0.754757 0.00206982 0.0155902
0.755758 0.00203153 0.0153758
0.756759 0.00199371 0.0151636
0.75776 0.00195638 0.0149535
0.758761 0.00191952 0.0147455
0.759762 0.00188313 0.0145395
0.760763 0.0018472 0.0143356
0.761764 0.00181172 0.0141336
0.762765 0.00177671 0.0139337
0.763766 0.00174221 0.013736
0.764767 0.00170821 0.0135405
0.765768 0.00167472 0.0133472
0.766769 0.00164172 0.0131561
0.76777 0.0016092 0.012967
0.768771 0.00157715 0.01278
0.769772 0.00154557 0.0125951
0.770773 0.00151444 0.0124121
0.771774 0.00148376 0.0122311
0.772775 0.00145352 0.0120521
0.773776 0.0014237 0.0118749
0.774777 0.00139431 0.0116996
0.775778 0.00136533 0.0115261
0.776779 0.00133675 0.0113544
0.77778 0.00130857 0.0111844
0.778781 0.00128078 0.0110162
0.779782 0.00125336 0.0108496
0.780783 0.00122634 0.0106848
0.781784 0.00119975 0.0105219
0.782785 0.00117362 0.0103609
0.783786 0.00114791 0.0102018
0.784787 0.00112263 0.0100445
0.785788 0.00109777 0.00988907
0.786789 0.00107331 0.00973545
0.78779 0.00104926 0.0095836
0.788791 0.0010256 0.00943351
0.789792 0.00100233 0.00928514
0.790793 0.000979431 0.00913847
0.791794 0.000956906 0.00899348
0.792795 0.000934743 0.00885013
0.793796 0.000912935 0.0087084
0.794797 0.000891475 0.00856827
0.795798 0.000870354 0.00842971
0.796799 0.000849566 0.0082927
0.7978 0.000829103 0.00815722
0.798801 0.000808986 0.00802332
0.799802 0.00078927 0.00789119
0.800803 0.000769947 0.0077608
0.801804 0.000751009 0.00763212
0.802805 0.000732443 0.00750512
0.803806 0.000714241 0.00737976
0.804807 0.000696392 0.007256
0.805808 0.000678887 0.00713381
0.806809 0.000661716 0.00701317
0.80781 0.000644868 0.00689403
0.808811 0.000628335 0.00677637
0.809812 0.000612107 0.00666014
0.810813 0.000596174 0.00654533
0.811814 0.000580528 0.00643189
0.812815 0.000565157 0.00631979
0.813816 0.000550054 0.00620901
0.814817 0.000535209 0.00609951
0.815818 0.000520612 0.00599126
0.816819 0.000506293 0.00588434
0.81782 0.000492307 0.00577893
0.818821 0.000478646 0.005675
0.819822 0.000465301 0.00557252
0.820823 0.000452262 0.00547146
0.821824 0.000439521 0.00537181
0.822825 0.000427067 0.00527352
0.823826 0.000414892 0.00517659
0.824827 0.000402987 0.00508097
0.825828 0.000391342 0.00498665
0.826829 0.000379949 0.0048936
0.82783 0.000368799 0.00480179
0.828831 0.000357882 0.0047112
0.829832 0.000347191 0.00462181
0.830833 0.000336716 0.00453358
0.831834 0.000326449 0.00444649
0.832835 0.000316381 0.00436052
0.833835 0.000306504 0.00427564
0.834836 0.00029685 0.00419195
0.835837 0.000287473 0.0041096
0.836838 0.000278363 0.00402856
0.837839 0.000269511 0.0039488
0.83884 0.000260907 0.00387029
0.839841 0.000252541 0.003793
0.840842 0.000244403 0.00371689
0.841843 0.000236484 0.00364195
0.842844 0.000228774 0.00356813
0.843845 0.000221264 0.00349542
0.844846 0.000213944 0.00342378
0.845847 0.000206806 0.00335318
0.846848 0.000199839 0.0032836
0.847849 0.000193035 0.003215
0.84885 0.000186385 0.00314735
0.849851 0.000179879 0.00308064
0.850852 0.000173508 0.00301483
0.851853 0.000167264 0.00294989
0.852854 0.000161178 0.00288591
0.853855 0.000155301 0.00282305
0.854856 0.000149627 0.00276128
0.855857 0.000144145 0.00270057
0.856858 0.000138848 0.0026409
0.857859 0.000133728 0.00258225
0.85886 0.000128775 0.00252458
0.859861 0.000123982 0.00246789
0.860862 0.000119341 0.00241213
0.861863 0.000114843 0.0023573
0.862864 0.00011048 0.00230336
0.863865 0.000106243 0.00225029
0.864866 0.000102126 0.00219807
0.865867 9.81206e-05 0.00214668
0.866868 9.42179e-05 0.00209608
0.867869 9.04105e-05 0.00204627
0.86887 8.66906e-05 0.00199721
0.869871 8.30505e-05 0.00194889
0.870872 7.9517e-05 0.00190138
0.871873 7.61364e-05 0.00185483
0.872874 7.29019e-05 0.00180922
0.873875 6.98061e-05 0.00176451
0.874876 6.68414e-05 0.00172068
0.875877 6.40006e-05 0.00167771
0.876878 6.12763e-05 0.00163556
0.877879 5.86614e-05 0.00159423
0.87888 5.61485e-05 0.00155367
0.879881 5.37306e-05 0.00151387
0.880882 5.14004e-05 0.00147479
0.881883 4.91511e-05 0.00143643
0.882884 4.69755e-05 0.00139874
0.883885 4.48666e-05 0.00136171
0.884886 4.28176e-05 0.00132531
0.885887 4.08216e-05 0.00128952
0.886888 3.88718e-05 0.00125432
0.887889 3.69613e-05 0.00121967
0.88889 3.51094e-05 0.00118566
0.889891 3.3356e-05 0.00115242
0.890892 3.16964e-05 0.00111993
0.891893 3.01251e-05 0.00108817
0.892894 2.86369e-05 0.00105712
0.893895 2.72262e-05 0.00102676
0.894896 2.58878e-05 0.000997065
0.895897 2.46163e-05 0.000968018
0.896898 2.34066e-05 0.000939597
0.897899 2.22534e-05 0.000911781
0.8989 2.11514e-05 0.000884548
0.899901 2.00956e-05 0.00085788
0.900902 1.90807e-05 0.000831755
0.901903 1.81018e-05 0.000806153
0.902904 1.71538e-05 0.000781054
0.903905 1.62316e-05 0.000756438
0.904906 1.53302e-05 0.000732285
0.905907 1.44447e-05 0.000708577
0.906908 1.35875e-05 0.000685372
0.907909 1.2788e-05 0.000662803
0.90891 1.2043e-05 0.000640853
0.909911 1.13491e-05 0.000619501
0.910912 1.07025e-05 0.000598724
0.911913 1.00997e-05 0.000578502
0.912914 9.53699e-06 0.000558814
0.913915 9.01083e-06 0.000539638
0.914916 8.51767e-06 0.000520955
0.915917 8.05398e-06 0.000502742
0.916918 7.61625e-06 0.000484981
0.917919 7.201e-06 0.000467649
0.91892 6.80477e-06 0.000450728
0.919921 6.42412e-06 0.000434197
0.920922 6.05562e-06 0.000418036
0.921923 5.6959e-06 0.000402225
0.922924 5.34156e-06 0.000386744
0.923925 4.98927e-06 0.000371573
0.924926 4.64664e-06 0.000356771
0.925927 4.33174e-06 0.00034246
0.926928 4.04306e-06 0.000328626
0.927929 3.77866e-06 0.00031525
0.92893 3.53661e-06 0.000302314
0.929931 3.31498e-06 0.0002898
0.930932 3.11185e-06 0.000277688
0.931933 2.92534e-06 0.000265963
0.932934 2.75354e-06 0.000254604
0.933935 2.59459e-06 0.000243595
0.934936 2.44662e-06 0.000232918
0.935937 2.30778e-06 0.000222555
0.936938 2.17623e-06 0.000212489
0.937939 2.05015e-06 0.000202703
0.93894 1.9277e-06 0.000193178
0.939941 1.8071e-06 0.000183898
0.940942 1.68654e-06 0.000174847
0.941943 1.56425e-06 0.000166006
0.942944 1.44541e-06 0.000157446
0.943945 1.3379e-06 0.000149263
0.944945 1.24089e-06 0.000141441
0.945946 1.15352e-06 0.000133962
0.946947 1.07493e-06 0.000126809
0.947948 1.00426e-06 0.000119966
0.948949 9.40674e-07 0.000113416
0.94995 8.83328e-07 0.000107141
0.950951 8.31386e-07 0.000101127
0.951952 7.84016e-07 9.53549e-05
0.952953 7.40395e-07 8.98098e-05
0.953954 6.997e-07 8.44751e-05
0.954955 6.61118e-07 7.93346e-05
0.955956 6.23837e-07 7.43723e-05
0.956957 5.87053e-07 6.95722e-05
0.957958 5.49965e-07 6.49184e-05
0.958959 5.1178e-07 6.03951e-05
0.95996 4.71993e-07 5.59953e-05
0.960961 4.34563e-07 5.18404e-05
0.961962 4.00757e-07 4.79612e-05
0.962963 3.70276e-07 4.43406e-05
0.963964 3.42823e-07 4.09616e-05
0.964965 3.18104e-07 3.78074e-05
0.965966 2.95825e-07 3.4861e-05
0.966967 2.75696e-07 3.21059e-05
0.967968 2.57426e-07 2.95254e-05
0.968969 2.40729e-07 2.71031e-05
0.96997 2.25317e-07 2.48226e-05
0.970971 2.10908e-07 2.26675e-05
0.971972 1.97218e-07 2.06217e-05
0.972973 1.83967e-07 1.86691e-05
0.973974 1.70875e-07 1.67937e-05
0.974975 1.57667e-07 1.49797e-05
0.975976 1.44066e-07 1.32111e-05
0.976977 1.30065e-07 1.14952e-05
0.977978 1.17194e-07 9.9648e-06
0.978979 1.05635e-07 8.62777e-06
0.97998 9.52543e-08 7.4647e-06
0.980981 8.59232e-08 6.45627e-06
0.981982 7.75115e-08 5.58328e-06
0.982983 6.98902e-08 4.82664e-06
0.983984 6.29312e-08 4.16738e-06
0.984985 5.65071e-08 3.58664e-06
0.985986 5.04914e-08 3.06568e-06
0.986987 4.47582e-08 2.58589e-06
0.987988 3.91825e-08 2.12873e-06
0.988989 3.36398e-08 1.67581e-06
0.98999 2.80068e-08 1.20884e-06
0.990991 2.25851e-08 7.78417e-07
0.991992 1.80884e-08 4.96904e-07
0.992993 1.43508e-08 3.29979e-07
0.993994 1.11807e-08 2.39129e-07
0.994995 8.38752e-09 1.86071e-07
0.995996 5.78187e-09 1.32754e-07
0.996997 3.31903e-09 5.81804e-08
0.997998 1.70851e-09 3.9835e-08
0.998999 5.15019e-10 3.18267e-08
1 4.4229e-27 0
