1.5 2.04688 0.384401
1.5986 2.55745 0.400866
1.6972 3.04544 0.416753
1.7958 3.51008 0.432012
1.89439 3.95435 0.446709
1.99299 4.37898 0.460854
2.09159 4.78422 0.474444
2.19019 5.17219 0.487531
2.28879 5.5444 0.500154
2.38739 5.90137 0.512324
2.48599 6.24364 0.524053
2.58458 6.57245 0.535376
2.68318 6.88926 0.546331
2.78178 7.19459 0.556933
2.88038 7.48893 0.567196
2.97898 7.77275 0.577132
3.07758 8.04657 0.586756
3.17618 8.31147 0.5961
3.27477 8.56801 0.605178
3.37337 8.81656 0.614002
3.47197 9.05746 0.622583
3.57057 9.29105 0.630929
3.66917 9.51763 0.63905
3.76777 9.73749 0.646955
3.86637 9.95196 0.654658
3.96496 10.1618 0.662175
4.06356 10.3667 0.669512
4.16216 10.5663 0.676676
4.26076 10.7604 0.683674
4.35936 10.9487 0.690512
4.45796 11.1311 0.697197
4.55656 11.3076 0.703733
4.65516 11.4779 0.710126
4.75375 11.6421 0.716382
4.85235 11.8004 0.722508
4.95095 11.9534 0.728513
5.04955 12.1017 0.7344
5.14815 12.2455 0.740173
5.24675 12.3854 0.745836
5.34535 12.5216 0.751392
5.44394 12.6546 0.756845
5.54254 12.7846 0.762197
5.64114 12.9118 0.767452
5.73974 13.0366 0.772613
5.83834 13.1592 0.777682
5.93694 13.2797 0.782662
6.03554 13.3984 0.787556
6.13413 13.5155 0.792366
6.23273 13.6308 0.797096
6.33133 13.7441 0.801751
6.42993 13.8555 0.806332
6.52853 13.965 0.810842
6.62713 14.0727 0.815283
6.72573 14.1787 0.819656
6.82432 14.2829 0.823963
6.92292 14.3855 0.828206
7.02152 14.4864 0.832387
7.12012 14.5857 0.836507
7.21872 14.6835 0.840568
7.31732 14.7798 0.844571
7.41592 14.8746 0.848518
7.51451 14.968 0.85241
7.61311 15.0601 0.856248
7.71171 15.1507 0.860034
7.81031 15.2401 0.863769
7.90891 15.3281 0.867453
8.00751 15.4149 0.871089
8.10611 15.5004 0.874678
8.2047 15.5848 0.878221
8.3033 15.6681 0.88172
8.4019 15.7502 0.885176
8.5005 15.8313 0.88859
8.5991 15.9113 0.891964
8.6977 15.9903 0.895297
8.7963 16.0683 0.89859
8.89489 16.1454 0.901846
8.99349 16.2214 0.905064
9.09209 16.2966 0.908244
9.19069 16.3708 0.911389
9.28929 16.4441 0.914499
9.38789 16.5165 0.917573
9.48649 16.5881 0.920614
9.58509 16.6588 0.923622
9.68368 16.7287 0.926597
9.78228 16.7978 0.92954
9.88088 16.8661 0.932451
9.97948 16.9336 0.935332
10.0781 17.0003 0.938183
10.1767 17.0663 0.941004
10.2753 17.1316 0.943795
10.3739 17.1961 0.946559
10.4725 17.26 0.949294
10.5711 17.3231 0.952002
10.6697 17.3855 0.954683
10.7683 17.4473 0.957337
10.8669 17.5085 0.959965
10.9655 17.569 0.962567
11.0641 17.6288 0.965145
11.1627 17.6881 0.9677
11.2613 17.7468 0.97023
11.3599 17.8049 0.972737
11.4585 17.8624 0.975222
11.5571 17.9194 0.977684
11.6557 17.9758 0.980124
11.7543 18.0317 0.982543
11.8529 18.0871 0.98494
11.9515 18.1419 0.987316
12.0501 18.1962 0.989671
12.1486 18.2501 0.992006
12.2472 18.3034 0.994322
12.3458 18.3562 0.996617
12.4444 18.4086 0.998893
12.543 18.4604 1.00115
12.6416 18.5118 1.00339
12.7402 18.5628 1.00561
12.8388 18.6133 1.00781
12.9374 18.6634 1.00999
13.036 18.713 1.01216
13.1346 18.7622 1.01431
13.2332 18.8109 1.01644
13.3318 18.8593 1.01855
13.4304 18.9072 1.02065
13.529 18.9547 1.02273
13.6276 19.0019 1.02479
13.7262 19.0486 1.02684
13.8248 19.095 1.02888
13.9234 19.1409 1.03089
14.022 19.1865 1.03289
14.1206 19.2317 1.03488
14.2192 19.2766 1.03685
14.3178 19.3211 1.03881
14.4164 19.3652 1.04075
14.515 19.409 1.04268
14.6136 19.4524 1.04459
14.7122 19.4955 1.04649
14.8108 19.5383 1.04838
14.9094 19.5807 1.05025
15.008 19.6228 1.05211
15.1066 19.6646 1.05396
15.2052 19.706 1.05579
15.3038 19.7472 1.05761
15.4024 19.788 1.05942
15.501 19.8286 1.06122
15.5996 19.8688 1.063
15.6982 19.9088 1.06477
15.7968 19.9485 1.06653
15.8954 19.9879 1.06828
15.994 20.027 1.07002
16.0926 20.0658 1.07174
16.1912 20.1044 1.07346
16.2898 20.1427 1.07516
16.3884 20.1808 1.07685
16.487 20.2185 1.07853
16.5856 20.2561 1.0802
16.6842 20.2933 1.08186
16.7828 20.3303 1.08351
16.8814 20.3671 1.08515
16.98 20.4036 1.08678
17.0786 20.4399 1.0884
17.1772 20.4759 1.09001
17.2758 20.5117 1.09161
17.3744 20.5473 1.0932
17.473 20.5826 1.09478
17.5716 20.6177 1.09635
17.6702 20.6526 1.09791
17.7688 20.6872 1.09946
17.8674 20.7216 1.101
17.966 20.7558 1.10253
18.0646 20.7898 1.10406
18.1632 20.8236 1.10557
18.2618 20.8572 1.10708
18.3604 20.8905 1.10858
18.459 20.9237 1.11006
18.5576 20.9566 1.11155
18.6562 20.9893 1.11302
18.7548 21.0219 1.11448
18.8534 21.0542 1.11594
18.952 21.0864 1.11738
19.0506 21.1183 1.11882
19.1491 21.1501 1.12025
19.2477 21.1816 1.12168
19.3463 21.213 1.12309
19.4449 21.2442 1.1245
19.5435 21.2752 1.1259
19.6421 21.3061 1.12729
19.7407 21.3367 1.12867
19.8393 21.3672 1.13005
19.9379 21.3975 1.13142
20.0365 21.4276 1.13278
20.1351 21.4575 1.13414
20.2337 21.4873 1.13548
20.3323 21.5169 1.13682
20.4309 21.5464 1.13816
20.5295 21.5756 1.13948
20.6281 21.6047 1.1408
20.7267 21.6337 1.14212
20.8253 21.6625 1.14342
20.9239 21.6911 1.14472
21.0225 21.7196 1.14601
21.1211 21.7479 1.1473
21.2197 21.776 1.14858
21.3183 21.804 1.14985
21.4169 21.8319 1.15112
21.5155 21.8596 1.15238
21.6141 21.8871 1.15363
21.7127 21.9145 1.15488
21.8113 21.9418 1.15612
21.9099 21.9689 1.15736
22.0085 21.9959 1.15859
22.1071 22.0228 1.15981
22.2057 22.0495 1.16103
22.3043 22.0761 1.16224
22.4029 22.1025 1.16345
22.5015 22.1288 1.16465
22.6001 22.155 1.16585
22.6987 22.181 1.16704
22.7973 22.2069 1.16822
22.8959 22.2327 1.1694
22.9945 22.2584 1.17057
23.0931 22.2839 1.17174
23.1917 22.3093 1.1729
23.2903 22.3346 1.17406
23.3889 22.3597 1.17521
23.4875 22.3847 1.17636
23.5861 22.4097 1.1775
23.6847 22.4344 1.17864
23.7833 22.4591 1.17977
23.8819 22.4837 1.18089
23.9805 22.5081 1.18202
24.0791 22.5324 1.18313
24.1777 22.5566 1.18424
24.2763 22.5807 1.18535
24.3749 22.6047 1.18645
24.4735 22.6286 1.18755
24.5721 22.6523 1.18864
24.6707 22.676 1.18973
24.7693 22.6995 1.19081
24.8679 22.7229 1.19189
24.9665 22.7463 1.19297
25.0651 22.7695 1.19404
25.1637 22.7926 1.1951
25.2623 22.8156 1.19616
25.3609 22.8385 1.19722
25.4595 22.8613 1.19827
25.5581 22.884 1.19931
25.6567 22.9066 1.20036
25.7553 22.9291 1.2014
25.8539 22.9515 1.20243
25.9525 22.9738 1.20346
26.0511 22.996 1.20448
26.1496 23.0181 1.20551
26.2482 23.0401 1.20652
26.3468 23.062 1.20754
26.4454 23.0838 1.20854
26.544 23.1055 1.20955
26.6426 23.1271 1.21055
26.7412 23.1487 1.21155
26.8398 23.1701 1.21254
26.9384 23.1914 1.21353
27.037 23.2127 1.21451
27.1356 23.2339 1.21549
27.2342 23.2549 1.21647
27.3328 23.2759 1.21745
27.4314 23.2968 1.21842
27.53 23.3176 1.21938
27.6286 23.3384 1.22034
27.7272 23.359 1.2213
27.8258 23.3796 1.22226
27.9244 23.4 1.22321
28.023 23.4204 1.22415
28.1216 23.4407 1.2251
28.2202 23.4609 1.22604
28.3188 23.4811 1.22697
28.4174 23.5011 1.22791
28.516 23.5211 1.22884
28.6146 23.541 1.22976
28.7132 23.5608 1.23069
28.8118 23.5805 1.2316
28.9104 23.6002 1.23252
29.009 23.6198 1.23343
29.1076 23.6393 1.23434
29.2062 23.6587 1.23525
29.3048 23.678 1.23615
29.4034 23.6973 1.23705
29.502 23.7165 1.23794
29.6006 23.7356 1.23884
29.6992 23.7546 1.23972
29.7978 23.7736 1.24061
29.8964 23.7925 1.24149
29.995 23.8113 1.24237
30.0936 23.8301 1.24325
30.1922 23.8488 1.24412
30.2908 23.8674 1.24499
30.3894 23.8859 1.24586
30.488 23.9044 1.24672
30.5866 23.9228 1.24758
30.6852 23.9411 1.24844
30.7838 23.9593 1.2493
30.8824 23.9775 1.25015
30.981 23.9956 1.251
31.0796 24.0137 1.25184
31.1782 24.0317 1.25269
31.2768 24.0496 1.25353
31.3754 24.0675 1.25436
31.474 24.0852 1.2552
31.5726 24.103 1.25603
31.6712 24.1206 1.25686
31.7698 24.1382 1.25768
31.8684 24.1557 1.25851
31.967 24.1732 1.25933
32.0656 24.1906 1.26014
32.1642 24.208 1.26096
32.2628 24.2252 1.26177
32.3614 24.2425 1.26258
32.46 24.2596 1.26339
32.5586 24.2767 1.26419
32.6572 24.2938 1.26499
32.7558 24.3107 1.26579
32.8544 24.3277 1.26659
32.953 24.3445 1.26738
33.0516 24.3613 1.26817
33.1502 24.3781 1.26896
33.2487 24.3948 1.26975
33.3473 24.4114 1.27053
33.4459 24.428 1.27131
33.5445 24.4445 1.27209
33.6431 24.461 1.27287
33.7417 24.4774 1.27364
33.8403 24.4937 1.27441
33.9389 24.51 1.27518
34.0375 24.5263 1.27595
34.1361 24.5425 1.27671
34.2347 24.5586 1.27747
34.3333 24.5747 1.27823
34.4319 24.5907 1.27899
34.5305 24.6067 1.27975
34.6291 24.6226 1.2805
34.7277 24.6385 1.28125
34.8263 24.6543 1.282
34.9249 24.67 1.28274
35.0235 24.6858 1.28349
35.1221 24.7014 1.28423
35.2207 24.717 1.28496
35.3193 24.7326 1.2857
35.4179 24.7481 1.28644
35.5165 24.7636 1.28717
35.6151 24.779 1.2879
35.7137 24.7943 1.28863
35.8123 24.8096 1.28935
35.9109 24.8249 1.29007
36.0095 24.8401 1.2908
36.1081 24.8553 1.29151
36.2067 24.8704 1.29223
36.3053 24.8855 1.29295
36.4039 24.9005 1.29366
36.5025 24.9155 1.29437
36.6011 24.9304 1.29508
36.6997 24.9453 1.29579
36.7983 24.9601 1.29649
36.8969 24.9749 1.29719
36.9955 24.9897 1.29789
37.0941 25.0044 1.29859
37.1927 25.019 1.29929
37.2913 25.0336 1.29998
37.3899 25.0482 1.30067
37.4885 25.0627 1.30137
37.5871 25.0772 1.30205
37.6857 25.0916 1.30274
37.7843 25.106 1.30342
37.8829 25.1203 1.30411
37.9815 25.1346 1.30479
38.0801 25.1489 1.30547
38.1787 25.1631 1.30614
38.2773 25.1773 1.30682
38.3759 25.1914 1.30749
38.4745 25.2055 1.30816
38.5731 25.2195 1.30883
38.6717 25.2335 1.3095
38.7703 25.2475 1.31017
38.8689 25.2614 1.31083
38.9675 25.2753 1.31149
39.0661 25.2891 1.31215
39.1647 25.3029 1.31281
39.2633 25.3167 1.31347
39.3619 25.3304 1.31412
39.4605 25.3441 1.31477
39.5591 25.3577 1.31543
39.6577 25.3713 1.31608
39.7563 25.3849 1.31672
39.8549 25.3984 1.31737
39.9535 25.4119 1.31801
40.0521 25.4253 1.31866
40.1507 25.4387 1.3193
40.2492 25.4521 1.31994
40.3478 25.4654 1.32057
40.4464 25.4787 1.32121
40.545 25.4919 1.32184
40.6436 25.5052 1.32248
40.7422 25.5183 1.32311
40.8408 25.5315 1.32373
40.9394 25.5446 1.32436
41.038 25.5576 1.32499
41.1366 25.5707 1.32561
41.2352 25.5837 1.32623
41.3338 25.5966 1.32686
41.4324 25.6095 1.32747
41.531 25.6224 1.32809
41.6296 25.6353 1.32871
41.7282 25.6481 1.32932
41.8268 25.6609 1.32994
41.9254 25.6736 1.33055
42.024 25.6863 1.33116
42.1226 25.699 1.33176
42.2212 25.7116 1.33237
42.3198 25.7242 1.33298
42.4184 25.7368 1.33358
42.517 25.7493 1.33418
42.6156 25.7618 1.33478
42.7142 25.7743 1.33538
42.8128 25.7867 1.33598
42.9114 25.7991 1.33657
43.01 25.8115 1.33717
43.1086 25.8238 1.33776
43.2072 25.8361 1.33835
43.3058 25.8484 1.33894
43.4044 25.8606 1.33953
43.503 25.8728 1.34012
43.6016 25.885 1.3407
43.7002 25.8971 1.34129
43.7988 25.9092 1.34187
43.8974 25.9213 1.34245
43.996 25.9334 1.34303
44.0946 25.9454 1.34361
44.1932 25.9574 1.34419
44.2918 25.9693 1.34476
44.3904 25.9812 1.34534
44.489 25.9931 1.34591
44.5876 26.005 1.34648
44.6862 26.0168 1.34705
44.7848 26.0286 1.34762
44.8834 26.0403 1.34819
44.982 26.0521 1.34875
45.0806 26.0638 1.34932
45.1792 26.0755 1.34988
45.2778 26.0871 1.35044
45.3764 26.0987 1.351
45.475 26.1103 1.35156
45.5736 26.1218 1.35212
45.6722 26.1334 1.35268
45.7708 26.1449 1.35323
45.8694 26.1563 1.35379
45.968 26.1678 1.35434
46.0666 26.1792 1.35489
46.1652 26.1906 1.35544
46.2638 26.2019 1.35599
46.3624 26.2132 1.35654
46.461 26.2245 1.35708
46.5596 26.2358 1.35763
46.6582 26.2471 1.35817
46.7568 26.2583 1.35871
46.8554 26.2694 1.35926
46.954 26.2806 1.3598
47.0526 26.2917 1.36033
47.1512 26.3028 1.36087
47.2497 26.3139 1.36141
47.3483 26.325 1.36194
47.4469 26.336 1.36248
47.5455 26.347 1.36301
47.6441 26.3579 1.36354
47.7427 26.3689 1.36407
47.8413 26.3798 1.3646
47.9399 26.3907 1.36513
48.0385 26.4015 1.36565
48.1371 26.4124 1.36618
48.2357 26.4232 1.3667
48.3343 26.434 1.36723
48.4329 26.4447 1.36775
48.5315 26.4555 1.36827
48.6301 26.4662 1.36879
48.7287 26.4769 1.36931
48.8273 26.4875 1.36983
48.9259 26.4982 1.37034
49.0245 26.5088 1.37086
49.1231 26.5194 1.37137
49.2217 26.5299 1.37188
49.3203 26.5404 1.3724
49.4189 26.551 1.37291
49.5175 26.5614 1.37342
49.6161 26.5719 1.37392
49.7147 26.5823 1.37443
49.8133 26.5928 1.37494
49.9119 26.6032 1.37544
50.0105 26.6135 1.37595
50.1091 26.6239 1.37645
50.2077 26.6342 1.37695
50.3063 26.6445 1.37745
50.4049 26.6548 1.37795
50.5035 26.665 1.37845
50.6021 26.6752 1.37895
50.7007 26.6854 1.37945
50.7993 26.6956 1.37994
50.8979 26.7058 1.38044
50.9965 26.7159 1.38093
51.0951 26.726 1.38142
51.1937 26.7361 1.38192
51.2923 26.7462 1.38241
51.3909 26.7562 1.3829
51.4895 26.7662 1.38338
51.5881 26.7762 1.38387
51.6867 26.7862 1.38436
51.7853 26.7962 1.38484
51.8839 26.8061 1.38533
51.9825 26.816 1.38581
52.0811 26.8259 1.38629
52.1797 26.8358 1.38678
52.2783 26.8456 1.38726
52.3769 26.8555 1.38774
52.4755 26.8653 1.38821
52.5741 26.875 1.38869
52.6727 26.8848 1.38917
52.7713 26.8945 1.38964
52.8699 26.9043 1.39012
52.9685 26.914 1.39059
53.0671 26.9236 1.39107
53.1657 26.9333 1.39154
53.2643 26.9429 1.39201
53.3629 26.9525 1.39248
53.4615 26.9621 1.39295
53.5601 26.9717 1.39341
53.6587 26.9813 1.39388
53.7573 26.9908 1.39435
53.8559 27.0003 1.39481
53.9545 27.0098 1.39528
54.0531 27.0193 1.39574
54.1517 27.0287 1.3962
54.2503 27.0382 1.39667
54.3488 27.0476 1.39713
54.4474 27.057 1.39759
54.546 27.0663 1.39804
54.6446 27.0757 1.3985
54.7432 27.085 1.39896
54.8418 27.0943 1.39942
54.9404 27.1036 1.39987
55.039 27.1129 1.40033
55.1376 27.1222 1.40078
55.2362 27.1314 1.40123
55.3348 27.1406 1.40168
55.4334 27.1498 1.40213
55.532 27.159 1.40258
55.6306 27.1681 1.40303
55.7292 27.1773 1.40348
55.8278 27.1864 1.40393
55.9264 27.1955 1.40438
56.025 27.2046 1.40482
56.1236 27.2137 1.40527
56.2222 27.2227 1.40571
56.3208 27.2317 1.40615
56.4194 27.2408 1.4066
56.518 27.2497 1.40704
56.6166 27.2587 1.40748
56.7152 27.2677 1.40792
56.8138 27.2766 1.40836
56.9124 27.2855 1.4088
57.011 27.2944 1.40923
57.1096 27.3033 1.40967
57.2082 27.3122 1.41011
57.3068 27.321 1.41054
57.4054 27.3299 1.41097
57.504 27.3387 1.41141
57.6026 27.3475 1.41184
57.7012 27.3563 1.41227
57.7998 27.365 1.4127
57.8984 27.3738 1.41313
57.997 27.3825 1.41356
58.0956 27.3912 1.41399
58.1942 27.3999 1.41442
58.2928 27.4086 1.41485
58.3914 27.4172 1.41527
58.49 27.4259 1.4157
58.5886 27.4345 1.41612
58.6872 27.4431 1.41655
58.7858 27.4517 1.41697
58.8844 27.4603 1.41739
58.983 27.4688 1.41781
59.0816 27.4774 1.41823
59.1802 27.4859 1.41865
59.2788 27.4944 1.41907
59.3774 27.5029 1.41949
59.476 27.5114 1.41991
59.5746 27.5198 1.42033
59.6732 27.5283 1.42074
59.7718 27.5367 1.42116
59.8704 27.5451 1.42157
59.969 27.5535 1.42199
60.0676 27.5619 1.4224
60.1662 27.5702 1.42281
60.2648 27.5786 1.42322
60.3634 27.5869 1.42363
60.462 27.5952 1.42404
60.5606 27.6035 1.42445
60.6592 27.6118 1.42486
60.7578 27.6201 1.42527
60.8564 27.6283 1.42568
60.955 27.6365 1.42608
61.0536 27.6448 1.42649
61.1522 27.653 1.4269
61.2508 27.6612 1.4273
61.3493 27.6693 1.4277
61.4479 27.6775 1.42811
61.5465 27.6856 1.42851
61.6451 27.6938 1.42891
61.7437 27.7019 1.42931
61.8423 27.71 1.42971
61.9409 27.718 1.43011
62.0395 27.7261 1.43051
62.1381 27.7342 1.43091
62.2367 27.7422 1.43131
62.3353 27.7502 1.4317
62.4339 27.7582 1.4321
62.5325 27.7662 1.43249
62.6311 27.7742 1.43289
62.7297 27.7822 1.43328
62.8283 27.7901 1.43368
62.9269 27.7981 1.43407
63.0255 27.806 1.43446
63.1241 27.8139 1.43485
63.2227 27.8218 1.43524
63.3213 27.8296 1.43563
63.4199 27.8375 1.43602
63.5185 27.8454 1.43641
63.6171 27.8532 1.4368
63.7157 27.861 1.43719
63.8143 27.8688 1.43757
63.9129 27.8766 1.43796
64.0115 27.8844 1.43835
64.1101 27.8922 1.43873
64.2087 27.8999 1.43912
64.3073 27.9076 1.4395
64.4059 27.9154 1.43988
64.5045 27.9231 1.44026
64.6031 27.9308 1.44065
64.7017 27.9384 1.44103
64.8003 27.9461 1.44141
64.8989 27.9538 1.44179
64.9975 27.9614 1.44217
65.0961 27.969 1.44254
65.1947 27.9766 1.44292
65.2933 27.9842 1.4433
65.3919 27.9918 1.44368
65.4905 27.9994 1.44405
65.5891 28.007 1.44443
65.6877 28.0145 1.4448
65.7863 28.022 1.44518
65.8849 28.0296 1.44555
65.9835 28.0371 1.44592
66.0821 28.0446 1.44629
66.1807 28.052 1.44667
66.2793 28.0595 1.44704
66.3779 28.067 1.44741
66.4765 28.0744 1.44778
66.5751 28.0818 1.44815
66.6737 28.0893 1.44852
66.7723 28.0967 1.44888
66.8709 28.104 1.44925
66.9695 28.1114 1.44962
67.0681 28.1188 1.44998
67.1667 28.1261 1.45035
67.2653 28.1335 1.45072
67.3639 28.1408 1.45108
67.4625 28.1481 1.45144
67.5611 28.1554 1.45181
67.6597 28.1627 1.45217
67.7583 28.17 1.45253
67.8569 28.1773 1.45289
67.9555 28.1845 1.45325
68.0541 28.1917 1.45362
68.1527 28.199 1.45397
68.2513 28.2062 1.45433
68.3498 28.2134 1.45469
68.4484 28.2206 1.45505
68.547 28.2278 1.45541
68.6456 28.2349 1.45577
68.7442 28.2421 1.45612
68.8428 28.2492 1.45648
68.9414 28.2564 1.45683
69.04 28.2635 1.45719
69.1386 28.2706 1.45754
69.2372 28.2777 1.4579
69.3358 28.2848 1.45825
69.4344 28.2918 1.4586
69.533 28.2989 1.45895
69.6316 28.3059 1.45931
69.7302 28.313 1.45966
69.8288 28.32 1.46001
69.9274 28.327 1.46036
70.026 28.334 1.46071
70.1246 28.341 1.46106
70.2232 28.348 1.4614
70.3218 28.355 1.46175
70.4204 28.3619 1.4621
70.519 28.3689 1.46245
70.6176 28.3758 1.46279
70.7162 28.3827 1.46314
70.8148 28.3896 1.46348
70.9134 28.3965 1.46383
71.012 28.4034 1.46417
71.1106 28.4103 1.46451
71.2092 28.4172 1.46486
71.3078 28.424 1.4652
71.4064 28.4309 1.46554
71.505 28.4377 1.46588
71.6036 28.4445 1.46622
71.7022 28.4513 1.46656
71.8008 28.4581 1.4669
71.8994 28.4649 1.46724
71.998 28.4717 1.46758
72.0966 28.4785 1.46792
72.1952 28.4852 1.46826
72.2938 28.492 1.4686
72.3924 28.4987 1.46893
72.491 28.5054 1.46927
72.5896 28.5121 1.46961
72.6882 28.5188 1.46994
72.7868 28.5255 1.47028
72.8854 28.5322 1.47061
72.984 28.5389 1.47094
73.0826 28.5455 1.47128
73.1812 28.5522 1.47161
73.2798 28.5588 1.47194
73.3784 28.5655 1.47227
73.477 28.5721 1.47261
73.5756 28.5787 1.47294
73.6742 28.5853 1.47327
73.7728 28.5919 1.4736
73.8714 28.5984 1.47393
73.97 28.605 1.47425
74.0686 28.6116 1.47458
74.1672 28.6181 1.47491
74.2658 28.6246 1.47524
74.3644 28.6312 1.47557
74.463 28.6377 1.47589
74.5616 28.6442 1.47622
74.6602 28.6507 1.47654
74.7588 28.6572 1.47687
74.8574 28.6636 1.47719
74.956 28.6701 1.47752
75.0546 28.6766 1.47784
75.1532 28.683 1.47816
75.2518 28.6894 1.47849
75.3504 28.6959 1.47881
75.4489 28.7023 1.47913
75.5475 28.7087 1.47945
75.6461 28.7151 1.47977
75.7447 28.7215 1.48009
75.8433 28.7279 1.48041
75.9419 28.7342 1.48073
76.0405 28.7406 1.48105
76.1391 28.7469 1.48137
76.2377 28.7533 1.48169
76.3363 28.7596 1.48201
76.4349 28.7659 1.48233
76.5335 28.7722 1.48264
76.6321 28.7785 1.48296
76.7307 28.7848 1.48328
76.8293 28.7911 1.48359
76.9279 28.7974 1.48391
77.0265 28.8036 1.48422
77.1251 28.8099 1.48454
77.2237 28.8161 1.48485
77.3223 28.8224 1.48516
77.4209 28.8286 1.48548
77.5195 28.8348 1.48579
77.6181 28.841 1.4861
77.7167 28.8472 1.48641
77.8153 28.8534 1.48672
77.9139 28.8596 1.48703
78.0125 28.8658 1.48734
78.1111 28.8719 1.48765
78.2097 28.8781 1.48796
78.3083 28.8842 1.48827
78.4069 28.8904 1.48858
78.5055 28.8965 1.48889
78.6041 28.9026 1.4892
78.7027 28.9087 1.48951
78.8013 28.9148 1.48981
78.8999 28.9209 1.49012
78.9985 28.927 1.49043
79.0971 28.9331 1.49073
79.1957 28.9391 1.49104
79.2943 28.9452 1.49134
79.3929 28.9512 1.49165
79.4915 28.9573 1.49195
79.5901 28.9633 1.49225
79.6887 28.9693 1.49256
79.7873 28.9753 1.49286
79.8859 28.9813 1.49316
79.9845 28.9873 1.49347
80.0831 28.9933 1.49377
80.1817 28.9993 1.49407
80.2803 29.0053 1.49437
80.3789 29.0112 1.49467
80.4775 29.0172 1.49497
80.5761 29.0231 1.49527
80.6747 29.0291 1.49557
80.7733 29.035 1.49587
80.8719 29.0409 1.49617
80.9705 29.0468 1.49646
81.0691 29.0527 1.49676
81.1677 29.0586 1.49706
81.2663 29.0645 1.49736
81.3649 29.0704 1.49765
81.4635 29.0763 1.49795
81.5621 29.0821 1.49824
81.6607 29.088 1.49854
81.7593 29.0938 1.49884
81.8579 29.0996 1.49913
81.9565 29.1055 1.49942
82.0551 29.1113 1.49972
82.1537 29.1171 1.50001
82.2523 29.1229 1.5003
82.3509 29.1287 1.5006
82.4494 29.1345 1.50089
82.548 29.1403 1.50118
82.6466 29.146 1.50147
82.7452 29.1518 1.50176
82.8438 29.1576 1.50206
82.9424 29.1633 1.50235
83.041 29.1691 1.50264
83.1396 29.1748 1.50293
83.2382 29.1805 1.50321
83.3368 29.1862 1.5035
83.4354 29.1919 1.50379
83.534 29.1976 1.50408
83.6326 29.2033 1.50437
83.7312 29.209 1.50466
83.8298 29.2147 1.50494
83.9284 29.2204 1.50523
84.027 29.226 1.50552
84.1256 29.2317 1.5058
84.2242 29.2373 1.50609
84.3228 29.243 1.50637
84.4214 29.2486 1.50666
84.52 29.2542 1.50694
84.6186 29.2598 1.50723
84.7172 29.2654 1.50751
84.8158 29.271 1.50779
84.9144 29.2766 1.50808
85.013 29.2822 1.50836
85.1116 29.2878 1.50864
85.2102 29.2934 1.50892
85.3088 29.2989 1.50921
85.4074 29.3045 1.50949
85.506 29.31 1.50977
85.6046 29.3156 1.51005
85.7032 29.3211 1.51033
85.8018 29.3266 1.51061
85.9004 29.3321 1.51089
85.999 29.3376 1.51117
86.0976 29.3432 1.51145
86.1962 29.3486 1.51172
86.2948 29.3541 1.512
86.3934 29.3596 1.51228
86.492 29.3651 1.51256
86.5906 29.3706 1.51284
86.6892 29.376 1.51311
86.7878 29.3815 1.51339
86.8864 29.3869 1.51367
86.985 29.3924 1.51394
87.0836 29.3978 1.51422
87.1822 29.4032 1.51449
87.2808 29.4086 1.51477
87.3794 29.414 1.51504
87.478 29.4194 1.51531
87.5766 29.4248 1.51559
87.6752 29.4302 1.51586
87.7738 29.4356 1.51613
87.8724 29.441 1.51641
87.971 29.4463 1.51668
88.0696 29.4517 1.51695
88.1682 29.4571 1.51722
88.2668 29.4624 1.5175
88.3654 29.4677 1.51777
88.464 29.4731 1.51804
88.5626 29.4784 1.51831
88.6612 29.4837 1.51858
88.7598 29.489 1.51885
88.8584 29.4943 1.51912
88.957 29.4996 1.51939
89.0556 29.5049 1.51965
89.1542 29.5102 1.51992
89.2528 29.5155 1.52019
89.3514 29.5208 1.52046
89.4499 29.526 1.52073
89.5485 29.5313 1.52099
89.6471 29.5365 1.52126
89.7457 29.5418 1.52153
89.8443 29.547 1.52179
89.9429 29.5522 1.52206
90.0415 29.5575 1.52233
90.1401 29.5627 1.52259
90.2387 29.5679 1.52286
90.3373 29.5731 1.52312
90.4359 29.5783 1.52338
90.5345 29.5835 1.52365
90.6331 29.5887 1.52391
90.7317 29.5938 1.52418
90.8303 29.599 1.52444
90.9289 29.6042 1.5247
91.0275 29.6093 1.52496
91.1261 29.6145 1.52523
91.2247 29.6196 1.52549
91.3233 29.6248 1.52575
91.4219 29.6299 1.52601
91.5205 29.635 1.52627
91.6191 29.6402 1.52653
91.7177 29.6453 1.52679
91.8163 29.6504 1.52705
91.9149 29.6555 1.52731
92.0135 29.6606 1.52757
92.1121 29.6657 1.52783
92.2107 29.6707 1.52809
92.3093 29.6758 1.52835
92.4079 29.6809 1.52861
92.5065 29.6859 1.52886
92.6051 29.691 1.52912
92.7037 29.696 1.52938
92.8023 29.7011 1.52964
92.9009 29.7061 1.52989
92.9995 29.7112 1.53015
93.0981 29.7162 1.53041
93.1967 29.7212 1.53066
93.2953 29.7262 1.53092
93.3939 29.7312 1.53117
93.4925 29.7362 1.53143
93.5911 29.7412 1.53168
93.6897 29.7462 1.53194
93.7883 29.7512 1.53219
93.8869 29.7562 1.53244
93.9855 29.7611 1.5327
94.0841 29.7661 1.53295
94.1827 29.771 1.5332
94.2813 29.776 1.53346
94.3799 29.7809 1.53371
94.4785 29.7859 1.53396
94.5771 29.7908 1.53421
94.6757 29.7957 1.53446
94.7743 29.8007 1.53471
94.8729 29.8056 1.53497
94.9715 29.8105 1.53522
95.0701 29.8154 1.53547
95.1687 29.8203 1.53572
95.2673 29.8252 1.53597
95.3659 29.8301 1.53622
95.4645 29.835 1.53647
95.5631 29.8398 1.53671
95.6617 29.8447 1.53696
95.7603 29.8496 1.53721
95.8589 29.8544 1.53746
95.9575 29.8593 1.53771
96.0561 29.8641 1.53795
96.1547 29.8689 1.5382
96.2533 29.8738 1.53845
96.3519 29.8786 1.5387
96.4505 29.8834 1.53894
96.549 29.8882 1.53919
96.6476 29.8931 1.53943
96.7462 29.8979 1.53968
96.8448 29.9027 1.53992
96.9434 29.9075 1.54017
97.042 29.9122 1.54041
97.1406 29.917 1.54066
97.2392 29.9218 1.5409
97.3378 29.9266 1.54115
97.4364 29.9313 1.54139
97.535 29.9361 1.54163
97.6336 29.9408 1.54188
97.7322 29.9456 1.54212
97.8308 29.9503 1.54236
97.9294 29.9551 1.54261
98.028 29.9598 1.54285
98.1266 29.9645 1.54309
98.2252 29.9693 1.54333
98.3238 29.974 1.54357
98.4224 29.9787 1.54381
98.521 29.9834 1.54405
98.6196 29.9881 1.54429
98.7182 29.9928 1.54453
98.8168 29.9975 1.54477
98.9154 30.0021 1.54501
99.014 30.0068 1.54525
99.1126 30.0115 1.54549
99.2112 30.0162 1.54573
99.3098 30.0208 1.54597
99.4084 30.0255 1.54621
99.507 30.0301 1.54645
99.6056 30.0348 1.54669
99.7042 30.0394 1.54692
99.8028 30.044 1.54716
99.9014 30.0487 1.5474
100 30.0533 1.54763
