1e-05 69.5132 3.16168
0.00101099 16.8009 0.919893
0.00201198 13.1521 0.786282
0.00301297 11.2953 0.724471
0.00401396 10.0845 0.687664
0.00501495 9.20004 0.663112
0.00601595 8.51132 0.645643
0.00701694 7.95001 0.632665
0.00801793 7.47948 0.622787
0.00901892 7.07618 0.615123
0.0100199 6.7236 0.609062
0.0110209 6.41182 0.604255
0.0120219 6.13333 0.600442
0.0130229 5.88167 0.597391
0.0140239 5.65249 0.594956
0.0150249 5.44261 0.593034
0.0160259 5.24948 0.591548
0.0170268 5.07079 0.590421
0.0180278 4.90451 0.589575
0.0190288 4.74914 0.588972
0.0200298 4.6036 0.588581
0.0210308 4.46692 0.588368
0.0220318 4.33826 0.588317
0.0230328 4.21682 0.588405
0.0240338 4.10185 0.588603
0.0250348 3.99272 0.588887
0.0260358 3.88896 0.589257
0.0270368 3.79015 0.589701
0.0280377 3.69594 0.590205
0.0290387 3.60598 0.590761
0.0300397 3.51997 0.591372
0.0310407 3.43764 0.592028
0.0320417 3.35869 0.592717
0.0330427 3.2829 0.593428
0.0340437 3.21005 0.594157
0.0350447 3.13997 0.594909
0.0360457 3.07249 0.595679
0.0370467 3.00746 0.596462
0.0380477 2.94476 0.597252
0.0390486 2.88425 0.598046
0.0400496 2.82582 0.598853
0.0410506 2.76935 0.599668
0.0420516 2.71473 0.600484
0.0430526 2.66187 0.601298
0.0440536 2.61067 0.602104
0.0450546 2.56104 0.602902
0.0460556 2.51292 0.603699
0.0470566 2.46624 0.604492
0.0480576 2.42094 0.605279
0.0490586 2.37695 0.606058
0.0500595 2.33422 0.606827
0.0510605 2.29269 0.607584
0.0520615 2.25232 0.608337
0.0530625 2.21307 0.609085
0.0540635 2.17487 0.609824
0.0550645 2.13768 0.610551
0.0560655 2.10147 0.611265
0.0570665 2.06619 0.611963
0.0580675 2.0318 0.612644
0.0590685 1.99828 0.613315
0.0600695 1.96559 0.613975
0.0610705 1.93371 0.614624
0.0620714 1.90261 0.615259
0.0630724 1.87225 0.615879
0.0640734 1.84261 0.616484
0.0650744 1.81366 0.617072
0.0660754 1.78539 0.617646
0.0670764 1.75777 0.61821
0.0680774 1.73079 0.618762
0.0690784 1.70441 0.619301
0.0700794 1.67862 0.619825
0.0710804 1.6534 0.620333
0.0720814 1.62873 0.620824
0.0730823 1.60458 0.621297
0.0740833 1.58095 0.621753
0.0750843 1.55783 0.622197
0.0760853 1.5352 0.622628
0.0770863 1.51304 0.623045
0.0780873 1.49134 0.623448
0.0790883 1.47009 0.623835
0.0800893 1.44926 0.624206
0.0810903 1.42885 0.62456
0.0820913 1.40884 0.624898
0.0830923 1.38923 0.625223
0.0840932 1.37002 0.625537
0.0850942 1.35118 0.625838
0.0860952 1.3327 0.626124
0.0870962 1.31459 0.626397
0.0880972 1.29681 0.626654
0.0890982 1.27937 0.626895
0.0900992 1.26226 0.627119
0.0911002 1.24545 0.627326
0.0921012 1.22897 0.627519
0.0931022 1.21279 0.627699
0.0941032 1.19691 0.627867
0.0951041 1.18132 0.62802
0.0961051 1.16601 0.62816
0.0971061 1.15097 0.628285
0.0981071 1.1362 0.628396
0.0991081 1.12169 0.628491
0.100109 1.10743 0.62857
0.10111 1.09341 0.628635
0.102111 1.07963 0.628686
0.103112 1.0661 0.628726
0.104113 1.0528 0.628754
0.105114 1.03973 0.628768
0.106115 1.02688 0.628769
0.107116 1.01425 0.628757
0.108117 1.00182 0.62873
0.109118 0.9896 0.628688
0.110119 0.977577 0.628632
0.11112 0.965747 0.62856
0.112121 0.954114 0.628476
0.113122 0.942676 0.628381
0.114123 0.931426 0.628273
0.115124 0.92036 0.628153
0.116125 0.909472 0.62802
0.117126 0.898756 0.627874
0.118127 0.888209 0.627715
0.119128 0.877823 0.627543
0.120129 0.867596 0.627357
0.12113 0.857522 0.627157
0.122131 0.847599 0.626944
0.123132 0.837831 0.626719
0.124133 0.828216 0.626483
0.125134 0.818749 0.626236
0.126135 0.809427 0.625977
0.127136 0.800246 0.625706
0.128137 0.791202 0.625422
0.129138 0.782292 0.625127
0.130139 0.773513 0.624819
0.13114 0.764861 0.624497
0.132141 0.756334 0.624163
0.133142 0.747928 0.623816
0.134143 0.739649 0.623458
0.135144 0.731494 0.62309
0.136145 0.72346 0.62271
0.137146 0.715543 0.62232
0.138147 0.707742 0.621918
0.139148 0.700052 0.621505
0.140149 0.69247 0.621081
0.14115 0.684993 0.620644
0.142151 0.67762 0.620196
0.143152 0.670346 0.619736
0.144153 0.66317 0.619264
0.145154 0.656091 0.61878
0.146155 0.649114 0.618286
0.147156 0.642236 0.617782
0.148157 0.635453 0.617268
0.149158 0.628765 0.616743
0.150159 0.622168 0.616208
0.15116 0.615661 0.615662
0.152161 0.60924 0.615106
0.153162 0.602905 0.614538
0.154163 0.596652 0.61396
0.155164 0.590481 0.61337
0.156165 0.584388 0.61277
0.157166 0.578376 0.612159
0.158167 0.572446 0.611539
0.159168 0.566597 0.610909
0.160169 0.560827 0.610269
0.16117 0.555134 0.60962
0.162171 0.549515 0.608961
0.163172 0.543968 0.608292
0.164173 0.538493 0.607614
0.165174 0.533086 0.606925
0.166175 0.527747 0.606226
0.167175 0.522473 0.605517
0.168176 0.517263 0.604797
0.169177 0.512117 0.604068
0.170178 0.507036 0.603329
0.171179 0.502022 0.602581
0.17218 0.497072 0.601825
0.173181 0.492185 0.601059
0.174182 0.487359 0.600284
0.175183 0.482594 0.5995
0.176184 0.477886 0.598707
0.177185 0.473237 0.597905
0.178186 0.468643 0.597093
0.179187 0.464104 0.596273
0.180188 0.459618 0.595443
0.181189 0.455184 0.594605
0.18219 0.450804 0.593758
0.183191 0.446479 0.592902
0.184192 0.442209 0.592038
0.185193 0.437991 0.591167
0.186194 0.433825 0.590287
0.187195 0.429709 0.589398
0.188196 0.425642 0.588502
0.189197 0.421623 0.587597
0.190198 0.41765 0.586683
0.191199 0.413723 0.585762
0.1922 0.40984 0.584832
0.193201 0.406 0.583893
0.194202 0.402201 0.582946
0.195203 0.398446 0.581991
0.196204 0.394735 0.581028
0.197205 0.391068 0.580057
0.198206 0.387444 0.579078
0.199207 0.383863 0.578092
0.200208 0.380322 0.577098
0.201209 0.376822 0.576097
0.20221 0.373362 0.575088
0.203211 0.36994 0.574072
0.204212 0.366557 0.573048
0.205213 0.36321 0.572017
0.206214 0.3599 0.570978
0.207215 0.356625 0.569933
0.208216 0.353385 0.56888
0.209217 0.350184 0.56782
0.210218 0.347019 0.566753
0.211219 0.343891 0.56568
0.21222 0.340799 0.5646
0.213221 0.337741 0.563513
0.214222 0.334717 0.562419
0.215223 0.331727 0.561318
0.216224 0.328769 0.560211
0.217225 0.325842 0.559097
0.218226 0.322946 0.557976
0.219227 0.32008 0.556849
0.220228 0.317243 0.555715
0.221229 0.314435 0.554574
0.22223 0.311656 0.553427
0.223231 0.308908 0.552273
0.224232 0.30619 0.551113
0.225233 0.303501 0.549947
0.226234 0.300842 0.548774
0.227235 0.298211 0.547595
0.228236 0.295609 0.54641
0.229237 0.293033 0.545219
0.230238 0.290484 0.544023
0.231239 0.287962 0.54282
0.23224 0.285465 0.541612
0.233241 0.282994 0.540399
0.234242 0.280547 0.53918
0.235243 0.278124 0.537956
0.236244 0.275726 0.536726
0.237245 0.273355 0.535491
0.238246 0.271009 0.53425
0.239247 0.268688 0.533004
0.240248 0.266391 0.531753
0.241249 0.264118 0.530497
0.24225 0.261869 0.529235
0.243251 0.259643 0.527968
0.244252 0.257439 0.526696
0.245253 0.255256 0.525419
0.246254 0.253095 0.524138
0.247255 0.250955 0.522851
0.248256 0.248835 0.521559
0.249257 0.246735 0.520263
0.250258 0.244655 0.518961
0.251259 0.242596 0.517654
0.25226 0.240558 0.516343
0.253261 0.238541 0.515026
0.254262 0.236545 0.513704
0.255263 0.234568 0.512378
0.256264 0.232611 0.511047
0.257265 0.230674 0.509712
0.258266 0.228755 0.508373
0.259267 0.226855 0.507029
0.260268 0.224973 0.505682
0.261269 0.223108 0.50433
0.26227 0.221262 0.502976
0.263271 0.219432 0.501617
0.264272 0.217619 0.500255
0.265273 0.215825 0.498889
0.266274 0.214049 0.49752
0.267275 0.212291 0.496146
0.268276 0.21055 0.494768
0.269277 0.208827 0.493387
0.270278 0.20712 0.492002
0.271279 0.20543 0.490613
0.27228 0.203755 0.489221
0.273281 0.202097 0.487826
0.274282 0.200453 0.486427
0.275283 0.198825 0.485024
0.276284 0.197211 0.483619
0.277285 0.195612 0.48221
0.278285 0.194026 0.480798
0.279286 0.192455 0.479383
0.280287 0.190899 0.477965
0.281288 0.189357 0.476542
0.282289 0.187831 0.475116
0.28329 0.186319 0.473687
0.284291 0.184821 0.472255
0.285292 0.183337 0.470819
0.286293 0.181867 0.469381
0.287294 0.18041 0.46794
0.288295 0.178967 0.466496
0.289296 0.177536 0.46505
0.290297 0.176118 0.463602
0.291298 0.174713 0.462152
0.292299 0.17332 0.4607
0.2933 0.171938 0.459245
0.294301 0.170569 0.457789
0.295302 0.169213 0.45633
0.296303 0.16787 0.454869
0.297304 0.16654 0.453405
0.298305 0.165222 0.451939
0.299306 0.163916 0.45047
0.300307 0.162621 0.448999
0.301308 0.161339 0.447526
0.302309 0.160067 0.446052
0.30331 0.158807 0.444575
0.304311 0.157558 0.443097
0.305312 0.15632 0.441617
0.306313 0.155092 0.440135
0.307314 0.153874 0.438652
0.308315 0.152666 0.437167
0.309316 0.151468 0.435681
0.310317 0.150281 0.434193
0.311318 0.149105 0.432702
0.312319 0.14794 0.431209
0.31332 0.146785 0.429714
0.314321 0.14564 0.428218
0.315322 0.144505 0.42672
0.316323 0.14338 0.42522
0.317324 0.142265 0.42372
0.318325 0.14116 0.422218
0.319326 0.140063 0.420716
0.320327 0.138977 0.419213
0.321328 0.137899 0.417709
0.322329 0.13683 0.416205
0.32333 0.13577 0.414701
0.324331 0.134719 0.413196
0.325332 0.133677 0.41169
0.326333 0.132644 0.410183
0.327334 0.131621 0.408675
0.328335 0.130608 0.407166
0.329336 0.129603 0.405657
0.330337 0.128606 0.404146
0.331338 0.127618 0.402635
0.332339 0.126639 0.401123
0.33334 0.125668 0.399611
0.334341 0.124705 0.398099
0.335342 0.123749 0.396586
0.336343 0.122801 0.395073
0.337344 0.121861 0.39356
0.338345 0.120928 0.392047
0.339346 0.120002 0.390535
0.340347 0.119084 0.389021
0.341348 0.118174 0.387507
0.342349 0.117271 0.385992
0.34335 0.116376 0.384476
0.344351 0.115489 0.38296
0.345352 0.114609 0.381444
0.346353 0.113737 0.379927
0.347354 0.112871 0.378411
0.348355 0.112013 0.376895
0.349356 0.111162 0.375379
0.350357 0.110317 0.373863
0.351358 0.109479 0.372349
0.352359 0.108648 0.370835
0.35336 0.107823 0.369322
0.354361 0.107005 0.36781
0.355362 0.106193 0.3663
0.356363 0.105388 0.364789
0.357364 0.10459 0.363279
0.358365 0.103799 0.361769
0.359366 0.103014 0.360259
0.360367 0.102236 0.35875
0.361368 0.101465 0.357241
0.362369 0.100699 0.355733
0.36337 0.0999399 0.354225
0.364371 0.0991866 0.352719
0.365372 0.0984393 0.351213
0.366373 0.0976977 0.349709
0.367374 0.0969618 0.348206
0.368375 0.0962314 0.346703
0.369376 0.0955065 0.345203
0.370377 0.0947868 0.343704
0.371378 0.0940725 0.342205
0.372379 0.0933641 0.340708
0.37338 0.0926614 0.33921
0.374381 0.0919645 0.337713
0.375382 0.0912731 0.336217
0.376383 0.0905873 0.334722
0.377384 0.0899069 0.333228
0.378385 0.0892319 0.331735
0.379386 0.0885621 0.330244
0.380387 0.0878975 0.328754
0.381388 0.087238 0.327265
0.382389 0.0865835 0.325779
0.38339 0.085934 0.324295
0.384391 0.0852893 0.322812
0.385392 0.0846495 0.321332
0.386393 0.0840143 0.319855
0.387394 0.083384 0.31838
0.388395 0.0827589 0.316906
0.389395 0.082139 0.315433
0.390396 0.081524 0.313962
0.391397 0.080914 0.312492
0.392398 0.0803088 0.311024
0.393399 0.0797084 0.309558
0.3944 0.0791125 0.308094
0.395401 0.0785213 0.306631
0.396402 0.0779344 0.305171
0.397403 0.077352 0.303713
0.398404 0.0767738 0.302257
0.399405 0.0761998 0.300803
0.400406 0.0756299 0.299352
0.401407 0.075064 0.297903
0.402408 0.074502 0.296457
0.403409 0.0739441 0.295013
0.40441 0.0733905 0.293571
0.405411 0.0728412 0.29213
0.406412 0.0722962 0.29069
0.407413 0.0717553 0.289253
0.408414 0.0712185 0.287817
0.409415 0.0706858 0.286384
0.410416 0.0701571 0.284953
0.411417 0.0696324 0.283524
0.412418 0.0691115 0.282098
0.413419 0.0685944 0.280675
0.41442 0.0680811 0.279254
0.415421 0.0675715 0.277837
0.416422 0.0670656 0.276423
0.417423 0.0665633 0.275012
0.418424 0.0660645 0.273604
0.419425 0.0655693 0.2722
0.420426 0.065078 0.270799
0.421427 0.0645906 0.269399
0.422428 0.064107 0.268003
0.423429 0.0636271 0.266609
0.42443 0.0631509 0.265217
0.425431 0.0626782 0.263829
0.426432 0.062209 0.262443
0.427433 0.0617433 0.26106
0.428434 0.0612809 0.25968
0.429435 0.0608218 0.258303
0.430436 0.060366 0.256929
0.431437 0.0599133 0.255559
0.432438 0.0594637 0.254191
0.433439 0.0590172 0.252827
0.43444 0.0585736 0.251467
0.435441 0.0581329 0.25011
0.436442 0.0576954 0.248755
0.437443 0.0572612 0.247403
0.438444 0.0568302 0.246053
0.439445 0.0564023 0.244706
0.440446 0.0559775 0.243362
0.441447 0.0555558 0.242021
0.442448 0.0551372 0.240683
0.443449 0.0547215 0.239348
0.44445 0.0543088 0.238017
0.445451 0.053899 0.236689
0.446452 0.0534921 0.235365
0.447453 0.053088 0.234044
0.448454 0.0526867 0.232727
0.449455 0.0522882 0.231414
0.450456 0.0518924 0.230106
0.451457 0.0514992 0.228801
0.452458 0.0511089 0.2275
0.453459 0.0507215 0.226203
0.45446 0.050337 0.224908
0.455461 0.0499554 0.223617
0.456462 0.0495766 0.22233
0.457463 0.0492006 0.221045
0.458464 0.0488272 0.219765
0.459465 0.0484566 0.218488
0.460466 0.0480885 0.217214
0.461467 0.0477229 0.215944
0.462468 0.0473599 0.214678
0.463469 0.0469993 0.213416
0.46447 0.0466411 0.212158
0.465471 0.0462852 0.210904
0.466472 0.0459317 0.209653
0.467473 0.0455804 0.208407
0.468474 0.0452314 0.207165
0.469475 0.0448848 0.205926
0.470476 0.0445406 0.20469
0.471477 0.0441989 0.203457
0.472478 0.0438596 0.202228
0.473479 0.0435226 0.201003
0.47448 0.043188 0.199781
0.475481 0.0428558 0.198563
0.476482 0.0425258 0.197349
0.477483 0.0421981 0.196138
0.478484 0.0418726 0.194932
0.479485 0.0415493 0.19373
0.480486 0.0412282 0.192532
0.481487 0.0409093 0.191338
0.482488 0.0405925 0.190149
0.483489 0.0402778 0.188964
0.48449 0.0399652 0.187784
0.485491 0.0396547 0.186609
0.486492 0.0393464 0.185437
0.487493 0.0390405 0.184269
0.488494 0.0387367 0.183105
0.489495 0.0384352 0.181945
0.490496 0.0381357 0.180789
0.491497 0.0378384 0.179637
0.492498 0.0375431 0.178488
0.493499 0.0372498 0.177345
0.4945 0.0369585 0.176205
0.495501 0.0366691 0.175069
0.496502 0.0363816 0.173938
0.497503 0.036096 0.17281
0.498504 0.0358122 0.171687
0.499505 0.0355302 0.170569
0.500505 0.03525 0.169454
0.501506 0.0349714 0.168344
0.502507 0.0346947 0.167238
0.503508 0.0344198 0.166136
0.504509 0.0341469 0.165038
0.50551 0.0338758 0.163943
0.506511 0.0336065 0.162852
0.507512 0.0333391 0.161765
0.508513 0.0330735 0.160683
0.509514 0.0328096 0.159604
0.510515 0.0325475 0.15853
0.511516 0.0322871 0.15746
0.512517 0.0320285 0.156394
0.513518 0.0317716 0.155333
0.514519 0.0315163 0.154276
0.51552 0.0312627 0.153224
0.516521 0.0310108 0.152176
0.517522 0.0307605 0.151134
0.518523 0.0305118 0.150096
0.519524 0.0302648 0.149062
0.520525 0.0300196 0.148032
0.521526 0.0297761 0.147007
0.522527 0.0295343 0.145986
0.523528 0.0292942 0.144969
0.524529 0.0290557 0.143957
0.52553 0.0288189 0.142949
0.526531 0.0285836 0.141945
0.527532 0.0283499 0.140945
0.528533 0.0281177 0.13995
0.529534 0.0278871 0.138958
0.530535 0.0276579 0.137972
0.531536 0.0274301 0.136989
0.532537 0.0272038 0.136012
0.533538 0.0269789 0.135038
0.534539 0.0267554 0.134069
0.53554 0.0265332 0.133104
0.536541 0.0263125 0.132143
0.537542 0.0260932 0.131187
0.538543 0.0258754 0.130234
0.539544 0.0256591 0.129285
0.540545 0.0254442 0.128341
0.541546 0.0252307 0.1274
0.542547 0.0250187 0.126464
0.543548 0.024808 0.125532
0.544549 0.0245987 0.124605
0.54555 0.0243908 0.123681
0.546551 0.0241843 0.122762
0.547552 0.0239791 0.121848
0.548553 0.0237753 0.120938
0.549554 0.0235728 0.120033
0.550555 0.0233716 0.119132
0.551556 0.0231717 0.118236
0.552557 0.0229731 0.117344
0.553558 0.0227759 0.116457
0.554559 0.0225801 0.115574
0.55556 0.0223856 0.114696
0.556561 0.0221925 0.113821
0.557562 0.0220008 0.112951
0.558563 0.0218103 0.112086
0.559564 0.0216212 0.111224
0.560565 0.0214333 0.110367
0.561566 0.0212466 0.109514
0.562567 0.0210612 0.108666
0.563568 0.020877 0.107822
0.564569 0.0206939 0.106982
0.56557 0.0205121 0.106146
0.566571 0.0203313 0.105314
0.567572 0.0201517 0.104487
0.568573 0.0199732 0.103664
0.569574 0.0197958 0.102845
0.570575 0.0196195 0.102031
0.571576 0.0194444 0.10122
0.572577 0.0192705 0.100413
0.573578 0.0190977 0.0996104
0.574579 0.0189261 0.0988118
0.57558 0.0187556 0.0980173
0.576581 0.0185863 0.0972269
0.577582 0.0184181 0.0964407
0.578583 0.018251 0.0956586
0.579584 0.018085 0.0948808
0.580585 0.0179201 0.0941072
0.581586 0.0177563 0.0933378
0.582587 0.0175936 0.0925728
0.583588 0.017432 0.091812
0.584589 0.0172715 0.0910556
0.58559 0.017112 0.0903036
0.586591 0.0169536 0.0895559
0.587592 0.0167963 0.0888126
0.588593 0.0166401 0.0880735
0.589594 0.016485 0.0873386
0.590595 0.016331 0.0866078
0.591596 0.0161781 0.0858812
0.592597 0.0160262 0.0851588
0.593598 0.0158755 0.0844404
0.594599 0.0157257 0.0837262
0.5956 0.015577 0.083016
0.596601 0.0154293 0.0823099
0.597602 0.0152825 0.0816078
0.598603 0.0151368 0.0809098
0.599604 0.014992 0.0802158
0.600605 0.0148482 0.0795258
0.601606 0.0147053 0.0788397
0.602607 0.0145633 0.0781577
0.603608 0.0144222 0.0774796
0.604609 0.014282 0.0768054
0.60561 0.0141428 0.076135
0.606611 0.0140046 0.0754685
0.607612 0.0138673 0.0748058
0.608613 0.0137309 0.074147
0.609614 0.0135956 0.073492
0.610615 0.0134611 0.072841
0.611615 0.0133276 0.0721938
0.612616 0.013195 0.0715506
0.613617 0.0130633 0.0709113
0.614618 0.0129325 0.0702759
0.615619 0.0128027 0.0696444
0.61662 0.0126737 0.0690169
0.617621 0.0125457 0.0683934
0.618622 0.0124185 0.0677738
0.619623 0.0122923 0.0671582
0.620624 0.0121669 0.0665467
0.621625 0.0120424 0.0659391
0.622626 0.0119189 0.0653354
0.623627 0.0117962 0.0647358
0.624628 0.0116745 0.06414
0.625629 0.0115537 0.0635481
0.62663 0.0114338 0.0629601
0.627631 0.0113148 0.0623759
0.628632 0.0111966 0.0617955
0.629633 0.0110793 0.0612189
0.630634 0.0109628 0.060646
0.631635 0.0108472 0.0600769
0.632636 0.0107324 0.0595115
0.633637 0.0106185 0.0589498
0.634638 0.0105053 0.0583917
0.635639 0.010393 0.0578372
0.63664 0.0102814 0.0572864
0.637641 0.0101706 0.0567391
0.638642 0.0100606 0.0561954
0.639643 0.00995131 0.0556553
0.640644 0.00984287 0.0551187
0.641645 0.00973524 0.0545857
0.642646 0.00962841 0.0540563
0.643647 0.00952237 0.0535304
0.644648 0.00941713 0.0530081
0.645649 0.00931268 0.0524894
0.64665 0.00920901 0.0519742
0.647651 0.00910612 0.0514625
0.648652 0.00900402 0.0509544
0.649653 0.00890268 0.0504499
0.650654 0.00880212 0.0499488
0.651655 0.00870232 0.0494513
0.652656 0.00860329 0.0489574
0.653657 0.00850501 0.0484669
0.654658 0.00840749 0.04798
0.655659 0.00831072 0.0474965
0.65666 0.00821471 0.0470166
0.657661 0.00811948 0.0465403
0.658662 0.00802503 0.0460675
0.659663 0.00793135 0.0455983
0.660664 0.00783844 0.0451325
0.661665 0.00774628 0.0446703
0.662666 0.00765487 0.0442114
0.663667 0.0075642 0.043756
0.664668 0.00747426 0.0433039
0.665669 0.00738504 0.0428551
0.66667 0.00729653 0.0424097
0.667671 0.00720873 0.0419675
0.668672 0.00712162 0.0415286
0.669673 0.0070352 0.0410929
0.670674 0.00694947 0.0406603
0.671675 0.00686441 0.0402309
0.672676 0.00678001 0.0398047
0.673677 0.00669627 0.0393815
0.674678 0.00661321 0.0389614
0.675679 0.00653083 0.0385446
0.67668 0.00644914 0.038131
0.677681 0.00636813 0.0377205
0.678682 0.00628781 0.0373132
0.679683 0.00620816 0.0369091
0.680684 0.00612918 0.036508
0.681685 0.00605088 0.0361102
0.682686 0.00597325 0.0357154
0.683687 0.00589628 0.0353237
0.684688 0.00581998 0.0349351
0.685689 0.00574434 0.0345496
0.68669 0.00566935 0.0341671
0.687691 0.00559502 0.0337877
0.688692 0.00552135 0.0334113
0.689693 0.00544832 0.0330379
0.690694 0.00537594 0.0326675
0.691695 0.00530421 0.0323001
0.692696 0.00523315 0.0319358
0.693697 0.00516276 0.0315747
0.694698 0.00509304 0.0312166
0.695699 0.00502398 0.0308617
0.6967 0.00495557 0.0305097
0.697701 0.0048878 0.0301607
0.698702 0.00482066 0.0298147
0.699703 0.00475416 0.0294716
0.700704 0.00468827 0.0291314
0.701705 0.004623 0.028794
0.702706 0.00455833 0.0284594
0.703707 0.00449427 0.0281276
0.704708 0.00443079 0.0277985
0.705709 0.00436789 0.0274721
0.70671 0.00430558 0.0271483
0.707711 0.00424383 0.0268272
0.708712 0.00418264 0.0265087
0.709713 0.00412202 0.0261929
0.710714 0.004062 0.0258798
0.711715 0.00400257 0.0255695
0.712716 0.00394374 0.0252619
0.713717 0.00388549 0.024957
0.714718 0.00382782 0.0246549
0.715719 0.00377073 0.0243554
0.71672 0.00371422 0.0240586
0.717721 0.00365828 0.0237644
0.718722 0.00360291 0.0234729
0.719723 0.0035481 0.0231839
0.720724 0.00349385 0.0228975
0.721725 0.00344017 0.0226137
0.722725 0.00338703 0.0223324
0.723726 0.00333445 0.0220536
0.724727 0.00328242 0.0217773
0.725728 0.00323093 0.0215035
0.726729 0.00317999 0.0212322
0.72773 0.0031296 0.0209634
0.728731 0.0030798 0.0206973
0.729732 0.00303057 0.0204339
0.730733 0.00298191 0.020173
0.731734 0.0029338 0.0199147
0.732735 0.00288624 0.0196589
0.733736 0.00283922 0.0194056
0.734737 0.00279274 0.0191547
0.735738 0.00274678 0.0189062
0.736739 0.00270134 0.0186601
0.73774 0.00265642 0.0184163
0.738741 0.00261199 0.0181748
0.739742 0.00256806 0.0179356
0.740743 0.00252462 0.0176986
0.741744 0.00248167 0.0174637
0.742745 0.00243918 0.017231
0.743746 0.00239717 0.0170005
0.744747 0.00235561 0.016772
0.745748 0.00231456 0.0165458
0.746749 0.00227402 0.0163219
0.74775 0.00223398 0.0161003
0.748751 0.00219445 0.015881
0.749752 0.00215541 0.0156639
0.750753 0.00211685 0.015449
0.751754 0.00207878 0.0152364
0.752755 0.00204118 0.0150259
0.753756 0.00200406 0.0148175
0.754757 0.0019674 0.0146113
0.755758 0.00193121 0.0144072
0.756759 0.00189546 0.0142051
0.75776 0.00186017 0.014005
0.758761 0.00182533 0.013807
0.759762 0.00179092 0.013611
0.760763 0.00175695 0.0134169
0.761764 0.0017234 0.0132248
0.762765 0.00169029 0.0130346
0.763766 0.00165766 0.0128466
0.764767 0.0016255 0.0126608
0.765768 0.00159381 0.0124771
0.766769 0.00156258 0.0122954
0.76777 0.00153181 0.0121158
0.768771 0.00150148 0.0119383
0.769772 0.00147158 0.0117627
0.770773 0.00144211 0.011589
0.771774 0.00141306 0.0114172
0.772775 0.00138443 0.0112474
0.773776 0.00135619 0.0110793
0.774777 0.00132835 0.0109131
0.775778 0.0013009 0.0107486
0.776779 0.00127383 0.0105858
0.77778 0.00124713 0.0104247
0.778781 0.0012208 0.0102653
0.779782 0.00119482 0.0101076
0.780783 0.00116921 0.00995145
0.781784 0.00114402 0.0097972
0.782785 0.00111924 0.00964481
0.783786 0.00109486 0.00949425
0.784787 0.00107089 0.0093455
0.785788 0.00104731 0.00919852
0.786789 0.00102411 0.00905328
0.78779 0.0010013 0.00890977
0.788791 0.000978846 0.00876795
0.789792 0.00095676 0.0086278
0.790793 0.00093503 0.00848929
0.791794 0.000913648 0.0083524
0.792795 0.000892608 0.00821709
0.793796 0.000871902 0.00808334
0.794797 0.000851524 0.00795113
0.795798 0.000831466 0.00782043
0.796799 0.000811723 0.00769122
0.7978 0.000792286 0.00756347
0.798801 0.000773175 0.00743724
0.799802 0.000754442 0.00731273
0.800803 0.000736079 0.0071899
0.801804 0.000718076 0.00706871
0.802805 0.000700426 0.00694915
0.803806 0.000683117 0.00683116
0.804807 0.000666141 0.00671473
0.805808 0.000649489 0.00659981
0.806809 0.000633152 0.00648637
0.80781 0.000617121 0.00637438
0.808811 0.000601386 0.0062638
0.809812 0.000585939 0.00615461
0.810813 0.000570771 0.00604677
0.811814 0.000555874 0.00594025
0.812815 0.000541238 0.00583502
0.813816 0.000526854 0.00573104
0.814817 0.000512716 0.00562829
0.815818 0.000498812 0.00552674
0.816819 0.000485171 0.00542646
0.81782 0.000471845 0.00532763
0.818821 0.000458825 0.00523022
0.819822 0.000446103 0.00513421
0.820823 0.00043367 0.00503957
0.821824 0.000421518 0.00494627
0.822825 0.000409637 0.0048543
0.823826 0.00039802 0.00476361
0.824827 0.000386658 0.00467419
0.825828 0.000375543 0.004586
0.826829 0.000364666 0.00449903
0.82783 0.000354019 0.00441325
0.828831 0.000343594 0.00432863
0.829832 0.000333383 0.00424514
0.830833 0.000323377 0.00416277
0.831834 0.000313568 0.00408148
0.832835 0.000303949 0.00400125
0.833835 0.000294512 0.00392206
0.834836 0.000285286 0.003844
0.835837 0.000276322 0.00376723
0.836838 0.000267612 0.0036917
0.837839 0.000259145 0.0036174
0.83884 0.000250913 0.00354429
0.839841 0.000242907 0.00347235
0.840842 0.000235117 0.00340154
0.841843 0.000227535 0.00333183
0.842844 0.000220151 0.00326321
0.843845 0.000212957 0.00319562
0.844846 0.000205945 0.00312906
0.845847 0.000199104 0.00306349
0.846848 0.000192427 0.00299888
0.847849 0.000185905 0.0029352
0.84885 0.00017953 0.00287243
0.849851 0.000173292 0.00281053
0.850852 0.000167184 0.00274949
0.851853 0.000161197 0.00268927
0.852854 0.00015536 0.00262996
0.853855 0.000149723 0.00257172
0.854856 0.000144278 0.00251451
0.855857 0.000139016 0.00245831
0.856858 0.00013393 0.0024031
0.857859 0.000129012 0.00234886
0.85886 0.000124253 0.00229555
0.859861 0.000119647 0.00224316
0.860862 0.000115185 0.00219167
0.861863 0.000110859 0.00214104
0.862864 0.000106663 0.00209125
0.863865 0.000102588 0.00204229
0.864866 9.8627e-05 0.00199413
0.865867 9.47723e-05 0.00194675
0.866868 9.10165e-05 0.00190011
0.867869 8.73522e-05 0.00185421
0.86887 8.37721e-05 0.00180902
0.869871 8.0269e-05 0.00176451
0.870872 7.6868e-05 0.00172077
0.871873 7.36131e-05 0.00167793
0.872874 7.04976e-05 0.00163598
0.873875 6.75145e-05 0.00159488
0.874876 6.46567e-05 0.00155462
0.875877 6.19174e-05 0.00151516
0.876878 5.92896e-05 0.00147648
0.877879 5.67663e-05 0.00143856
0.87888 5.43409e-05 0.00140138
0.879881 5.20064e-05 0.0013649
0.880882 4.97561e-05 0.00132911
0.881883 4.75834e-05 0.00129397
0.882884 4.54816e-05 0.00125948
0.883885 4.34441e-05 0.0012256
0.884886 4.14643e-05 0.0011923
0.885887 3.95357e-05 0.00115957
0.886888 3.76519e-05 0.00112739
0.887889 3.58063e-05 0.00109572
0.88889 3.40174e-05 0.00106465
0.889891 3.2323e-05 0.00103429
0.890892 3.07186e-05 0.00100465
0.891893 2.91991e-05 0.00097569
0.892894 2.77592e-05 0.000947396
0.893895 2.63939e-05 0.000919747
0.894896 2.50982e-05 0.000892722
0.895897 2.38668e-05 0.0008663
0.896898 2.26948e-05 0.000840462
0.897899 2.15772e-05 0.000815187
0.8989 2.05091e-05 0.000790455
0.899901 1.94855e-05 0.000766246
0.900902 1.85016e-05 0.000742541
0.901903 1.75524e-05 0.000719319
0.902904 1.66331e-05 0.000696562
0.903905 1.57389e-05 0.00067425
0.904906 1.48652e-05 0.000652364
0.905907 1.40071e-05 0.000630884
0.906908 1.31765e-05 0.000609869
0.907909 1.24016e-05 0.000589447
0.90891 1.16794e-05 0.000569601
0.909911 1.10065e-05 0.00055031
0.910912 1.03793e-05 0.000531554
0.911913 9.7943e-06 0.000513312
0.912914 9.24814e-06 0.000495565
0.913915 8.73731e-06 0.000478293
0.914916 8.25841e-06 0.000461475
0.915917 7.80803e-06 0.000445092
0.916918 7.3828e-06 0.000429124
0.917919 6.97937e-06 0.000413551
0.91892 6.59439e-06 0.000398355
0.919921 6.22456e-06 0.000383516
0.920922 5.8666e-06 0.000369014
0.921923 5.51722e-06 0.000354831
0.922924 5.17319e-06 0.000340948
0.923925 4.83128e-06 0.000327345
0.924926 4.49886e-06 0.000314078
0.925927 4.19335e-06 0.000301265
0.926928 3.91329e-06 0.000288892
0.927929 3.65681e-06 0.000276941
0.92893 3.42202e-06 0.000265394
0.929931 3.20705e-06 0.000254235
0.930932 3.01005e-06 0.000243445
0.931933 2.82918e-06 0.000233009
0.932934 2.66261e-06 0.000222908
0.933935 2.50851e-06 0.000213126
0.934936 2.36508e-06 0.000203646
0.935937 2.23052e-06 0.000194451
0.936938 2.10304e-06 0.000185525
0.937939 1.98088e-06 0.000176851
0.93894 1.86226e-06 0.000168413
0.939941 1.74544e-06 0.000160194
0.940942 1.62868e-06 0.000152178
0.941943 1.51025e-06 0.00014435
0.942944 1.3952e-06 0.000136775
0.943945 1.29117e-06 0.000129544
0.944945 1.19736e-06 0.000122641
0.945946 1.11292e-06 0.000116051
0.946947 1.03702e-06 0.000109757
0.947948 9.68829e-07 0.000103744
0.948949 9.0752e-07 9.7996e-05
0.94995 8.52274e-07 9.24973e-05
0.950951 8.02274e-07 8.72323e-05
0.951952 7.56711e-07 8.21857e-05
0.952953 7.1478e-07 7.73421e-05
0.953954 6.75681e-07 7.26864e-05
0.954955 6.38618e-07 6.82033e-05
0.955956 6.02802e-07 6.38778e-05
0.956957 5.67447e-07 5.9695e-05
0.957958 5.31774e-07 5.564e-05
0.958959 4.95007e-07 5.16979e-05
0.95996 4.56655e-07 4.78622e-05
0.960961 4.20572e-07 4.42447e-05
0.961962 3.87992e-07 4.08744e-05
0.962963 3.58627e-07 3.77355e-05
0.963964 3.32187e-07 3.48125e-05
0.964965 3.08388e-07 3.20899e-05
0.965966 2.86945e-07 2.95525e-05
0.966967 2.67575e-07 2.71849e-05
0.967968 2.49998e-07 2.49721e-05
0.968969 2.33935e-07 2.2899e-05
0.96997 2.19109e-07 2.09506e-05
0.970971 2.05243e-07 1.9112e-05
0.971972 1.92065e-07 1.73685e-05
0.972973 1.79302e-07 1.57053e-05
0.973974 1.66683e-07 1.41078e-05
0.974975 1.53939e-07 1.25616e-05
0.975976 1.40804e-07 1.10522e-05
0.976977 1.27268e-07 9.58571e-06
0.977978 1.14808e-07 8.28112e-06
0.978979 1.03598e-07 7.1457e-06
0.97998 9.35131e-08 6.16227e-06
0.980981 8.44302e-08 5.31374e-06
0.981982 7.62257e-08 4.58313e-06
0.982983 6.87773e-08 3.95356e-06
0.983984 6.19632e-08 3.40826e-06
0.984985 5.56624e-08 2.93055e-06
0.985986 4.97546e-08 2.50385e-06
0.986987 4.41204e-08 2.11169e-06
0.987988 3.8641e-08 1.7377e-06
0.988989 3.31982e-08 1.36559e-06
0.98999 2.76748e-08 9.79199e-07
0.990991 2.23592e-08 6.21938e-07
0.991992 1.79334e-08 3.91058e-07
0.992993 1.42396e-08 2.57241e-07
0.993994 1.10955e-08 1.87548e-07
0.994995 8.3198e-09 1.49237e-07
0.995996 5.73223e-09 1.09764e-07
0.996997 3.29348e-09 5.08157e-08
0.997998 1.69546e-09 3.69933e-08
0.998999 5.11001e-10 3.11716e-08
1 9.03952e-27 8.31722e-24
