1e-05 73.8959 3.19007
0.00101099 17.6537 0.954224
0.00201198 13.6452 0.809907
0.00301297 11.6121 0.742926
0.00401396 10.2951 0.703151
0.00501495 9.33991 0.676745
0.00601595 8.60119 0.658061
0.00701694 8.00322 0.64426
0.00801793 7.50497 0.633819
0.00901892 7.08028 0.62577
0.0100199 6.71103 0.61945
0.0110209 6.38603 0.614471
0.0120219 6.09702 0.610552
0.0130229 5.83692 0.607441
0.0140239 5.60101 0.604984
0.0150249 5.3857 0.603066
0.0160259 5.1882 0.601602
0.0170268 5.00605 0.600513
0.0180278 4.83701 0.599715
0.0190288 4.67951 0.599169
0.0200298 4.53236 0.598841
0.0210308 4.39446 0.598692
0.0220318 4.26493 0.598707
0.0230328 4.14293 0.598863
0.0240338 4.02765 0.599128
0.0250348 3.91841 0.59948
0.0260358 3.81473 0.599918
0.0270368 3.71617 0.600428
0.0280377 3.62232 0.600998
0.0290387 3.53282 0.601615
0.0300397 3.44738 0.602286
0.0310407 3.3657 0.602999
0.0320417 3.28747 0.603743
0.0330427 3.21245 0.604507
0.0340437 3.1404 0.605286
0.0350447 3.07116 0.606087
0.0360457 3.00457 0.606904
0.0370467 2.94046 0.607732
0.0380477 2.87868 0.608564
0.0390486 2.81911 0.609398
0.0400496 2.76163 0.610243
0.0410506 2.70612 0.611094
0.0420516 2.65248 0.611944
0.0430526 2.60058 0.612789
0.0440536 2.55035 0.613624
0.0450546 2.50168 0.61445
0.0460556 2.45452 0.615272
0.0470566 2.4088 0.616089
0.0480576 2.36445 0.616898
0.0490586 2.32141 0.617698
0.0500595 2.27961 0.618485
0.0510605 2.239 0.619259
0.0520615 2.19954 0.620028
0.0530625 2.16119 0.620789
0.0540635 2.12388 0.621541
0.0550645 2.08758 0.62228
0.0560655 2.05223 0.623003
0.0570665 2.0178 0.62371
0.0580675 1.98425 0.624399
0.0590685 1.95156 0.625076
0.0600695 1.91969 0.625742
0.0610705 1.88861 0.626395
0.0620714 1.8583 0.627033
0.0630724 1.82872 0.627656
0.0640734 1.79984 0.628262
0.0650744 1.77164 0.62885
0.0660754 1.7441 0.629424
0.0670764 1.71721 0.629987
0.0680774 1.69094 0.630537
0.0690784 1.66526 0.631074
0.0700794 1.64016 0.631594
0.0710804 1.61562 0.632098
0.0720814 1.5916 0.632583
0.0730823 1.56811 0.63305
0.0740833 1.54512 0.6335
0.0750843 1.52262 0.633937
0.0760853 1.50061 0.63436
0.0770863 1.47906 0.634769
0.0780873 1.45795 0.635162
0.0790883 1.43728 0.63554
0.0800893 1.41703 0.635901
0.0810903 1.39718 0.636245
0.0820913 1.37772 0.636572
0.0830923 1.35865 0.636885
0.0840932 1.33996 0.637187
0.0850942 1.32164 0.637475
0.0860952 1.30367 0.637749
0.0870962 1.28605 0.638008
0.0880972 1.26877 0.638251
0.0890982 1.25181 0.638478
0.0900992 1.23517 0.638688
0.0911002 1.21883 0.63888
0.0921012 1.20279 0.639057
0.0931022 1.18706 0.639222
0.0941032 1.17162 0.639373
0.0951041 1.15646 0.63951
0.0961051 1.14157 0.639633
0.0971061 1.12695 0.639741
0.0981071 1.11259 0.639834
0.0991081 1.09847 0.639911
0.100109 1.0846 0.639973
0.10111 1.07096 0.640019
0.102111 1.05756 0.640052
0.103112 1.0444 0.640072
0.104113 1.03146 0.640081
0.105114 1.01874 0.640075
0.106115 1.00624 0.640057
0.107116 0.993948 0.640024
0.108117 0.981858 0.639976
0.109118 0.969966 0.639914
0.110119 0.958266 0.639836
0.11112 0.946753 0.639744
0.112121 0.93543 0.639638
0.113122 0.924297 0.63952
0.114123 0.913347 0.63939
0.115124 0.902575 0.639248
0.116125 0.891975 0.639092
0.117126 0.881543 0.638924
0.118127 0.871273 0.638742
0.119128 0.861161 0.638546
0.120129 0.851202 0.638336
0.12113 0.841392 0.638113
0.122131 0.831728 0.637875
0.123132 0.822214 0.637626
0.124133 0.812848 0.637365
0.125134 0.803625 0.637093
0.126135 0.794543 0.636809
0.127136 0.785598 0.636513
0.128137 0.776786 0.636204
0.129138 0.768104 0.635883
0.130139 0.759548 0.635549
0.13114 0.751116 0.635201
0.132141 0.742804 0.634841
0.133142 0.73461 0.634467
0.134143 0.726539 0.634082
0.135144 0.718588 0.633687
0.136145 0.710754 0.63328
0.137146 0.703035 0.632862
0.138147 0.695426 0.632433
0.139148 0.687926 0.631992
0.140149 0.680531 0.631539
0.14115 0.673238 0.631074
0.142151 0.666044 0.630597
0.143152 0.658948 0.630108
0.144153 0.651946 0.629607
0.145154 0.645038 0.629094
0.146155 0.638229 0.628571
0.147156 0.631515 0.628038
0.148157 0.624895 0.627494
0.149158 0.618366 0.626939
0.150159 0.611926 0.626374
0.15116 0.605572 0.625798
0.152161 0.599302 0.625211
0.153162 0.593116 0.624613
0.154163 0.587009 0.624003
0.155164 0.580981 0.623383
0.156165 0.57503 0.622751
0.157166 0.569156 0.622108
0.158167 0.563363 0.621456
0.159168 0.557648 0.620794
0.160169 0.55201 0.620123
0.16117 0.546445 0.619441
0.162171 0.540953 0.61875
0.163172 0.535532 0.618048
0.164173 0.530179 0.617336
0.165174 0.524893 0.616614
0.166175 0.519673 0.615882
0.167175 0.514516 0.61514
0.168176 0.509421 0.614387
0.169177 0.504388 0.613623
0.170178 0.499419 0.612851
0.171179 0.494514 0.612069
0.17218 0.489671 0.611278
0.173181 0.48489 0.610477
0.174182 0.480168 0.609668
0.175183 0.475504 0.608849
0.176184 0.470898 0.608021
0.177185 0.466347 0.607184
0.178186 0.46185 0.606337
0.179187 0.457407 0.605481
0.180188 0.453015 0.604616
0.181189 0.448674 0.603742
0.18219 0.444385 0.602858
0.183191 0.44015 0.601967
0.184192 0.435967 0.601067
0.185193 0.431836 0.600159
0.186194 0.427755 0.599242
0.187195 0.423722 0.598317
0.188196 0.419738 0.597384
0.189197 0.415799 0.596442
0.190198 0.411906 0.595492
0.191199 0.408057 0.594533
0.1922 0.404251 0.593565
0.193201 0.400487 0.592589
0.194202 0.396764 0.591605
0.195203 0.393082 0.590612
0.196204 0.389443 0.58961
0.197205 0.385848 0.588601
0.198206 0.382294 0.587584
0.199207 0.378781 0.58656
0.200208 0.375309 0.585527
0.201209 0.371876 0.584487
0.20221 0.368481 0.583439
0.203211 0.365124 0.582384
0.204212 0.361804 0.581321
0.205213 0.35852 0.580251
0.206214 0.355271 0.579173
0.207215 0.352057 0.578088
0.208216 0.348877 0.576996
0.209217 0.345735 0.575897
0.210218 0.342628 0.574791
0.211219 0.339557 0.573678
0.21222 0.336521 0.572558
0.213221 0.333518 0.571431
0.214222 0.330549 0.570298
0.215223 0.327611 0.569157
0.216224 0.324706 0.56801
0.217225 0.321831 0.566856
0.218226 0.318986 0.565696
0.219227 0.31617 0.564528
0.220228 0.313383 0.563354
0.221229 0.310623 0.562173
0.22223 0.307892 0.560986
0.223231 0.305192 0.559792
0.224232 0.30252 0.558591
0.225233 0.299878 0.557384
0.226234 0.297264 0.55617
0.227235 0.294677 0.554951
0.228236 0.292118 0.553725
0.229237 0.289586 0.552493
0.230238 0.28708 0.551255
0.231239 0.284599 0.550012
0.23224 0.282143 0.548763
0.233241 0.279712 0.547508
0.234242 0.277305 0.546248
0.235243 0.274922 0.544983
0.236244 0.272563 0.543712
0.237245 0.27023 0.542436
0.238246 0.267921 0.541154
0.239247 0.265637 0.539867
0.240248 0.263377 0.538574
0.241249 0.26114 0.537277
0.24225 0.258926 0.535974
0.243251 0.256734 0.534665
0.244252 0.254564 0.533352
0.245253 0.252415 0.532034
0.246254 0.250287 0.53071
0.247255 0.24818 0.529382
0.248256 0.246092 0.528049
0.249257 0.244024 0.526711
0.250258 0.241975 0.525368
0.251259 0.239947 0.52402
0.25226 0.23794 0.522667
0.253261 0.235953 0.521308
0.254262 0.233986 0.519945
0.255263 0.232038 0.518577
0.256264 0.23011 0.517205
0.257265 0.2282 0.515828
0.258266 0.226309 0.514447
0.259267 0.224436 0.513062
0.260268 0.222581 0.511673
0.261269 0.220744 0.510281
0.26227 0.218923 0.508884
0.263271 0.217119 0.507485
0.264272 0.215332 0.506082
0.265273 0.213563 0.504675
0.266274 0.211811 0.503264
0.267275 0.210077 0.501849
0.268276 0.208361 0.500431
0.269277 0.206661 0.499008
0.270278 0.204977 0.497583
0.271279 0.20331 0.496153
0.27228 0.201658 0.49472
0.273281 0.200022 0.493284
0.274282 0.1984 0.491844
0.275283 0.196794 0.490402
0.276284 0.195201 0.488956
0.277285 0.193623 0.487506
0.278285 0.192058 0.486054
0.279286 0.190507 0.484599
0.280287 0.188971 0.48314
0.281288 0.187449 0.481677
0.282289 0.185942 0.480211
0.28329 0.18445 0.478742
0.284291 0.182971 0.477269
0.285292 0.181506 0.475794
0.286293 0.180054 0.474316
0.287294 0.178616 0.472835
0.288295 0.17719 0.471351
0.289296 0.175777 0.469866
0.290297 0.174377 0.468378
0.291298 0.172988 0.466888
0.292299 0.171612 0.465396
0.2933 0.170248 0.463903
0.294301 0.168895 0.462407
0.295302 0.167555 0.460909
0.296303 0.166228 0.459409
0.297304 0.164914 0.457906
0.298305 0.163611 0.456401
0.299306 0.16232 0.454893
0.300307 0.161041 0.453384
0.301308 0.159774 0.451872
0.302309 0.158517 0.450359
0.30331 0.157272 0.448844
0.304311 0.156037 0.447327
0.305312 0.154812 0.445809
0.306313 0.153598 0.444289
0.307314 0.152394 0.442768
0.308315 0.1512 0.441246
0.309316 0.150015 0.439722
0.310317 0.148842 0.438196
0.311318 0.147679 0.436668
0.312319 0.146526 0.435138
0.31332 0.145384 0.433606
0.314321 0.144251 0.432072
0.315322 0.143129 0.430538
0.316323 0.142016 0.429001
0.317324 0.140913 0.427464
0.318325 0.139819 0.425926
0.319326 0.138735 0.424387
0.320327 0.137659 0.422848
0.321328 0.136593 0.421308
0.322329 0.135535 0.419769
0.32333 0.134486 0.418229
0.324331 0.133446 0.416689
0.325332 0.132415 0.415148
0.326333 0.131393 0.413606
0.327334 0.130381 0.412063
0.328335 0.129377 0.410519
0.329336 0.128382 0.408975
0.330337 0.127396 0.40743
0.331338 0.126418 0.405885
0.332339 0.125448 0.404339
0.33334 0.124487 0.402793
0.334341 0.123533 0.401247
0.335342 0.122587 0.3997
0.336343 0.121649 0.398154
0.337344 0.120717 0.396608
0.338345 0.119794 0.395061
0.339346 0.118877 0.393516
0.340347 0.117967 0.391969
0.341348 0.117066 0.390422
0.342349 0.116172 0.388874
0.34335 0.115285 0.387326
0.344351 0.114406 0.385777
0.345352 0.113535 0.384228
0.346353 0.11267 0.38268
0.347354 0.111813 0.381131
0.348355 0.110963 0.379583
0.349356 0.110119 0.378035
0.350357 0.109282 0.376488
0.351358 0.108452 0.374943
0.352359 0.107629 0.373398
0.35336 0.106812 0.371854
0.354361 0.106001 0.370312
0.355362 0.105196 0.368771
0.356363 0.104398 0.36723
0.357364 0.103607 0.36569
0.358365 0.102823 0.364151
0.359366 0.102045 0.362612
0.360367 0.101274 0.361073
0.361368 0.100509 0.359535
0.362369 0.0997506 0.357998
0.36337 0.098998 0.356462
0.364371 0.0982512 0.354928
0.365372 0.0975103 0.353394
0.366373 0.0967751 0.351861
0.367374 0.0960455 0.35033
0.368375 0.0953213 0.348801
0.369376 0.0946025 0.347272
0.370377 0.0938889 0.345746
0.371378 0.0931807 0.344221
0.372379 0.0924782 0.342696
0.37338 0.0917814 0.341172
0.374381 0.0910902 0.339648
0.375382 0.0904045 0.338126
0.376383 0.0897243 0.336604
0.377384 0.0890495 0.335084
0.378385 0.0883799 0.333565
0.379386 0.0877156 0.332048
0.380387 0.0870563 0.330532
0.381388 0.0864021 0.329019
0.382389 0.0857529 0.327507
0.38339 0.0851086 0.325998
0.384391 0.084469 0.324491
0.385392 0.0838343 0.322987
0.386393 0.0832042 0.321485
0.387394 0.0825789 0.319986
0.388395 0.0819587 0.318488
0.389395 0.0813436 0.316992
0.390396 0.0807335 0.315497
0.391397 0.0801283 0.314004
0.392398 0.0795278 0.312513
0.393399 0.078932 0.311024
0.3944 0.0783408 0.309537
0.395401 0.077754 0.308052
0.396402 0.0771717 0.30657
0.397403 0.0765937 0.30509
0.398404 0.07602 0.303612
0.399405 0.0754503 0.302137
0.400406 0.0748848 0.300664
0.401407 0.0743232 0.299194
0.402408 0.0737654 0.297727
0.403409 0.0732117 0.296262
0.40441 0.0726623 0.294799
0.405411 0.0721171 0.293337
0.406412 0.0715761 0.291878
0.407413 0.0710392 0.29042
0.408414 0.0705064 0.288965
0.409415 0.0699777 0.287512
0.410416 0.0694528 0.286061
0.411417 0.0689319 0.284613
0.412418 0.0684148 0.283168
0.413419 0.0679015 0.281726
0.41442 0.067392 0.280287
0.415421 0.0668861 0.278851
0.416422 0.0663838 0.277419
0.417423 0.0658851 0.27599
0.418424 0.06539 0.274565
0.419425 0.0648984 0.273143
0.420426 0.0644106 0.271724
0.421427 0.0639267 0.270308
0.422428 0.0634466 0.268894
0.423429 0.0629701 0.267483
0.42443 0.0624972 0.266075
0.425431 0.0620279 0.26467
0.426432 0.0615621 0.263268
0.427433 0.0610997 0.261868
0.428434 0.0606406 0.260473
0.429435 0.0601847 0.25908
0.430436 0.0597321 0.257691
0.431437 0.0592826 0.256305
0.432438 0.0588362 0.254922
0.433439 0.0583928 0.253543
0.43444 0.0579523 0.252168
0.435441 0.0575148 0.250796
0.436442 0.0570803 0.249427
0.437443 0.0566492 0.24806
0.438444 0.0562211 0.246696
0.439445 0.0557963 0.245336
0.440446 0.0553745 0.243978
0.441447 0.0549557 0.242623
0.442448 0.05454 0.241272
0.443449 0.0541272 0.239924
0.44445 0.0537174 0.238579
0.445451 0.0533105 0.237238
0.446452 0.0529064 0.235901
0.447453 0.0525051 0.234568
0.448454 0.0521066 0.233239
0.449455 0.0517108 0.231914
0.450456 0.0513178 0.230593
0.451457 0.0509273 0.229276
0.452458 0.0505397 0.227964
0.453459 0.050155 0.226654
0.45446 0.0497732 0.225349
0.455461 0.0493942 0.224046
0.456462 0.0490181 0.222748
0.457463 0.0486446 0.221452
0.458464 0.0482738 0.220161
0.459465 0.0479057 0.218873
0.460466 0.0475401 0.217589
0.461467 0.0471771 0.216309
0.462468 0.0468165 0.215033
0.463469 0.0464584 0.213761
0.46447 0.0461027 0.212493
0.465471 0.0457493 0.211228
0.466472 0.0453982 0.209968
0.467473 0.0450494 0.208713
0.468474 0.0447028 0.207461
0.469475 0.0443586 0.206213
0.470476 0.0440168 0.204968
0.471477 0.0436775 0.203726
0.472478 0.0433405 0.202488
0.473479 0.0430059 0.201254
0.47448 0.0426737 0.200024
0.475481 0.0423437 0.198797
0.476482 0.0420161 0.197575
0.477483 0.0416906 0.196356
0.478484 0.0413674 0.195142
0.479485 0.0410464 0.193932
0.480486 0.0407276 0.192726
0.481487 0.0404109 0.191524
0.482488 0.0400963 0.190328
0.483489 0.0397839 0.189135
0.48449 0.0394734 0.187948
0.485491 0.0391652 0.186765
0.486492 0.0388591 0.185586
0.487493 0.0385553 0.184411
0.488494 0.0382538 0.18324
0.489495 0.0379543 0.182073
0.490496 0.037657 0.180911
0.491497 0.0373618 0.179752
0.492498 0.0370686 0.178597
0.493499 0.0367775 0.177447
0.4945 0.0364882 0.176301
0.495501 0.036201 0.175159
0.496502 0.0359156 0.174022
0.497503 0.035632 0.172889
0.498504 0.0353503 0.17176
0.499505 0.0350703 0.170635
0.500505 0.0347921 0.169515
0.501506 0.0345156 0.1684
0.502507 0.0342409 0.167288
0.503508 0.0339681 0.16618
0.504509 0.0336971 0.165077
0.50551 0.033428 0.163977
0.506511 0.0331608 0.162881
0.507512 0.0328953 0.161789
0.508513 0.0326317 0.160701
0.509514 0.0323698 0.159618
0.510515 0.0321096 0.158538
0.511516 0.0318512 0.157464
0.512517 0.0315946 0.156393
0.513518 0.0313396 0.155327
0.514519 0.0310862 0.154266
0.51552 0.0308346 0.153209
0.516521 0.0305846 0.152157
0.517522 0.0303362 0.15111
0.518523 0.0300894 0.150068
0.519524 0.0298443 0.14903
0.520525 0.029601 0.147997
0.521526 0.0293594 0.146968
0.522527 0.0291195 0.145943
0.523528 0.0288813 0.144922
0.524529 0.0286447 0.143906
0.52553 0.0284097 0.142894
0.526531 0.0281763 0.141886
0.527532 0.0279444 0.140883
0.528533 0.0277141 0.139884
0.529534 0.0274853 0.13889
0.530535 0.027258 0.1379
0.531536 0.0270321 0.136914
0.532537 0.0268076 0.135933
0.533538 0.0265845 0.134957
0.534539 0.0263628 0.133984
0.53554 0.0261424 0.133016
0.536541 0.0259235 0.132053
0.537542 0.0257061 0.131093
0.538543 0.0254901 0.130137
0.539544 0.0252755 0.129186
0.540545 0.0250624 0.128239
0.541546 0.0248507 0.127296
0.542547 0.0246405 0.126357
0.543548 0.0244316 0.125422
0.544549 0.0242241 0.124492
0.54555 0.024018 0.123566
0.546551 0.0238132 0.122645
0.547552 0.0236098 0.121728
0.548553 0.0234077 0.120816
0.549554 0.0232069 0.119908
0.550555 0.0230075 0.119005
0.551556 0.0228094 0.118107
0.552557 0.0226125 0.117213
0.553558 0.022417 0.116324
0.554559 0.0222229 0.115439
0.55556 0.0220302 0.114558
0.556561 0.0218389 0.113682
0.557562 0.0216488 0.11281
0.558563 0.0214601 0.111942
0.559564 0.0212726 0.111079
0.560565 0.0210865 0.11022
0.561566 0.0209015 0.109366
0.562567 0.0207178 0.108515
0.563568 0.0205353 0.107669
0.564569 0.020354 0.106828
0.56557 0.0201738 0.10599
0.566571 0.0199948 0.105157
0.567572 0.0198169 0.104329
0.568573 0.0196401 0.103504
0.569574 0.0194643 0.102684
0.570575 0.0192897 0.101868
0.571576 0.0191163 0.101056
0.572577 0.0189441 0.100248
0.573578 0.018773 0.0994436
0.574579 0.018603 0.0986438
0.57558 0.0184342 0.0978481
0.576581 0.0182666 0.0970565
0.577582 0.0181 0.0962692
0.578583 0.0179346 0.095486
0.579584 0.0177703 0.0947071
0.580585 0.0176071 0.0939325
0.581586 0.017445 0.0931622
0.582587 0.0172839 0.0923962
0.583588 0.017124 0.0916345
0.584589 0.0169651 0.0908772
0.58559 0.0168073 0.0901243
0.586591 0.0166505 0.0893759
0.587592 0.0164948 0.0886317
0.588593 0.0163403 0.0878918
0.589594 0.0161868 0.0871562
0.590595 0.0160345 0.0864247
0.591596 0.0158832 0.0856974
0.592597 0.015733 0.0849743
0.593598 0.0155839 0.0842554
0.594599 0.0154358 0.0835405
0.5956 0.0152887 0.0828298
0.596601 0.0151426 0.0821232
0.597602 0.0149975 0.0814206
0.598603 0.0148533 0.0807221
0.599604 0.0147102 0.0800277
0.600605 0.014568 0.0793372
0.601606 0.0144267 0.0786508
0.602607 0.0142863 0.0779684
0.603608 0.0141468 0.07729
0.604609 0.0140083 0.0766154
0.60561 0.0138707 0.0759448
0.606611 0.0137341 0.075278
0.607612 0.0135984 0.0746151
0.608613 0.0134636 0.0739561
0.609614 0.0133298 0.073301
0.610615 0.013197 0.0726498
0.611615 0.013065 0.0720026
0.612616 0.012934 0.0713592
0.613617 0.0128039 0.0707198
0.614618 0.0126748 0.0700844
0.615619 0.0125465 0.0694529
0.61662 0.0124192 0.0688254
0.617621 0.0122927 0.0682019
0.618622 0.0121671 0.0675824
0.619623 0.0120425 0.0669668
0.620624 0.0119187 0.0663553
0.621625 0.0117958 0.0657478
0.622626 0.0116738 0.0651443
0.623627 0.0115527 0.0645447
0.624628 0.0114326 0.0639491
0.625629 0.0113133 0.0633573
0.62663 0.011195 0.0627695
0.627631 0.0110775 0.0621855
0.628632 0.0109609 0.0616053
0.629633 0.0108451 0.0610289
0.630634 0.0107302 0.0604563
0.631635 0.0106162 0.0598875
0.632636 0.010503 0.0593223
0.633637 0.0103905 0.0587609
0.634638 0.0102789 0.0582031
0.635639 0.0101681 0.057649
0.63664 0.0100581 0.0570985
0.637641 0.00994882 0.0565516
0.638642 0.00984033 0.0560083
0.639643 0.00973262 0.0554686
0.640644 0.00962571 0.0549324
0.641645 0.00951961 0.0543999
0.642646 0.00941431 0.0538709
0.643647 0.0093098 0.0533455
0.644648 0.00920608 0.0528237
0.645649 0.00910315 0.0523055
0.64665 0.009001 0.0517908
0.647651 0.00889963 0.0512797
0.648652 0.00879904 0.0507722
0.649653 0.00869921 0.0502682
0.650654 0.00860016 0.0497677
0.651655 0.00850187 0.0492708
0.652656 0.00840433 0.0487774
0.653657 0.00830756 0.0482876
0.654658 0.00821153 0.0478013
0.655659 0.00811626 0.0473185
0.65666 0.00802173 0.0468392
0.657661 0.00792799 0.0463635
0.658662 0.00783502 0.0458914
0.659663 0.00774282 0.0454228
0.660664 0.00765139 0.0449578
0.661665 0.00756071 0.0444962
0.662666 0.00747077 0.0440381
0.663667 0.00738156 0.0435833
0.664668 0.00729308 0.043132
0.665669 0.00720533 0.042684
0.66667 0.00711828 0.0422393
0.667671 0.00703193 0.0417979
0.668672 0.00694628 0.0413597
0.669673 0.00686131 0.0409247
0.670674 0.00677702 0.040493
0.671675 0.0066934 0.0400644
0.672676 0.00661044 0.0396389
0.673677 0.00652813 0.0392165
0.674678 0.0064465 0.0387973
0.675679 0.00636555 0.0383813
0.67668 0.00628528 0.0379685
0.677681 0.00620569 0.0375588
0.678682 0.00612678 0.0371524
0.679683 0.00604855 0.0367491
0.680684 0.00597099 0.036349
0.681685 0.00589409 0.035952
0.682686 0.00581786 0.0355581
0.683687 0.0057423 0.0351673
0.684688 0.00566739 0.0347796
0.685689 0.00559314 0.034395
0.68669 0.00551954 0.0340134
0.687691 0.00544659 0.0336349
0.688692 0.00537429 0.0332594
0.689693 0.00530264 0.0328869
0.690694 0.00523162 0.0325174
0.691695 0.00516125 0.0321509
0.692696 0.00509154 0.0317876
0.693697 0.00502251 0.0314274
0.694698 0.00495414 0.0310703
0.695699 0.00488642 0.0307163
0.6967 0.00481935 0.0303652
0.697701 0.00475292 0.0300172
0.698702 0.00468712 0.0296722
0.699703 0.00462194 0.02933
0.700704 0.00455737 0.0289907
0.701705 0.00449342 0.0286543
0.702706 0.00443006 0.0283207
0.703707 0.0043673 0.0279898
0.704708 0.00430513 0.0276617
0.705709 0.00424353 0.0273362
0.70671 0.0041825 0.0270135
0.707711 0.00412204 0.0266934
0.708712 0.00406213 0.0263758
0.709713 0.00400279 0.0260609
0.710714 0.00394404 0.0257488
0.711715 0.00388588 0.0254395
0.712716 0.0038283 0.0251329
0.713717 0.00377131 0.024829
0.714718 0.0037149 0.0245278
0.715719 0.00365906 0.0242293
0.71672 0.00360379 0.0239335
0.717721 0.00354908 0.0236403
0.718722 0.00349495 0.0233497
0.719723 0.00344136 0.0230618
0.720724 0.00338834 0.0227764
0.721725 0.00333587 0.0224935
0.722725 0.00328394 0.0222132
0.723726 0.00323256 0.0219354
0.724727 0.00318172 0.0216601
0.725728 0.00313142 0.0213873
0.726729 0.00308166 0.021117
0.72773 0.00303245 0.0208492
0.728731 0.00298381 0.020584
0.729732 0.00293575 0.0203216
0.730733 0.00288824 0.0200617
0.731734 0.00284128 0.0198043
0.732735 0.00279486 0.0195495
0.733736 0.00274899 0.0192972
0.734737 0.00270363 0.0190473
0.735738 0.0026588 0.0187998
0.736739 0.00261448 0.0185546
0.73774 0.00257066 0.0183118
0.738741 0.00252735 0.0180713
0.739742 0.00248452 0.017833
0.740743 0.00244217 0.0175969
0.741744 0.0024003 0.0173631
0.742745 0.00235889 0.0171313
0.743746 0.00231795 0.0169017
0.744747 0.00227746 0.0166741
0.745748 0.00223746 0.0164489
0.746749 0.00219797 0.0162259
0.74775 0.00215898 0.0160053
0.748751 0.00212048 0.0157869
0.749752 0.00208247 0.0155708
0.750753 0.00204494 0.0153568
0.751754 0.00200789 0.0151451
0.752755 0.00197131 0.0149356
0.753756 0.00193519 0.0147281
0.754757 0.00189953 0.0145228
0.755758 0.00186433 0.0143196
0.756759 0.00182957 0.0141184
0.75776 0.00179525 0.0139193
0.758761 0.00176138 0.0137222
0.759762 0.00172793 0.013527
0.760763 0.00169491 0.0133339
0.761764 0.00166231 0.0131426
0.762765 0.00163013 0.0129534
0.763766 0.00159842 0.0127662
0.764767 0.00156719 0.0125813
0.765768 0.00153642 0.0123984
0.766769 0.00150609 0.0122177
0.76777 0.00147622 0.0120389
0.768771 0.00144678 0.0118622
0.769772 0.00141777 0.0116875
0.770773 0.00138918 0.0115147
0.771774 0.001361 0.0113438
0.772775 0.00133322 0.0111748
0.773776 0.00130584 0.0110076
0.774777 0.00127885 0.0108422
0.775778 0.00125224 0.0106785
0.776779 0.001226 0.0105166
0.77778 0.00120012 0.0103563
0.778781 0.0011746 0.0101978
0.779782 0.00114943 0.0100408
0.780783 0.00112461 0.00988548
0.781784 0.00110021 0.00973204
0.782785 0.00107621 0.00958044
0.783786 0.00105262 0.00943068
0.784787 0.00102941 0.00928271
0.785788 0.00100659 0.00913651
0.786789 0.000984144 0.00899205
0.78779 0.000962069 0.00884931
0.788791 0.000940356 0.00870826
0.789792 0.000918998 0.00856887
0.790793 0.000897989 0.00843112
0.791794 0.000877319 0.00829497
0.792795 0.000856983 0.00816041
0.793796 0.000836973 0.0080274
0.794797 0.000817283 0.00789593
0.795798 0.000797905 0.00776595
0.796799 0.000778832 0.00763746
0.7978 0.000760057 0.00751043
0.798801 0.000741601 0.00738491
0.799802 0.000723514 0.00726111
0.800803 0.000705789 0.00713898
0.801804 0.000688417 0.00701849
0.802805 0.000671388 0.00689962
0.803806 0.000654693 0.00678232
0.804807 0.000638324 0.00666656
0.805808 0.00062227 0.00655231
0.806809 0.000606524 0.00643954
0.80781 0.000591075 0.00632822
0.808811 0.000575914 0.0062183
0.809812 0.000561034 0.00610976
0.810813 0.000546426 0.00600257
0.811814 0.000532079 0.00589669
0.812815 0.000517987 0.0057921
0.813816 0.000504139 0.00568875
0.814817 0.000490529 0.00558663
0.815818 0.000477146 0.00548569
0.816819 0.000464018 0.00538602
0.81782 0.000451196 0.0052878
0.818821 0.000438673 0.005191
0.819822 0.00042644 0.00509558
0.820823 0.000414488 0.00500154
0.821824 0.000402809 0.00490883
0.822825 0.000391395 0.00481743
0.823826 0.000380236 0.00472732
0.824827 0.000369326 0.00463847
0.825828 0.000358654 0.00455085
0.826829 0.000348213 0.00446444
0.82783 0.000337995 0.00437921
0.828831 0.000327992 0.00429514
0.829832 0.000318195 0.00421219
0.830833 0.000308597 0.00413036
0.831834 0.000299189 0.0040496
0.832835 0.000289963 0.0039699
0.833835 0.000280913 0.00389123
0.834836 0.000272067 0.00381368
0.835837 0.000263474 0.00373741
0.836838 0.000255128 0.00366239
0.837839 0.000247018 0.00358859
0.83884 0.000239135 0.00351597
0.839841 0.00023147 0.00344451
0.840842 0.000224015 0.00337419
0.841843 0.000216761 0.00330496
0.842844 0.000209699 0.0032368
0.843845 0.000202819 0.00316968
0.844846 0.000196115 0.00310358
0.845847 0.000189576 0.00303846
0.846848 0.000183195 0.0029743
0.847849 0.000176963 0.00291106
0.84885 0.000170872 0.00284873
0.849851 0.000164912 0.00278727
0.850852 0.000159077 0.00272666
0.851853 0.000153357 0.00266686
0.852854 0.000147782 0.00260797
0.853855 0.0001424 0.00255014
0.854856 0.000137202 0.00249334
0.855857 0.000132182 0.00243755
0.856858 0.000127331 0.00238274
0.857859 0.000122641 0.00232888
0.85886 0.000118105 0.00227597
0.859861 0.000113716 0.00222396
0.860862 0.000109465 0.00217284
0.861863 0.000105346 0.00212259
0.862864 0.00010135 0.00207317
0.863865 9.74706e-05 0.00202458
0.864866 9.37003e-05 0.00197678
0.865867 9.00317e-05 0.00192974
0.866868 8.64575e-05 0.00188346
0.867869 8.29706e-05 0.0018379
0.86887 7.95637e-05 0.00179305
0.869871 7.62298e-05 0.00174888
0.870872 7.29935e-05 0.00170547
0.871873 6.98972e-05 0.00166296
0.872874 6.69348e-05 0.00162133
0.873875 6.40992e-05 0.00158055
0.874876 6.13839e-05 0.00154059
0.875877 5.87819e-05 0.00150144
0.876878 5.62867e-05 0.00146307
0.877879 5.38916e-05 0.00142545
0.87888 5.15899e-05 0.00138855
0.879881 4.93752e-05 0.00135236
0.880882 4.72408e-05 0.00131686
0.881883 4.51804e-05 0.001282
0.882884 4.31874e-05 0.00124778
0.883885 4.12556e-05 0.00121417
0.884886 3.93785e-05 0.00118115
0.885887 3.75499e-05 0.00114868
0.886888 3.57634e-05 0.00111676
0.887889 3.4013e-05 0.00108535
0.88889 3.23161e-05 0.00105453
0.889891 3.07094e-05 0.00102442
0.890892 2.91885e-05 0.00099502
0.891893 2.77485e-05 0.0009663
0.892894 2.63844e-05 0.000938241
0.893895 2.50914e-05 0.000910823
0.894896 2.38645e-05 0.000884025
0.895897 2.26989e-05 0.000857826
0.896898 2.15897e-05 0.000832207
0.897899 2.05322e-05 0.000807147
0.8989 1.95217e-05 0.000782627
0.899901 1.85534e-05 0.000758626
0.900902 1.76226e-05 0.000735125
0.901903 1.67246e-05 0.000712105
0.902904 1.58549e-05 0.000689546
0.903905 1.50088e-05 0.000667428
0.904906 1.41818e-05 0.000645733
0.905907 1.33693e-05 0.000624441
0.906908 1.25827e-05 0.00060361
0.907909 1.18488e-05 0.000583368
0.90891 1.11649e-05 0.000563699
0.909911 1.05276e-05 0.000544581
0.910912 9.93372e-06 0.000525994
0.911913 9.3798e-06 0.000507918
0.912914 8.8626e-06 0.000490333
0.913915 8.37885e-06 0.000473219
0.914916 7.92529e-06 0.000456557
0.915917 7.4987e-06 0.000440326
0.916918 7.09587e-06 0.000424507
0.917919 6.71361e-06 0.00040908
0.91892 6.34876e-06 0.000394027
0.919921 5.99817e-06 0.000379328
0.920922 5.65871e-06 0.000364964
0.921923 5.32728e-06 0.000350916
0.922924 5.00079e-06 0.000337165
0.923925 4.67618e-06 0.000323693
0.924926 4.36043e-06 0.000310553
0.925927 4.07003e-06 0.000297864
0.926928 3.80362e-06 0.000285612
0.927929 3.55943e-06 0.000273778
0.92893 3.33569e-06 0.000262346
0.929931 3.13063e-06 0.000251298
0.930932 2.94251e-06 0.000240618
0.931933 2.7696e-06 0.000230287
0.932934 2.61017e-06 0.000220289
0.933935 2.4625e-06 0.000210608
0.934936 2.32489e-06 0.000201226
0.935937 2.19566e-06 0.000192127
0.936938 2.07311e-06 0.000183295
0.937939 1.95558e-06 0.000174712
0.93894 1.84141e-06 0.000166363
0.939941 1.72895e-06 0.000158231
0.940942 1.61655e-06 0.000150301
0.941943 1.5026e-06 0.000142556
0.942944 1.39184e-06 0.000135062
0.943945 1.29145e-06 0.000127909
0.944945 1.20068e-06 0.000121082
0.945946 1.11874e-06 0.000114564
0.946947 1.04485e-06 0.000108341
0.947948 9.78235e-07 0.000102396
0.948949 9.18115e-07 9.67139e-05
0.94995 8.63725e-07 9.12787e-05
0.950951 8.14302e-07 8.60752e-05
0.951952 7.69086e-07 8.10881e-05
0.952953 7.27324e-07 7.63022e-05
0.953954 6.88267e-07 7.17021e-05
0.954955 6.51171e-07 6.7273e-05
0.955956 6.15295e-07 6.29999e-05
0.956957 5.79905e-07 5.88678e-05
0.957958 5.44269e-07 5.48621e-05
0.958959 5.07663e-07 5.09679e-05
0.95996 4.69626e-07 4.71787e-05
0.960961 4.33773e-07 4.36057e-05
0.961962 4.01261e-07 4.02774e-05
0.962963 3.71817e-07 3.71784e-05
0.963964 3.45171e-07 3.42932e-05
0.964965 3.21053e-07 3.16065e-05
0.965966 2.99197e-07 2.91031e-05
0.966967 2.79336e-07 2.67679e-05
0.967968 2.61206e-07 2.45858e-05
0.968969 2.44546e-07 2.25418e-05
0.96997 2.29093e-07 2.06212e-05
0.970971 2.1459e-07 1.88091e-05
0.971972 2.00777e-07 1.70909e-05
0.972973 1.874e-07 1.5452e-05
0.973974 1.74203e-07 1.38779e-05
0.974975 1.60933e-07 1.23542e-05
0.975976 1.4734e-07 1.08666e-05
0.976977 1.33418e-07 9.42111e-06
0.977978 1.20578e-07 8.1356e-06
0.978979 1.08982e-07 7.0173e-06
0.97998 9.85097e-08 6.0492e-06
0.980981 8.90387e-08 5.21441e-06
0.981982 8.04482e-08 4.4961e-06
0.982983 7.26181e-08 3.87758e-06
0.983984 6.5429e-08 3.34224e-06
0.984985 5.87622e-08 2.87359e-06
0.985986 5.24997e-08 2.45521e-06
0.986987 4.65242e-08 2.07081e-06
0.987988 4.07193e-08 1.70418e-06
0.988989 3.49691e-08 1.33921e-06
0.98999 2.91585e-08 9.59897e-07
0.990991 2.35823e-08 6.09062e-07
0.991992 1.89295e-08 3.82719e-07
0.992993 1.5037e-08 2.51959e-07
0.993994 1.1717e-08 1.84301e-07
0.994995 8.78275e-09 1.47459e-07
0.995996 6.04869e-09 1.0934e-07
0.996997 3.47647e-09 5.18375e-08
0.997998 1.78974e-09 3.84219e-08
0.998999 5.39401e-10 3.28042e-08
1 2.09448e-27 3.07797e-24
