1.5 1.85005 0.359745
1.5986 2.36928 0.3761
1.6972 2.86556 0.391911
1.7958 3.33805 0.407117
1.89439 3.78979 0.421783
1.99299 4.22152 0.435911
2.09159 4.63348 0.449495
2.19019 5.02785 0.462586
2.28879 5.40615 0.475221
2.38739 5.76892 0.48741
2.48599 6.1167 0.499162
2.58458 6.45077 0.51051
2.68318 6.7726 0.521495
2.78178 7.08274 0.532129
2.88038 7.38168 0.542426
2.97898 7.6699 0.552398
3.07758 7.94793 0.562058
3.17618 8.21688 0.571439
3.27477 8.47732 0.580556
3.37337 8.72962 0.589419
3.47197 8.97413 0.598039
3.57057 9.2112 0.606425
3.66917 9.44113 0.614585
3.76777 9.66422 0.622529
3.86637 9.88181 0.630272
3.96496 10.0947 0.637827
4.06356 10.3025 0.645203
4.16216 10.5049 0.652407
4.26076 10.7017 0.659444
4.35936 10.8927 0.66632
4.45796 11.0777 0.673043
4.55656 11.2567 0.679617
4.65516 11.4294 0.686048
4.75375 11.5959 0.69234
4.85235 11.7565 0.698503
4.95095 11.9118 0.704543
5.04955 12.0621 0.710466
5.14815 12.2081 0.716275
5.24675 12.35 0.721973
5.34535 12.4882 0.727563
5.44394 12.6231 0.73305
5.54254 12.7549 0.738436
5.64114 12.884 0.743725
5.73974 13.0106 0.748919
5.83834 13.1349 0.75402
5.93694 13.2571 0.759033
6.03554 13.3775 0.763958
6.13413 13.4962 0.7688
6.23273 13.6131 0.773561
6.33133 13.7279 0.778246
6.42993 13.8409 0.782858
6.52853 13.9519 0.787398
6.62713 14.061 0.791868
6.72573 14.1684 0.79627
6.82432 14.274 0.800606
6.92292 14.3779 0.804878
7.02152 14.4802 0.809088
7.12012 14.5809 0.813236
7.21872 14.68 0.817324
7.31732 14.7775 0.821355
7.41592 14.8736 0.825329
7.51451 14.9682 0.829247
7.61311 15.0614 0.833112
7.71171 15.1533 0.836924
7.81031 15.2438 0.840684
7.90891 15.333 0.844395
8.00751 15.4209 0.848056
8.10611 15.5075 0.85167
8.2047 15.593 0.855237
8.3033 15.6773 0.858761
8.4019 15.7605 0.862242
8.5005 15.8426 0.86568
8.5991 15.9236 0.869077
8.6977 16.0036 0.872434
8.7963 16.0826 0.875751
8.89489 16.1606 0.87903
8.99349 16.2376 0.882271
9.09209 16.3137 0.885475
9.19069 16.3888 0.888642
9.28929 16.4631 0.891774
9.38789 16.5364 0.894871
9.48649 16.6088 0.897934
9.58509 16.6804 0.900963
9.68368 16.7512 0.90396
9.78228 16.8211 0.906924
9.88088 16.8902 0.909856
9.97948 16.9585 0.912758
10.0781 17.0261 0.915629
10.1767 17.0929 0.918471
10.2753 17.1589 0.921283
10.3739 17.2243 0.924067
10.4725 17.2889 0.926822
10.5711 17.3527 0.929549
10.6697 17.4159 0.932249
10.7683 17.4785 0.934923
10.8669 17.5403 0.93757
10.9655 17.6015 0.940192
11.0641 17.6621 0.942788
11.1627 17.7221 0.945361
11.2613 17.7815 0.94791
11.3599 17.8402 0.950435
11.4585 17.8985 0.952938
11.5571 17.9561 0.955418
11.6557 18.0132 0.957876
11.7543 18.0697 0.960312
11.8529 18.1257 0.962727
11.9515 18.1812 0.96512
12.0501 18.2361 0.967493
12.1486 18.2906 0.969845
12.2472 18.3445 0.972177
12.3458 18.398 0.974489
12.4444 18.4509 0.976782
12.543 18.5034 0.979055
12.6416 18.5554 0.98131
12.7402 18.6069 0.983546
12.8388 18.658 0.985763
12.9374 18.7086 0.987962
13.036 18.7588 0.990144
13.1346 18.8085 0.992308
13.2332 18.8578 0.994454
13.3318 18.9067 0.996584
13.4304 18.9552 0.998697
13.529 19.0033 1.00079
13.6276 19.0509 1.00287
13.7262 19.0982 1.00494
13.8248 19.145 1.00698
13.9234 19.1915 1.00902
14.022 19.2376 1.01103
14.1206 19.2833 1.01303
14.2192 19.3287 1.01502
14.3178 19.3737 1.01699
14.4164 19.4183 1.01895
14.515 19.4625 1.02089
14.6136 19.5065 1.02282
14.7122 19.55 1.02473
14.8108 19.5932 1.02663
14.9094 19.6361 1.02852
15.008 19.6787 1.03039
15.1066 19.7209 1.03225
15.2052 19.7628 1.0341
15.3038 19.8044 1.03593
15.4024 19.8457 1.03775
15.501 19.8867 1.03956
15.5996 19.9274 1.04136
15.6982 19.9678 1.04314
15.7968 20.0079 1.04492
15.8954 20.0477 1.04668
15.994 20.0873 1.04843
16.0926 20.1265 1.05017
16.1912 20.1655 1.05189
16.2898 20.2042 1.05361
16.3884 20.2427 1.05531
16.487 20.2808 1.05701
16.5856 20.3188 1.05869
16.6842 20.3564 1.06036
16.7828 20.3938 1.06203
16.8814 20.431 1.06368
16.98 20.4679 1.06532
17.0786 20.5045 1.06695
17.1772 20.5409 1.06857
17.2758 20.5771 1.07018
17.3744 20.613 1.07178
17.473 20.6487 1.07337
17.5716 20.6842 1.07496
17.6702 20.7194 1.07653
17.7688 20.7544 1.07809
17.8674 20.7892 1.07964
17.966 20.8238 1.08119
18.0646 20.8581 1.08272
18.1632 20.8922 1.08425
18.2618 20.9261 1.08577
18.3604 20.9598 1.08728
18.459 20.9933 1.08878
18.5576 21.0266 1.09027
18.6562 21.0597 1.09175
18.7548 21.0925 1.09323
18.8534 21.1252 1.09469
18.952 21.1577 1.09615
19.0506 21.19 1.0976
19.1491 21.222 1.09904
19.2477 21.2539 1.10047
19.3463 21.2856 1.1019
19.4449 21.3172 1.10332
19.5435 21.3485 1.10473
19.6421 21.3796 1.10613
19.7407 21.4106 1.10752
19.8393 21.4414 1.10891
19.9379 21.472 1.11029
20.0365 21.5024 1.11166
20.1351 21.5326 1.11303
20.2337 21.5627 1.11439
20.3323 21.5926 1.11574
20.4309 21.6223 1.11708
20.5295 21.6519 1.11842
20.6281 21.6813 1.11974
20.7267 21.7105 1.12107
20.8253 21.7396 1.12238
20.9239 21.7685 1.12369
21.0225 21.7973 1.12499
21.1211 21.8259 1.12629
21.2197 21.8543 1.12758
21.3183 21.8826 1.12886
21.4169 21.9107 1.13014
21.5155 21.9387 1.13141
21.6141 21.9665 1.13267
21.7127 21.9942 1.13393
21.8113 22.0217 1.13518
21.9099 22.0491 1.13642
22.0085 22.0764 1.13766
22.1071 22.1035 1.13889
22.2057 22.1304 1.14012
22.3043 22.1573 1.14134
22.4029 22.184 1.14256
22.5015 22.2105 1.14377
22.6001 22.2369 1.14497
22.6987 22.2632 1.14617
22.7973 22.2894 1.14736
22.8959 22.3154 1.14855
22.9945 22.3413 1.14973
23.0931 22.3671 1.15091
23.1917 22.3928 1.15208
23.2903 22.4183 1.15325
23.3889 22.4437 1.15441
23.4875 22.4689 1.15556
23.5861 22.4941 1.15671
23.6847 22.5191 1.15786
23.7833 22.544 1.159
23.8819 22.5688 1.16013
23.9805 22.5935 1.16126
24.0791 22.618 1.16239
24.1777 22.6425 1.16351
24.2763 22.6668 1.16462
24.3749 22.691 1.16573
24.4735 22.7151 1.16684
24.5721 22.7391 1.16794
24.6707 22.763 1.16903
24.7693 22.7867 1.17012
24.8679 22.8104 1.17121
24.9665 22.8339 1.17229
25.0651 22.8573 1.17337
25.1637 22.8807 1.17444
25.2623 22.9039 1.17551
25.3609 22.927 1.17657
25.4595 22.95 1.17763
25.5581 22.9729 1.17869
25.6567 22.9957 1.17974
25.7553 23.0184 1.18078
25.8539 23.041 1.18182
25.9525 23.0635 1.18286
26.0511 23.0859 1.18389
26.1496 23.1082 1.18492
26.2482 23.1305 1.18595
26.3468 23.1526 1.18697
26.4454 23.1746 1.18798
26.544 23.1965 1.189
26.6426 23.2183 1.19
26.7412 23.24 1.19101
26.8398 23.2617 1.19201
26.9384 23.2832 1.193
27.037 23.3047 1.194
27.1356 23.326 1.19498
27.2342 23.3473 1.19597
27.3328 23.3685 1.19695
27.4314 23.3896 1.19793
27.53 23.4106 1.1989
27.6286 23.4315 1.19987
27.7272 23.4523 1.20083
27.8258 23.4731 1.20179
27.9244 23.4937 1.20275
28.023 23.5143 1.20371
28.1216 23.5348 1.20466
28.2202 23.5552 1.2056
28.3188 23.5755 1.20655
28.4174 23.5957 1.20749
28.516 23.6159 1.20842
28.6146 23.636 1.20936
28.7132 23.656 1.21029
28.8118 23.6759 1.21121
28.9104 23.6957 1.21213
29.009 23.7155 1.21305
29.1076 23.7351 1.21397
29.2062 23.7547 1.21488
29.3048 23.7742 1.21579
29.4034 23.7937 1.21669
29.502 23.813 1.2176
29.6006 23.8323 1.2185
29.6992 23.8515 1.21939
29.7978 23.8707 1.22028
29.8964 23.8898 1.22117
29.995 23.9087 1.22206
30.0936 23.9277 1.22294
30.1922 23.9465 1.22382
30.2908 23.9653 1.2247
30.3894 23.984 1.22557
30.488 24.0026 1.22644
30.5866 24.0212 1.22731
30.6852 24.0397 1.22817
30.7838 24.0581 1.22903
30.8824 24.0764 1.22989
30.981 24.0947 1.23075
31.0796 24.1129 1.2316
31.1782 24.1311 1.23245
31.2768 24.1491 1.23329
31.3754 24.1672 1.23414
31.474 24.1851 1.23498
31.5726 24.203 1.23581
31.6712 24.2208 1.23665
31.7698 24.2385 1.23748
31.8684 24.2562 1.23831
31.967 24.2738 1.23914
32.0656 24.2914 1.23996
32.1642 24.3089 1.24078
32.2628 24.3263 1.2416
32.3614 24.3437 1.24241
32.46 24.361 1.24323
32.5586 24.3783 1.24404
32.6572 24.3955 1.24484
32.7558 24.4126 1.24565
32.8544 24.4297 1.24645
32.953 24.4467 1.24725
33.0516 24.4636 1.24805
33.1502 24.4805 1.24884
33.2487 24.4974 1.24964
33.3473 24.5141 1.25042
33.4459 24.5309 1.25121
33.5445 24.5475 1.252
33.6431 24.5641 1.25278
33.7417 24.5807 1.25356
33.8403 24.5972 1.25433
33.9389 24.6136 1.25511
34.0375 24.63 1.25588
34.1361 24.6463 1.25665
34.2347 24.6626 1.25742
34.3333 24.6788 1.25818
34.4319 24.695 1.25895
34.5305 24.7111 1.25971
34.6291 24.7272 1.26046
34.7277 24.7432 1.26122
34.8263 24.7591 1.26197
34.9249 24.775 1.26273
35.0235 24.7909 1.26347
35.1221 24.8067 1.26422
35.2207 24.8224 1.26496
35.3193 24.8381 1.26571
35.4179 24.8537 1.26645
35.5165 24.8693 1.26718
35.6151 24.8849 1.26792
35.7137 24.9004 1.26865
35.8123 24.9158 1.26938
35.9109 24.9312 1.27011
36.0095 24.9466 1.27084
36.1081 24.9619 1.27156
36.2067 24.9771 1.27229
36.3053 24.9923 1.27301
36.4039 25.0075 1.27372
36.5025 25.0226 1.27444
36.6011 25.0376 1.27515
36.6997 25.0526 1.27587
36.7983 25.0676 1.27657
36.8969 25.0825 1.27728
36.9955 25.0974 1.27799
37.0941 25.1122 1.27869
37.1927 25.127 1.27939
37.2913 25.1417 1.28009
37.3899 25.1564 1.28079
37.4885 25.171 1.28149
37.5871 25.1856 1.28218
37.6857 25.2002 1.28287
37.7843 25.2147 1.28356
37.8829 25.2291 1.28425
37.9815 25.2436 1.28493
38.0801 25.2579 1.28562
38.1787 25.2723 1.2863
38.2773 25.2866 1.28698
38.3759 25.3008 1.28766
38.4745 25.315 1.28833
38.5731 25.3292 1.28901
38.6717 25.3433 1.28968
38.7703 25.3574 1.29035
38.8689 25.3714 1.29102
38.9675 25.3854 1.29169
39.0661 25.3994 1.29235
39.1647 25.4133 1.29302
39.2633 25.4271 1.29368
39.3619 25.441 1.29434
39.4605 25.4548 1.29499
39.5591 25.4685 1.29565
39.6577 25.4822 1.29631
39.7563 25.4959 1.29696
39.8549 25.5095 1.29761
39.9535 25.5231 1.29826
40.0521 25.5367 1.2989
40.1507 25.5502 1.29955
40.2492 25.5637 1.30019
40.3478 25.5771 1.30084
40.4464 25.5905 1.30148
40.545 25.6039 1.30212
40.6436 25.6172 1.30275
40.7422 25.6305 1.30339
40.8408 25.6437 1.30402
40.9394 25.6569 1.30465
41.038 25.6701 1.30528
41.1366 25.6832 1.30591
41.2352 25.6963 1.30654
41.3338 25.7094 1.30716
41.4324 25.7224 1.30779
41.531 25.7354 1.30841
41.6296 25.7484 1.30903
41.7282 25.7613 1.30965
41.8268 25.7741 1.31027
41.9254 25.787 1.31088
42.024 25.7998 1.3115
42.1226 25.8126 1.31211
42.2212 25.8253 1.31272
42.3198 25.838 1.31333
42.4184 25.8507 1.31394
42.517 25.8633 1.31454
42.6156 25.8759 1.31515
42.7142 25.8885 1.31575
42.8128 25.901 1.31635
42.9114 25.9135 1.31695
43.01 25.926 1.31755
43.1086 25.9384 1.31815
43.2072 25.9508 1.31875
43.3058 25.9632 1.31934
43.4044 25.9755 1.31993
43.503 25.9878 1.32053
43.6016 26.0001 1.32112
43.7002 26.0124 1.3217
43.7988 26.0246 1.32229
43.8974 26.0367 1.32288
43.996 26.0489 1.32346
44.0946 26.061 1.32404
44.1932 26.0731 1.32462
44.2918 26.0851 1.3252
44.3904 26.0971 1.32578
44.489 26.1091 1.32636
44.5876 26.121 1.32694
44.6862 26.133 1.32751
44.7848 26.1449 1.32808
44.8834 26.1567 1.32865
44.982 26.1685 1.32922
45.0806 26.1803 1.32979
45.1792 26.1921 1.33036
45.2778 26.2038 1.33093
45.3764 26.2155 1.33149
45.475 26.2272 1.33205
45.5736 26.2389 1.33262
45.6722 26.2505 1.33318
45.7708 26.2621 1.33374
45.8694 26.2736 1.33429
45.968 26.2852 1.33485
46.0666 26.2967 1.33541
46.1652 26.3081 1.33596
46.2638 26.3196 1.33651
46.3624 26.331 1.33706
46.461 26.3424 1.33761
46.5596 26.3537 1.33816
46.6582 26.3651 1.33871
46.7568 26.3764 1.33926
46.8554 26.3876 1.3398
46.954 26.3989 1.34035
47.0526 26.4101 1.34089
47.1512 26.4213 1.34143
47.2497 26.4325 1.34197
47.3483 26.4436 1.34251
47.4469 26.4547 1.34305
47.5455 26.4658 1.34358
47.6441 26.4768 1.34412
47.7427 26.4879 1.34465
47.8413 26.4989 1.34518
47.9399 26.5098 1.34572
48.0385 26.5208 1.34625
48.1371 26.5317 1.34678
48.2357 26.5426 1.3473
48.3343 26.5535 1.34783
48.4329 26.5643 1.34836
48.5315 26.5751 1.34888
48.6301 26.5859 1.3494
48.7287 26.5967 1.34993
48.8273 26.6074 1.35045
48.9259 26.6182 1.35097
49.0245 26.6288 1.35149
49.1231 26.6395 1.352
49.2217 26.6502 1.35252
49.3203 26.6608 1.35304
49.4189 26.6714 1.35355
49.5175 26.6819 1.35406
49.6161 26.6925 1.35458
49.7147 26.703 1.35509
49.8133 26.7135 1.3556
49.9119 26.724 1.35611
50.0105 26.7344 1.35661
50.1091 26.7448 1.35712
50.2077 26.7552 1.35763
50.3063 26.7656 1.35813
50.4049 26.776 1.35863
50.5035 26.7863 1.35914
50.6021 26.7966 1.35964
50.7007 26.8069 1.36014
50.7993 26.8171 1.36064
50.8979 26.8274 1.36114
50.9965 26.8376 1.36163
51.0951 26.8478 1.36213
51.1937 26.8579 1.36262
51.2923 26.8681 1.36312
51.3909 26.8782 1.36361
51.4895 26.8883 1.3641
51.5881 26.8984 1.36459
51.6867 26.9084 1.36508
51.7853 26.9185 1.36557
51.8839 26.9285 1.36606
51.9825 26.9385 1.36655
52.0811 26.9484 1.36703
52.1797 26.9584 1.36752
52.2783 26.9683 1.368
52.3769 26.9782 1.36849
52.4755 26.9881 1.36897
52.5741 26.9979 1.36945
52.6727 27.0078 1.36993
52.7713 27.0176 1.37041
52.8699 27.0274 1.37089
52.9685 27.0372 1.37136
53.0671 27.0469 1.37184
53.1657 27.0566 1.37231
53.2643 27.0663 1.37279
53.3629 27.076 1.37326
53.4615 27.0857 1.37373
53.5601 27.0953 1.37421
53.6587 27.105 1.37468
53.7573 27.1146 1.37515
53.8559 27.1242 1.37561
53.9545 27.1337 1.37608
54.0531 27.1433 1.37655
54.1517 27.1528 1.37701
54.2503 27.1623 1.37748
54.3488 27.1718 1.37794
54.4474 27.1812 1.37841
54.546 27.1907 1.37887
54.6446 27.2001 1.37933
54.7432 27.2095 1.37979
54.8418 27.2189 1.38025
54.9404 27.2283 1.38071
55.039 27.2376 1.38117
55.1376 27.2469 1.38162
55.2362 27.2562 1.38208
55.3348 27.2655 1.38253
55.4334 27.2748 1.38299
55.532 27.284 1.38344
55.6306 27.2933 1.38389
55.7292 27.3025 1.38434
55.8278 27.3117 1.3848
55.9264 27.3208 1.38525
56.025 27.33 1.38569
56.1236 27.3391 1.38614
56.2222 27.3482 1.38659
56.3208 27.3573 1.38704
56.4194 27.3664 1.38748
56.518 27.3755 1.38793
56.6166 27.3845 1.38837
56.7152 27.3935 1.38881
56.8138 27.4025 1.38925
56.9124 27.4115 1.3897
57.011 27.4205 1.39014
57.1096 27.4295 1.39058
57.2082 27.4384 1.39102
57.3068 27.4473 1.39145
57.4054 27.4562 1.39189
57.504 27.4651 1.39233
57.6026 27.4739 1.39276
57.7012 27.4828 1.3932
57.7998 27.4916 1.39363
57.8984 27.5004 1.39406
57.997 27.5092 1.3945
58.0956 27.518 1.39493
58.1942 27.5267 1.39536
58.2928 27.5355 1.39579
58.3914 27.5442 1.39622
58.49 27.5529 1.39665
58.5886 27.5616 1.39707
58.6872 27.5703 1.3975
58.7858 27.5789 1.39793
58.8844 27.5876 1.39835
58.983 27.5962 1.39878
59.0816 27.6048 1.3992
59.1802 27.6134 1.39962
59.2788 27.6219 1.40004
59.3774 27.6305 1.40047
59.476 27.639 1.40089
59.5746 27.6475 1.40131
59.6732 27.656 1.40173
59.7718 27.6645 1.40214
59.8704 27.673 1.40256
59.969 27.6815 1.40298
60.0676 27.6899 1.40339
60.1662 27.6983 1.40381
60.2648 27.7067 1.40422
60.3634 27.7151 1.40464
60.462 27.7235 1.40505
60.5606 27.7318 1.40546
60.6592 27.7402 1.40588
60.7578 27.7485 1.40629
60.8564 27.7568 1.4067
60.955 27.7651 1.40711
61.0536 27.7734 1.40751
61.1522 27.7817 1.40792
61.2508 27.7899 1.40833
61.3493 27.7981 1.40874
61.4479 27.8064 1.40914
61.5465 27.8146 1.40955
61.6451 27.8227 1.40995
61.7437 27.8309 1.41036
61.8423 27.8391 1.41076
61.9409 27.8472 1.41116
62.0395 27.8553 1.41156
62.1381 27.8635 1.41196
62.2367 27.8715 1.41236
62.3353 27.8796 1.41276
62.4339 27.8877 1.41316
62.5325 27.8957 1.41356
62.6311 27.9038 1.41396
62.7297 27.9118 1.41436
62.8283 27.9198 1.41475
62.9269 27.9278 1.41515
63.0255 27.9358 1.41554
63.1241 27.9437 1.41594
63.2227 27.9517 1.41633
63.3213 27.9596 1.41672
63.4199 27.9675 1.41712
63.5185 27.9754 1.41751
63.6171 27.9833 1.4179
63.7157 27.9912 1.41829
63.8143 27.9991 1.41868
63.9129 28.0069 1.41907
64.0115 28.0148 1.41945
64.1101 28.0226 1.41984
64.2087 28.0304 1.42023
64.3073 28.0382 1.42061
64.4059 28.0459 1.421
64.5045 28.0537 1.42139
64.6031 28.0615 1.42177
64.7017 28.0692 1.42215
64.8003 28.0769 1.42254
64.8989 28.0846 1.42292
64.9975 28.0923 1.4233
65.0961 28.1 1.42368
65.1947 28.1077 1.42406
65.2933 28.1153 1.42444
65.3919 28.123 1.42482
65.4905 28.1306 1.4252
65.5891 28.1382 1.42558
65.6877 28.1458 1.42595
65.7863 28.1534 1.42633
65.8849 28.161 1.42671
65.9835 28.1685 1.42708
66.0821 28.1761 1.42746
66.1807 28.1836 1.42783
66.2793 28.1911 1.42821
66.3779 28.1986 1.42858
66.4765 28.2061 1.42895
66.5751 28.2136 1.42932
66.6737 28.2211 1.42969
66.7723 28.2285 1.43007
66.8709 28.236 1.43044
66.9695 28.2434 1.4308
67.0681 28.2508 1.43117
67.1667 28.2582 1.43154
67.2653 28.2656 1.43191
67.3639 28.273 1.43228
67.4625 28.2804 1.43264
67.5611 28.2877 1.43301
67.6597 28.2951 1.43337
67.7583 28.3024 1.43374
67.8569 28.3097 1.4341
67.9555 28.317 1.43447
68.0541 28.3243 1.43483
68.1527 28.3316 1.43519
68.2513 28.3388 1.43555
68.3498 28.3461 1.43592
68.4484 28.3533 1.43628
68.547 28.3606 1.43664
68.6456 28.3678 1.437
68.7442 28.375 1.43735
68.8428 28.3822 1.43771
68.9414 28.3894 1.43807
69.04 28.3965 1.43843
69.1386 28.4037 1.43879
69.2372 28.4108 1.43914
69.3358 28.418 1.4395
69.4344 28.4251 1.43985
69.533 28.4322 1.44021
69.6316 28.4393 1.44056
69.7302 28.4464 1.44091
69.8288 28.4535 1.44127
69.9274 28.4605 1.44162
70.026 28.4676 1.44197
70.1246 28.4746 1.44232
70.2232 28.4816 1.44267
70.3218 28.4887 1.44302
70.4204 28.4957 1.44337
70.519 28.5027 1.44372
70.6176 28.5096 1.44407
70.7162 28.5166 1.44442
70.8148 28.5236 1.44477
70.9134 28.5305 1.44511
71.012 28.5375 1.44546
71.1106 28.5444 1.44581
71.2092 28.5513 1.44615
71.3078 28.5582 1.4465
71.4064 28.5651 1.44684
71.505 28.572 1.44718
71.6036 28.5788 1.44753
71.7022 28.5857 1.44787
71.8008 28.5925 1.44821
71.8994 28.5994 1.44855
71.998 28.6062 1.4489
72.0966 28.613 1.44924
72.1952 28.6198 1.44958
72.2938 28.6266 1.44992
72.3924 28.6334 1.45026
72.491 28.6402 1.45059
72.5896 28.6469 1.45093
72.6882 28.6537 1.45127
72.7868 28.6604 1.45161
72.8854 28.6671 1.45194
72.984 28.6738 1.45228
73.0826 28.6806 1.45262
73.1812 28.6873 1.45295
73.2798 28.6939 1.45329
73.3784 28.7006 1.45362
73.477 28.7073 1.45395
73.5756 28.7139 1.45429
73.6742 28.7206 1.45462
73.7728 28.7272 1.45495
73.8714 28.7338 1.45528
73.97 28.7404 1.45561
74.0686 28.747 1.45595
74.1672 28.7536 1.45628
74.2658 28.7602 1.45661
74.3644 28.7668 1.45693
74.463 28.7733 1.45726
74.5616 28.7799 1.45759
74.6602 28.7864 1.45792
74.7588 28.793 1.45825
74.8574 28.7995 1.45857
74.956 28.806 1.4589
75.0546 28.8125 1.45923
75.1532 28.819 1.45955
75.2518 28.8255 1.45988
75.3504 28.8319 1.4602
75.4489 28.8384 1.46053
75.5475 28.8448 1.46085
75.6461 28.8513 1.46117
75.7447 28.8577 1.4615
75.8433 28.8641 1.46182
75.9419 28.8705 1.46214
76.0405 28.8769 1.46246
76.1391 28.8833 1.46278
76.2377 28.8897 1.4631
76.3363 28.8961 1.46342
76.4349 28.9025 1.46374
76.5335 28.9088 1.46406
76.6321 28.9152 1.46438
76.7307 28.9215 1.4647
76.8293 28.9278 1.46502
76.9279 28.9341 1.46533
77.0265 28.9404 1.46565
77.1251 28.9467 1.46597
77.2237 28.953 1.46628
77.3223 28.9593 1.4666
77.4209 28.9656 1.46691
77.5195 28.9718 1.46723
77.6181 28.9781 1.46754
77.7167 28.9843 1.46786
77.8153 28.9905 1.46817
77.9139 28.9968 1.46848
78.0125 29.003 1.4688
78.1111 29.0092 1.46911
78.2097 29.0154 1.46942
78.3083 29.0216 1.46973
78.4069 29.0277 1.47004
78.5055 29.0339 1.47035
78.6041 29.0401 1.47066
78.7027 29.0462 1.47097
78.8013 29.0524 1.47128
78.8999 29.0585 1.47159
78.9985 29.0646 1.4719
79.0971 29.0707 1.47221
79.1957 29.0768 1.47251
79.2943 29.0829 1.47282
79.3929 29.089 1.47313
79.4915 29.0951 1.47343
79.5901 29.1012 1.47374
79.6887 29.1072 1.47405
79.7873 29.1133 1.47435
79.8859 29.1193 1.47466
79.9845 29.1254 1.47496
80.0831 29.1314 1.47526
80.1817 29.1374 1.47557
80.2803 29.1434 1.47587
80.3789 29.1494 1.47617
80.4775 29.1554 1.47647
80.5761 29.1614 1.47678
80.6747 29.1674 1.47708
80.7733 29.1733 1.47738
80.8719 29.1793 1.47768
80.9705 29.1853 1.47798
81.0691 29.1912 1.47828
81.1677 29.1971 1.47858
81.2663 29.2031 1.47888
81.3649 29.209 1.47918
81.4635 29.2149 1.47948
81.5621 29.2208 1.47977
81.6607 29.2267 1.48007
81.7593 29.2326 1.48037
81.8579 29.2384 1.48066
81.9565 29.2443 1.48096
82.0551 29.2502 1.48126
82.1537 29.256 1.48155
82.2523 29.2618 1.48185
82.3509 29.2677 1.48214
82.4494 29.2735 1.48244
82.548 29.2793 1.48273
82.6466 29.2851 1.48302
82.7452 29.2909 1.48332
82.8438 29.2967 1.48361
82.9424 29.3025 1.4839
83.041 29.3083 1.48419
83.1396 29.3141 1.48449
83.2382 29.3198 1.48478
83.3368 29.3256 1.48507
83.4354 29.3313 1.48536
83.534 29.3371 1.48565
83.6326 29.3428 1.48594
83.7312 29.3485 1.48623
83.8298 29.3542 1.48652
83.9284 29.3599 1.48681
84.027 29.3656 1.48709
84.1256 29.3713 1.48738
84.2242 29.377 1.48767
84.3228 29.3827 1.48796
84.4214 29.3884 1.48824
84.52 29.394 1.48853
84.6186 29.3997 1.48882
84.7172 29.4053 1.4891
84.8158 29.4109 1.48939
84.9144 29.4166 1.48967
85.013 29.4222 1.48996
85.1116 29.4278 1.49024
85.2102 29.4334 1.49053
85.3088 29.439 1.49081
85.4074 29.4446 1.49109
85.506 29.4502 1.49138
85.6046 29.4558 1.49166
85.7032 29.4613 1.49194
85.8018 29.4669 1.49222
85.9004 29.4725 1.49251
85.999 29.478 1.49279
86.0976 29.4835 1.49307
86.1962 29.4891 1.49335
86.2948 29.4946 1.49363
86.3934 29.5001 1.49391
86.492 29.5056 1.49419
86.5906 29.5111 1.49447
86.6892 29.5166 1.49475
86.7878 29.5221 1.49502
86.8864 29.5276 1.4953
86.985 29.5331 1.49558
87.0836 29.5385 1.49586
87.1822 29.544 1.49613
87.2808 29.5494 1.49641
87.3794 29.5549 1.49669
87.478 29.5603 1.49696
87.5766 29.5658 1.49724
87.6752 29.5712 1.49751
87.7738 29.5766 1.49779
87.8724 29.582 1.49806
87.971 29.5874 1.49834
88.0696 29.5928 1.49861
88.1682 29.5982 1.49889
88.2668 29.6036 1.49916
88.3654 29.6089 1.49943
88.464 29.6143 1.4997
88.5626 29.6197 1.49998
88.6612 29.625 1.50025
88.7598 29.6304 1.50052
88.8584 29.6357 1.50079
88.957 29.641 1.50106
89.0556 29.6464 1.50133
89.1542 29.6517 1.5016
89.2528 29.657 1.50187
89.3514 29.6623 1.50214
89.4499 29.6676 1.50241
89.5485 29.6729 1.50268
89.6471 29.6782 1.50295
89.7457 29.6835 1.50322
89.8443 29.6887 1.50349
89.9429 29.694 1.50376
90.0415 29.6993 1.50402
90.1401 29.7045 1.50429
90.2387 29.7097 1.50456
90.3373 29.715 1.50482
90.4359 29.7202 1.50509
90.5345 29.7254 1.50536
90.6331 29.7307 1.50562
90.7317 29.7359 1.50589
90.8303 29.7411 1.50615
90.9289 29.7463 1.50642
91.0275 29.7515 1.50668
91.1261 29.7566 1.50694
91.2247 29.7618 1.50721
91.3233 29.767 1.50747
91.4219 29.7722 1.50773
91.5205 29.7773 1.508
91.6191 29.7825 1.50826
91.7177 29.7876 1.50852
91.8163 29.7928 1.50878
91.9149 29.7979 1.50904
92.0135 29.803 1.50931
92.1121 29.8081 1.50957
92.2107 29.8132 1.50983
92.3093 29.8184 1.51009
92.4079 29.8235 1.51035
92.5065 29.8286 1.51061
92.6051 29.8336 1.51087
92.7037 29.8387 1.51113
92.8023 29.8438 1.51138
92.9009 29.8489 1.51164
92.9995 29.8539 1.5119
93.0981 29.859 1.51216
93.1967 29.864 1.51242
93.2953 29.8691 1.51267
93.3939 29.8741 1.51293
93.4925 29.8792 1.51319
93.5911 29.8842 1.51344
93.6897 29.8892 1.5137
93.7883 29.8942 1.51396
93.8869 29.8992 1.51421
93.9855 29.9042 1.51447
94.0841 29.9092 1.51472
94.1827 29.9142 1.51498
94.2813 29.9192 1.51523
94.3799 29.9242 1.51549
94.4785 29.9291 1.51574
94.5771 29.9341 1.51599
94.6757 29.9391 1.51625
94.7743 29.944 1.5165
94.8729 29.949 1.51675
94.9715 29.9539 1.517
95.0701 29.9588 1.51726
95.1687 29.9638 1.51751
95.2673 29.9687 1.51776
95.3659 29.9736 1.51801
95.4645 29.9785 1.51826
95.5631 29.9834 1.51851
95.6617 29.9883 1.51876
95.7603 29.9932 1.51901
95.8589 29.9981 1.51926
95.9575 30.003 1.51951
96.0561 30.0079 1.51976
96.1547 30.0127 1.52001
96.2533 30.0176 1.52026
96.3519 30.0224 1.52051
96.4505 30.0273 1.52076
96.549 30.0321 1.521
96.6476 30.037 1.52125
96.7462 30.0418 1.5215
96.8448 30.0466 1.52175
96.9434 30.0515 1.52199
97.042 30.0563 1.52224
97.1406 30.0611 1.52248
97.2392 30.0659 1.52273
97.3378 30.0707 1.52298
97.4364 30.0755 1.52322
97.535 30.0803 1.52347
97.6336 30.0851 1.52371
97.7322 30.0899 1.52396
97.8308 30.0946 1.5242
97.9294 30.0994 1.52444
98.028 30.1042 1.52469
98.1266 30.1089 1.52493
98.2252 30.1137 1.52518
98.3238 30.1184 1.52542
98.4224 30.1231 1.52566
98.521 30.1279 1.5259
98.6196 30.1326 1.52615
98.7182 30.1373 1.52639
98.8168 30.142 1.52663
98.9154 30.1468 1.52687
99.014 30.1515 1.52711
99.1126 30.1562 1.52735
99.2112 30.1609 1.52759
99.3098 30.1656 1.52783
99.4084 30.1702 1.52807
99.507 30.1749 1.52831
99.6056 30.1796 1.52855
99.7042 30.1843 1.52879
99.8028 30.1889 1.52903
99.9014 30.1936 1.52927
100 30.1982 1.52951
