1.5 1.95109 0.36759
1.5986 2.46716 0.384111
1.6972 2.96032 0.400061
1.7958 3.4298 0.415385
1.89439 3.87861 0.43015
1.99299 4.30752 0.444365
2.09159 4.71677 0.458023
2.19019 5.10854 0.471179
2.28879 5.48433 0.483871
2.38739 5.84469 0.496109
2.48599 6.19018 0.507905
2.58458 6.52204 0.519292
2.68318 6.84175 0.530311
2.78178 7.14985 0.540976
2.88038 7.44683 0.5513
2.97898 7.73317 0.561296
3.07758 8.00939 0.570979
3.17618 8.27659 0.580379
3.27477 8.53534 0.589513
3.37337 8.78601 0.598392
3.47197 9.02895 0.607026
3.57057 9.26449 0.615424
3.66917 9.49295 0.623596
3.76777 9.71463 0.63155
3.86637 9.93085 0.639302
3.96496 10.1424 0.646866
4.06356 10.3489 0.654249
4.16216 10.5501 0.661459
4.26076 10.7457 0.668502
4.35936 10.9355 0.675384
4.45796 11.1194 0.682111
4.55656 11.2972 0.688689
4.65516 11.4689 0.695123
4.75375 11.6343 0.701418
4.85235 11.7939 0.707583
4.95095 11.9481 0.713626
5.04955 12.0975 0.71955
5.14815 12.2425 0.72536
5.24675 12.3835 0.731059
5.34535 12.5208 0.736651
5.44394 12.6548 0.742138
5.54254 12.7858 0.747524
5.64114 12.914 0.752813
5.73974 13.0398 0.758007
5.83834 13.1633 0.763108
5.93694 13.2847 0.76812
6.03554 13.4044 0.773045
6.13413 13.5223 0.777885
6.23273 13.6385 0.782646
6.33133 13.7526 0.78733
6.42993 13.8648 0.791941
6.52853 13.9751 0.796479
6.62713 14.0836 0.800948
6.72573 14.1903 0.805349
6.82432 14.2953 0.809684
6.92292 14.3986 0.813954
7.02152 14.5003 0.818161
7.12012 14.6003 0.822308
7.21872 14.6988 0.826394
7.31732 14.7958 0.830423
7.41592 14.8913 0.834395
7.51451 14.9853 0.838311
7.61311 15.078 0.842174
7.71171 15.1693 0.845984
7.81031 15.2592 0.849742
7.90891 15.3479 0.85345
8.00751 15.4353 0.857109
8.10611 15.5214 0.860721
8.2047 15.6064 0.864286
8.3033 15.6902 0.867807
8.4019 15.7729 0.871285
8.5005 15.8545 0.874721
8.5991 15.9351 0.878116
8.6977 16.0146 0.88147
8.7963 16.0932 0.884784
8.89489 16.1707 0.88806
8.99349 16.2473 0.891298
9.09209 16.3229 0.894499
9.19069 16.3976 0.897664
9.28929 16.4714 0.900793
9.38789 16.5443 0.903887
9.48649 16.6163 0.906947
9.58509 16.6875 0.909974
9.68368 16.7578 0.912967
9.78228 16.8274 0.915929
9.88088 16.8961 0.918859
9.97948 16.964 0.921757
10.0781 17.0312 0.924626
10.1767 17.0976 0.927465
10.2753 17.1633 0.930274
10.3739 17.2283 0.933055
10.4725 17.2925 0.935807
10.5711 17.356 0.938532
10.6697 17.4189 0.941229
10.7683 17.481 0.9439
10.8669 17.5426 0.946544
10.9655 17.6034 0.949163
11.0641 17.6637 0.951757
11.1627 17.7233 0.954327
11.2613 17.7824 0.956873
11.3599 17.8408 0.959396
11.4585 17.8987 0.961896
11.5571 17.956 0.964374
11.6557 18.0128 0.966829
11.7543 18.069 0.969262
11.8529 18.1247 0.971674
11.9515 18.1799 0.974065
12.0501 18.2346 0.976435
12.1486 18.2887 0.978785
12.2472 18.3423 0.981114
12.3458 18.3955 0.983423
12.4444 18.4481 0.985713
12.543 18.5003 0.987984
12.6416 18.552 0.990236
12.7402 18.6033 0.992469
12.8388 18.6541 0.994684
12.9374 18.7045 0.996881
13.036 18.7544 0.99906
13.1346 18.8038 1.00122
13.2332 18.8529 1.00337
13.3318 18.9015 1.00549
13.4304 18.9497 1.0076
13.529 18.9975 1.0097
13.6276 19.045 1.01177
13.7262 19.092 1.01383
13.8248 19.1386 1.01588
13.9234 19.1848 1.01791
14.022 19.2307 1.01992
14.1206 19.2761 1.02192
14.2192 19.3212 1.02391
14.3178 19.366 1.02588
14.4164 19.4104 1.02783
14.515 19.4544 1.02977
14.6136 19.4981 1.0317
14.7122 19.5414 1.03361
14.8108 19.5844 1.03551
14.9094 19.6271 1.03739
15.008 19.6694 1.03926
15.1066 19.7114 1.04112
15.2052 19.7531 1.04296
15.3038 19.7945 1.04479
15.4024 19.8356 1.04661
15.501 19.8763 1.04842
15.5996 19.9168 1.05021
15.6982 19.957 1.052
15.7968 19.9969 1.05377
15.8954 20.0365 1.05553
15.994 20.0759 1.05727
16.0926 20.1149 1.05901
16.1912 20.1537 1.06074
16.2898 20.1922 1.06245
16.3884 20.2305 1.06415
16.487 20.2685 1.06584
16.5856 20.3062 1.06752
16.6842 20.3437 1.06919
16.7828 20.3809 1.07085
16.8814 20.4178 1.0725
16.98 20.4545 1.07414
17.0786 20.491 1.07577
17.1772 20.5272 1.07739
17.2758 20.5632 1.079
17.3744 20.599 1.0806
17.473 20.6345 1.08219
17.5716 20.6698 1.08377
17.6702 20.7048 1.08534
17.7688 20.7397 1.0869
17.8674 20.7743 1.08845
17.966 20.8086 1.08999
18.0646 20.8428 1.09153
18.1632 20.8768 1.09305
18.2618 20.9105 1.09457
18.3604 20.944 1.09607
18.459 20.9774 1.09757
18.5576 21.0105 1.09906
18.6562 21.0434 1.10054
18.7548 21.0761 1.10201
18.8534 21.1086 1.10348
18.952 21.1409 1.10493
19.0506 21.173 1.10638
19.1491 21.205 1.10782
19.2477 21.2367 1.10925
19.3463 21.2682 1.11068
19.4449 21.2996 1.11209
19.5435 21.3308 1.1135
19.6421 21.3618 1.1149
19.7407 21.3926 1.11629
19.8393 21.4232 1.11768
19.9379 21.4536 1.11906
20.0365 21.4839 1.12043
20.1351 21.514 1.12179
20.2337 21.5439 1.12315
20.3323 21.5737 1.1245
20.4309 21.6033 1.12584
20.5295 21.6327 1.12717
20.6281 21.662 1.1285
20.7267 21.6911 1.12982
20.8253 21.72 1.13113
20.9239 21.7488 1.13244
21.0225 21.7774 1.13374
21.1211 21.8058 1.13503
21.2197 21.8341 1.13632
21.3183 21.8623 1.1376
21.4169 21.8903 1.13888
21.5155 21.9181 1.14014
21.6141 21.9458 1.14141
21.7127 21.9733 1.14266
21.8113 22.0007 1.14391
21.9099 22.028 1.14515
22.0085 22.0551 1.14639
22.1071 22.0821 1.14762
22.2057 22.1089 1.14885
22.3043 22.1356 1.15007
22.4029 22.1622 1.15128
22.5015 22.1887 1.15249
22.6001 22.215 1.15369
22.6987 22.2411 1.15489
22.7973 22.2672 1.15608
22.8959 22.2931 1.15726
22.9945 22.3188 1.15844
23.0931 22.3445 1.15962
23.1917 22.37 1.16079
23.2903 22.3954 1.16195
23.3889 22.4207 1.16311
23.4875 22.4459 1.16427
23.5861 22.4709 1.16541
23.6847 22.4958 1.16656
23.7833 22.5206 1.1677
23.8819 22.5453 1.16883
23.9805 22.5698 1.16996
24.0791 22.5943 1.17108
24.1777 22.6186 1.1722
24.2763 22.6428 1.17331
24.3749 22.6669 1.17442
24.4735 22.6909 1.17552
24.5721 22.7147 1.17662
24.6707 22.7385 1.17772
24.7693 22.7622 1.1788
24.8679 22.7857 1.17989
24.9665 22.8091 1.18097
25.0651 22.8325 1.18204
25.1637 22.8557 1.18312
25.2623 22.8788 1.18418
25.3609 22.9018 1.18524
25.4595 22.9247 1.1863
25.5581 22.9475 1.18735
25.6567 22.9702 1.1884
25.7553 22.9928 1.18945
25.8539 23.0153 1.19049
25.9525 23.0377 1.19152
26.0511 23.06 1.19255
26.1496 23.0822 1.19358
26.2482 23.1043 1.1946
26.3468 23.1263 1.19562
26.4454 23.1482 1.19664
26.544 23.1701 1.19765
26.6426 23.1918 1.19865
26.7412 23.2134 1.19966
26.8398 23.235 1.20066
26.9384 23.2564 1.20165
27.037 23.2778 1.20264
27.1356 23.299 1.20363
27.2342 23.3202 1.20461
27.3328 23.3413 1.20559
27.4314 23.3623 1.20656
27.53 23.3832 1.20754
27.6286 23.404 1.2085
27.7272 23.4247 1.20947
27.8258 23.4454 1.21043
27.9244 23.466 1.21138
28.023 23.4864 1.21234
28.1216 23.5068 1.21329
28.2202 23.5271 1.21423
28.3188 23.5474 1.21517
28.4174 23.5675 1.21611
28.516 23.5876 1.21705
28.6146 23.6076 1.21798
28.7132 23.6275 1.2189
28.8118 23.6473 1.21983
28.9104 23.667 1.22075
29.009 23.6867 1.22167
29.1076 23.7063 1.22258
29.2062 23.7258 1.22349
29.3048 23.7452 1.2244
29.4034 23.7646 1.2253
29.502 23.7839 1.2262
29.6006 23.8031 1.2271
29.6992 23.8222 1.228
29.7978 23.8412 1.22889
29.8964 23.8602 1.22977
29.995 23.8791 1.23066
30.0936 23.898 1.23154
30.1922 23.9167 1.23242
30.2908 23.9354 1.23329
30.3894 23.954 1.23416
30.488 23.9726 1.23503
30.5866 23.9911 1.2359
30.6852 24.0095 1.23676
30.7838 24.0278 1.23762
30.8824 24.0461 1.23848
30.981 24.0643 1.23933
31.0796 24.0824 1.24018
31.1782 24.1005 1.24103
31.2768 24.1185 1.24188
31.3754 24.1364 1.24272
31.474 24.1543 1.24356
31.5726 24.1721 1.24439
31.6712 24.1898 1.24523
31.7698 24.2075 1.24606
31.8684 24.2251 1.24688
31.967 24.2426 1.24771
32.0656 24.2601 1.24853
32.1642 24.2775 1.24935
32.2628 24.2949 1.25017
32.3614 24.3122 1.25098
32.46 24.3294 1.25179
32.5586 24.3466 1.2526
32.6572 24.3637 1.25341
32.7558 24.3808 1.25421
32.8544 24.3978 1.25501
32.953 24.4147 1.25581
33.0516 24.4316 1.25661
33.1502 24.4484 1.2574
33.2487 24.4652 1.25819
33.3473 24.4819 1.25898
33.4459 24.4985 1.25976
33.5445 24.5151 1.26055
33.6431 24.5316 1.26133
33.7417 24.5481 1.26211
33.8403 24.5645 1.26288
33.9389 24.5809 1.26366
34.0375 24.5972 1.26443
34.1361 24.6135 1.2652
34.2347 24.6297 1.26596
34.3333 24.6458 1.26673
34.4319 24.6619 1.26749
34.5305 24.678 1.26825
34.6291 24.694 1.269
34.7277 24.7099 1.26976
34.8263 24.7258 1.27051
34.9249 24.7416 1.27126
35.0235 24.7574 1.27201
35.1221 24.7731 1.27275
35.2207 24.7888 1.27349
35.3193 24.8044 1.27424
35.4179 24.82 1.27497
35.5165 24.8355 1.27571
35.6151 24.851 1.27644
35.7137 24.8664 1.27718
35.8123 24.8818 1.27791
35.9109 24.8971 1.27863
36.0095 24.9124 1.27936
36.1081 24.9276 1.28008
36.2067 24.9428 1.2808
36.3053 24.958 1.28152
36.4039 24.973 1.28224
36.5025 24.9881 1.28295
36.6011 25.0031 1.28367
36.6997 25.018 1.28438
36.7983 25.0329 1.28509
36.8969 25.0478 1.28579
36.9955 25.0626 1.2865
37.0941 25.0773 1.2872
37.1927 25.0921 1.2879
37.2913 25.1067 1.2886
37.3899 25.1213 1.28929
37.4885 25.1359 1.28999
37.5871 25.1505 1.29068
37.6857 25.165 1.29137
37.7843 25.1794 1.29206
37.8829 25.1938 1.29275
37.9815 25.2082 1.29343
38.0801 25.2225 1.29411
38.1787 25.2367 1.29479
38.2773 25.251 1.29547
38.3759 25.2652 1.29615
38.4745 25.2793 1.29683
38.5731 25.2934 1.2975
38.6717 25.3075 1.29817
38.7703 25.3215 1.29884
38.8689 25.3355 1.29951
38.9675 25.3494 1.30017
39.0661 25.3633 1.30084
39.1647 25.3771 1.3015
39.2633 25.391 1.30216
39.3619 25.4047 1.30282
39.4605 25.4185 1.30347
39.5591 25.4322 1.30413
39.6577 25.4458 1.30478
39.7563 25.4594 1.30543
39.8549 25.473 1.30608
39.9535 25.4865 1.30673
40.0521 25.5 1.30738
40.1507 25.5135 1.30802
40.2492 25.5269 1.30867
40.3478 25.5403 1.30931
40.4464 25.5536 1.30995
40.545 25.5669 1.31058
40.6436 25.5802 1.31122
40.7422 25.5934 1.31185
40.8408 25.6066 1.31249
40.9394 25.6198 1.31312
41.038 25.6329 1.31375
41.1366 25.646 1.31437
41.2352 25.659 1.315
41.3338 25.672 1.31562
41.4324 25.685 1.31625
41.531 25.6979 1.31687
41.6296 25.7108 1.31749
41.7282 25.7237 1.3181
41.8268 25.7365 1.31872
41.9254 25.7493 1.31934
42.024 25.7621 1.31995
42.1226 25.7748 1.32056
42.2212 25.7875 1.32117
42.3198 25.8001 1.32178
42.4184 25.8128 1.32239
42.517 25.8253 1.32299
42.6156 25.8379 1.3236
42.7142 25.8504 1.3242
42.8128 25.8629 1.3248
42.9114 25.8753 1.3254
43.01 25.8878 1.326
43.1086 25.9001 1.32659
43.2072 25.9125 1.32719
43.3058 25.9248 1.32778
43.4044 25.9371 1.32837
43.503 25.9493 1.32896
43.6016 25.9616 1.32955
43.7002 25.9737 1.33014
43.7988 25.9859 1.33072
43.8974 25.998 1.33131
43.996 26.0101 1.33189
44.0946 26.0222 1.33247
44.1932 26.0342 1.33305
44.2918 26.0462 1.33363
44.3904 26.0582 1.33421
44.489 26.0701 1.33479
44.5876 26.082 1.33536
44.6862 26.0939 1.33593
44.7848 26.1057 1.33651
44.8834 26.1175 1.33708
44.982 26.1293 1.33765
45.0806 26.141 1.33821
45.1792 26.1528 1.33878
45.2778 26.1644 1.33934
45.3764 26.1761 1.33991
45.475 26.1877 1.34047
45.5736 26.1993 1.34103
45.6722 26.2109 1.34159
45.7708 26.2224 1.34215
45.8694 26.234 1.34271
45.968 26.2454 1.34326
46.0666 26.2569 1.34382
46.1652 26.2683 1.34437
46.2638 26.2797 1.34492
46.3624 26.2911 1.34547
46.461 26.3024 1.34602
46.5596 26.3137 1.34657
46.6582 26.325 1.34712
46.7568 26.3363 1.34766
46.8554 26.3475 1.34821
46.954 26.3587 1.34875
47.0526 26.3699 1.34929
47.1512 26.381 1.34983
47.2497 26.3921 1.35037
47.3483 26.4032 1.35091
47.4469 26.4143 1.35145
47.5455 26.4253 1.35198
47.6441 26.4363 1.35251
47.7427 26.4473 1.35305
47.8413 26.4583 1.35358
47.9399 26.4692 1.35411
48.0385 26.4801 1.35464
48.1371 26.491 1.35517
48.2357 26.5018 1.3557
48.3343 26.5127 1.35622
48.4329 26.5235 1.35675
48.5315 26.5342 1.35727
48.6301 26.545 1.35779
48.7287 26.5557 1.35831
48.8273 26.5664 1.35883
48.9259 26.5771 1.35935
49.0245 26.5877 1.35987
49.1231 26.5984 1.36039
49.2217 26.609 1.3609
49.3203 26.6195 1.36142
49.4189 26.6301 1.36193
49.5175 26.6406 1.36244
49.6161 26.6511 1.36296
49.7147 26.6616 1.36347
49.8133 26.6721 1.36397
49.9119 26.6825 1.36448
50.0105 26.6929 1.36499
50.1091 26.7033 1.3655
50.2077 26.7136 1.366
50.3063 26.724 1.3665
50.4049 26.7343 1.36701
50.5035 26.7446 1.36751
50.6021 26.7548 1.36801
50.7007 26.7651 1.36851
50.7993 26.7753 1.36901
50.8979 26.7855 1.3695
50.9965 26.7957 1.37
51.0951 26.8058 1.3705
51.1937 26.8159 1.37099
51.2923 26.826 1.37148
51.3909 26.8361 1.37198
51.4895 26.8462 1.37247
51.5881 26.8562 1.37296
51.6867 26.8662 1.37345
51.7853 26.8762 1.37393
51.8839 26.8862 1.37442
51.9825 26.8961 1.37491
52.0811 26.9061 1.37539
52.1797 26.916 1.37588
52.2783 26.9259 1.37636
52.3769 26.9357 1.37684
52.4755 26.9456 1.37732
52.5741 26.9554 1.3778
52.6727 26.9652 1.37828
52.7713 26.975 1.37876
52.8699 26.9847 1.37924
52.9685 26.9944 1.37971
53.0671 27.0042 1.38019
53.1657 27.0138 1.38066
53.2643 27.0235 1.38114
53.3629 27.0332 1.38161
53.4615 27.0428 1.38208
53.5601 27.0524 1.38255
53.6587 27.062 1.38302
53.7573 27.0716 1.38349
53.8559 27.0811 1.38396
53.9545 27.0906 1.38443
54.0531 27.1001 1.38489
54.1517 27.1096 1.38536
54.2503 27.1191 1.38582
54.3488 27.1285 1.38628
54.4474 27.138 1.38675
54.546 27.1474 1.38721
54.6446 27.1568 1.38767
54.7432 27.1661 1.38813
54.8418 27.1755 1.38859
54.9404 27.1848 1.38904
55.039 27.1941 1.3895
55.1376 27.2034 1.38996
55.2362 27.2127 1.39041
55.3348 27.2219 1.39087
55.4334 27.2312 1.39132
55.532 27.2404 1.39177
55.6306 27.2496 1.39222
55.7292 27.2587 1.39267
55.8278 27.2679 1.39312
55.9264 27.277 1.39357
56.025 27.2861 1.39402
56.1236 27.2952 1.39447
56.2222 27.3043 1.39491
56.3208 27.3134 1.39536
56.4194 27.3224 1.39581
56.518 27.3315 1.39625
56.6166 27.3405 1.39669
56.7152 27.3495 1.39713
56.8138 27.3584 1.39758
56.9124 27.3674 1.39802
57.011 27.3763 1.39846
57.1096 27.3852 1.3989
57.2082 27.3941 1.39933
57.3068 27.403 1.39977
57.4054 27.4119 1.40021
57.504 27.4207 1.40064
57.6026 27.4295 1.40108
57.7012 27.4384 1.40151
57.7998 27.4472 1.40194
57.8984 27.4559 1.40238
57.997 27.4647 1.40281
58.0956 27.4734 1.40324
58.1942 27.4821 1.40367
58.2928 27.4909 1.4041
58.3914 27.4995 1.40453
58.49 27.5082 1.40495
58.5886 27.5169 1.40538
58.6872 27.5255 1.40581
58.7858 27.5341 1.40623
58.8844 27.5427 1.40666
58.983 27.5513 1.40708
59.0816 27.5599 1.4075
59.1802 27.5684 1.40793
59.2788 27.577 1.40835
59.3774 27.5855 1.40877
59.476 27.594 1.40919
59.5746 27.6025 1.40961
59.6732 27.611 1.41003
59.7718 27.6194 1.41044
59.8704 27.6279 1.41086
59.969 27.6363 1.41128
60.0676 27.6447 1.41169
60.1662 27.6531 1.41211
60.2648 27.6614 1.41252
60.3634 27.6698 1.41293
60.462 27.6782 1.41335
60.5606 27.6865 1.41376
60.6592 27.6948 1.41417
60.7578 27.7031 1.41458
60.8564 27.7114 1.41499
60.955 27.7196 1.4154
61.0536 27.7279 1.41581
61.1522 27.7361 1.41621
61.2508 27.7443 1.41662
61.3493 27.7525 1.41703
61.4479 27.7607 1.41743
61.5465 27.7689 1.41784
61.6451 27.777 1.41824
61.7437 27.7852 1.41864
61.8423 27.7933 1.41904
61.9409 27.8014 1.41945
62.0395 27.8095 1.41985
62.1381 27.8176 1.42025
62.2367 27.8257 1.42065
62.3353 27.8337 1.42105
62.4339 27.8417 1.42144
62.5325 27.8498 1.42184
62.6311 27.8578 1.42224
62.7297 27.8658 1.42263
62.8283 27.8737 1.42303
62.9269 27.8817 1.42343
63.0255 27.8896 1.42382
63.1241 27.8976 1.42421
63.2227 27.9055 1.42461
63.3213 27.9134 1.425
63.4199 27.9213 1.42539
63.5185 27.9292 1.42578
63.6171 27.937 1.42617
63.7157 27.9449 1.42656
63.8143 27.9527 1.42695
63.9129 27.9605 1.42734
64.0115 27.9683 1.42772
64.1101 27.9761 1.42811
64.2087 27.9839 1.4285
64.3073 27.9917 1.42888
64.4059 27.9994 1.42927
64.5045 28.0071 1.42965
64.6031 28.0149 1.43004
64.7017 28.0226 1.43042
64.8003 28.0303 1.4308
64.8989 28.0379 1.43118
64.9975 28.0456 1.43156
65.0961 28.0533 1.43194
65.1947 28.0609 1.43232
65.2933 28.0685 1.4327
65.3919 28.0761 1.43308
65.4905 28.0837 1.43346
65.5891 28.0913 1.43384
65.6877 28.0989 1.43421
65.7863 28.1065 1.43459
65.8849 28.114 1.43497
65.9835 28.1215 1.43534
66.0821 28.129 1.43572
66.1807 28.1366 1.43609
66.2793 28.144 1.43646
66.3779 28.1515 1.43683
66.4765 28.159 1.43721
66.5751 28.1664 1.43758
66.6737 28.1739 1.43795
66.7723 28.1813 1.43832
66.8709 28.1887 1.43869
66.9695 28.1961 1.43906
67.0681 28.2035 1.43942
67.1667 28.2109 1.43979
67.2653 28.2183 1.44016
67.3639 28.2256 1.44053
67.4625 28.233 1.44089
67.5611 28.2403 1.44126
67.6597 28.2476 1.44162
67.7583 28.2549 1.44199
67.8569 28.2622 1.44235
67.9555 28.2695 1.44271
68.0541 28.2767 1.44307
68.1527 28.284 1.44344
68.2513 28.2912 1.4438
68.3498 28.2984 1.44416
68.4484 28.3057 1.44452
68.547 28.3129 1.44488
68.6456 28.3201 1.44524
68.7442 28.3272 1.4456
68.8428 28.3344 1.44595
68.9414 28.3416 1.44631
69.04 28.3487 1.44667
69.1386 28.3558 1.44702
69.2372 28.363 1.44738
69.3358 28.3701 1.44773
69.4344 28.3772 1.44809
69.533 28.3842 1.44844
69.6316 28.3913 1.4488
69.7302 28.3984 1.44915
69.8288 28.4054 1.4495
69.9274 28.4125 1.44985
70.026 28.4195 1.4502
70.1246 28.4265 1.45055
70.2232 28.4335 1.4509
70.3218 28.4405 1.45125
70.4204 28.4475 1.4516
70.519 28.4544 1.45195
70.6176 28.4614 1.4523
70.7162 28.4683 1.45265
70.8148 28.4753 1.45299
70.9134 28.4822 1.45334
71.012 28.4891 1.45369
71.1106 28.496 1.45403
71.2092 28.5029 1.45438
71.3078 28.5098 1.45472
71.4064 28.5166 1.45506
71.505 28.5235 1.45541
71.6036 28.5303 1.45575
71.7022 28.5372 1.45609
71.8008 28.544 1.45643
71.8994 28.5508 1.45678
71.998 28.5576 1.45712
72.0966 28.5644 1.45746
72.1952 28.5712 1.4578
72.2938 28.5779 1.45814
72.3924 28.5847 1.45847
72.491 28.5914 1.45881
72.5896 28.5982 1.45915
72.6882 28.6049 1.45949
72.7868 28.6116 1.45982
72.8854 28.6183 1.46016
72.984 28.625 1.46049
73.0826 28.6317 1.46083
73.1812 28.6384 1.46116
73.2798 28.645 1.4615
73.3784 28.6517 1.46183
73.477 28.6583 1.46217
73.5756 28.6649 1.4625
73.6742 28.6716 1.46283
73.7728 28.6782 1.46316
73.8714 28.6848 1.46349
73.97 28.6914 1.46382
74.0686 28.6979 1.46415
74.1672 28.7045 1.46448
74.2658 28.7111 1.46481
74.3644 28.7176 1.46514
74.463 28.7241 1.46547
74.5616 28.7307 1.4658
74.6602 28.7372 1.46613
74.7588 28.7437 1.46645
74.8574 28.7502 1.46678
74.956 28.7567 1.4671
75.0546 28.7631 1.46743
75.1532 28.7696 1.46775
75.2518 28.7761 1.46808
75.3504 28.7825 1.4684
75.4489 28.789 1.46873
75.5475 28.7954 1.46905
75.6461 28.8018 1.46937
75.7447 28.8082 1.46969
75.8433 28.8146 1.47002
75.9419 28.821 1.47034
76.0405 28.8274 1.47066
76.1391 28.8337 1.47098
76.2377 28.8401 1.4713
76.3363 28.8464 1.47162
76.4349 28.8528 1.47194
76.5335 28.8591 1.47226
76.6321 28.8654 1.47257
76.7307 28.8718 1.47289
76.8293 28.8781 1.47321
76.9279 28.8843 1.47353
77.0265 28.8906 1.47384
77.1251 28.8969 1.47416
77.2237 28.9032 1.47447
77.3223 28.9094 1.47479
77.4209 28.9157 1.4751
77.5195 28.9219 1.47542
77.6181 28.9281 1.47573
77.7167 28.9344 1.47605
77.8153 28.9406 1.47636
77.9139 28.9468 1.47667
78.0125 28.953 1.47698
78.1111 28.9591 1.47729
78.2097 28.9653 1.47761
78.3083 28.9715 1.47792
78.4069 28.9776 1.47823
78.5055 28.9838 1.47854
78.6041 28.9899 1.47885
78.7027 28.996 1.47916
78.8013 29.0022 1.47946
78.8999 29.0083 1.47977
78.9985 29.0144 1.48008
79.0971 29.0205 1.48039
79.1957 29.0266 1.4807
79.2943 29.0326 1.481
79.3929 29.0387 1.48131
79.4915 29.0448 1.48161
79.5901 29.0508 1.48192
79.6887 29.0568 1.48222
79.7873 29.0629 1.48253
79.8859 29.0689 1.48283
79.9845 29.0749 1.48314
80.0831 29.0809 1.48344
80.1817 29.0869 1.48374
80.2803 29.0929 1.48405
80.3789 29.0989 1.48435
80.4775 29.1049 1.48465
80.5761 29.1108 1.48495
80.6747 29.1168 1.48525
80.7733 29.1227 1.48555
80.8719 29.1287 1.48585
80.9705 29.1346 1.48615
81.0691 29.1405 1.48645
81.1677 29.1464 1.48675
81.2663 29.1523 1.48705
81.3649 29.1582 1.48735
81.4635 29.1641 1.48764
81.5621 29.17 1.48794
81.6607 29.1759 1.48824
81.7593 29.1817 1.48854
81.8579 29.1876 1.48883
81.9565 29.1934 1.48913
82.0551 29.1993 1.48942
82.1537 29.2051 1.48972
82.2523 29.2109 1.49001
82.3509 29.2167 1.49031
82.4494 29.2225 1.4906
82.548 29.2283 1.49089
82.6466 29.2341 1.49119
82.7452 29.2399 1.49148
82.8438 29.2457 1.49177
82.9424 29.2514 1.49206
83.041 29.2572 1.49236
83.1396 29.2629 1.49265
83.2382 29.2687 1.49294
83.3368 29.2744 1.49323
83.4354 29.2801 1.49352
83.534 29.2859 1.49381
83.6326 29.2916 1.4941
83.7312 29.2973 1.49439
83.8298 29.303 1.49467
83.9284 29.3087 1.49496
84.027 29.3143 1.49525
84.1256 29.32 1.49554
84.2242 29.3257 1.49583
84.3228 29.3313 1.49611
84.4214 29.337 1.4964
84.52 29.3426 1.49669
84.6186 29.3482 1.49697
84.7172 29.3539 1.49726
84.8158 29.3595 1.49754
84.9144 29.3651 1.49783
85.013 29.3707 1.49811
85.1116 29.3763 1.49839
85.2102 29.3819 1.49868
85.3088 29.3875 1.49896
85.4074 29.393 1.49924
85.506 29.3986 1.49953
85.6046 29.4042 1.49981
85.7032 29.4097 1.50009
85.8018 29.4152 1.50037
85.9004 29.4208 1.50065
85.999 29.4263 1.50093
86.0976 29.4318 1.50121
86.1962 29.4373 1.50149
86.2948 29.4428 1.50177
86.3934 29.4483 1.50205
86.492 29.4538 1.50233
86.5906 29.4593 1.50261
86.6892 29.4648 1.50289
86.7878 29.4703 1.50317
86.8864 29.4757 1.50344
86.985 29.4812 1.50372
87.0836 29.4866 1.504
87.1822 29.4921 1.50427
87.2808 29.4975 1.50455
87.3794 29.5029 1.50483
87.478 29.5083 1.5051
87.5766 29.5138 1.50538
87.6752 29.5192 1.50565
87.7738 29.5246 1.50593
87.8724 29.5299 1.5062
87.971 29.5353 1.50647
88.0696 29.5407 1.50675
88.1682 29.5461 1.50702
88.2668 29.5514 1.50729
88.3654 29.5568 1.50757
88.464 29.5621 1.50784
88.5626 29.5675 1.50811
88.6612 29.5728 1.50838
88.7598 29.5781 1.50865
88.8584 29.5835 1.50892
88.957 29.5888 1.5092
89.0556 29.5941 1.50947
89.1542 29.5994 1.50974
89.2528 29.6047 1.51
89.3514 29.61 1.51027
89.4499 29.6152 1.51054
89.5485 29.6205 1.51081
89.6471 29.6258 1.51108
89.7457 29.631 1.51135
89.8443 29.6363 1.51162
89.9429 29.6415 1.51188
90.0415 29.6468 1.51215
90.1401 29.652 1.51242
90.2387 29.6572 1.51268
90.3373 29.6625 1.51295
90.4359 29.6677 1.51321
90.5345 29.6729 1.51348
90.6331 29.6781 1.51375
90.7317 29.6833 1.51401
90.8303 29.6885 1.51427
90.9289 29.6936 1.51454
91.0275 29.6988 1.5148
91.1261 29.704 1.51507
91.2247 29.7091 1.51533
91.3233 29.7143 1.51559
91.4219 29.7194 1.51586
91.5205 29.7246 1.51612
91.6191 29.7297 1.51638
91.7177 29.7348 1.51664
91.8163 29.74 1.5169
91.9149 29.7451 1.51716
92.0135 29.7502 1.51742
92.1121 29.7553 1.51768
92.2107 29.7604 1.51795
92.3093 29.7655 1.5182
92.4079 29.7706 1.51846
92.5065 29.7756 1.51872
92.6051 29.7807 1.51898
92.7037 29.7858 1.51924
92.8023 29.7908 1.5195
92.9009 29.7959 1.51976
92.9995 29.8009 1.52002
93.0981 29.806 1.52027
93.1967 29.811 1.52053
93.2953 29.816 1.52079
93.3939 29.8211 1.52104
93.4925 29.8261 1.5213
93.5911 29.8311 1.52156
93.6897 29.8361 1.52181
93.7883 29.8411 1.52207
93.8869 29.8461 1.52232
93.9855 29.8511 1.52258
94.0841 29.856 1.52283
94.1827 29.861 1.52309
94.2813 29.866 1.52334
94.3799 29.8709 1.52359
94.4785 29.8759 1.52385
94.5771 29.8808 1.5241
94.6757 29.8858 1.52435
94.7743 29.8907 1.52461
94.8729 29.8956 1.52486
94.9715 29.9006 1.52511
95.0701 29.9055 1.52536
95.1687 29.9104 1.52561
95.2673 29.9153 1.52586
95.3659 29.9202 1.52611
95.4645 29.9251 1.52636
95.5631 29.93 1.52661
95.6617 29.9349 1.52686
95.7603 29.9397 1.52711
95.8589 29.9446 1.52736
95.9575 29.9495 1.52761
96.0561 29.9543 1.52786
96.1547 29.9592 1.52811
96.2533 29.964 1.52836
96.3519 29.9689 1.52861
96.4505 29.9737 1.52885
96.549 29.9785 1.5291
96.6476 29.9834 1.52935
96.7462 29.9882 1.5296
96.8448 29.993 1.52984
96.9434 29.9978 1.53009
97.042 30.0026 1.53033
97.1406 30.0074 1.53058
97.2392 30.0122 1.53083
97.3378 30.017 1.53107
97.4364 30.0218 1.53132
97.535 30.0265 1.53156
97.6336 30.0313 1.53181
97.7322 30.0361 1.53205
97.8308 30.0408 1.53229
97.9294 30.0456 1.53254
98.028 30.0503 1.53278
98.1266 30.0551 1.53302
98.2252 30.0598 1.53327
98.3238 30.0645 1.53351
98.4224 30.0692 1.53375
98.521 30.074 1.53399
98.6196 30.0787 1.53424
98.7182 30.0834 1.53448
98.8168 30.0881 1.53472
98.9154 30.0928 1.53496
99.014 30.0975 1.5352
99.1126 30.1021 1.53544
99.2112 30.1068 1.53568
99.3098 30.1115 1.53592
99.4084 30.1162 1.53616
99.507 30.1208 1.5364
99.6056 30.1255 1.53664
99.7042 30.1301 1.53688
99.8028 30.1348 1.53712
99.9014 30.1394 1.53735
100 30.1441 1.53759
