1e-05 70.1687 3.14246
0.00101099 16.9074 0.937322
0.00201198 13.1493 0.799709
0.00301297 11.2408 0.736143
0.00401396 10.0017 0.698494
0.00501495 9.10119 0.673541
0.00601595 8.40325 0.655906
0.00701694 7.83699 0.642891
0.00801793 7.36421 0.633052
0.00901892 6.96047 0.625471
0.0100199 6.60873 0.619518
0.0110209 6.29859 0.614829
0.0120219 6.02233 0.611139
0.0130229 5.77328 0.608208
0.0140239 5.54701 0.605891
0.0150249 5.34019 0.60408
0.0160259 5.15021 0.602696
0.0170268 4.97473 0.601664
0.0180278 4.81165 0.600903
0.0190288 4.6595 0.600378
0.0200298 4.51714 0.600056
0.0210308 4.38358 0.599903
0.0220318 4.25799 0.599904
0.0230328 4.13956 0.600037
0.0240338 4.02753 0.600272
0.0250348 3.92123 0.600586
0.0260358 3.82023 0.600979
0.0270368 3.72411 0.601439
0.0280377 3.6325 0.601954
0.0290387 3.54506 0.602514
0.0300397 3.4615 0.603122
0.0310407 3.38155 0.603771
0.0320417 3.3049 0.604448
0.0330427 3.23133 0.605143
0.0340437 3.16062 0.60585
0.0350447 3.09261 0.606577
0.0360457 3.02714 0.607318
0.0370467 2.96405 0.608069
0.0380477 2.90322 0.608822
0.0390486 2.84451 0.609578
0.0400496 2.78783 0.610343
0.0410506 2.73305 0.611112
0.0420516 2.68007 0.611882
0.0430526 2.62878 0.612645
0.0440536 2.5791 0.613398
0.0450546 2.53094 0.614142
0.0460556 2.48424 0.614882
0.0470566 2.43894 0.615617
0.0480576 2.39496 0.616344
0.0490586 2.35225 0.617061
0.0500595 2.31076 0.617766
0.0510605 2.27042 0.618458
0.0520615 2.23121 0.619143
0.0530625 2.19307 0.619822
0.0540635 2.15595 0.620491
0.0550645 2.11981 0.621147
0.0560655 2.0846 0.621789
0.0570665 2.05029 0.622413
0.0580675 2.01684 0.623021
0.0590685 1.98423 0.623617
0.0600695 1.95243 0.624202
0.0610705 1.9214 0.624774
0.0620714 1.89111 0.625332
0.0630724 1.86154 0.625875
0.0640734 1.83267 0.626401
0.0650744 1.80446 0.62691
0.0660754 1.7769 0.627406
0.0670764 1.74998 0.62789
0.0680774 1.72366 0.628363
0.0690784 1.69793 0.628821
0.0700794 1.67277 0.629264
0.0710804 1.64815 0.629691
0.0720814 1.62406 0.630101
0.0730823 1.60048 0.630492
0.0740833 1.5774 0.630867
0.0750843 1.5548 0.631229
0.0760853 1.53268 0.631578
0.0770863 1.51102 0.631913
0.0780873 1.4898 0.632233
0.0790883 1.469 0.632538
0.0800893 1.44862 0.632827
0.0810903 1.42864 0.633099
0.0820913 1.40905 0.633355
0.0830923 1.38984 0.633597
0.0840932 1.37101 0.633828
0.0850942 1.35255 0.634047
0.0860952 1.33444 0.634251
0.0870962 1.31667 0.634441
0.0880972 1.29923 0.634615
0.0890982 1.28212 0.634774
0.0900992 1.26532 0.634916
0.0911002 1.24882 0.635041
0.0921012 1.23263 0.635152
0.0931022 1.21673 0.635251
0.0941032 1.20112 0.635337
0.0951041 1.1858 0.635409
0.0961051 1.17074 0.635468
0.0971061 1.15595 0.635512
0.0981071 1.14142 0.635541
0.0991081 1.12714 0.635556
0.100109 1.1131 0.635555
0.10111 1.09929 0.635539
0.102111 1.08572 0.63551
0.103112 1.07239 0.63547
0.104113 1.05928 0.635418
0.105114 1.04639 0.635353
0.106115 1.03372 0.635274
0.107116 1.02125 0.635182
0.108117 1.00899 0.635076
0.109118 0.996931 0.634956
0.110119 0.985061 0.634821
0.11112 0.973378 0.634671
0.112121 0.961886 0.634509
0.113122 0.950583 0.634335
0.114123 0.939463 0.63415
0.115124 0.928521 0.633952
0.116125 0.917752 0.633742
0.117126 0.90715 0.633519
0.118127 0.896712 0.633284
0.119128 0.886432 0.633035
0.120129 0.876306 0.632772
0.12113 0.86633 0.632496
0.122131 0.8565 0.632207
0.123132 0.846822 0.631907
0.124133 0.837292 0.631596
0.125134 0.827906 0.631273
0.126135 0.818661 0.630939
0.127136 0.809554 0.630593
0.128137 0.80058 0.630236
0.129138 0.791737 0.629866
0.130139 0.783022 0.629484
0.13114 0.774431 0.629089
0.132141 0.765962 0.628681
0.133142 0.757612 0.628261
0.134143 0.749384 0.627831
0.135144 0.741278 0.62739
0.136145 0.73329 0.626938
0.137146 0.725417 0.626475
0.138147 0.717656 0.626002
0.139148 0.710003 0.625517
0.140149 0.702457 0.625022
0.14115 0.695014 0.624514
0.142151 0.687672 0.623995
0.143152 0.680427 0.623465
0.144153 0.673279 0.622922
0.145154 0.666226 0.622369
0.146155 0.659272 0.621805
0.147156 0.652415 0.621232
0.148157 0.645652 0.620649
0.149158 0.63898 0.620055
0.150159 0.632399 0.619451
0.15116 0.625905 0.618837
0.152161 0.619497 0.618212
0.153162 0.613172 0.617577
0.154163 0.606929 0.616931
0.155164 0.600765 0.616274
0.156165 0.594678 0.615607
0.157166 0.588671 0.614929
0.158167 0.582744 0.614242
0.159168 0.576897 0.613546
0.160169 0.571127 0.61284
0.16117 0.565432 0.612125
0.162171 0.55981 0.611401
0.163172 0.55426 0.610667
0.164173 0.548779 0.609923
0.165174 0.543367 0.609169
0.166175 0.538021 0.608406
0.167175 0.532739 0.607633
0.168176 0.52752 0.60685
0.169177 0.522364 0.606057
0.170178 0.517273 0.605255
0.171179 0.512247 0.604444
0.17218 0.507285 0.603625
0.173181 0.502384 0.602797
0.174182 0.497544 0.601959
0.175183 0.492763 0.601114
0.176184 0.488039 0.600259
0.177185 0.483373 0.599396
0.178186 0.478761 0.598523
0.179187 0.474204 0.597642
0.180188 0.4697 0.596752
0.181189 0.465247 0.595854
0.18219 0.460847 0.594946
0.183191 0.456501 0.594031
0.184192 0.452209 0.593108
0.185193 0.44797 0.592177
0.186194 0.443781 0.591239
0.187195 0.439642 0.590292
0.188196 0.435551 0.589337
0.189197 0.431507 0.588374
0.190198 0.42751 0.587403
0.191199 0.423557 0.586424
0.1922 0.419649 0.585437
0.193201 0.415783 0.584442
0.194202 0.411958 0.583438
0.195203 0.408176 0.582427
0.196204 0.404438 0.581408
0.197205 0.400743 0.580382
0.198206 0.397091 0.579348
0.199207 0.393481 0.578307
0.200208 0.389912 0.577259
0.201209 0.386382 0.576203
0.20221 0.382892 0.57514
0.203211 0.37944 0.57407
0.204212 0.376026 0.572993
0.205213 0.372649 0.571909
0.206214 0.369308 0.570818
0.207215 0.366003 0.56972
0.208216 0.362733 0.568615
0.209217 0.3595 0.567503
0.210218 0.356304 0.566385
0.211219 0.353144 0.565261
0.21222 0.35002 0.564129
0.213221 0.34693 0.562992
0.214222 0.343874 0.561848
0.215223 0.340851 0.560697
0.216224 0.337859 0.55954
0.217225 0.3349 0.558377
0.218226 0.331971 0.557207
0.219227 0.329072 0.556031
0.220228 0.326202 0.554849
0.221229 0.32336 0.55366
0.22223 0.320548 0.552466
0.223231 0.317766 0.551265
0.224232 0.315014 0.550057
0.225233 0.312292 0.548844
0.226234 0.309598 0.547625
0.227235 0.306933 0.5464
0.228236 0.304296 0.545169
0.229237 0.301686 0.543933
0.230238 0.299103 0.542691
0.231239 0.296546 0.541444
0.23224 0.294015 0.540192
0.233241 0.291509 0.538934
0.234242 0.289027 0.537671
0.235243 0.28657 0.536404
0.236244 0.284138 0.535131
0.237245 0.281731 0.533853
0.238246 0.279351 0.532569
0.239247 0.276995 0.531281
0.240248 0.274664 0.529988
0.241249 0.272356 0.528689
0.24225 0.270072 0.527386
0.243251 0.267811 0.526078
0.244252 0.265572 0.524765
0.245253 0.263355 0.523448
0.246254 0.261159 0.522126
0.247255 0.258984 0.520799
0.248256 0.256829 0.519468
0.249257 0.254694 0.518133
0.250258 0.252579 0.516793
0.251259 0.250485 0.515448
0.25226 0.248413 0.514099
0.253261 0.246361 0.512744
0.254262 0.24433 0.511386
0.255263 0.242319 0.510023
0.256264 0.240327 0.508655
0.257265 0.238355 0.507284
0.258266 0.236401 0.505909
0.259267 0.234466 0.50453
0.260268 0.23255 0.503148
0.261269 0.230651 0.501762
0.26227 0.22877 0.500373
0.263271 0.226906 0.49898
0.264272 0.225059 0.497585
0.265273 0.22323 0.496186
0.266274 0.22142 0.494783
0.267275 0.219628 0.493376
0.268276 0.217853 0.491966
0.269277 0.216096 0.490552
0.270278 0.214355 0.489135
0.271279 0.212631 0.487715
0.27228 0.210923 0.486292
0.273281 0.20923 0.484866
0.274282 0.207554 0.483436
0.275283 0.205892 0.482004
0.276284 0.204244 0.480568
0.277285 0.202611 0.47913
0.278285 0.200993 0.477689
0.279286 0.199388 0.476246
0.280287 0.197798 0.474799
0.281288 0.196224 0.473348
0.282289 0.194665 0.471895
0.28329 0.19312 0.470438
0.284291 0.191589 0.468978
0.285292 0.190072 0.467516
0.286293 0.188569 0.466052
0.287294 0.18708 0.464585
0.288295 0.185604 0.463115
0.289296 0.184141 0.461644
0.290297 0.182691 0.460171
0.291298 0.181253 0.458696
0.292299 0.179827 0.457219
0.2933 0.178414 0.455741
0.294301 0.177013 0.454261
0.295302 0.175625 0.452779
0.296303 0.17425 0.451295
0.297304 0.172888 0.449809
0.298305 0.171538 0.44832
0.299306 0.170201 0.44683
0.300307 0.168875 0.445337
0.301308 0.167561 0.443843
0.302309 0.166259 0.442348
0.30331 0.164968 0.440851
0.304311 0.163688 0.439352
0.305312 0.162418 0.437852
0.306313 0.161159 0.436351
0.307314 0.159911 0.434849
0.308315 0.158672 0.433345
0.309316 0.157444 0.43184
0.310317 0.156227 0.430334
0.311318 0.15502 0.428825
0.312319 0.153825 0.427314
0.31332 0.15264 0.425802
0.314321 0.151465 0.424288
0.315322 0.1503 0.422774
0.316323 0.149145 0.421258
0.317324 0.148001 0.419741
0.318325 0.146865 0.418224
0.319326 0.14574 0.416706
0.320327 0.144623 0.415188
0.321328 0.143516 0.413669
0.322329 0.142418 0.412151
0.32333 0.141329 0.410633
0.324331 0.140249 0.409114
0.325332 0.139178 0.407595
0.326333 0.138117 0.406076
0.327334 0.137066 0.404555
0.328335 0.136023 0.403034
0.329336 0.13499 0.401512
0.330337 0.133965 0.39999
0.331338 0.132949 0.398468
0.332339 0.131942 0.396946
0.33334 0.130942 0.395423
0.334341 0.129951 0.3939
0.335342 0.128968 0.392378
0.336343 0.127993 0.390855
0.337344 0.127025 0.389333
0.338345 0.126064 0.387811
0.339346 0.125111 0.38629
0.340347 0.124166 0.384768
0.341348 0.123228 0.383246
0.342349 0.122298 0.381723
0.34335 0.121377 0.3802
0.344351 0.120463 0.378676
0.345352 0.119556 0.377153
0.346353 0.118657 0.37563
0.347354 0.117765 0.374107
0.348355 0.11688 0.372585
0.349356 0.116002 0.371063
0.350357 0.115132 0.369543
0.351358 0.114268 0.368023
0.352359 0.113411 0.366504
0.35336 0.11256 0.364987
0.354361 0.111716 0.363472
0.355362 0.110878 0.361958
0.356363 0.110048 0.360444
0.357364 0.109224 0.358931
0.358365 0.108407 0.357418
0.359366 0.107598 0.355906
0.360367 0.106794 0.354395
0.361368 0.105998 0.352884
0.362369 0.105207 0.351375
0.36337 0.104423 0.349867
0.364371 0.103645 0.348359
0.365372 0.102873 0.346853
0.366373 0.102107 0.345349
0.367374 0.101346 0.343846
0.368375 0.100592 0.342344
0.369376 0.0998424 0.340844
0.370377 0.0990985 0.339346
0.371378 0.0983602 0.337849
0.372379 0.0976277 0.336353
0.37338 0.0969012 0.334858
0.374381 0.0961804 0.333363
0.375382 0.0954653 0.331869
0.376383 0.0947559 0.330377
0.377384 0.0940519 0.328886
0.378385 0.0933534 0.327396
0.379386 0.0926603 0.325908
0.380387 0.0919725 0.324422
0.381388 0.0912898 0.322938
0.382389 0.0906123 0.321456
0.38339 0.0899398 0.319976
0.384391 0.0892723 0.318499
0.385392 0.0886097 0.317024
0.386393 0.0879519 0.315553
0.387394 0.087299 0.314083
0.388395 0.0866515 0.312615
0.389395 0.0860092 0.311149
0.390396 0.0853719 0.309685
0.391397 0.0847397 0.308222
0.392398 0.0841125 0.306761
0.393399 0.08349 0.305303
0.3944 0.0828723 0.303846
0.395401 0.0822592 0.302392
0.396402 0.0816506 0.30094
0.397403 0.0810466 0.299491
0.398404 0.0804468 0.298043
0.399405 0.0798514 0.296599
0.400406 0.0792602 0.295157
0.401407 0.078673 0.293718
0.402408 0.0780899 0.292282
0.403409 0.0775109 0.290848
0.40441 0.0769363 0.289416
0.405411 0.0763661 0.287985
0.406412 0.0758003 0.286557
0.407413 0.0752387 0.285131
0.408414 0.0746813 0.283707
0.409415 0.0741281 0.282285
0.410416 0.0735789 0.280866
0.411417 0.0730338 0.27945
0.412418 0.0724927 0.278036
0.413419 0.0719554 0.276625
0.41442 0.071422 0.275218
0.415421 0.0708924 0.273814
0.416422 0.0703666 0.272413
0.417423 0.0698444 0.271016
0.418424 0.0693259 0.269622
0.419425 0.068811 0.268232
0.420426 0.0683002 0.266844
0.421427 0.0677933 0.26546
0.422428 0.0672902 0.264078
0.423429 0.066791 0.262698
0.42443 0.0662955 0.261322
0.425431 0.0658036 0.259949
0.426432 0.0653154 0.258578
0.427433 0.0648306 0.257211
0.428434 0.0643494 0.255847
0.429435 0.0638714 0.254486
0.430436 0.0633968 0.253129
0.431437 0.0629255 0.251775
0.432438 0.0624573 0.250424
0.433439 0.0619922 0.249077
0.43444 0.0615302 0.247733
0.435441 0.0610712 0.246393
0.436442 0.0606154 0.245056
0.437443 0.060163 0.243721
0.438444 0.0597139 0.242389
0.439445 0.059268 0.24106
0.440446 0.0588253 0.239734
0.441447 0.0583857 0.238411
0.442448 0.0579493 0.237092
0.443449 0.0575159 0.235776
0.44445 0.0570855 0.234463
0.445451 0.0566582 0.233154
0.446452 0.0562338 0.231848
0.447453 0.0558122 0.230547
0.448454 0.0553936 0.229249
0.449455 0.0549778 0.227956
0.450456 0.0545648 0.226666
0.451457 0.0541546 0.225381
0.452458 0.0537472 0.2241
0.453459 0.0533428 0.222822
0.45446 0.0529415 0.221548
0.455461 0.052543 0.220277
0.456462 0.0521475 0.21901
0.457463 0.0517548 0.217746
0.458464 0.0513648 0.216485
0.459465 0.0509776 0.215229
0.460466 0.050593 0.213976
0.461467 0.0502111 0.212727
0.462468 0.0498317 0.211482
0.463469 0.0494549 0.210241
0.46447 0.0490805 0.209003
0.465471 0.0487086 0.20777
0.466472 0.048339 0.206541
0.467473 0.0479718 0.205315
0.468474 0.0476069 0.204094
0.469475 0.0472445 0.202876
0.470476 0.0468846 0.201662
0.471477 0.0465272 0.200451
0.472478 0.0461723 0.199244
0.473479 0.0458198 0.19804
0.47448 0.0454698 0.19684
0.475481 0.0451222 0.195643
0.476482 0.0447769 0.194451
0.477483 0.0444339 0.193262
0.478484 0.0440933 0.192078
0.479485 0.0437549 0.190898
0.480486 0.0434188 0.189722
0.481487 0.0430849 0.18855
0.482488 0.0427532 0.187383
0.483489 0.0424237 0.18622
0.48449 0.0420963 0.185062
0.485491 0.0417711 0.183908
0.486492 0.0414483 0.182758
0.487493 0.0411278 0.181612
0.488494 0.0408096 0.18047
0.489495 0.0404936 0.179332
0.490496 0.0401798 0.178198
0.491497 0.0398682 0.177068
0.492498 0.0395587 0.175942
0.493499 0.0392513 0.174821
0.4945 0.0389459 0.173703
0.495501 0.0386425 0.172589
0.496502 0.0383411 0.17148
0.497503 0.0380416 0.170375
0.498504 0.037744 0.169274
0.499505 0.0374482 0.168177
0.500505 0.0371542 0.167085
0.501506 0.0368621 0.165997
0.502507 0.0365718 0.164913
0.503508 0.0362834 0.163832
0.504509 0.035997 0.162755
0.50551 0.0357125 0.161682
0.506511 0.0354299 0.160613
0.507512 0.0351492 0.159548
0.508513 0.0348704 0.158487
0.509514 0.0345934 0.157431
0.510515 0.0343182 0.156378
0.511516 0.0340448 0.155329
0.512517 0.0337732 0.154285
0.513518 0.0335034 0.153246
0.514519 0.0332353 0.15221
0.51552 0.0329689 0.151179
0.516521 0.0327043 0.150153
0.517522 0.0324413 0.149131
0.518523 0.0321801 0.148114
0.519524 0.0319206 0.147102
0.520525 0.0316629 0.146093
0.521526 0.031407 0.145089
0.522527 0.0311529 0.144089
0.523528 0.0309005 0.143093
0.524529 0.0306498 0.142101
0.52553 0.0304008 0.141114
0.526531 0.0301535 0.140131
0.527532 0.0299077 0.139152
0.528533 0.0296636 0.138177
0.529534 0.029421 0.137206
0.530535 0.02918 0.13624
0.531536 0.0289404 0.135278
0.532537 0.0287024 0.13432
0.533538 0.0284658 0.133367
0.534539 0.0282306 0.132417
0.53554 0.0279969 0.131472
0.536541 0.0277646 0.130532
0.537542 0.0275339 0.129595
0.538543 0.0273047 0.128661
0.539544 0.027077 0.127732
0.540545 0.0268508 0.126807
0.541546 0.0266261 0.125886
0.542547 0.0264028 0.124969
0.543548 0.026181 0.124057
0.544549 0.0259607 0.123148
0.54555 0.0257417 0.122244
0.546551 0.0255242 0.121344
0.547552 0.0253082 0.120448
0.548553 0.0250935 0.119557
0.549554 0.0248802 0.11867
0.550555 0.0246682 0.117788
0.551556 0.0244577 0.11691
0.552557 0.0242484 0.116037
0.553558 0.0240406 0.115168
0.554559 0.0238343 0.114303
0.55556 0.0236294 0.113442
0.556561 0.0234259 0.112586
0.557562 0.0232238 0.111734
0.558563 0.0230231 0.110886
0.559564 0.0228237 0.110042
0.560565 0.0226256 0.109202
0.561566 0.0224288 0.108366
0.562567 0.0222333 0.107535
0.563568 0.0220391 0.106708
0.564569 0.0218461 0.105885
0.56557 0.0216543 0.105066
0.566571 0.0214637 0.104251
0.567572 0.0212743 0.10344
0.568573 0.0210861 0.102634
0.569574 0.0208989 0.101832
0.570575 0.020713 0.101033
0.571576 0.0205283 0.100239
0.572577 0.0203448 0.099448
0.573578 0.0201625 0.0986613
0.574579 0.0199814 0.0978785
0.57558 0.0198016 0.0970997
0.576581 0.0196229 0.096325
0.577582 0.0194454 0.0955543
0.578583 0.019269 0.0947876
0.579584 0.0190938 0.094025
0.580585 0.0189198 0.0932666
0.581586 0.0187469 0.0925123
0.582587 0.0185752 0.0917622
0.583588 0.0184046 0.0910163
0.584589 0.0182351 0.0902746
0.58559 0.0180668 0.0895371
0.586591 0.0178995 0.0888039
0.587592 0.0177334 0.0880749
0.588593 0.0175685 0.08735
0.589594 0.0174047 0.0866292
0.590595 0.0172421 0.0859124
0.591596 0.0170806 0.0851997
0.592597 0.0169203 0.084491
0.593598 0.016761 0.0837863
0.594599 0.0166029 0.0830856
0.5956 0.0164458 0.0823888
0.596601 0.0162897 0.081696
0.597602 0.0161347 0.0810072
0.598603 0.0159808 0.0803222
0.599604 0.0158278 0.0796412
0.600605 0.0156758 0.078964
0.601606 0.0155249 0.0782907
0.602607 0.0153749 0.0776212
0.603608 0.0152258 0.0769556
0.604609 0.0150777 0.0762938
0.60561 0.0149306 0.0756357
0.606611 0.0147845 0.0749813
0.607612 0.0146394 0.0743307
0.608613 0.0144954 0.0736838
0.609614 0.0143523 0.0730407
0.610615 0.0142101 0.0724014
0.611615 0.014069 0.0717658
0.612616 0.0139289 0.0711341
0.613617 0.0137897 0.0705061
0.614618 0.0136514 0.069882
0.615619 0.0135142 0.0692617
0.61662 0.0133779 0.0686452
0.617621 0.0132425 0.0680326
0.618622 0.0131081 0.0674238
0.619623 0.0129746 0.0668189
0.620624 0.0128421 0.0662179
0.621625 0.0127105 0.0656208
0.622626 0.0125798 0.0650275
0.623627 0.0124502 0.064438
0.624628 0.0123215 0.0638523
0.625629 0.0121938 0.0632704
0.62663 0.012067 0.0626923
0.627631 0.0119411 0.0621178
0.628632 0.0118161 0.0615471
0.629633 0.0116921 0.06098
0.630634 0.011569 0.0604166
0.631635 0.0114467 0.0598568
0.632636 0.0113253 0.0593006
0.633637 0.0112048 0.058748
0.634638 0.0110851 0.0581989
0.635639 0.0109663 0.0576533
0.63664 0.0108483 0.0571113
0.637641 0.0107311 0.0565727
0.638642 0.0106147 0.0560376
0.639643 0.0104992 0.055506
0.640644 0.0103845 0.0549778
0.641645 0.0102707 0.0544531
0.642646 0.0101577 0.0539318
0.643647 0.0100455 0.053414
0.644648 0.00993422 0.0528997
0.645649 0.00982373 0.0523888
0.64665 0.00971408 0.0518814
0.647651 0.00960525 0.0513775
0.648652 0.00949725 0.0508769
0.649653 0.00939006 0.0503798
0.650654 0.00928369 0.0498862
0.651655 0.00917813 0.0493959
0.652656 0.00907337 0.0489091
0.653657 0.00896942 0.0484257
0.654658 0.00886627 0.0479458
0.655659 0.00876392 0.0474692
0.65666 0.00866237 0.0469961
0.657661 0.00856164 0.0465265
0.658662 0.00846174 0.0460603
0.659663 0.00836266 0.0455975
0.660664 0.00826439 0.0451381
0.661665 0.00816691 0.0446821
0.662666 0.00807022 0.0442295
0.663667 0.00797432 0.0437801
0.664668 0.00787918 0.043334
0.665669 0.00778481 0.0428912
0.66667 0.0076912 0.0424515
0.667671 0.00759833 0.0420151
0.668672 0.00750621 0.0415818
0.669673 0.00741481 0.0411516
0.670674 0.00732413 0.0407245
0.671675 0.00723417 0.0403005
0.672676 0.00714492 0.0398795
0.673677 0.00705636 0.0394615
0.674678 0.00696851 0.0390466
0.675679 0.0068814 0.0386348
0.67668 0.00679501 0.038226
0.677681 0.00670934 0.0378204
0.678682 0.0066244 0.0374179
0.679683 0.00654017 0.0370184
0.680684 0.00645666 0.0366219
0.681685 0.00637386 0.0362285
0.682686 0.00629177 0.0358382
0.683687 0.00621039 0.0354508
0.684688 0.00612971 0.0350665
0.685689 0.00604973 0.0346851
0.68669 0.00597045 0.0343067
0.687691 0.00589186 0.0339312
0.688692 0.00581397 0.0335587
0.689693 0.00573676 0.0331892
0.690694 0.00566025 0.0328226
0.691695 0.00558442 0.0324589
0.692696 0.0055093 0.0320982
0.693697 0.0054349 0.0317406
0.694698 0.0053612 0.031386
0.695699 0.0052882 0.0310344
0.6967 0.0052159 0.0306857
0.697701 0.00514427 0.0303399
0.698702 0.00507332 0.029997
0.699703 0.00500303 0.029657
0.700704 0.0049334 0.0293197
0.701705 0.00486443 0.0289852
0.702706 0.00479609 0.0286534
0.703707 0.00472839 0.0283244
0.704708 0.00466132 0.027998
0.705709 0.00459487 0.0276742
0.70671 0.00452903 0.027353
0.707711 0.00446379 0.0270344
0.708712 0.00439915 0.0267184
0.709713 0.00433512 0.0264049
0.710714 0.00427172 0.0260941
0.711715 0.00420894 0.025786
0.712716 0.0041468 0.0254805
0.713717 0.00408528 0.0251778
0.714718 0.00402437 0.0248776
0.715719 0.00396409 0.0245801
0.71672 0.00390441 0.0242852
0.717721 0.00384534 0.0239928
0.718722 0.00378687 0.023703
0.719723 0.00372901 0.0234157
0.720724 0.00367174 0.023131
0.721725 0.00361506 0.0228487
0.722725 0.00355897 0.0225689
0.723726 0.00350347 0.0222916
0.724727 0.00344855 0.0220167
0.725728 0.0033942 0.0217443
0.726729 0.00334044 0.0214742
0.72773 0.00328727 0.0212067
0.728731 0.00323471 0.0209418
0.729732 0.00318277 0.0206795
0.730733 0.00313142 0.0204196
0.731734 0.00308067 0.0201623
0.732735 0.0030305 0.0199075
0.733736 0.0029809 0.019655
0.734737 0.00293187 0.019405
0.735738 0.00288339 0.0191572
0.736739 0.00283547 0.0189118
0.73774 0.00278809 0.0186687
0.738741 0.00274125 0.0184279
0.739742 0.00269493 0.0181892
0.740743 0.00264913 0.0179527
0.741744 0.00260384 0.0177183
0.742745 0.00255905 0.0174861
0.743746 0.00251476 0.0172559
0.744747 0.00247096 0.0170278
0.745748 0.0024277 0.0168018
0.746749 0.00238497 0.0165782
0.74775 0.00234278 0.0163568
0.748751 0.00230113 0.0161376
0.749752 0.00225999 0.0159206
0.750753 0.00221937 0.0157058
0.751754 0.00217927 0.0154932
0.752755 0.00213967 0.0152826
0.753756 0.00210057 0.0150742
0.754757 0.00206197 0.0148678
0.755758 0.00202385 0.0146635
0.756759 0.00198622 0.0144612
0.75776 0.00194907 0.0142609
0.758761 0.00191238 0.0140626
0.759762 0.00187616 0.0138663
0.760763 0.0018404 0.0136719
0.761764 0.0018051 0.0134794
0.762765 0.00177025 0.0132888
0.763766 0.00173591 0.0131003
0.764767 0.00170208 0.012914
0.765768 0.00166874 0.0127297
0.766769 0.0016359 0.0125475
0.76777 0.00160353 0.0123674
0.768771 0.00157163 0.0121891
0.769772 0.0015402 0.0120129
0.770773 0.00150921 0.0118385
0.771774 0.00147867 0.011666
0.772775 0.00144857 0.0114953
0.773776 0.0014189 0.0113265
0.774777 0.00138964 0.0111594
0.775778 0.00136079 0.0109941
0.776779 0.00133235 0.0108304
0.77778 0.00130429 0.0106684
0.778781 0.00127663 0.0105081
0.779782 0.00124934 0.0103494
0.780783 0.00122243 0.0101923
0.781784 0.00119597 0.010037
0.782785 0.00116995 0.0098836
0.783786 0.00114436 0.00973197
0.784787 0.0011192 0.00958211
0.785788 0.00109444 0.00943399
0.786789 0.0010701 0.0092876
0.78779 0.00104615 0.0091429
0.788791 0.0010226 0.00899987
0.789792 0.000999426 0.00885848
0.790793 0.000976631 0.00871871
0.791794 0.000954204 0.00858054
0.792795 0.000932137 0.00844394
0.793796 0.000910424 0.00830889
0.794797 0.000889056 0.00817535
0.795798 0.000868027 0.00804331
0.796799 0.000847328 0.00791275
0.7978 0.000826952 0.00778363
0.798801 0.000806921 0.00765603
0.799802 0.000787289 0.00753012
0.800803 0.000768049 0.00740586
0.801804 0.000749189 0.00728324
0.802805 0.000730702 0.00716221
0.803806 0.000712575 0.00704274
0.804807 0.000694801 0.00692481
0.805808 0.000677368 0.00680837
0.806809 0.000660267 0.0066934
0.80781 0.000643488 0.00657986
0.808811 0.000627022 0.00646773
0.809812 0.00061086 0.00635697
0.810813 0.000594991 0.00624755
0.811814 0.000579407 0.00613944
0.812815 0.000564098 0.00603261
0.813816 0.000549054 0.00592703
0.814817 0.000534268 0.00582267
0.815818 0.000519728 0.0057195
0.816819 0.000505465 0.0056176
0.81782 0.000491533 0.00551713
0.818821 0.000477925 0.00541807
0.819822 0.00046463 0.0053204
0.820823 0.000451641 0.00522408
0.821824 0.000438947 0.00512909
0.822825 0.000426539 0.00503542
0.823826 0.000414409 0.00494302
0.824827 0.000402547 0.00485188
0.825828 0.000390944 0.00476198
0.826829 0.000379592 0.00467328
0.82783 0.000368481 0.00458577
0.828831 0.000357603 0.00449941
0.829832 0.000346949 0.0044142
0.830833 0.000336511 0.00433009
0.831834 0.000326279 0.00424707
0.832835 0.000316246 0.00416511
0.833835 0.000306402 0.0040842
0.834836 0.00029678 0.00400441
0.835837 0.000287434 0.0039259
0.836838 0.000278354 0.00384863
0.837839 0.00026953 0.00377259
0.83884 0.000260953 0.00369773
0.839841 0.000252613 0.00362403
0.840842 0.000244499 0.00355147
0.841843 0.000236604 0.00348001
0.842844 0.000228917 0.00340962
0.843845 0.000221429 0.00334028
0.844846 0.00021413 0.00327197
0.845847 0.000207012 0.00320464
0.846848 0.000200064 0.00313828
0.847849 0.000193279 0.00307286
0.84885 0.000186646 0.00300835
0.849851 0.000180157 0.00294472
0.850852 0.000173803 0.00288195
0.851853 0.000167574 0.00282001
0.852854 0.000161503 0.00275899
0.853855 0.000155641 0.00269903
0.854856 0.000149979 0.0026401
0.855857 0.00014451 0.00258219
0.856858 0.000139225 0.00252527
0.857859 0.000134115 0.00246931
0.85886 0.000129172 0.0024143
0.859861 0.000124388 0.0023602
0.860862 0.000119755 0.00230701
0.861863 0.000115264 0.00225468
0.862864 0.000110908 0.00220322
0.863865 0.000106679 0.00215258
0.864866 0.000102568 0.00210274
0.865867 9.85672e-05 0.0020537
0.866868 9.46696e-05 0.00200541
0.867869 9.0867e-05 0.00195787
0.86887 8.71516e-05 0.00191105
0.869871 8.35157e-05 0.00186492
0.870872 7.9986e-05 0.00181958
0.871873 7.66085e-05 0.00177514
0.872874 7.33765e-05 0.0017316
0.873875 7.02824e-05 0.00168891
0.874876 6.73191e-05 0.00164707
0.875877 6.4479e-05 0.00160604
0.876878 6.1755e-05 0.0015658
0.877879 5.91398e-05 0.00152632
0.87888 5.66264e-05 0.00148759
0.879881 5.42075e-05 0.00144958
0.880882 5.18761e-05 0.00141226
0.881883 4.96251e-05 0.00137562
0.882884 4.74476e-05 0.00133962
0.883885 4.53367e-05 0.00130425
0.884886 4.32855e-05 0.00126948
0.885887 4.12871e-05 0.00123529
0.886888 3.93347e-05 0.00120165
0.887889 3.74216e-05 0.00116855
0.88889 3.5567e-05 0.00113605
0.889891 3.38104e-05 0.00110429
0.890892 3.21473e-05 0.00107324
0.891893 3.05722e-05 0.00104289
0.892894 2.90797e-05 0.00101321
0.893895 2.76645e-05 0.000984193
0.894896 2.63214e-05 0.000955809
0.895897 2.5045e-05 0.000928039
0.896898 2.38302e-05 0.000900866
0.897899 2.26716e-05 0.000874269
0.8989 2.15642e-05 0.000848229
0.899901 2.05029e-05 0.000822726
0.900902 1.94824e-05 0.000797741
0.901903 1.84978e-05 0.000773254
0.902904 1.75441e-05 0.000749248
0.903905 1.66161e-05 0.000725702
0.904906 1.57091e-05 0.000702598
0.905907 1.4818e-05 0.000679917
0.906908 1.39552e-05 0.000657717
0.907909 1.31499e-05 0.000636123
0.90891 1.2399e-05 0.000615119
0.909911 1.1699e-05 0.000594684
0.910912 1.10463e-05 0.000574797
0.911913 1.04372e-05 0.000555439
0.912914 9.86811e-06 0.00053659
0.913915 9.33555e-06 0.000518229
0.914916 8.83593e-06 0.000500338
0.915917 8.36577e-06 0.000482896
0.916918 7.92155e-06 0.000465885
0.917919 7.49982e-06 0.000449283
0.91892 7.09714e-06 0.000433074
0.919921 6.71006e-06 0.000417236
0.920922 6.33521e-06 0.000401752
0.921923 5.96919e-06 0.000386603
0.922924 5.60866e-06 0.000371769
0.923925 5.25027e-06 0.000357232
0.924926 4.90162e-06 0.000343046
0.925927 4.58066e-06 0.000329329
0.926928 4.28593e-06 0.000316067
0.927929 4.01547e-06 0.000303242
0.92893 3.76737e-06 0.000290836
0.929931 3.5397e-06 0.000278833
0.930932 3.33056e-06 0.000267215
0.931933 3.13806e-06 0.000255965
0.932934 2.96033e-06 0.000245065
0.933935 2.79549e-06 0.0002345
0.934936 2.64169e-06 0.000224251
0.935937 2.49708e-06 0.000214303
0.936938 2.35985e-06 0.000204639
0.937939 2.22815e-06 0.000195242
0.93894 2.1002e-06 0.000186096
0.939941 1.97418e-06 0.000177185
0.940942 1.84832e-06 0.000168492
0.941943 1.72084e-06 0.000160001
0.942944 1.59691e-06 0.000151779
0.943945 1.48438e-06 0.000143917
0.944945 1.38242e-06 0.0001364
0.945946 1.29016e-06 0.000129211
0.946947 1.20675e-06 0.000122334
0.947948 1.13135e-06 0.000115752
0.948949 1.0631e-06 0.000109451
0.94995 1.00117e-06 0.000103414
0.950951 9.44716e-07 9.76251e-05
0.951952 8.92921e-07 9.2069e-05
0.952953 8.44958e-07 8.67301e-05
0.953954 8.00006e-07 8.15929e-05
0.954955 7.57254e-07 7.66421e-05
0.955956 7.15892e-07 7.18624e-05
0.956957 6.75117e-07 6.72385e-05
0.957958 6.34132e-07 6.27555e-05
0.958959 5.92143e-07 5.83983e-05
0.95996 5.48648e-07 5.41603e-05
0.960961 5.07609e-07 5.0157e-05
0.961962 4.70289e-07 4.64179e-05
0.962963 4.36389e-07 4.29265e-05
0.963964 4.05611e-07 3.96668e-05
0.964965 3.77657e-07 3.66226e-05
0.965966 3.52233e-07 3.37777e-05
0.966967 3.29046e-07 3.11164e-05
0.967968 3.07805e-07 2.86228e-05
0.968969 2.8822e-07 2.62811e-05
0.96997 2.70003e-07 2.40757e-05
0.970971 2.5287e-07 2.1991e-05
0.971972 2.36535e-07 2.00117e-05
0.972973 2.20716e-07 1.81223e-05
0.973974 2.05133e-07 1.63076e-05
0.974975 1.89507e-07 1.45524e-05
0.975976 1.73561e-07 1.28416e-05
0.976977 1.57292e-07 1.11822e-05
0.977978 1.42274e-07 9.7014e-06
0.978979 1.28685e-07 8.4067e-06
0.97998 1.16389e-07 7.27946e-06
0.980981 1.05245e-07 6.30112e-06
0.981982 9.51161e-08 5.45326e-06
0.982983 8.58659e-08 4.71755e-06
0.983984 7.73583e-08 4.07577e-06
0.984985 6.94581e-08 3.50981e-06
0.985986 6.20309e-08 3.00169e-06
0.986987 5.49434e-08 2.53352e-06
0.987988 4.80627e-08 2.08751e-06
0.988989 4.1257e-08 1.646e-06
0.98999 3.43953e-08 1.19143e-06
0.990991 2.78218e-08 7.72691e-07
0.991992 2.23346e-08 4.98184e-07
0.992993 1.77421e-08 3.34694e-07
0.993994 1.38235e-08 2.44968e-07
0.994995 1.03598e-08 1.91975e-07
0.995996 7.13305e-09 1.38908e-07
0.996997 4.09881e-09 6.55222e-08
0.997998 2.1101e-09 4.70824e-08
0.998999 6.35963e-10 3.89719e-08
1 0 1.14949e-23
