1e-05 70.3694 3.12008
0.00101099 16.8816 0.933437
0.00201198 13.1033 0.79603
0.00301297 11.1892 0.732712
0.00401396 9.94937 0.695285
0.00501495 9.04995 0.670512
0.00601595 8.35403 0.653024
0.00701694 7.79022 0.640118
0.00801793 7.32008 0.630356
0.00901892 6.91903 0.622827
0.0100199 6.56995 0.616904
0.0110209 6.2624 0.612227
0.0120219 5.98866 0.608532
0.0130229 5.74202 0.605582
0.0140239 5.51805 0.603236
0.0150249 5.31343 0.601385
0.0160259 5.12554 0.599954
0.0170268 4.95207 0.598868
0.0180278 4.79089 0.598047
0.0190288 4.64056 0.597457
0.0200298 4.49994 0.597065
0.0210308 4.36801 0.596839
0.0220318 4.24398 0.596763
0.0230328 4.12702 0.596817
0.0240338 4.01639 0.596972
0.0250348 3.91143 0.597205
0.0260358 3.81171 0.597516
0.0270368 3.71681 0.597894
0.0280377 3.62635 0.598327
0.0290387 3.54 0.598806
0.0300397 3.45749 0.599333
0.0310407 3.37853 0.599901
0.0320417 3.30284 0.600498
0.0330427 3.23017 0.601114
0.0340437 3.16031 0.601743
0.0350447 3.09312 0.602394
0.0360457 3.02843 0.60306
0.0370467 2.96609 0.603736
0.0380477 2.90596 0.604418
0.0390486 2.84793 0.605104
0.0400496 2.79189 0.6058
0.0410506 2.73773 0.606503
0.0420516 2.68533 0.607208
0.0430526 2.6346 0.607908
0.0440536 2.58545 0.608601
0.0450546 2.5378 0.609287
0.0460556 2.49158 0.60997
0.0470566 2.44673 0.61065
0.0480576 2.40319 0.611324
0.0490586 2.3609 0.61199
0.0500595 2.3198 0.612647
0.0510605 2.27985 0.613293
0.0520615 2.24099 0.613935
0.0530625 2.20319 0.614571
0.0540635 2.16639 0.6152
0.0550645 2.13056 0.615818
0.0560655 2.09565 0.616424
0.0570665 2.06162 0.617016
0.0580675 2.02843 0.617593
0.0590685 1.99607 0.618161
0.0600695 1.9645 0.61872
0.0610705 1.93369 0.619268
0.0620714 1.90362 0.619805
0.0630724 1.87425 0.620328
0.0640734 1.84557 0.620837
0.0650744 1.81754 0.621331
0.0660754 1.79015 0.621812
0.0670764 1.76339 0.622285
0.0680774 1.73722 0.622747
0.0690784 1.71164 0.623198
0.0700794 1.68661 0.623635
0.0710804 1.66212 0.624057
0.0720814 1.63815 0.624465
0.0730823 1.61468 0.624856
0.0740833 1.5917 0.625233
0.0750843 1.5692 0.625599
0.0760853 1.54716 0.625953
0.0770863 1.52558 0.626295
0.0780873 1.50443 0.626623
0.0790883 1.48371 0.626938
0.0800893 1.46339 0.627239
0.0810903 1.44347 0.627526
0.0820913 1.42393 0.627797
0.0830923 1.40477 0.628057
0.0840932 1.38599 0.628307
0.0850942 1.36756 0.628546
0.0860952 1.34948 0.628772
0.0870962 1.33175 0.628985
0.0880972 1.31434 0.629185
0.0890982 1.29725 0.62937
0.0900992 1.28046 0.62954
0.0911002 1.26398 0.629695
0.0921012 1.2478 0.629837
0.0931022 1.23191 0.629968
0.0941032 1.21631 0.630087
0.0951041 1.20098 0.630194
0.0961051 1.18593 0.630288
0.0971061 1.17113 0.63037
0.0981071 1.15659 0.630437
0.0991081 1.1423 0.630492
0.100109 1.12825 0.630532
0.10111 1.11442 0.630558
0.102111 1.10084 0.630573
0.103112 1.08748 0.630577
0.104113 1.07435 0.63057
0.105114 1.06144 0.630551
0.106115 1.04874 0.630521
0.107116 1.03625 0.630477
0.108117 1.02396 0.630421
0.109118 1.01187 0.630351
0.110119 0.999964 0.630268
0.11112 0.988248 0.63017
0.112121 0.97672 0.630061
0.113122 0.965379 0.629942
0.114123 0.95422 0.629812
0.115124 0.943237 0.62967
0.116125 0.932426 0.629517
0.117126 0.921782 0.629351
0.118127 0.911299 0.629174
0.119128 0.900974 0.628984
0.120129 0.890802 0.628782
0.12113 0.880779 0.628566
0.122131 0.870902 0.628338
0.123132 0.861175 0.628099
0.124133 0.851596 0.627851
0.125134 0.842159 0.627591
0.126135 0.832863 0.627321
0.127136 0.823703 0.62704
0.128137 0.814677 0.626748
0.129138 0.805781 0.626443
0.130139 0.797011 0.626127
0.13114 0.788366 0.625799
0.132141 0.779842 0.625459
0.133142 0.771436 0.625106
0.134143 0.763153 0.624743
0.135144 0.75499 0.624371
0.136145 0.746945 0.623988
0.137146 0.739014 0.623595
0.138147 0.731195 0.623192
0.139148 0.723484 0.622777
0.140149 0.715879 0.622352
0.14115 0.708377 0.621916
0.142151 0.700976 0.621468
0.143152 0.693672 0.621009
0.144153 0.686464 0.620538
0.145154 0.679352 0.620057
0.146155 0.672338 0.619566
0.147156 0.66542 0.619065
0.148157 0.658597 0.618555
0.149158 0.651865 0.618035
0.150159 0.645223 0.617504
0.15116 0.638668 0.616964
0.152161 0.632198 0.616413
0.153162 0.625813 0.615852
0.154163 0.619508 0.61528
0.155164 0.613283 0.614698
0.156165 0.607136 0.614104
0.157166 0.601068 0.613501
0.158167 0.59508 0.612889
0.159168 0.589172 0.612267
0.160169 0.583341 0.611636
0.16117 0.577585 0.610996
0.162171 0.571902 0.610347
0.163172 0.566291 0.609688
0.164173 0.560749 0.609019
0.165174 0.555276 0.608341
0.166175 0.549869 0.607653
0.167175 0.544527 0.606954
0.168176 0.539248 0.606246
0.169177 0.534031 0.605528
0.170178 0.52888 0.604801
0.171179 0.523794 0.604066
0.17218 0.518772 0.603321
0.173181 0.513811 0.602568
0.174182 0.508911 0.601806
0.175183 0.50407 0.601035
0.176184 0.499288 0.600255
0.177185 0.494562 0.599467
0.178186 0.489891 0.598669
0.179187 0.485275 0.597862
0.180188 0.480712 0.597047
0.181189 0.476201 0.596222
0.18219 0.471742 0.595389
0.183191 0.467339 0.594547
0.184192 0.462989 0.593698
0.185193 0.458691 0.592841
0.186194 0.454445 0.591976
0.187195 0.450248 0.591102
0.188196 0.4461 0.590221
0.189197 0.442 0.589331
0.190198 0.437945 0.588433
0.191199 0.433936 0.587526
0.1922 0.429971 0.586611
0.193201 0.426049 0.585688
0.194202 0.422169 0.584756
0.195203 0.418331 0.583816
0.196204 0.414538 0.582869
0.197205 0.410788 0.581913
0.198206 0.407082 0.58095
0.199207 0.403417 0.579979
0.200208 0.399793 0.579001
0.201209 0.39621 0.578015
0.20221 0.392666 0.577022
0.203211 0.38916 0.576021
0.204212 0.385693 0.575013
0.205213 0.382263 0.573998
0.206214 0.378869 0.572975
0.207215 0.375511 0.571945
0.208216 0.372189 0.570907
0.209217 0.368904 0.569863
0.210218 0.365656 0.568812
0.211219 0.362445 0.567754
0.21222 0.35927 0.56669
0.213221 0.356129 0.565618
0.214222 0.353023 0.56454
0.215223 0.349949 0.563455
0.216224 0.346908 0.562363
0.217225 0.343899 0.561264
0.218226 0.34092 0.560159
0.219227 0.337972 0.559047
0.220228 0.335053 0.557928
0.221229 0.332163 0.556802
0.22223 0.329302 0.55567
0.223231 0.326472 0.554531
0.224232 0.323672 0.553386
0.225233 0.320902 0.552234
0.226234 0.318162 0.551076
0.227235 0.315449 0.549912
0.228236 0.312765 0.548742
0.229237 0.310109 0.547565
0.230238 0.307479 0.546383
0.231239 0.304876 0.545195
0.23224 0.302299 0.544001
0.233241 0.299747 0.542801
0.234242 0.297221 0.541596
0.235243 0.294718 0.540385
0.236244 0.292241 0.539169
0.237245 0.28979 0.537947
0.238246 0.287365 0.536719
0.239247 0.284965 0.535487
0.240248 0.28259 0.534248
0.241249 0.280239 0.533005
0.24225 0.277911 0.531756
0.243251 0.275607 0.530501
0.244252 0.273325 0.529242
0.245253 0.271065 0.527977
0.246254 0.268827 0.526708
0.247255 0.266609 0.525433
0.248256 0.264413 0.524153
0.249257 0.262236 0.522868
0.250258 0.26008 0.521578
0.251259 0.257945 0.520283
0.25226 0.255832 0.518983
0.253261 0.25374 0.517677
0.254262 0.251669 0.516367
0.255263 0.249617 0.515052
0.256264 0.247586 0.513732
0.257265 0.245574 0.512408
0.258266 0.243581 0.511079
0.259267 0.241607 0.509746
0.260268 0.239652 0.508409
0.261269 0.237715 0.507068
0.26227 0.235795 0.505723
0.263271 0.233893 0.504374
0.264272 0.232008 0.503021
0.265273 0.230142 0.501665
0.266274 0.228294 0.500304
0.267275 0.226465 0.498939
0.268276 0.224653 0.49757
0.269277 0.222859 0.496197
0.270278 0.221081 0.494821
0.271279 0.219321 0.49344
0.27228 0.217577 0.492056
0.273281 0.215848 0.490668
0.274282 0.214136 0.489277
0.275283 0.212438 0.487882
0.276284 0.210756 0.486484
0.277285 0.209088 0.485083
0.278285 0.207434 0.483678
0.279286 0.205795 0.48227
0.280287 0.204171 0.480857
0.281288 0.202563 0.479441
0.282289 0.200969 0.478022
0.28329 0.19939 0.476598
0.284291 0.197826 0.475172
0.285292 0.196276 0.473742
0.286293 0.19474 0.472309
0.287294 0.193218 0.470874
0.288295 0.191709 0.469435
0.289296 0.190213 0.467994
0.290297 0.188731 0.466551
0.291298 0.187261 0.465105
0.292299 0.185803 0.463658
0.2933 0.184358 0.462208
0.294301 0.182925 0.460756
0.295302 0.181506 0.459301
0.296303 0.1801 0.457843
0.297304 0.178707 0.456383
0.298305 0.177326 0.45492
0.299306 0.175958 0.453455
0.300307 0.174602 0.451988
0.301308 0.173258 0.450518
0.302309 0.171925 0.449046
0.30331 0.170604 0.447572
0.304311 0.169294 0.446096
0.305312 0.167995 0.444619
0.306313 0.166707 0.443139
0.307314 0.165429 0.441658
0.308315 0.164161 0.440175
0.309316 0.162904 0.438691
0.310317 0.161658 0.437204
0.311318 0.160423 0.435714
0.312319 0.159199 0.434223
0.31332 0.157986 0.432729
0.314321 0.156783 0.431233
0.315322 0.15559 0.429736
0.316323 0.154408 0.428237
0.317324 0.153236 0.426737
0.318325 0.152073 0.425236
0.319326 0.15092 0.423734
0.320327 0.149777 0.422231
0.321328 0.148643 0.420727
0.322329 0.147518 0.419223
0.32333 0.146402 0.417718
0.324331 0.145296 0.416213
0.325332 0.144199 0.414707
0.326333 0.143111 0.4132
0.327334 0.142034 0.411691
0.328335 0.140966 0.410181
0.329336 0.139906 0.408671
0.330337 0.138856 0.407159
0.331338 0.137815 0.405647
0.332339 0.136782 0.404134
0.33334 0.135758 0.402621
0.334341 0.134742 0.401107
0.335342 0.133734 0.399593
0.336343 0.132734 0.398079
0.337344 0.131741 0.396564
0.338345 0.130756 0.39505
0.339346 0.129779 0.393535
0.340347 0.128809 0.39202
0.341348 0.127847 0.390503
0.342349 0.126894 0.388986
0.34335 0.125948 0.387468
0.344351 0.125011 0.385949
0.345352 0.12408 0.38443
0.346353 0.123158 0.382911
0.347354 0.122243 0.381391
0.348355 0.121335 0.379872
0.349356 0.120434 0.378353
0.350357 0.11954 0.376835
0.351358 0.118654 0.375318
0.352359 0.117774 0.373801
0.35336 0.116901 0.372285
0.354361 0.116034 0.370771
0.355362 0.115174 0.369257
0.356363 0.114322 0.367744
0.357364 0.113476 0.366231
0.358365 0.112638 0.364718
0.359366 0.111806 0.363205
0.360367 0.110981 0.361693
0.361368 0.110163 0.360181
0.362369 0.109351 0.35867
0.36337 0.108546 0.35716
0.364371 0.107746 0.355651
0.365372 0.106953 0.354142
0.366373 0.106166 0.352635
0.367374 0.105385 0.351129
0.368375 0.104609 0.349624
0.369376 0.103839 0.34812
0.370377 0.103075 0.346618
0.371378 0.102316 0.345117
0.372379 0.101563 0.343616
0.37338 0.100816 0.342116
0.374381 0.100076 0.340616
0.375382 0.0993404 0.339117
0.376383 0.098611 0.337619
0.377384 0.0978872 0.336122
0.378385 0.0971689 0.334626
0.379386 0.0964561 0.333131
0.380387 0.0957487 0.331639
0.381388 0.0950466 0.330148
0.382389 0.0943497 0.328658
0.38339 0.093658 0.327171
0.384391 0.0929713 0.325686
0.385392 0.0922896 0.324204
0.386393 0.0916128 0.322724
0.387394 0.090941 0.321246
0.388395 0.0902747 0.319769
0.389395 0.0896137 0.318294
0.390396 0.0889579 0.316821
0.391397 0.0883072 0.315349
0.392398 0.0876615 0.313879
0.393399 0.0870207 0.31241
0.3944 0.0863848 0.310944
0.395401 0.0857535 0.30948
0.396402 0.0851269 0.308017
0.397403 0.0845049 0.306557
0.398404 0.0838873 0.305099
0.399405 0.083274 0.303644
0.400406 0.082665 0.302191
0.401407 0.0820602 0.30074
0.402408 0.0814595 0.299292
0.403409 0.080863 0.297847
0.40441 0.080271 0.296403
0.405411 0.0796834 0.29496
0.406412 0.0791002 0.29352
0.407413 0.0785214 0.292081
0.408414 0.0779469 0.290644
0.409415 0.0773766 0.289209
0.410416 0.0768104 0.287777
0.411417 0.0762484 0.286348
0.412418 0.0756903 0.284921
0.413419 0.0751363 0.283496
0.41442 0.0745862 0.282075
0.415421 0.07404 0.280657
0.416422 0.0734976 0.279242
0.417423 0.072959 0.277831
0.418424 0.0724241 0.276423
0.419425 0.0718929 0.275018
0.420426 0.0713659 0.273616
0.421427 0.0708428 0.272216
0.422428 0.0703237 0.270819
0.423429 0.0698085 0.269425
0.42443 0.0692972 0.268033
0.425431 0.0687895 0.266645
0.426432 0.0682855 0.265259
0.427433 0.0677851 0.263876
0.428434 0.0672882 0.262496
0.429435 0.0667947 0.261119
0.430436 0.0663046 0.259745
0.431437 0.0658178 0.258375
0.432438 0.0653343 0.257008
0.433439 0.0648539 0.255644
0.43444 0.0643766 0.254284
0.435441 0.0639023 0.252927
0.436442 0.0634314 0.251573
0.437443 0.0629639 0.250221
0.438444 0.0624997 0.248872
0.439445 0.0620388 0.247525
0.440446 0.0615811 0.246182
0.441447 0.0611266 0.244841
0.442448 0.0606754 0.243504
0.443449 0.0602272 0.24217
0.44445 0.0597821 0.240839
0.445451 0.0593401 0.239512
0.446452 0.0589011 0.238188
0.447453 0.0584651 0.236868
0.448454 0.058032 0.235552
0.449455 0.0576018 0.23424
0.450456 0.0571744 0.232932
0.451457 0.0567499 0.231628
0.452458 0.0563283 0.230328
0.453459 0.0559098 0.229031
0.45446 0.0554944 0.227737
0.455461 0.055082 0.226447
0.456462 0.0546725 0.22516
0.457463 0.0542658 0.223877
0.458464 0.0538621 0.222597
0.459465 0.0534611 0.22132
0.460466 0.0530628 0.220048
0.461467 0.0526672 0.218779
0.462468 0.0522742 0.217514
0.463469 0.0518838 0.216252
0.46447 0.0514959 0.214994
0.465471 0.0511105 0.213741
0.466472 0.0507275 0.212491
0.467473 0.0503469 0.211245
0.468474 0.0499686 0.210003
0.469475 0.0495929 0.208765
0.470476 0.0492197 0.207529
0.471477 0.0488491 0.206297
0.472478 0.048481 0.205068
0.473479 0.0481155 0.203843
0.47448 0.0477523 0.202622
0.475481 0.0473916 0.201404
0.476482 0.0470334 0.20019
0.477483 0.0466775 0.19898
0.478484 0.0463239 0.197774
0.479485 0.0459727 0.196572
0.480486 0.0456238 0.195374
0.481487 0.0452771 0.19418
0.482488 0.0449327 0.192991
0.483489 0.0445906 0.191806
0.48449 0.0442506 0.190625
0.485491 0.0439129 0.189449
0.486492 0.0435775 0.188277
0.487493 0.0432446 0.187109
0.488494 0.042914 0.185944
0.489495 0.0425856 0.184784
0.490496 0.0422595 0.183627
0.491497 0.0419357 0.182474
0.492498 0.0416139 0.181326
0.493499 0.0412944 0.180181
0.4945 0.0409768 0.17904
0.495501 0.0406614 0.177904
0.496502 0.0403479 0.176771
0.497503 0.0400364 0.175643
0.498504 0.0397268 0.174519
0.499505 0.0394192 0.173399
0.500505 0.0391133 0.172283
0.501506 0.0388093 0.171171
0.502507 0.0385072 0.170064
0.503508 0.0382071 0.16896
0.504509 0.037909 0.167859
0.50551 0.0376128 0.166763
0.506511 0.0373186 0.16567
0.507512 0.0370263 0.164581
0.508513 0.0367359 0.163496
0.509514 0.0364474 0.162416
0.510515 0.0361607 0.161339
0.511516 0.0358759 0.160266
0.512517 0.0355929 0.159198
0.513518 0.0353117 0.158134
0.514519 0.0350323 0.157075
0.51552 0.0347547 0.15602
0.516521 0.0344788 0.154969
0.517522 0.0342047 0.153923
0.518523 0.0339323 0.152882
0.519524 0.0336617 0.151845
0.520525 0.0333929 0.150812
0.521526 0.033126 0.149784
0.522527 0.0328609 0.148759
0.523528 0.0325976 0.147739
0.524529 0.032336 0.146723
0.52553 0.0320762 0.145711
0.526531 0.031818 0.144703
0.527532 0.0315615 0.143699
0.528533 0.0313066 0.1427
0.529534 0.0310533 0.141705
0.530535 0.0308016 0.140714
0.531536 0.0305514 0.139727
0.532537 0.0303028 0.138745
0.533538 0.0300556 0.137767
0.534539 0.02981 0.136793
0.53554 0.0295657 0.135824
0.536541 0.029323 0.134858
0.537542 0.0290819 0.133896
0.538543 0.0288423 0.132939
0.539544 0.0286042 0.131985
0.540545 0.0283677 0.131035
0.541546 0.0281327 0.130089
0.542547 0.0278992 0.129147
0.543548 0.0276672 0.12821
0.544549 0.0274367 0.127277
0.54555 0.0272077 0.126348
0.546551 0.0269801 0.125423
0.547552 0.026754 0.124503
0.548553 0.0265293 0.123587
0.549554 0.026306 0.122675
0.550555 0.0260841 0.121768
0.551556 0.0258636 0.120866
0.552557 0.0256445 0.119968
0.553558 0.0254269 0.119074
0.554559 0.0252108 0.118185
0.55556 0.0249962 0.1173
0.556561 0.024783 0.116419
0.557562 0.0245712 0.115542
0.558563 0.0243608 0.114669
0.559564 0.0241518 0.113801
0.560565 0.0239442 0.112937
0.561566 0.0237379 0.112077
0.562567 0.0235329 0.111221
0.563568 0.0233292 0.110369
0.564569 0.0231268 0.109522
0.56557 0.0229256 0.108679
0.566571 0.0227256 0.10784
0.567572 0.0225269 0.107005
0.568573 0.0223294 0.106174
0.569574 0.022133 0.105348
0.570575 0.0219378 0.104525
0.571576 0.0217439 0.103706
0.572577 0.0215513 0.102892
0.573578 0.0213599 0.102081
0.574579 0.0211697 0.101274
0.57558 0.0209808 0.100471
0.576581 0.0207931 0.0996727
0.577582 0.0206066 0.0988781
0.578583 0.0204213 0.0980876
0.579584 0.0202372 0.0973012
0.580585 0.0200543 0.096519
0.581586 0.0198726 0.0957411
0.582587 0.0196921 0.0949673
0.583588 0.0195127 0.0941978
0.584589 0.0193345 0.0934326
0.58559 0.0191575 0.0926718
0.586591 0.0189816 0.0919152
0.587592 0.0188069 0.091163
0.588593 0.0186334 0.0904149
0.589594 0.0184611 0.0896709
0.590595 0.0182899 0.0889311
0.591596 0.01812 0.0881953
0.592597 0.0179512 0.0874636
0.593598 0.0177836 0.0867359
0.594599 0.017617 0.0860124
0.5956 0.0174516 0.0852928
0.596601 0.0172873 0.0845773
0.597602 0.017124 0.0838657
0.598603 0.0169618 0.0831582
0.599604 0.0168007 0.0824546
0.600605 0.0166405 0.081755
0.601606 0.0164815 0.0810594
0.602607 0.0163234 0.0803676
0.603608 0.0161663 0.0796798
0.604609 0.0160101 0.0789959
0.60561 0.0158551 0.0783157
0.606611 0.015701 0.0776394
0.607612 0.015548 0.0769668
0.608613 0.0153961 0.0762981
0.609614 0.0152451 0.0756332
0.610615 0.0150952 0.0749721
0.611615 0.0149463 0.0743149
0.612616 0.0147984 0.0736616
0.613617 0.0146515 0.0730121
0.614618 0.0145056 0.0723666
0.615619 0.0143606 0.071725
0.61662 0.0142167 0.0710873
0.617621 0.0140738 0.0704535
0.618622 0.0139319 0.0698237
0.619623 0.0137909 0.0691978
0.620624 0.0136509 0.068576
0.621625 0.0135119 0.0679581
0.622626 0.0133739 0.0673441
0.623627 0.0132369 0.0667341
0.624628 0.0131009 0.0661279
0.625629 0.0129659 0.0655256
0.62663 0.0128318 0.0649271
0.627631 0.0126988 0.0643324
0.628632 0.0125667 0.0637415
0.629633 0.0124355 0.0631544
0.630634 0.0123052 0.062571
0.631635 0.0121759 0.0619913
0.632636 0.0120475 0.0614153
0.633637 0.01192 0.0608429
0.634638 0.0117934 0.0602743
0.635639 0.0116677 0.0597092
0.63664 0.0115428 0.0591478
0.637641 0.0114188 0.0585899
0.638642 0.0112956 0.0580356
0.639643 0.0111733 0.0574849
0.640644 0.0110519 0.0569377
0.641645 0.0109313 0.0563941
0.642646 0.0108117 0.055854
0.643647 0.0106929 0.0553175
0.644648 0.010575 0.0547845
0.645649 0.0104579 0.0542551
0.64665 0.0103418 0.0537293
0.647651 0.0102264 0.0532069
0.648652 0.010112 0.0526882
0.649653 0.00999838 0.0521729
0.650654 0.00988563 0.0516612
0.651655 0.00977373 0.051153
0.652656 0.00966267 0.0506484
0.653657 0.00955245 0.0501473
0.654658 0.00944308 0.0496497
0.655659 0.00933454 0.0491557
0.65666 0.00922683 0.0486652
0.657661 0.00911999 0.0481782
0.658662 0.00901402 0.0476949
0.659663 0.00890889 0.047215
0.660664 0.00880461 0.0467387
0.661665 0.00870116 0.0462658
0.662666 0.00859854 0.0457963
0.663667 0.00849674 0.0453303
0.664668 0.00839574 0.0448676
0.665669 0.00829555 0.0444083
0.66667 0.00819614 0.0439523
0.667671 0.00809753 0.0434996
0.668672 0.00799968 0.0430501
0.669673 0.00790261 0.0426039
0.670674 0.00780629 0.0421609
0.671675 0.00771072 0.041721
0.672676 0.0076159 0.0412843
0.673677 0.00752181 0.0408507
0.674678 0.00742847 0.0404202
0.675679 0.00733589 0.039993
0.67668 0.00724407 0.0395689
0.677681 0.00715302 0.0391481
0.678682 0.00706271 0.0387304
0.679683 0.00697316 0.0383159
0.680684 0.00688437 0.0379046
0.681685 0.00679631 0.0374963
0.682686 0.00670901 0.0370913
0.683687 0.00662245 0.0366893
0.684688 0.00653663 0.0362904
0.685689 0.00645154 0.0358947
0.68669 0.0063672 0.035502
0.687691 0.00628358 0.0351123
0.688692 0.0062007 0.0347258
0.689693 0.00611854 0.0343423
0.690694 0.00603712 0.0339618
0.691695 0.00595641 0.0335843
0.692696 0.00587646 0.03321
0.693697 0.00579726 0.0328389
0.694698 0.0057188 0.0324709
0.695699 0.00564108 0.032106
0.6967 0.00556408 0.0317441
0.697701 0.0054878 0.0313852
0.698702 0.00541223 0.0310293
0.699703 0.00533737 0.0306763
0.700704 0.00526319 0.0303262
0.701705 0.00518971 0.029979
0.702706 0.0051169 0.0296347
0.703707 0.00504477 0.0292931
0.704708 0.0049733 0.0289543
0.705709 0.00490248 0.0286183
0.70671 0.00483232 0.0282849
0.707711 0.00476279 0.0279542
0.708712 0.0046939 0.0276262
0.709713 0.00462565 0.0273008
0.710714 0.00455806 0.0269782
0.711715 0.00449114 0.0266584
0.712716 0.00442488 0.0263414
0.713717 0.00435928 0.0260271
0.714718 0.00429433 0.0257156
0.715719 0.00423004 0.0254068
0.71672 0.00416639 0.0251006
0.717721 0.00410338 0.0247972
0.718722 0.00404101 0.0244964
0.719723 0.00397928 0.0241982
0.720724 0.00391818 0.0239027
0.721725 0.00385771 0.0236097
0.722725 0.00379786 0.0233194
0.723726 0.00373864 0.0230316
0.724727 0.00368003 0.0227463
0.725728 0.00362204 0.0224635
0.726729 0.00356466 0.0221833
0.72773 0.00350791 0.0219056
0.728731 0.00345182 0.0216307
0.729732 0.00339637 0.0213585
0.730733 0.00334156 0.0210888
0.731734 0.00328737 0.0208218
0.732735 0.00323381 0.0205573
0.733736 0.00318085 0.0202954
0.734737 0.00312849 0.0200359
0.735738 0.00307672 0.0197788
0.736739 0.00302554 0.0195242
0.73774 0.00297494 0.0192719
0.738741 0.00292491 0.019022
0.739742 0.00287543 0.0187744
0.740743 0.00282651 0.018529
0.741744 0.00277813 0.0182859
0.742745 0.00273029 0.0180449
0.743746 0.00268298 0.0178061
0.744747 0.00263619 0.0175695
0.745748 0.00258997 0.0173351
0.746749 0.00254432 0.0171031
0.74775 0.00249924 0.0168735
0.748751 0.00245473 0.0166461
0.749752 0.00241077 0.0164211
0.750753 0.00236737 0.0161983
0.751754 0.00232451 0.0159778
0.752755 0.00228218 0.0157594
0.753756 0.00224039 0.0155432
0.754757 0.00219913 0.0153292
0.755758 0.00215839 0.0151174
0.756759 0.00211816 0.0149076
0.75776 0.00207845 0.0147
0.758761 0.00203923 0.0144944
0.759762 0.00200051 0.0142908
0.760763 0.00196229 0.0140893
0.761764 0.00192454 0.0138897
0.762765 0.00188729 0.0136922
0.763766 0.00185058 0.0134968
0.764767 0.00181441 0.0133037
0.765768 0.00177877 0.0131127
0.766769 0.00174364 0.0129239
0.76777 0.00170903 0.0127371
0.768771 0.00167492 0.0125525
0.769772 0.00164131 0.0123698
0.770773 0.00160818 0.0121891
0.771774 0.00157552 0.0120104
0.772775 0.00154332 0.0118336
0.773776 0.00151159 0.0116587
0.774777 0.0014803 0.0114856
0.775778 0.00144945 0.0113143
0.776779 0.00141903 0.0111448
0.77778 0.00138903 0.010977
0.778781 0.00135944 0.010811
0.779782 0.00133026 0.0106466
0.780783 0.00130149 0.0104839
0.781784 0.00127319 0.0103232
0.782785 0.00124536 0.0101643
0.783786 0.001218 0.0100073
0.784787 0.00119108 0.00985219
0.785788 0.00116461 0.00969886
0.786789 0.00113858 0.00954734
0.78779 0.00111297 0.00939757
0.788791 0.00108778 0.00924955
0.789792 0.001063 0.00910324
0.790793 0.00103862 0.00895862
0.791794 0.00101464 0.00881566
0.792795 0.000991038 0.00867433
0.793796 0.000967819 0.00853461
0.794797 0.000944971 0.00839648
0.795798 0.000922484 0.00825991
0.796799 0.000900352 0.00812487
0.7978 0.000878567 0.00799134
0.798801 0.000857151 0.00785938
0.799802 0.000836162 0.00772919
0.800803 0.000815592 0.00760072
0.801804 0.00079543 0.00747396
0.802805 0.000775666 0.00734885
0.803806 0.000756288 0.00722537
0.804807 0.000737287 0.00710349
0.805808 0.000718652 0.00698316
0.806809 0.000700373 0.00686436
0.80781 0.000682439 0.00674706
0.808811 0.000664841 0.00663122
0.809812 0.000647567 0.00651681
0.810813 0.000630609 0.00640379
0.811814 0.000613955 0.00629214
0.812815 0.000597597 0.00618183
0.813816 0.000581524 0.00607281
0.814817 0.000565726 0.00596506
0.815818 0.000550195 0.00585855
0.816819 0.000534959 0.00575336
0.81782 0.000520078 0.00564966
0.818821 0.000505545 0.00554743
0.819822 0.000491348 0.00544665
0.820823 0.000477477 0.00534728
0.821824 0.000463924 0.00524929
0.822825 0.000450678 0.00515267
0.823826 0.000437729 0.00505738
0.824827 0.000425068 0.0049634
0.825828 0.000412685 0.0048707
0.826829 0.00040057 0.00477926
0.82783 0.000388715 0.00468905
0.828831 0.000377109 0.00460005
0.829832 0.000365744 0.00451222
0.830833 0.00035461 0.00442555
0.831834 0.000343697 0.00434001
0.832835 0.000332998 0.00425558
0.833835 0.000322502 0.00417222
0.834836 0.000312244 0.00409004
0.835837 0.000302282 0.00400919
0.836838 0.000292605 0.00392963
0.837839 0.000283203 0.00385134
0.83884 0.000274066 0.00377429
0.839841 0.000265183 0.00369844
0.840842 0.000256543 0.00362377
0.841843 0.000248137 0.00355025
0.842844 0.000239955 0.00347785
0.843845 0.000231986 0.00340653
0.844846 0.00022422 0.00333628
0.845847 0.000216647 0.00326705
0.846848 0.000209258 0.00319883
0.847849 0.000202043 0.00313158
0.84885 0.000194991 0.00306528
0.849851 0.000188093 0.00299989
0.850852 0.00018134 0.00293539
0.851853 0.000174722 0.00287175
0.852854 0.000168273 0.00280907
0.853855 0.000162048 0.00274749
0.854856 0.000156039 0.00268698
0.855857 0.000150235 0.00262753
0.856858 0.000144629 0.0025691
0.857859 0.000139211 0.00251168
0.85886 0.000133973 0.00245524
0.859861 0.000128904 0.00239975
0.860862 0.000123998 0.0023452
0.861863 0.000119244 0.00229155
0.862864 0.000114635 0.00223878
0.863865 0.00011016 0.00218688
0.864866 0.000105813 0.00213581
0.865867 0.000101584 0.00208555
0.866868 9.74656e-05 0.00203608
0.867869 9.34483e-05 0.00198738
0.86887 8.95241e-05 0.00193942
0.869871 8.56848e-05 0.00189219
0.870872 8.19592e-05 0.00184575
0.871873 7.83968e-05 0.00180027
0.872874 7.49902e-05 0.0017557
0.873875 7.17316e-05 0.00171203
0.874876 6.86129e-05 0.00166923
0.875877 6.56263e-05 0.00162727
0.876878 6.2764e-05 0.00158614
0.877879 6.00182e-05 0.00154579
0.87888 5.73812e-05 0.00150621
0.879881 5.48452e-05 0.00146738
0.880882 5.24028e-05 0.00142926
0.881883 5.00463e-05 0.00139184
0.882884 4.77682e-05 0.00135509
0.883885 4.5561e-05 0.00131898
0.884886 4.34174e-05 0.00128349
0.885887 4.13299e-05 0.0012486
0.886888 3.92913e-05 0.00121429
0.887889 3.72943e-05 0.00118052
0.88889 3.53595e-05 0.00114738
0.889891 3.35296e-05 0.00111499
0.890892 3.17997e-05 0.00108334
0.891893 3.01638e-05 0.00105242
0.892894 2.86163e-05 0.00102219
0.893895 2.71514e-05 0.000992645
0.894896 2.57633e-05 0.000963752
0.895897 2.44463e-05 0.000935495
0.896898 2.31949e-05 0.000907852
0.897899 2.20034e-05 0.000880803
0.8989 2.08662e-05 0.000854327
0.899901 1.97779e-05 0.000828404
0.900902 1.87328e-05 0.000803014
0.901903 1.77256e-05 0.000778136
0.902904 1.67509e-05 0.00075375
0.903905 1.58032e-05 0.000729837
0.904906 1.48772e-05 0.000706376
0.905907 1.39675e-05 0.000683348
0.906908 1.30877e-05 0.000660813
0.907909 1.22688e-05 0.000638904
0.90891 1.15078e-05 0.000617601
0.909911 1.08008e-05 0.000596885
0.910912 1.0144e-05 0.000576734
0.911913 9.53339e-06 0.000557126
0.912914 8.96517e-06 0.000538042
0.913915 8.43551e-06 0.00051946
0.914916 7.94062e-06 0.000501359
0.915917 7.47672e-06 0.000483719
0.916918 7.04006e-06 0.000466521
0.917919 6.62693e-06 0.000449742
0.91892 6.23361e-06 0.000433364
0.919921 5.85643e-06 0.000417367
0.920922 5.49174e-06 0.00040173
0.921923 5.13591e-06 0.000386433
0.922924 4.78533e-06 0.000371458
0.923925 4.43643e-06 0.000356785
0.924926 4.09733e-06 0.000342469
0.925927 3.78732e-06 0.000328635
0.926928 3.50481e-06 0.000315268
0.927929 3.24772e-06 0.000302348
0.92893 3.014e-06 0.000289859
0.929931 2.8016e-06 0.000277781
0.930932 2.60847e-06 0.000266097
0.931933 2.43261e-06 0.000254789
0.932934 2.27199e-06 0.000243839
0.933935 2.12463e-06 0.00023323
0.934936 1.98853e-06 0.000222943
0.935937 1.86173e-06 0.000212962
0.936938 1.74227e-06 0.000203269
0.937939 1.62819e-06 0.000193848
0.93894 1.51758e-06 0.00018468
0.939941 1.4085e-06 0.000175749
0.940942 1.29904e-06 0.000167038
0.941943 1.18732e-06 0.00015853
0.942944 1.07881e-06 0.000150295
0.943945 9.8188e-07 0.000142427
0.944945 8.95649e-07 0.00013491
0.945946 8.19215e-07 0.000127727
0.946947 7.51679e-07 0.000120862
0.947948 6.92149e-07 0.000114297
0.948949 6.39737e-07 0.000108017
0.94995 5.93563e-07 0.000102005
0.950951 5.5275e-07 9.62437e-05
0.951952 5.16427e-07 9.07182e-05
0.952953 4.8373e-07 8.54118e-05
0.953954 4.53798e-07 8.03086e-05
0.954955 4.25777e-07 7.53926e-05
0.955956 3.98818e-07 7.0648e-05
0.956957 3.72078e-07 6.60591e-05
0.957958 3.44717e-07 6.16103e-05
0.958959 3.15904e-07 5.72861e-05
0.95996 2.85106e-07 5.30792e-05
0.960961 2.56419e-07 4.91088e-05
0.961962 2.31162e-07 4.54051e-05
0.962963 2.09035e-07 4.19514e-05
0.963964 1.89742e-07 3.87312e-05
0.964965 1.72986e-07 3.57278e-05
0.965966 1.58473e-07 3.29251e-05
0.966967 1.45912e-07 3.03066e-05
0.967968 1.35013e-07 2.78563e-05
0.968969 1.25486e-07 2.5558e-05
0.96997 1.17046e-07 2.33958e-05
0.970971 1.09407e-07 2.13538e-05
0.971972 1.02286e-07 1.94161e-05
0.972973 9.54026e-08 1.75672e-05
0.973974 8.84761e-08 1.57914e-05
0.974975 8.12287e-08 1.40732e-05
0.975976 7.33844e-08 1.23972e-05
0.976977 6.49202e-08 1.07702e-05
0.977978 5.72758e-08 9.32066e-06
0.978979 5.06343e-08 8.05632e-06
0.97998 4.48861e-08 6.95847e-06
0.980981 3.99223e-08 6.00854e-06
0.981982 3.56345e-08 5.18804e-06
0.982983 3.1915e-08 4.47861e-06
0.983984 2.86569e-08 3.862e-06
0.984985 2.57538e-08 3.32007e-06
0.985986 2.30999e-08 2.83478e-06
0.986987 2.05903e-08 2.38822e-06
0.987988 1.81205e-08 1.96257e-06
0.988989 1.55866e-08 1.54012e-06
0.98999 1.28856e-08 1.10327e-06
0.990991 1.02126e-08 7.0006e-07
0.991992 8.06895e-09 4.37576e-07
0.992993 6.35353e-09 2.83317e-07
0.993994 4.94716e-09 2.00791e-07
0.994995 3.73137e-09 1.53727e-07
0.995996 2.58843e-09 1.06071e-07
0.996997 1.47587e-09 3.77962e-08
0.997998 7.59e-10 2.17027e-08
0.998999 2.2891e-10 1.47765e-08
1 0 3.93703e-24
