1.5 1.98879 0.395455
1.5986 2.50125 0.411797
1.6972 2.99105 0.427579
1.7958 3.45739 0.442744
1.89439 3.90327 0.457359
1.99299 4.32942 0.471431
2.09159 4.73607 0.484954
2.19019 5.12538 0.497982
2.28879 5.49886 0.510551
2.38739 5.85701 0.522672
2.48599 6.2004 0.534356
2.58458 6.53026 0.545636
2.68318 6.84807 0.556553
2.78178 7.15434 0.567119
2.88038 7.44957 0.577348
2.97898 7.73423 0.587252
3.07758 8.00885 0.596846
3.17618 8.27451 0.606161
3.27477 8.53177 0.615213
3.37337 8.78101 0.624013
3.47197 9.02257 0.63257
3.57057 9.25678 0.640894
3.66917 9.48396 0.648993
3.76777 9.70439 0.656878
3.86637 9.9194 0.664561
3.96496 10.1298 0.672059
4.06356 10.3352 0.679378
4.16216 10.5352 0.686525
4.26076 10.7298 0.693506
4.35936 10.9185 0.700329
4.45796 11.1014 0.706998
4.55656 11.2782 0.71352
4.65516 11.4489 0.719899
4.75375 11.6135 0.72614
4.85235 11.7722 0.732253
4.95095 11.9256 0.738245
5.04955 12.0741 0.74412
5.14815 12.2183 0.749881
5.24675 12.3585 0.755532
5.34535 12.495 0.761077
5.44394 12.6283 0.766519
5.54254 12.7586 0.771861
5.64114 12.8861 0.777105
5.73974 13.0111 0.782256
5.83834 13.134 0.787315
5.93694 13.2547 0.792286
6.03554 13.3737 0.79717
6.13413 13.491 0.801971
6.23273 13.6065 0.806692
6.33133 13.7201 0.811338
6.42993 13.8317 0.81591
6.52853 13.9414 0.820412
6.62713 14.0493 0.824844
6.72573 14.1554 0.829209
6.82432 14.2598 0.833508
6.92292 14.3626 0.837743
7.02152 14.4637 0.841916
7.12012 14.5632 0.846029
7.21872 14.6612 0.850082
7.31732 14.7576 0.854078
7.41592 14.8526 0.858017
7.51451 14.9462 0.861902
7.61311 15.0383 0.865733
7.71171 15.1291 0.869512
7.81031 15.2186 0.87324
7.90891 15.3068 0.876919
8.00751 15.3937 0.880548
8.10611 15.4794 0.88413
8.2047 15.5639 0.887667
8.3033 15.6473 0.89116
8.4019 15.7295 0.89461
8.5005 15.8108 0.898019
8.5991 15.8909 0.901386
8.6977 15.97 0.904714
8.7963 16.0481 0.908002
8.89489 16.1253 0.911252
8.99349 16.2015 0.914464
9.09209 16.2767 0.91764
9.19069 16.351 0.920779
9.28929 16.4244 0.923883
9.38789 16.4969 0.926953
9.48649 16.5686 0.929989
9.58509 16.6394 0.932992
9.68368 16.7094 0.935962
9.78228 16.7786 0.9389
9.88088 16.8469 0.941806
9.97948 16.9145 0.944683
10.0781 16.9814 0.947528
10.1767 17.0474 0.950345
10.2753 17.1128 0.953132
10.3739 17.1774 0.955891
10.4725 17.2413 0.958622
10.5711 17.3045 0.961325
10.6697 17.367 0.964001
10.7683 17.4289 0.966651
10.8669 17.4901 0.969275
10.9655 17.5506 0.971873
11.0641 17.6106 0.974446
11.1627 17.6699 0.976996
11.2613 17.7287 0.979522
11.3599 17.7868 0.982026
11.4585 17.8444 0.984506
11.5571 17.9015 0.986964
11.6557 17.9579 0.9894
11.7543 18.0139 0.991814
11.8529 18.0693 0.994207
11.9515 18.1242 0.996579
12.0501 18.1786 0.998931
12.1486 18.2324 1.00126
12.2472 18.2858 1.00357
12.3458 18.3387 1.00586
12.4444 18.3911 1.00814
12.543 18.443 1.01039
12.6416 18.4945 1.01262
12.7402 18.5455 1.01484
12.8388 18.596 1.01704
12.9374 18.6461 1.01922
13.036 18.6958 1.02138
13.1346 18.745 1.02352
13.2332 18.7938 1.02565
13.3318 18.8422 1.02776
13.4304 18.8902 1.02986
13.529 18.9377 1.03193
13.6276 18.9849 1.03399
13.7262 19.0317 1.03604
13.8248 19.0781 1.03807
13.9234 19.1241 1.04008
14.022 19.1697 1.04208
14.1206 19.2149 1.04406
14.2192 19.2598 1.04603
14.3178 19.3044 1.04799
14.4164 19.3485 1.04993
14.515 19.3923 1.05185
14.6136 19.4358 1.05376
14.7122 19.4789 1.05566
14.8108 19.5217 1.05754
14.9094 19.5642 1.05941
15.008 19.6063 1.06127
15.1066 19.6481 1.06311
15.2052 19.6896 1.06494
15.3038 19.7308 1.06676
15.4024 19.7716 1.06856
15.501 19.8122 1.07035
15.5996 19.8525 1.07214
15.6982 19.8925 1.0739
15.7968 19.9322 1.07566
15.8954 19.9716 1.07741
15.994 20.0108 1.07914
16.0926 20.0496 1.08086
16.1912 20.0882 1.08257
16.2898 20.1266 1.08428
16.3884 20.1646 1.08596
16.487 20.2024 1.08764
16.5856 20.24 1.08931
16.6842 20.2772 1.09097
16.7828 20.3143 1.09262
16.8814 20.3511 1.09425
16.98 20.3876 1.09588
17.0786 20.4239 1.09749
17.1772 20.4599 1.0991
17.2758 20.4957 1.1007
17.3744 20.5313 1.10228
17.473 20.5667 1.10386
17.5716 20.6018 1.10543
17.6702 20.6367 1.10699
17.7688 20.6713 1.10854
17.8674 20.7058 1.11008
17.966 20.74 1.11161
18.0646 20.774 1.11313
18.1632 20.8078 1.11464
18.2618 20.8414 1.11614
18.3604 20.8747 1.11764
18.459 20.9079 1.11913
18.5576 20.9409 1.1206
18.6562 20.9736 1.12207
18.7548 21.0062 1.12353
18.8534 21.0385 1.12499
18.952 21.0707 1.12643
19.0506 21.1026 1.12787
19.1491 21.1344 1.1293
19.2477 21.166 1.13072
19.3463 21.1974 1.13213
19.4449 21.2286 1.13353
19.5435 21.2596 1.13493
19.6421 21.2905 1.13632
19.7407 21.3211 1.1377
19.8393 21.3516 1.13908
19.9379 21.3819 1.14045
20.0365 21.412 1.14181
20.1351 21.442 1.14316
20.2337 21.4718 1.1445
20.3323 21.5014 1.14584
20.4309 21.5309 1.14717
20.5295 21.5601 1.1485
20.6281 21.5893 1.14981
20.7267 21.6182 1.15113
20.8253 21.647 1.15243
20.9239 21.6756 1.15373
21.0225 21.7041 1.15502
21.1211 21.7324 1.1563
21.2197 21.7606 1.15758
21.3183 21.7886 1.15885
21.4169 21.8165 1.16011
21.5155 21.8442 1.16137
21.6141 21.8717 1.16262
21.7127 21.8991 1.16387
21.8113 21.9264 1.16511
21.9099 21.9535 1.16634
22.0085 21.9805 1.16757
22.1071 22.0074 1.16879
22.2057 22.0341 1.17001
22.3043 22.0607 1.17122
22.4029 22.0871 1.17242
22.5015 22.1134 1.17362
22.6001 22.1396 1.17482
22.6987 22.1657 1.176
22.7973 22.1916 1.17719
22.8959 22.2174 1.17836
22.9945 22.243 1.17953
23.0931 22.2685 1.1807
23.1917 22.294 1.18186
23.2903 22.3192 1.18302
23.3889 22.3444 1.18417
23.4875 22.3694 1.18531
23.5861 22.3943 1.18645
23.6847 22.4191 1.18759
23.7833 22.4438 1.18871
23.8819 22.4684 1.18984
23.9805 22.4928 1.19096
24.0791 22.5171 1.19207
24.1777 22.5413 1.19318
24.2763 22.5654 1.19429
24.3749 22.5894 1.19539
24.4735 22.6133 1.19648
24.5721 22.637 1.19757
24.6707 22.6607 1.19866
24.7693 22.6842 1.19974
24.8679 22.7077 1.20082
24.9665 22.731 1.20189
25.0651 22.7542 1.20296
25.1637 22.7773 1.20402
25.2623 22.8003 1.20508
25.3609 22.8232 1.20613
25.4595 22.846 1.20718
25.5581 22.8687 1.20823
25.6567 22.8913 1.20927
25.7553 22.9138 1.21031
25.8539 22.9362 1.21134
25.9525 22.9585 1.21237
26.0511 22.9807 1.21339
26.1496 23.0028 1.21441
26.2482 23.0248 1.21542
26.3468 23.0467 1.21644
26.4454 23.0685 1.21744
26.544 23.0902 1.21845
26.6426 23.1118 1.21944
26.7412 23.1334 1.22044
26.8398 23.1548 1.22143
26.9384 23.1761 1.22242
27.037 23.1974 1.2234
27.1356 23.2186 1.22438
27.2342 23.2396 1.22536
27.3328 23.2606 1.22633
27.4314 23.2815 1.2273
27.53 23.3023 1.22826
27.6286 23.3231 1.22922
27.7272 23.3437 1.23018
27.8258 23.3642 1.23113
27.9244 23.3847 1.23208
28.023 23.4051 1.23303
28.1216 23.4254 1.23397
28.2202 23.4456 1.23491
28.3188 23.4657 1.23584
28.4174 23.4858 1.23677
28.516 23.5058 1.2377
28.6146 23.5257 1.23862
28.7132 23.5455 1.23955
28.8118 23.5652 1.24046
28.9104 23.5849 1.24138
29.009 23.6044 1.24229
29.1076 23.6239 1.24319
29.2062 23.6433 1.2441
29.3048 23.6627 1.245
29.4034 23.6819 1.2459
29.502 23.7011 1.24679
29.6006 23.7203 1.24768
29.6992 23.7393 1.24857
29.7978 23.7583 1.24945
29.8964 23.7772 1.25033
29.995 23.796 1.25121
30.0936 23.8147 1.25209
30.1922 23.8334 1.25296
30.2908 23.852 1.25383
30.3894 23.8705 1.25469
30.488 23.889 1.25556
30.5866 23.9074 1.25641
30.6852 23.9257 1.25727
30.7838 23.944 1.25812
30.8824 23.9621 1.25897
30.981 23.9803 1.25982
31.0796 23.9983 1.26067
31.1782 24.0163 1.26151
31.2768 24.0342 1.26235
31.3754 24.0521 1.26318
31.474 24.0698 1.26401
31.5726 24.0876 1.26484
31.6712 24.1052 1.26567
31.7698 24.1228 1.2665
31.8684 24.1403 1.26732
31.967 24.1578 1.26814
32.0656 24.1752 1.26895
32.1642 24.1925 1.26977
32.2628 24.2098 1.27058
32.3614 24.227 1.27139
32.46 24.2442 1.27219
32.5586 24.2613 1.27299
32.6572 24.2783 1.27379
32.7558 24.2953 1.27459
32.8544 24.3122 1.27539
32.953 24.3291 1.27618
33.0516 24.3459 1.27697
33.1502 24.3626 1.27776
33.2487 24.3793 1.27854
33.3473 24.396 1.27932
33.4459 24.4125 1.2801
33.5445 24.429 1.28088
33.6431 24.4455 1.28166
33.7417 24.4619 1.28243
33.8403 24.4783 1.2832
33.9389 24.4945 1.28397
34.0375 24.5108 1.28473
34.1361 24.527 1.28549
34.2347 24.5431 1.28626
34.3333 24.5592 1.28701
34.4319 24.5752 1.28777
34.5305 24.5912 1.28852
34.6291 24.6071 1.28927
34.7277 24.623 1.29002
34.8263 24.6388 1.29077
34.9249 24.6545 1.29151
35.0235 24.6702 1.29226
35.1221 24.6859 1.293
35.2207 24.7015 1.29373
35.3193 24.7171 1.29447
35.4179 24.7326 1.2952
35.5165 24.748 1.29593
35.6151 24.7634 1.29666
35.7137 24.7788 1.29739
35.8123 24.7941 1.29811
35.9109 24.8094 1.29883
36.0095 24.8246 1.29955
36.1081 24.8397 1.30027
36.2067 24.8548 1.30099
36.3053 24.8699 1.3017
36.4039 24.8849 1.30241
36.5025 24.8999 1.30312
36.6011 24.9148 1.30383
36.6997 24.9297 1.30453
36.7983 24.9445 1.30524
36.8969 24.9593 1.30594
36.9955 24.9741 1.30664
37.0941 24.9888 1.30734
37.1927 25.0034 1.30803
37.2913 25.018 1.30872
37.3899 25.0326 1.30942
37.4885 25.0471 1.3101
37.5871 25.0616 1.31079
37.6857 25.076 1.31148
37.7843 25.0904 1.31216
37.8829 25.1047 1.31284
37.9815 25.119 1.31352
38.0801 25.1332 1.3142
38.1787 25.1475 1.31487
38.2773 25.1616 1.31555
38.3759 25.1757 1.31622
38.4745 25.1898 1.31689
38.5731 25.2039 1.31756
38.6717 25.2179 1.31823
38.7703 25.2318 1.31889
38.8689 25.2457 1.31955
38.9675 25.2596 1.32021
39.0661 25.2734 1.32087
39.1647 25.2872 1.32153
39.2633 25.301 1.32219
39.3619 25.3147 1.32284
39.4605 25.3284 1.32349
39.5591 25.342 1.32414
39.6577 25.3556 1.32479
39.7563 25.3691 1.32544
39.8549 25.3827 1.32608
39.9535 25.3961 1.32672
40.0521 25.4096 1.32737
40.1507 25.423 1.32801
40.2492 25.4363 1.32864
40.3478 25.4496 1.32928
40.4464 25.4629 1.32991
40.545 25.4762 1.33055
40.6436 25.4894 1.33118
40.7422 25.5026 1.33181
40.8408 25.5157 1.33244
40.9394 25.5288 1.33306
41.038 25.5418 1.33369
41.1366 25.5549 1.33431
41.2352 25.5679 1.33493
41.3338 25.5808 1.33555
41.4324 25.5937 1.33617
41.531 25.6066 1.33679
41.6296 25.6194 1.3374
41.7282 25.6322 1.33801
41.8268 25.645 1.33863
41.9254 25.6578 1.33924
42.024 25.6705 1.33984
42.1226 25.6831 1.34045
42.2212 25.6958 1.34106
42.3198 25.7084 1.34166
42.4184 25.7209 1.34226
42.517 25.7334 1.34286
42.6156 25.7459 1.34346
42.7142 25.7584 1.34406
42.8128 25.7708 1.34466
42.9114 25.7832 1.34525
43.01 25.7956 1.34585
43.1086 25.8079 1.34644
43.2072 25.8202 1.34703
43.3058 25.8325 1.34762
43.4044 25.8447 1.3482
43.503 25.8569 1.34879
43.6016 25.8691 1.34938
43.7002 25.8812 1.34996
43.7988 25.8933 1.35054
43.8974 25.9054 1.35112
43.996 25.9174 1.3517
44.0946 25.9294 1.35228
44.1932 25.9414 1.35285
44.2918 25.9533 1.35343
44.3904 25.9652 1.354
44.489 25.9771 1.35457
44.5876 25.989 1.35514
44.6862 26.0008 1.35571
44.7848 26.0126 1.35628
44.8834 26.0243 1.35685
44.982 26.0361 1.35741
45.0806 26.0478 1.35797
45.1792 26.0594 1.35854
45.2778 26.0711 1.3591
45.3764 26.0827 1.35966
45.475 26.0943 1.36022
45.5736 26.1058 1.36077
45.6722 26.1173 1.36133
45.7708 26.1288 1.36188
45.8694 26.1403 1.36244
45.968 26.1517 1.36299
46.0666 26.1631 1.36354
46.1652 26.1745 1.36409
46.2638 26.1858 1.36463
46.3624 26.1972 1.36518
46.461 26.2084 1.36573
46.5596 26.2197 1.36627
46.6582 26.2309 1.36681
46.7568 26.2422 1.36735
46.8554 26.2533 1.36789
46.954 26.2645 1.36843
47.0526 26.2756 1.36897
47.1512 26.2867 1.36951
47.2497 26.2978 1.37004
47.3483 26.3088 1.37058
47.4469 26.3198 1.37111
47.5455 26.3308 1.37164
47.6441 26.3418 1.37217
47.7427 26.3527 1.3727
47.8413 26.3636 1.37323
47.9399 26.3745 1.37376
48.0385 26.3854 1.37428
48.1371 26.3962 1.37481
48.2357 26.407 1.37533
48.3343 26.4178 1.37585
48.4329 26.4285 1.37637
48.5315 26.4393 1.37689
48.6301 26.45 1.37741
48.7287 26.4606 1.37793
48.8273 26.4713 1.37845
48.9259 26.4819 1.37896
49.0245 26.4925 1.37948
49.1231 26.5031 1.37999
49.2217 26.5136 1.3805
49.3203 26.5242 1.38101
49.4189 26.5347 1.38152
49.5175 26.5452 1.38203
49.6161 26.5556 1.38254
49.7147 26.5661 1.38304
49.8133 26.5765 1.38355
49.9119 26.5868 1.38405
50.0105 26.5972 1.38456
50.1091 26.6075 1.38506
50.2077 26.6179 1.38556
50.3063 26.6281 1.38606
50.4049 26.6384 1.38656
50.5035 26.6487 1.38706
50.6021 26.6589 1.38755
50.7007 26.6691 1.38805
50.7993 26.6792 1.38854
50.8979 26.6894 1.38904
50.9965 26.6995 1.38953
51.0951 26.7096 1.39002
51.1937 26.7197 1.39051
51.2923 26.7298 1.391
51.3909 26.7398 1.39149
51.4895 26.7498 1.39198
51.5881 26.7598 1.39247
51.6867 26.7698 1.39295
51.7853 26.7797 1.39344
51.8839 26.7897 1.39392
51.9825 26.7996 1.3944
52.0811 26.8095 1.39488
52.1797 26.8193 1.39537
52.2783 26.8292 1.39584
52.3769 26.839 1.39632
52.4755 26.8488 1.3968
52.5741 26.8586 1.39728
52.6727 26.8683 1.39775
52.7713 26.878 1.39823
52.8699 26.8878 1.3987
52.9685 26.8974 1.39918
53.0671 26.9071 1.39965
53.1657 26.9168 1.40012
53.2643 26.9264 1.40059
53.3629 26.936 1.40106
53.4615 26.9456 1.40153
53.5601 26.9552 1.40199
53.6587 26.9647 1.40246
53.7573 26.9742 1.40292
53.8559 26.9837 1.40339
53.9545 26.9932 1.40385
54.0531 27.0027 1.40432
54.1517 27.0121 1.40478
54.2503 27.0216 1.40524
54.3488 27.031 1.4057
54.4474 27.0404 1.40616
54.546 27.0497 1.40661
54.6446 27.0591 1.40707
54.7432 27.0684 1.40753
54.8418 27.0777 1.40798
54.9404 27.087 1.40844
55.039 27.0963 1.40889
55.1376 27.1055 1.40934
55.2362 27.1147 1.4098
55.3348 27.1239 1.41025
55.4334 27.1331 1.4107
55.532 27.1423 1.41115
55.6306 27.1515 1.41159
55.7292 27.1606 1.41204
55.8278 27.1697 1.41249
55.9264 27.1788 1.41293
56.025 27.1879 1.41338
56.1236 27.1969 1.41382
56.2222 27.206 1.41427
56.3208 27.215 1.41471
56.4194 27.224 1.41515
56.518 27.233 1.41559
56.6166 27.242 1.41603
56.7152 27.2509 1.41647
56.8138 27.2599 1.41691
56.9124 27.2688 1.41735
57.011 27.2777 1.41778
57.1096 27.2865 1.41822
57.2082 27.2954 1.41865
57.3068 27.3042 1.41909
57.4054 27.3131 1.41952
57.504 27.3219 1.41995
57.6026 27.3307 1.42039
57.7012 27.3394 1.42082
57.7998 27.3482 1.42125
57.8984 27.3569 1.42168
57.997 27.3657 1.4221
58.0956 27.3744 1.42253
58.1942 27.383 1.42296
58.2928 27.3917 1.42339
58.3914 27.4004 1.42381
58.49 27.409 1.42424
58.5886 27.4176 1.42466
58.6872 27.4262 1.42508
58.7858 27.4348 1.4255
58.8844 27.4434 1.42593
58.983 27.4519 1.42635
59.0816 27.4604 1.42677
59.1802 27.469 1.42719
59.2788 27.4775 1.4276
59.3774 27.4859 1.42802
59.476 27.4944 1.42844
59.5746 27.5029 1.42885
59.6732 27.5113 1.42927
59.7718 27.5197 1.42968
59.8704 27.5281 1.4301
59.969 27.5365 1.43051
60.0676 27.5449 1.43092
60.1662 27.5532 1.43134
60.2648 27.5616 1.43175
60.3634 27.5699 1.43216
60.462 27.5782 1.43257
60.5606 27.5865 1.43298
60.6592 27.5948 1.43338
60.7578 27.603 1.43379
60.8564 27.6113 1.4342
60.955 27.6195 1.4346
61.0536 27.6277 1.43501
61.1522 27.6359 1.43541
61.2508 27.6441 1.43582
61.3493 27.6523 1.43622
61.4479 27.6604 1.43662
61.5465 27.6685 1.43702
61.6451 27.6767 1.43742
61.7437 27.6848 1.43783
61.8423 27.6929 1.43822
61.9409 27.7009 1.43862
62.0395 27.709 1.43902
62.1381 27.717 1.43942
62.2367 27.7251 1.43982
62.3353 27.7331 1.44021
62.4339 27.7411 1.44061
62.5325 27.7491 1.441
62.6311 27.757 1.4414
62.7297 27.765 1.44179
62.8283 27.7729 1.44218
62.9269 27.7809 1.44257
63.0255 27.7888 1.44297
63.1241 27.7967 1.44336
63.2227 27.8046 1.44375
63.3213 27.8124 1.44414
63.4199 27.8203 1.44452
63.5185 27.8281 1.44491
63.6171 27.836 1.4453
63.7157 27.8438 1.44569
63.8143 27.8516 1.44607
63.9129 27.8594 1.44646
64.0115 27.8671 1.44684
64.1101 27.8749 1.44723
64.2087 27.8826 1.44761
64.3073 27.8904 1.44799
64.4059 27.8981 1.44838
64.5045 27.9058 1.44876
64.6031 27.9135 1.44914
64.7017 27.9211 1.44952
64.8003 27.9288 1.4499
64.8989 27.9365 1.45028
64.9975 27.9441 1.45066
65.0961 27.9517 1.45103
65.1947 27.9593 1.45141
65.2933 27.9669 1.45179
65.3919 27.9745 1.45216
65.4905 27.9821 1.45254
65.5891 27.9896 1.45291
65.6877 27.9971 1.45329
65.7863 28.0047 1.45366
65.8849 28.0122 1.45403
65.9835 28.0197 1.45441
66.0821 28.0272 1.45478
66.1807 28.0346 1.45515
66.2793 28.0421 1.45552
66.3779 28.0496 1.45589
66.4765 28.057 1.45626
66.5751 28.0644 1.45663
66.6737 28.0718 1.45699
66.7723 28.0792 1.45736
66.8709 28.0866 1.45773
66.9695 28.094 1.45809
67.0681 28.1013 1.45846
67.1667 28.1087 1.45882
67.2653 28.116 1.45919
67.3639 28.1233 1.45955
67.4625 28.1306 1.45992
67.5611 28.1379 1.46028
67.6597 28.1452 1.46064
67.7583 28.1525 1.461
67.8569 28.1597 1.46136
67.9555 28.167 1.46172
68.0541 28.1742 1.46208
68.1527 28.1814 1.46244
68.2513 28.1887 1.4628
68.3498 28.1959 1.46316
68.4484 28.203 1.46352
68.547 28.2102 1.46387
68.6456 28.2174 1.46423
68.7442 28.2245 1.46459
68.8428 28.2317 1.46494
68.9414 28.2388 1.4653
69.04 28.2459 1.46565
69.1386 28.253 1.466
69.2372 28.2601 1.46636
69.3358 28.2672 1.46671
69.4344 28.2742 1.46706
69.533 28.2813 1.46741
69.6316 28.2883 1.46776
69.7302 28.2954 1.46812
69.8288 28.3024 1.46846
69.9274 28.3094 1.46881
70.026 28.3164 1.46916
70.1246 28.3234 1.46951
70.2232 28.3303 1.46986
70.3218 28.3373 1.47021
70.4204 28.3442 1.47055
70.519 28.3512 1.4709
70.6176 28.3581 1.47124
70.7162 28.365 1.47159
70.8148 28.3719 1.47193
70.9134 28.3788 1.47228
71.012 28.3857 1.47262
71.1106 28.3926 1.47296
71.2092 28.3994 1.47331
71.3078 28.4063 1.47365
71.4064 28.4131 1.47399
71.505 28.4199 1.47433
71.6036 28.4268 1.47467
71.7022 28.4336 1.47501
71.8008 28.4404 1.47535
71.8994 28.4471 1.47569
71.998 28.4539 1.47603
72.0966 28.4607 1.47636
72.1952 28.4674 1.4767
72.2938 28.4742 1.47704
72.3924 28.4809 1.47737
72.491 28.4876 1.47771
72.5896 28.4943 1.47805
72.6882 28.501 1.47838
72.7868 28.5077 1.47871
72.8854 28.5144 1.47905
72.984 28.521 1.47938
73.0826 28.5277 1.47971
73.1812 28.5343 1.48005
73.2798 28.541 1.48038
73.3784 28.5476 1.48071
73.477 28.5542 1.48104
73.5756 28.5608 1.48137
73.6742 28.5674 1.4817
73.7728 28.574 1.48203
73.8714 28.5805 1.48236
73.97 28.5871 1.48269
74.0686 28.5937 1.48301
74.1672 28.6002 1.48334
74.2658 28.6067 1.48367
74.3644 28.6132 1.48399
74.463 28.6198 1.48432
74.5616 28.6263 1.48465
74.6602 28.6327 1.48497
74.7588 28.6392 1.4853
74.8574 28.6457 1.48562
74.956 28.6522 1.48594
75.0546 28.6586 1.48627
75.1532 28.665 1.48659
75.2518 28.6715 1.48691
75.3504 28.6779 1.48723
75.4489 28.6843 1.48755
75.5475 28.6907 1.48788
75.6461 28.6971 1.4882
75.7447 28.7035 1.48852
75.8433 28.7098 1.48883
75.9419 28.7162 1.48915
76.0405 28.7226 1.48947
76.1391 28.7289 1.48979
76.2377 28.7352 1.49011
76.3363 28.7416 1.49043
76.4349 28.7479 1.49074
76.5335 28.7542 1.49106
76.6321 28.7605 1.49137
76.7307 28.7668 1.49169
76.8293 28.773 1.49201
76.9279 28.7793 1.49232
77.0265 28.7856 1.49263
77.1251 28.7918 1.49295
77.2237 28.798 1.49326
77.3223 28.8043 1.49357
77.4209 28.8105 1.49389
77.5195 28.8167 1.4942
77.6181 28.8229 1.49451
77.7167 28.8291 1.49482
77.8153 28.8353 1.49513
77.9139 28.8415 1.49544
78.0125 28.8476 1.49575
78.1111 28.8538 1.49606
78.2097 28.8599 1.49637
78.3083 28.8661 1.49668
78.4069 28.8722 1.49699
78.5055 28.8783 1.49729
78.6041 28.8844 1.4976
78.7027 28.8905 1.49791
78.8013 28.8966 1.49822
78.8999 28.9027 1.49852
78.9985 28.9088 1.49883
79.0971 28.9149 1.49913
79.1957 28.9209 1.49944
79.2943 28.927 1.49974
79.3929 28.933 1.50005
79.4915 28.939 1.50035
79.5901 28.9451 1.50065
79.6887 28.9511 1.50096
79.7873 28.9571 1.50126
79.8859 28.9631 1.50156
79.9845 28.9691 1.50186
80.0831 28.9751 1.50216
80.1817 28.981 1.50246
80.2803 28.987 1.50276
80.3789 28.9929 1.50306
80.4775 28.9989 1.50336
80.5761 29.0048 1.50366
80.6747 29.0108 1.50396
80.7733 29.0167 1.50426
80.8719 29.0226 1.50456
80.9705 29.0285 1.50486
81.0691 29.0344 1.50515
81.1677 29.0403 1.50545
81.2663 29.0462 1.50575
81.3649 29.052 1.50604
81.4635 29.0579 1.50634
81.5621 29.0637 1.50663
81.6607 29.0696 1.50693
81.7593 29.0754 1.50722
81.8579 29.0813 1.50752
81.9565 29.0871 1.50781
82.0551 29.0929 1.5081
82.1537 29.0987 1.5084
82.2523 29.1045 1.50869
82.3509 29.1103 1.50898
82.4494 29.1161 1.50927
82.548 29.1218 1.50956
82.6466 29.1276 1.50985
82.7452 29.1334 1.51015
82.8438 29.1391 1.51044
82.9424 29.1449 1.51073
83.041 29.1506 1.51102
83.1396 29.1563 1.5113
83.2382 29.162 1.51159
83.3368 29.1677 1.51188
83.4354 29.1735 1.51217
83.534 29.1791 1.51246
83.6326 29.1848 1.51274
83.7312 29.1905 1.51303
83.8298 29.1962 1.51332
83.9284 29.2018 1.5136
84.027 29.2075 1.51389
84.1256 29.2131 1.51418
84.2242 29.2188 1.51446
84.3228 29.2244 1.51475
84.4214 29.23 1.51503
84.52 29.2357 1.51531
84.6186 29.2413 1.5156
84.7172 29.2469 1.51588
84.8158 29.2525 1.51616
84.9144 29.2581 1.51645
85.013 29.2636 1.51673
85.1116 29.2692 1.51701
85.2102 29.2748 1.51729
85.3088 29.2803 1.51757
85.4074 29.2859 1.51785
85.506 29.2914 1.51813
85.6046 29.297 1.51841
85.7032 29.3025 1.51869
85.8018 29.308 1.51897
85.9004 29.3135 1.51925
85.999 29.319 1.51953
86.0976 29.3245 1.51981
86.1962 29.33 1.52009
86.2948 29.3355 1.52037
86.3934 29.341 1.52064
86.492 29.3464 1.52092
86.5906 29.3519 1.5212
86.6892 29.3573 1.52147
86.7878 29.3628 1.52175
86.8864 29.3682 1.52202
86.985 29.3737 1.5223
87.0836 29.3791 1.52257
87.1822 29.3845 1.52285
87.2808 29.3899 1.52312
87.3794 29.3953 1.5234
87.478 29.4007 1.52367
87.5766 29.4061 1.52394
87.6752 29.4115 1.52422
87.7738 29.4169 1.52449
87.8724 29.4222 1.52476
87.971 29.4276 1.52503
88.0696 29.4329 1.52531
88.1682 29.4383 1.52558
88.2668 29.4436 1.52585
88.3654 29.449 1.52612
88.464 29.4543 1.52639
88.5626 29.4596 1.52666
88.6612 29.4649 1.52693
88.7598 29.4702 1.5272
88.8584 29.4755 1.52747
88.957 29.4808 1.52773
89.0556 29.4861 1.528
89.1542 29.4914 1.52827
89.2528 29.4967 1.52854
89.3514 29.5019 1.52881
89.4499 29.5072 1.52907
89.5485 29.5124 1.52934
89.6471 29.5177 1.52961
89.7457 29.5229 1.52987
89.8443 29.5282 1.53014
89.9429 29.5334 1.5304
90.0415 29.5386 1.53067
90.1401 29.5438 1.53093
90.2387 29.549 1.5312
90.3373 29.5542 1.53146
90.4359 29.5594 1.53173
90.5345 29.5646 1.53199
90.6331 29.5698 1.53225
90.7317 29.5749 1.53252
90.8303 29.5801 1.53278
90.9289 29.5853 1.53304
91.0275 29.5904 1.5333
91.1261 29.5956 1.53356
91.2247 29.6007 1.53383
91.3233 29.6058 1.53409
91.4219 29.611 1.53435
91.5205 29.6161 1.53461
91.6191 29.6212 1.53487
91.7177 29.6263 1.53513
91.8163 29.6314 1.53539
91.9149 29.6365 1.53565
92.0135 29.6416 1.53591
92.1121 29.6467 1.53616
92.2107 29.6517 1.53642
92.3093 29.6568 1.53668
92.4079 29.6619 1.53694
92.5065 29.6669 1.5372
92.6051 29.672 1.53745
92.7037 29.677 1.53771
92.8023 29.6821 1.53797
92.9009 29.6871 1.53822
92.9995 29.6921 1.53848
93.0981 29.6971 1.53873
93.1967 29.7021 1.53899
93.2953 29.7072 1.53924
93.3939 29.7122 1.5395
93.4925 29.7172 1.53975
93.5911 29.7221 1.54001
93.6897 29.7271 1.54026
93.7883 29.7321 1.54052
93.8869 29.7371 1.54077
93.9855 29.742 1.54102
94.0841 29.747 1.54127
94.1827 29.7519 1.54153
94.2813 29.7569 1.54178
94.3799 29.7618 1.54203
94.4785 29.7668 1.54228
94.5771 29.7717 1.54253
94.6757 29.7766 1.54278
94.7743 29.7815 1.54304
94.8729 29.7864 1.54329
94.9715 29.7913 1.54354
95.0701 29.7962 1.54379
95.1687 29.8011 1.54404
95.2673 29.806 1.54428
95.3659 29.8109 1.54453
95.4645 29.8158 1.54478
95.5631 29.8206 1.54503
95.6617 29.8255 1.54528
95.7603 29.8304 1.54553
95.8589 29.8352 1.54577
95.9575 29.8401 1.54602
96.0561 29.8449 1.54627
96.1547 29.8497 1.54652
96.2533 29.8546 1.54676
96.3519 29.8594 1.54701
96.4505 29.8642 1.54725
96.549 29.869 1.5475
96.6476 29.8738 1.54775
96.7462 29.8786 1.54799
96.8448 29.8834 1.54824
96.9434 29.8882 1.54848
97.042 29.893 1.54872
97.1406 29.8977 1.54897
97.2392 29.9025 1.54921
97.3378 29.9073 1.54946
97.4364 29.912 1.5497
97.535 29.9168 1.54994
97.6336 29.9215 1.55019
97.7322 29.9263 1.55043
97.8308 29.931 1.55067
97.9294 29.9358 1.55091
98.028 29.9405 1.55115
98.1266 29.9452 1.55139
98.2252 29.9499 1.55164
98.3238 29.9546 1.55188
98.4224 29.9593 1.55212
98.521 29.964 1.55236
98.6196 29.9687 1.5526
98.7182 29.9734 1.55284
98.8168 29.9781 1.55308
98.9154 29.9828 1.55332
99.014 29.9874 1.55356
99.1126 29.9921 1.55379
99.2112 29.9968 1.55403
99.3098 30.0014 1.55427
99.4084 30.0061 1.55451
99.507 30.0107 1.55475
99.6056 30.0154 1.55498
99.7042 30.02 1.55522
99.8028 30.0246 1.55546
99.9014 30.0292 1.55569
100 30.0339 1.55593
