1e-05 68.678 3.14453
0.00101099 16.6966 0.939336
0.00201198 13.0991 0.805653
0.00301297 11.2723 0.743597
0.00401396 10.0812 0.706481
0.00501495 9.21031 0.681591
0.00601595 8.53136 0.66379
0.00701694 7.9771 0.650478
0.00801793 7.51178 0.640278
0.00901892 7.11237 0.632308
0.0100199 6.76263 0.625954
0.0110209 6.4529 0.620869
0.0120219 6.17586 0.61679
0.0130229 5.92519 0.613488
0.0140239 5.69661 0.610814
0.0150249 5.48703 0.608665
0.0160259 5.29397 0.606963
0.0170268 5.11515 0.605629
0.0180278 4.94859 0.604588
0.0190288 4.79283 0.603798
0.0200298 4.64678 0.603229
0.0210308 4.50951 0.602846
0.0220318 4.38021 0.602632
0.0230328 4.25805 0.602566
0.0240338 4.14233 0.602615
0.0250348 4.03242 0.602759
0.0260358 3.92785 0.602994
0.0270368 3.8282 0.603308
0.0280377 3.73314 0.603689
0.0290387 3.64234 0.604126
0.0300397 3.55549 0.604623
0.0310407 3.4723 0.605169
0.0320417 3.39251 0.605753
0.0330427 3.31587 0.606363
0.0340437 3.24218 0.606995
0.0350447 3.17126 0.607655
0.0360457 3.10295 0.608336
0.0370467 3.03711 0.609033
0.0380477 2.9736 0.609741
0.0390486 2.91229 0.610458
0.0400496 2.85308 0.61119
0.0410506 2.79584 0.611932
0.0420516 2.74047 0.61268
0.0430526 2.68686 0.613427
0.0440536 2.63493 0.614169
0.0450546 2.58459 0.614905
0.0460556 2.53577 0.615643
0.0470566 2.4884 0.61638
0.0480576 2.44242 0.617113
0.0490586 2.39776 0.617839
0.0500595 2.35438 0.618558
0.0510605 2.31222 0.619267
0.0520615 2.27123 0.619973
0.0530625 2.23136 0.620676
0.0540635 2.19257 0.621372
0.0550645 2.1548 0.622058
0.0560655 2.11802 0.622732
0.0570665 2.08218 0.623392
0.0580675 2.04724 0.624037
0.0590685 2.01319 0.624673
0.0600695 1.97999 0.6253
0.0610705 1.9476 0.625917
0.0620714 1.91599 0.626522
0.0630724 1.88515 0.627113
0.0640734 1.85503 0.627689
0.0650744 1.82562 0.628249
0.0660754 1.79689 0.628798
0.0670764 1.76883 0.629337
0.0680774 1.74141 0.629865
0.0690784 1.71461 0.63038
0.0700794 1.68841 0.630882
0.0710804 1.66278 0.631369
0.0720814 1.63771 0.631839
0.0730823 1.61318 0.632291
0.0740833 1.58918 0.632729
0.0750843 1.56569 0.633155
0.0760853 1.54271 0.633568
0.0770863 1.5202 0.633969
0.0780873 1.49816 0.634355
0.0790883 1.47657 0.634726
0.0800893 1.45542 0.635082
0.0810903 1.43469 0.635422
0.0820913 1.41438 0.635746
0.0830923 1.39446 0.636057
0.0840932 1.37495 0.636358
0.0850942 1.35582 0.636646
0.0860952 1.33707 0.636921
0.0870962 1.31867 0.637182
0.0880972 1.30063 0.637427
0.0890982 1.28293 0.637657
0.0900992 1.26555 0.637871
0.0911002 1.2485 0.638067
0.0921012 1.23177 0.638249
0.0931022 1.21535 0.638419
0.0941032 1.19924 0.638577
0.0951041 1.18342 0.638721
0.0961051 1.1679 0.638852
0.0971061 1.15265 0.638968
0.0981071 1.13767 0.639069
0.0991081 1.12295 0.639155
0.100109 1.10848 0.639226
0.10111 1.09427 0.639281
0.102111 1.0803 0.639324
0.103112 1.06658 0.639355
0.104113 1.0531 0.639374
0.105114 1.03985 0.63938
0.106115 1.02683 0.639373
0.107116 1.01403 0.639352
0.108117 1.00144 0.639316
0.109118 0.989053 0.639266
0.110119 0.976873 0.639201
0.11112 0.96489 0.639121
0.112121 0.953107 0.639028
0.113122 0.941523 0.638923
0.114123 0.930132 0.638807
0.115124 0.918928 0.638678
0.116125 0.907905 0.638536
0.117126 0.897059 0.638381
0.118127 0.886383 0.638213
0.119128 0.875873 0.638031
0.120129 0.865524 0.637835
0.12113 0.855331 0.637625
0.122131 0.845291 0.637401
0.123132 0.83541 0.637166
0.124133 0.825685 0.63692
0.125134 0.81611 0.636661
0.126135 0.806683 0.636392
0.127136 0.7974 0.636109
0.128137 0.788257 0.635815
0.129138 0.77925 0.635507
0.130139 0.770377 0.635187
0.13114 0.761633 0.634854
0.132141 0.753015 0.634507
0.133142 0.744522 0.634147
0.134143 0.736157 0.633776
0.135144 0.72792 0.633394
0.136145 0.719805 0.633001
0.137146 0.711811 0.632597
0.138147 0.703933 0.632181
0.139148 0.696168 0.631754
0.140149 0.688514 0.631315
0.14115 0.680968 0.630863
0.142151 0.673526 0.6304
0.143152 0.666185 0.629924
0.144153 0.658944 0.629435
0.145154 0.651802 0.628935
0.146155 0.644763 0.628425
0.147156 0.637824 0.627904
0.148157 0.630984 0.627372
0.149158 0.624239 0.62683
0.150159 0.617588 0.626277
0.15116 0.611027 0.625713
0.152161 0.604555 0.625138
0.153162 0.598169 0.624551
0.154163 0.591867 0.623953
0.155164 0.585648 0.623344
0.156165 0.579509 0.622723
0.157166 0.573451 0.622092
0.158167 0.567478 0.62145
0.159168 0.561586 0.620799
0.160169 0.555775 0.620138
0.16117 0.550042 0.619467
0.162171 0.544384 0.618786
0.163172 0.5388 0.618094
0.164173 0.533288 0.617392
0.165174 0.527847 0.61668
0.166175 0.522473 0.615957
0.167175 0.517166 0.615224
0.168176 0.511924 0.61448
0.169177 0.506746 0.613725
0.170178 0.501636 0.612961
0.171179 0.496592 0.612188
0.17218 0.491614 0.611405
0.173181 0.4867 0.610613
0.174182 0.481848 0.609812
0.175183 0.477057 0.609001
0.176184 0.472325 0.608181
0.177185 0.467652 0.607351
0.178186 0.463035 0.606511
0.179187 0.458474 0.605663
0.180188 0.453967 0.604804
0.181189 0.449513 0.603936
0.18219 0.445113 0.603059
0.183191 0.440769 0.602174
0.184192 0.436481 0.60128
0.185193 0.432245 0.600377
0.186194 0.428063 0.599466
0.187195 0.423931 0.598546
0.188196 0.419849 0.597618
0.189197 0.415815 0.596681
0.190198 0.411828 0.595735
0.191199 0.407888 0.59478
0.1922 0.403992 0.593817
0.193201 0.400139 0.592845
0.194202 0.396329 0.591864
0.195203 0.392562 0.590875
0.196204 0.388841 0.589877
0.197205 0.385164 0.588872
0.198206 0.381531 0.587858
0.199207 0.37794 0.586836
0.200208 0.374392 0.585807
0.201209 0.370884 0.584769
0.20221 0.367416 0.583724
0.203211 0.363987 0.582671
0.204212 0.360597 0.58161
0.205213 0.357244 0.580542
0.206214 0.353928 0.579466
0.207215 0.350648 0.578382
0.208216 0.347404 0.577291
0.209217 0.344198 0.576193
0.210218 0.341029 0.575088
0.211219 0.337898 0.573975
0.21222 0.334802 0.572856
0.213221 0.331742 0.571729
0.214222 0.328716 0.570595
0.215223 0.325723 0.569455
0.216224 0.322763 0.568307
0.217225 0.319835 0.567152
0.218226 0.316938 0.565991
0.219227 0.314072 0.564822
0.220228 0.311235 0.563647
0.221229 0.308426 0.562465
0.22223 0.305647 0.561276
0.223231 0.3029 0.560081
0.224232 0.300183 0.558879
0.225233 0.297495 0.55767
0.226234 0.294838 0.556454
0.227235 0.292209 0.555233
0.228236 0.289608 0.554005
0.229237 0.287035 0.552771
0.230238 0.284489 0.551531
0.231239 0.281969 0.550285
0.23224 0.279475 0.549033
0.233241 0.277007 0.547775
0.234242 0.274563 0.546512
0.235243 0.272144 0.545243
0.236244 0.26975 0.543969
0.237245 0.267383 0.542689
0.238246 0.265041 0.541403
0.239247 0.262725 0.540111
0.240248 0.260433 0.538814
0.241249 0.258166 0.537512
0.24225 0.255922 0.536204
0.243251 0.253701 0.534891
0.244252 0.251502 0.533573
0.245253 0.249325 0.53225
0.246254 0.24717 0.530921
0.247255 0.245036 0.529588
0.248256 0.242922 0.528249
0.249257 0.240828 0.526906
0.250258 0.238755 0.525557
0.251259 0.236703 0.524204
0.25226 0.234672 0.522845
0.253261 0.232662 0.521481
0.254262 0.230673 0.520111
0.255263 0.228704 0.518738
0.256264 0.226755 0.517359
0.257265 0.224825 0.515976
0.258266 0.222914 0.514589
0.259267 0.221021 0.513198
0.260268 0.219147 0.511802
0.261269 0.217291 0.510403
0.26227 0.215453 0.509
0.263271 0.213632 0.507593
0.264272 0.211828 0.506183
0.265273 0.210042 0.504769
0.266274 0.208275 0.503351
0.267275 0.206525 0.501929
0.268276 0.204794 0.500503
0.269277 0.203079 0.499073
0.270278 0.201382 0.497639
0.271279 0.199701 0.496202
0.27228 0.198037 0.494761
0.273281 0.196388 0.493316
0.274282 0.194754 0.491868
0.275283 0.193135 0.490417
0.276284 0.191532 0.488963
0.277285 0.189942 0.487506
0.278285 0.188366 0.486045
0.279286 0.186805 0.484581
0.280287 0.185259 0.483114
0.281288 0.183728 0.481642
0.282289 0.182212 0.480168
0.28329 0.18071 0.478689
0.284291 0.179223 0.477208
0.285292 0.17775 0.475724
0.286293 0.17629 0.474236
0.287294 0.174845 0.472746
0.288295 0.173412 0.471254
0.289296 0.171992 0.469759
0.290297 0.170585 0.468262
0.291298 0.169191 0.466763
0.292299 0.167809 0.465262
0.2933 0.166438 0.463759
0.294301 0.16508 0.462254
0.295302 0.163736 0.460746
0.296303 0.162404 0.459236
0.297304 0.161085 0.457723
0.298305 0.159778 0.456208
0.299306 0.158483 0.454691
0.300307 0.157201 0.453172
0.301308 0.15593 0.45165
0.302309 0.15467 0.450127
0.30331 0.153422 0.448602
0.304311 0.152184 0.447075
0.305312 0.150957 0.445547
0.306313 0.149741 0.444017
0.307314 0.148535 0.442486
0.308315 0.147339 0.440954
0.309316 0.146153 0.43942
0.310317 0.144978 0.437884
0.311318 0.143814 0.436345
0.312319 0.142661 0.434805
0.31332 0.141518 0.433263
0.314321 0.140385 0.431719
0.315322 0.139263 0.430174
0.316323 0.13815 0.428627
0.317324 0.137047 0.42708
0.318325 0.135954 0.425531
0.319326 0.13487 0.423982
0.320327 0.133796 0.422433
0.321328 0.132731 0.420882
0.322329 0.131674 0.419332
0.32333 0.130626 0.417782
0.324331 0.129588 0.416231
0.325332 0.128558 0.41468
0.326333 0.127538 0.413127
0.327334 0.126528 0.411574
0.328335 0.125527 0.41002
0.329336 0.124534 0.408465
0.330337 0.123551 0.406909
0.331338 0.122576 0.405353
0.332339 0.121609 0.403796
0.33334 0.12065 0.40224
0.334341 0.1197 0.400683
0.335342 0.118757 0.399126
0.336343 0.117822 0.397569
0.337344 0.116895 0.396012
0.338345 0.115975 0.394455
0.339346 0.115062 0.392899
0.340347 0.114156 0.391342
0.341348 0.113259 0.389785
0.342349 0.112369 0.388226
0.34335 0.111487 0.386668
0.344351 0.110613 0.385108
0.345352 0.109746 0.383549
0.346353 0.108886 0.38199
0.347354 0.108034 0.380431
0.348355 0.107189 0.378873
0.349356 0.10635 0.377315
0.350357 0.105519 0.375758
0.351358 0.104694 0.374201
0.352359 0.103876 0.372646
0.35336 0.103064 0.371093
0.354361 0.102259 0.36954
0.355362 0.10146 0.367989
0.356363 0.100668 0.366439
0.357364 0.0998834 0.364888
0.358365 0.0991053 0.363339
0.359366 0.0983338 0.361789
0.360367 0.097569 0.360241
0.361368 0.0968105 0.358693
0.362369 0.0960583 0.357146
0.36337 0.0953123 0.3556
0.364371 0.0945723 0.354055
0.365372 0.0938382 0.352511
0.366373 0.0931099 0.350969
0.367374 0.0923872 0.349428
0.368375 0.0916701 0.347889
0.369376 0.0909584 0.346351
0.370377 0.090252 0.344815
0.371378 0.089551 0.34328
0.372379 0.0888559 0.341745
0.37338 0.0881665 0.340212
0.374381 0.0874828 0.338679
0.375382 0.0868048 0.337147
0.376383 0.0861323 0.335616
0.377384 0.0854652 0.334086
0.378385 0.0848035 0.332558
0.379386 0.084147 0.331032
0.380387 0.0834957 0.329507
0.381388 0.0828496 0.327984
0.382389 0.0822084 0.326464
0.38339 0.0815723 0.324945
0.384391 0.080941 0.32343
0.385392 0.0803144 0.321916
0.386393 0.0796926 0.320406
0.387394 0.0790757 0.318898
0.388395 0.078464 0.317391
0.389395 0.0778574 0.315886
0.390396 0.0772558 0.314383
0.391397 0.0766592 0.312881
0.392398 0.0760674 0.311382
0.393399 0.0754803 0.309884
0.3944 0.0748979 0.308389
0.395401 0.07432 0.306896
0.396402 0.0737466 0.305405
0.397403 0.0731775 0.303917
0.398404 0.0726127 0.302431
0.399405 0.0720521 0.300947
0.400406 0.0714957 0.299467
0.401407 0.0709432 0.297989
0.402408 0.0703946 0.296514
0.403409 0.0698501 0.295041
0.40441 0.0693099 0.29357
0.405411 0.0687741 0.292101
0.406412 0.0682425 0.290634
0.407413 0.067715 0.289169
0.408414 0.0671917 0.287706
0.409415 0.0666724 0.286245
0.410416 0.0661572 0.284787
0.411417 0.0656458 0.283332
0.412418 0.0651384 0.28188
0.413419 0.0646348 0.280431
0.41442 0.0641349 0.278985
0.415421 0.0636388 0.277542
0.416422 0.0631463 0.276103
0.417423 0.0626574 0.274667
0.418424 0.062172 0.273235
0.419425 0.0616902 0.271806
0.420426 0.0612124 0.270381
0.421427 0.0607383 0.268958
0.422428 0.0602681 0.267537
0.423429 0.0598016 0.26612
0.42443 0.0593388 0.264706
0.425431 0.0588795 0.263294
0.426432 0.0584237 0.261886
0.427433 0.0579714 0.260481
0.428434 0.0575224 0.259079
0.429435 0.0570767 0.25768
0.430436 0.0566343 0.256285
0.431437 0.056195 0.254893
0.432438 0.0557588 0.253505
0.433439 0.0553256 0.25212
0.43444 0.0548954 0.250739
0.435441 0.0544681 0.249361
0.436442 0.054044 0.247987
0.437443 0.0536232 0.246615
0.438444 0.0532055 0.245246
0.439445 0.0527911 0.24388
0.440446 0.0523797 0.242517
0.441447 0.0519714 0.241157
0.442448 0.0515661 0.239801
0.443449 0.0511638 0.238448
0.44445 0.0507645 0.237098
0.445451 0.0503681 0.235753
0.446452 0.0499745 0.234411
0.447453 0.0495838 0.233073
0.448454 0.0491959 0.231739
0.449455 0.0488107 0.23041
0.450456 0.0484282 0.229084
0.451457 0.0480483 0.227764
0.452458 0.0476713 0.226447
0.453459 0.0472972 0.225133
0.45446 0.0469261 0.223823
0.455461 0.0465577 0.222517
0.456462 0.0461922 0.221214
0.457463 0.0458294 0.219915
0.458464 0.0454693 0.21862
0.459465 0.0451119 0.217329
0.460466 0.0447571 0.216041
0.461467 0.0444047 0.214757
0.462468 0.0440549 0.213478
0.463469 0.0437076 0.212202
0.46447 0.0433626 0.21093
0.465471 0.04302 0.209663
0.466472 0.0426797 0.2084
0.467473 0.0423416 0.207141
0.468474 0.0420058 0.205886
0.469475 0.0416724 0.204635
0.470476 0.0413414 0.203387
0.471477 0.0410129 0.202142
0.472478 0.0406868 0.200902
0.473479 0.0403631 0.199665
0.47448 0.0400417 0.198432
0.475481 0.0397226 0.197203
0.476482 0.0394058 0.195978
0.477483 0.0390913 0.194757
0.478484 0.038779 0.19354
0.479485 0.0384689 0.192328
0.480486 0.0381609 0.19112
0.481487 0.0378551 0.189916
0.482488 0.0375515 0.188718
0.483489 0.0372499 0.187523
0.48449 0.0369504 0.186334
0.485491 0.0366529 0.185149
0.486492 0.0363578 0.183969
0.487493 0.0360649 0.182792
0.488494 0.0357742 0.181619
0.489495 0.0354857 0.180451
0.490496 0.0351993 0.179287
0.491497 0.034915 0.178127
0.492498 0.0346327 0.176971
0.493499 0.0343524 0.175819
0.4945 0.0340741 0.174672
0.495501 0.0337978 0.173529
0.496502 0.0335233 0.172391
0.497503 0.0332506 0.171257
0.498504 0.0329798 0.170127
0.499505 0.0327107 0.169002
0.500505 0.0324434 0.167881
0.501506 0.0321778 0.166764
0.502507 0.031914 0.165652
0.503508 0.0316521 0.164544
0.504509 0.031392 0.16344
0.50551 0.0311338 0.162339
0.506511 0.0308774 0.161243
0.507512 0.0306229 0.160151
0.508513 0.0303701 0.159063
0.509514 0.0301191 0.157979
0.510515 0.0298699 0.1569
0.511516 0.0296224 0.155825
0.512517 0.0293766 0.154755
0.513518 0.0291325 0.153689
0.514519 0.02889 0.152628
0.51552 0.0286492 0.151571
0.516521 0.02841 0.15052
0.517522 0.0281725 0.149473
0.518523 0.0279365 0.148431
0.519524 0.0277022 0.147394
0.520525 0.0274697 0.146361
0.521526 0.0272389 0.145332
0.522527 0.0270098 0.144308
0.523528 0.0267824 0.143288
0.524529 0.0265566 0.142273
0.52553 0.0263323 0.141261
0.526531 0.0261097 0.140255
0.527532 0.0258886 0.139253
0.528533 0.025669 0.138255
0.529534 0.025451 0.137261
0.530535 0.0252343 0.136273
0.531536 0.0250192 0.135288
0.532537 0.0248054 0.134308
0.533538 0.024593 0.133333
0.534539 0.024382 0.132362
0.53554 0.0241723 0.131396
0.536541 0.023964 0.130433
0.537542 0.0237573 0.129475
0.538543 0.0235519 0.128521
0.539544 0.023348 0.127571
0.540545 0.0231456 0.126626
0.541546 0.0229445 0.125684
0.542547 0.0227449 0.124747
0.543548 0.0225466 0.123815
0.544549 0.0223497 0.122886
0.54555 0.0221542 0.121963
0.546551 0.02196 0.121043
0.547552 0.0217672 0.120128
0.548553 0.0215756 0.119218
0.549554 0.0213854 0.118313
0.550555 0.0211965 0.117412
0.551556 0.0210088 0.116516
0.552557 0.0208224 0.115625
0.553558 0.0206374 0.114738
0.554559 0.0204537 0.113855
0.55556 0.0202714 0.112977
0.556561 0.0200905 0.112104
0.557562 0.0199108 0.111234
0.558563 0.0197325 0.11037
0.559564 0.0195554 0.109509
0.560565 0.0193796 0.108653
0.561566 0.019205 0.107801
0.562567 0.0190316 0.106954
0.563568 0.0188593 0.106111
0.564569 0.0186883 0.105272
0.56557 0.0185184 0.104438
0.566571 0.0183496 0.103608
0.567572 0.0181819 0.102782
0.568573 0.0180153 0.101961
0.569574 0.0178498 0.101144
0.570575 0.0176853 0.100331
0.571576 0.0175221 0.0995224
0.572577 0.01736 0.0987177
0.573578 0.017199 0.0979171
0.574579 0.0170392 0.0971207
0.57558 0.0168805 0.0963285
0.576581 0.0167229 0.0955405
0.577582 0.0165664 0.0947567
0.578583 0.0164111 0.0939772
0.579584 0.0162568 0.093202
0.580585 0.0161036 0.092431
0.581586 0.0159514 0.0916645
0.582587 0.0158003 0.0909022
0.583588 0.0156503 0.0901444
0.584589 0.0155013 0.089391
0.58559 0.0153534 0.088642
0.586591 0.0152065 0.0878975
0.587592 0.0150606 0.0871573
0.588593 0.0149159 0.0864215
0.589594 0.0147722 0.0856899
0.590595 0.0146297 0.0849626
0.591596 0.0144882 0.0842395
0.592597 0.0143477 0.0835206
0.593598 0.0142082 0.0828059
0.594599 0.0140698 0.0820953
0.5956 0.0139324 0.081389
0.596601 0.0137959 0.0806867
0.597602 0.0136604 0.0799885
0.598603 0.0135259 0.0792945
0.599604 0.0133923 0.0786045
0.600605 0.0132596 0.0779186
0.601606 0.0131278 0.0772367
0.602607 0.012997 0.0765589
0.603608 0.012867 0.075885
0.604609 0.0127378 0.0752151
0.60561 0.0126097 0.0745491
0.606611 0.0124824 0.073887
0.607612 0.0123561 0.0732289
0.608613 0.0122307 0.0725746
0.609614 0.0121063 0.0719243
0.610615 0.0119827 0.071278
0.611615 0.0118601 0.0706356
0.612616 0.0117383 0.0699971
0.613617 0.0116175 0.0693626
0.614618 0.0114975 0.0687322
0.615619 0.0113784 0.0681057
0.61662 0.0112602 0.0674832
0.617621 0.0111428 0.0668647
0.618622 0.0110264 0.0662502
0.619623 0.0109107 0.0656398
0.620624 0.010796 0.0650333
0.621625 0.010682 0.064431
0.622626 0.010569 0.0638326
0.623627 0.0104568 0.0632382
0.624628 0.0103456 0.0626478
0.625629 0.0102352 0.0620614
0.62663 0.0101257 0.0614788
0.627631 0.010017 0.0609001
0.628632 0.00990922 0.0603253
0.629633 0.00980223 0.0597543
0.630634 0.00969606 0.0591871
0.631635 0.00959069 0.0586237
0.632636 0.00948612 0.058064
0.633637 0.00938233 0.057508
0.634638 0.00927932 0.0569557
0.635639 0.00917706 0.0564071
0.63664 0.00907557 0.0558621
0.637641 0.00897481 0.0553208
0.638642 0.00887479 0.054783
0.639643 0.00877551 0.0542488
0.640644 0.00867702 0.0537182
0.641645 0.00857931 0.0531913
0.642646 0.00848237 0.052668
0.643647 0.00838619 0.0521482
0.644648 0.00829078 0.0516321
0.645649 0.00819612 0.0511196
0.64665 0.00810221 0.0506106
0.647651 0.00800906 0.0501052
0.648652 0.00791664 0.0496034
0.649653 0.00782496 0.0491052
0.650654 0.00773401 0.0486105
0.651655 0.00764379 0.0481194
0.652656 0.00755429 0.0476318
0.653657 0.00746551 0.0471477
0.654658 0.00737744 0.0466672
0.655659 0.00729008 0.0461902
0.65666 0.00720344 0.0457168
0.657661 0.00711754 0.0452469
0.658662 0.00703238 0.0447807
0.659663 0.00694796 0.044318
0.660664 0.00686427 0.0438588
0.661665 0.0067813 0.0434031
0.662666 0.00669903 0.0429509
0.663667 0.00661747 0.0425021
0.664668 0.0065366 0.0420566
0.665669 0.00645641 0.0416146
0.66667 0.00637689 0.0411758
0.667671 0.00629804 0.0407403
0.668672 0.00621985 0.0403081
0.669673 0.0061423 0.0398791
0.670674 0.00606539 0.0394533
0.671675 0.00598912 0.0390307
0.672676 0.00591347 0.0386112
0.673677 0.00583843 0.0381948
0.674678 0.00576403 0.0377815
0.675679 0.00569028 0.0373715
0.67668 0.00561718 0.0369647
0.677681 0.00554473 0.0365611
0.678682 0.00547292 0.0361606
0.679683 0.00540175 0.0357634
0.680684 0.00533122 0.0353693
0.681685 0.00526132 0.0349783
0.682686 0.00519204 0.0345904
0.683687 0.00512339 0.0342057
0.684688 0.00505536 0.033824
0.685689 0.00498795 0.0334454
0.68669 0.00492114 0.0330699
0.687691 0.00485495 0.0326974
0.688692 0.00478936 0.0323279
0.689693 0.00472437 0.0319614
0.690694 0.00465998 0.031598
0.691695 0.00459619 0.0312375
0.692696 0.00453303 0.0308801
0.693697 0.0044705 0.0305259
0.694698 0.00440859 0.0301748
0.695699 0.0043473 0.0298268
0.6967 0.00428662 0.0294818
0.697701 0.00422653 0.0291397
0.698702 0.00416704 0.0288007
0.699703 0.00410813 0.0284645
0.700704 0.00404979 0.0281312
0.701705 0.00399202 0.0278007
0.702706 0.00393481 0.0274731
0.703707 0.00387816 0.0271482
0.704708 0.00382205 0.026826
0.705709 0.00376647 0.0265066
0.70671 0.00371143 0.0261897
0.707711 0.0036569 0.0258755
0.708712 0.00360289 0.0255639
0.709713 0.00354941 0.0252549
0.710714 0.00349647 0.0249487
0.711715 0.00344409 0.0246453
0.712716 0.00339226 0.0243446
0.713717 0.00334097 0.0240467
0.714718 0.00329022 0.0237514
0.715719 0.00324001 0.0234588
0.71672 0.00319032 0.0231689
0.717721 0.00314116 0.0228816
0.718722 0.00309253 0.0225969
0.719723 0.00304441 0.0223148
0.720724 0.0029968 0.0220352
0.721725 0.0029497 0.0217582
0.722725 0.00290311 0.0214837
0.723726 0.00285701 0.0212117
0.724727 0.00281142 0.0209422
0.725728 0.00276631 0.0206751
0.726729 0.0027217 0.0204105
0.72773 0.0026776 0.0201485
0.728731 0.00263403 0.019889
0.729732 0.00259099 0.0196323
0.730733 0.00254846 0.0193781
0.731734 0.00250645 0.0191264
0.732735 0.00246493 0.0188772
0.733736 0.00242391 0.0186306
0.734737 0.00238337 0.0183863
0.735738 0.00234331 0.0181444
0.736739 0.00230373 0.0179049
0.73774 0.0022646 0.0176676
0.738741 0.00222593 0.0174327
0.739742 0.00218771 0.0171999
0.740743 0.00214992 0.0169694
0.741744 0.00211257 0.0167411
0.742745 0.00207564 0.0165148
0.743746 0.00203914 0.0162907
0.744747 0.00200304 0.0160686
0.745748 0.0019674 0.0158488
0.746749 0.00193223 0.0156312
0.74775 0.00189751 0.015416
0.748751 0.00186324 0.015203
0.749752 0.00182943 0.0149923
0.750753 0.00179605 0.0147837
0.751754 0.00176311 0.0145774
0.752755 0.00173059 0.0143731
0.753756 0.00169851 0.014171
0.754757 0.00166683 0.013971
0.755758 0.00163557 0.0137731
0.756759 0.00160472 0.0135772
0.75776 0.00157427 0.0133833
0.758761 0.00154421 0.0131913
0.759762 0.00151454 0.0130014
0.760763 0.00148525 0.0128134
0.761764 0.00145635 0.0126273
0.762765 0.00142782 0.0124431
0.763766 0.00139973 0.0122611
0.764767 0.00137206 0.0120812
0.765768 0.00134481 0.0119034
0.766769 0.00131797 0.0117276
0.76777 0.00129154 0.0115539
0.768771 0.00126551 0.0113822
0.769772 0.00123986 0.0112124
0.770773 0.00121459 0.0110445
0.771774 0.0011897 0.0108785
0.772775 0.00116516 0.0107144
0.773776 0.00114099 0.0105521
0.774777 0.00111716 0.0103915
0.775778 0.00109368 0.0102326
0.776779 0.00107052 0.0100755
0.77778 0.0010477 0.00992004
0.778781 0.00102519 0.00976619
0.779782 0.00100299 0.00961394
0.780783 0.000981114 0.00946332
0.781784 0.000959608 0.00931455
0.782785 0.000938469 0.0091676
0.783786 0.000917691 0.00902246
0.784787 0.000897266 0.0088791
0.785788 0.000877188 0.00873749
0.786789 0.000857448 0.00859759
0.78779 0.00083804 0.00845939
0.788791 0.000818958 0.00832285
0.789792 0.000800193 0.00818795
0.790793 0.000781739 0.00805465
0.791794 0.00076359 0.00792294
0.792795 0.000745738 0.00779279
0.793796 0.000728176 0.00766416
0.794797 0.000710898 0.00753703
0.795798 0.000693897 0.00741138
0.796799 0.000677167 0.00728718
0.7978 0.000660701 0.00716441
0.798801 0.000644517 0.00704312
0.799802 0.000628664 0.00692352
0.800803 0.000613135 0.00680557
0.801804 0.000597921 0.00668923
0.802805 0.000583015 0.00657448
0.803806 0.000568407 0.00646128
0.804807 0.000554089 0.0063496
0.805808 0.000540052 0.0062394
0.806809 0.000526288 0.00613064
0.80781 0.000512789 0.00602331
0.808811 0.000499546 0.00591735
0.809812 0.000486551 0.00581275
0.810813 0.000473796 0.00570947
0.811814 0.000461273 0.00560747
0.812815 0.000448973 0.00550672
0.813816 0.00043689 0.0054072
0.814817 0.000425014 0.00530887
0.815818 0.000413339 0.0052117
0.816819 0.000401887 0.00511577
0.81782 0.000390708 0.00502126
0.818821 0.000379794 0.00492814
0.819822 0.000369137 0.00483639
0.820823 0.00035873 0.00474597
0.821824 0.000348565 0.00465687
0.822825 0.000338633 0.00456905
0.823826 0.000328927 0.0044825
0.824827 0.000319441 0.00439717
0.825828 0.000310164 0.00431305
0.826829 0.000301092 0.0042301
0.82783 0.000292215 0.00414831
0.828831 0.000283526 0.00406765
0.829832 0.000275018 0.00398809
0.830833 0.000266684 0.0039096
0.831834 0.000258516 0.00383217
0.832835 0.000250507 0.00375576
0.833835 0.000242651 0.00368035
0.834836 0.000234973 0.00360604
0.835837 0.000227519 0.00353297
0.836838 0.000220281 0.00346113
0.837839 0.000213251 0.00339047
0.83884 0.000206421 0.00332097
0.839841 0.000199783 0.00325261
0.840842 0.000193328 0.00318534
0.841843 0.00018705 0.00311915
0.842844 0.00018094 0.00305399
0.843845 0.00017499 0.00298985
0.844846 0.000169193 0.0029267
0.845847 0.00016354 0.0028645
0.846848 0.000158025 0.00280324
0.847849 0.000152639 0.00274287
0.84885 0.000147375 0.00268337
0.849851 0.000142226 0.00262472
0.850852 0.000137183 0.00256689
0.851853 0.000132241 0.00250985
0.852854 0.000127424 0.00245369
0.853855 0.000122775 0.00239856
0.854856 0.000118288 0.00234443
0.855857 0.000113955 0.00229128
0.856858 0.000109771 0.00223909
0.857859 0.000105726 0.00218783
0.85886 0.000101816 0.00213747
0.859861 9.80337e-05 0.002088
0.860862 9.43716e-05 0.00203939
0.861863 9.08236e-05 0.00199162
0.862864 8.73829e-05 0.00194466
0.863865 8.4043e-05 0.00189849
0.864866 8.07974e-05 0.00185308
0.865867 7.76396e-05 0.00180842
0.866868 7.45633e-05 0.00176449
0.867869 7.15619e-05 0.00172125
0.86887 6.86293e-05 0.00167868
0.869871 6.5759e-05 0.00163677
0.870872 6.29727e-05 0.00159559
0.871873 6.03078e-05 0.00155529
0.872874 5.7759e-05 0.00151584
0.873875 5.53201e-05 0.00147721
0.874876 5.29854e-05 0.00143938
0.875877 5.07488e-05 0.00140232
0.876878 4.86045e-05 0.00136602
0.877879 4.65468e-05 0.00133044
0.87888 4.45697e-05 0.00129556
0.879881 4.26677e-05 0.00126136
0.880882 4.08349e-05 0.00122782
0.881883 3.90658e-05 0.0011949
0.882884 3.73547e-05 0.0011626
0.883885 3.56961e-05 0.00113088
0.884886 3.40843e-05 0.00109971
0.885887 3.25139e-05 0.00106909
0.886888 3.09793e-05 0.00103898
0.887889 2.94752e-05 0.00100936
0.88889 2.8017e-05 0.000980304
0.889891 2.66363e-05 0.00095194
0.890892 2.53294e-05 0.000924252
0.891893 2.40922e-05 0.000897222
0.892894 2.29202e-05 0.000870827
0.893895 2.18094e-05 0.000845047
0.894896 2.07553e-05 0.000819863
0.895897 1.9754e-05 0.000795253
0.896898 1.88011e-05 0.000771199
0.897899 1.78925e-05 0.00074768
0.8989 1.70243e-05 0.000724677
0.899901 1.61921e-05 0.00070217
0.900902 1.53921e-05 0.000680139
0.901903 1.46202e-05 0.000658566
0.902904 1.38723e-05 0.00063743
0.903905 1.31445e-05 0.000616714
0.904906 1.24329e-05 0.000596397
0.905907 1.17334e-05 0.000576461
0.906908 1.10561e-05 0.000556964
0.907909 1.04238e-05 0.00053803
0.90891 9.83425e-06 0.000519644
0.909911 9.28466e-06 0.000501784
0.910912 8.77213e-06 0.000484432
0.911913 8.29384e-06 0.000467568
0.912914 7.84697e-06 0.000451172
0.913915 7.42871e-06 0.000435224
0.914916 7.03627e-06 0.000419705
0.915917 6.66691e-06 0.000404596
0.916918 6.31786e-06 0.000389878
0.917919 5.9864e-06 0.000375532
0.91892 5.66982e-06 0.000361538
0.919921 5.36543e-06 0.000347879
0.920922 5.07054e-06 0.000334535
0.921923 4.7825e-06 0.000321489
0.922924 4.49867e-06 0.000308721
0.923925 4.21643e-06 0.000296213
0.924926 3.94171e-06 0.000284018
0.925927 3.68863e-06 0.000272251
0.926928 3.45601e-06 0.000260899
0.927929 3.24236e-06 0.000249944
0.92893 3.04616e-06 0.00023937
0.929931 2.86592e-06 0.000229159
0.930932 2.70017e-06 0.000219296
0.931933 2.54742e-06 0.000209763
0.932934 2.40621e-06 0.000200544
0.933935 2.27508e-06 0.000191622
0.934936 2.15258e-06 0.000182982
0.935937 2.03729e-06 0.000174608
0.936938 1.92776e-06 0.000166482
0.937939 1.82259e-06 0.00015859
0.93894 1.72035e-06 0.000150915
0.939941 1.61965e-06 0.000143442
0.940942 1.5191e-06 0.000136154
0.941943 1.41731e-06 0.000129038
0.942944 1.31832e-06 0.000122155
0.943945 1.22822e-06 0.000115593
0.944945 1.14638e-06 0.000109338
0.945946 1.07212e-06 0.000103374
0.946947 1.00479e-06 9.7685e-05
0.947948 9.43725e-07 9.22572e-05
0.948949 8.88265e-07 8.70751e-05
0.94995 8.3776e-07 8.21237e-05
0.950951 7.91562e-07 7.73883e-05
0.951952 7.49027e-07 7.2854e-05
0.952953 7.09517e-07 6.85063e-05
0.953954 6.72394e-07 6.43305e-05
0.954955 6.37027e-07 6.03123e-05
0.955956 6.02788e-07 5.64372e-05
0.956957 5.69053e-07 5.2691e-05
0.957958 5.35202e-07 4.90594e-05
0.958959 5.0062e-07 4.55284e-05
0.95996 4.64916e-07 4.20913e-05
0.960961 4.31173e-07 3.88541e-05
0.961962 4.00376e-07 3.58438e-05
0.962963 3.72289e-07 3.3046e-05
0.963964 3.46679e-07 3.0446e-05
0.964965 3.23314e-07 2.80295e-05
0.965966 3.01964e-07 2.57822e-05
0.966967 2.824e-07 2.36897e-05
0.967968 2.64394e-07 2.1738e-05
0.968969 2.4772e-07 1.99129e-05
0.96997 2.32152e-07 1.82006e-05
0.970971 2.17469e-07 1.65869e-05
0.971972 2.03446e-07 1.50583e-05
0.972973 1.89865e-07 1.36009e-05
0.973974 1.76505e-07 1.2201e-05
0.974975 1.63148e-07 1.08452e-05
0.975976 1.49579e-07 9.51985e-06
0.976977 1.35797e-07 8.23048e-06
0.977978 1.23049e-07 7.08628e-06
0.978979 1.11476e-07 6.09413e-06
0.97998 1.00964e-07 5.23842e-06
0.980981 9.14027e-08 4.50365e-06
0.981982 8.26798e-08 3.87439e-06
0.982983 7.46847e-08 3.33532e-06
0.983984 6.73075e-08 2.87122e-06
0.984985 6.04388e-08 2.46694e-06
0.985986 5.39699e-08 2.10744e-06
0.986987 4.77928e-08 1.77775e-06
0.987988 4.18e-08 1.46303e-06
0.988989 3.5885e-08 1.14848e-06
0.98999 2.99414e-08 8.19426e-07
0.990991 2.42583e-08 5.14182e-07
0.991992 1.94984e-08 3.19273e-07
0.992993 1.55003e-08 2.08945e-07
0.993994 1.20785e-08 1.54224e-07
0.994995 9.04881e-09 1.26314e-07
0.995996 6.22791e-09 9.65895e-08
0.996997 3.58171e-09 4.86412e-08
0.997998 1.84402e-09 3.78825e-08
0.998999 5.55699e-10 3.35278e-08
1 2.18453e-28 8.10619e-24
