1e-05 70.9169 3.08625
0.00101099 16.9123 0.919926
0.00201198 13.1406 0.786042
0.00301297 11.2303 0.724526
0.00401396 9.9922 0.688259
0.00501495 9.09331 0.66433
0.00601595 8.3973 0.647505
0.00701694 7.83294 0.635149
0.00801793 7.36191 0.625861
0.00901892 6.95976 0.618751
0.0100199 6.60949 0.613206
0.0110209 6.30068 0.608876
0.0120219 6.02561 0.605505
0.0130229 5.77763 0.602861
0.0140239 5.55232 0.600803
0.0150249 5.34635 0.599227
0.0160259 5.15713 0.59806
0.0170268 4.98233 0.597228
0.0180278 4.81986 0.596653
0.0190288 4.66825 0.5963
0.0200298 4.52638 0.59614
0.0210308 4.39323 0.596139
0.0220318 4.26801 0.596282
0.0230328 4.14989 0.596551
0.0240338 4.03813 0.596914
0.0250348 3.93208 0.59735
0.0260358 3.83129 0.597859
0.0270368 3.73535 0.598431
0.0280377 3.6439 0.599053
0.0290387 3.55658 0.599715
0.0300397 3.47313 0.600423
0.0310407 3.39325 0.601168
0.0320417 3.31666 0.601938
0.0330427 3.24313 0.602722
0.0340437 3.17245 0.603517
0.0350447 3.10445 0.604328
0.0360457 3.03897 0.605152
0.0370467 2.97587 0.605983
0.0380477 2.91501 0.606816
0.0390486 2.85626 0.607649
0.0400496 2.79953 0.60849
0.0410506 2.7447 0.609335
0.0420516 2.69165 0.610178
0.0430526 2.6403 0.611014
0.0440536 2.59054 0.611838
0.0450546 2.5423 0.612651
0.0460556 2.49552 0.61346
0.0470566 2.45012 0.614263
0.0480576 2.40605 0.615056
0.0490586 2.36324 0.615839
0.0500595 2.32164 0.616609
0.0510605 2.2812 0.617365
0.0520615 2.24188 0.618116
0.0530625 2.20363 0.618858
0.0540635 2.1664 0.61959
0.0550645 2.13014 0.620309
0.0560655 2.09482 0.621013
0.0570665 2.06039 0.621699
0.0580675 2.02683 0.622368
0.0590685 1.9941 0.623025
0.0600695 1.96217 0.623671
0.0610705 1.93102 0.624304
0.0620714 1.90062 0.624922
0.0630724 1.87093 0.625525
0.0640734 1.84194 0.626111
0.0650744 1.81361 0.626679
0.0660754 1.78593 0.627233
0.0670764 1.75889 0.627777
0.0680774 1.73246 0.628307
0.0690784 1.70661 0.628824
0.0700794 1.68133 0.629325
0.0710804 1.65659 0.62981
0.0720814 1.63239 0.630277
0.0730823 1.60869 0.630725
0.0740833 1.5855 0.631158
0.0750843 1.56279 0.631577
0.0760853 1.54056 0.631983
0.0770863 1.51878 0.632374
0.0780873 1.49745 0.632751
0.0790883 1.47655 0.633112
0.0800893 1.45606 0.633456
0.0810903 1.43598 0.633785
0.0820913 1.41628 0.634096
0.0830923 1.39697 0.634395
0.0840932 1.37803 0.634681
0.0850942 1.35947 0.634955
0.0860952 1.34125 0.635215
0.0870962 1.32339 0.63546
0.0880972 1.30585 0.635689
0.0890982 1.28864 0.635903
0.0900992 1.27174 0.6361
0.0911002 1.25515 0.636279
0.0921012 1.23886 0.636445
0.0931022 1.22288 0.636598
0.0941032 1.20718 0.636738
0.0951041 1.19177 0.636864
0.0961051 1.17663 0.636976
0.0971061 1.16175 0.637074
0.0981071 1.14713 0.637156
0.0991081 1.13277 0.637224
0.100109 1.11864 0.637276
0.10111 1.10475 0.637313
0.102111 1.09111 0.637337
0.103112 1.07769 0.637349
0.104113 1.0645 0.637349
0.105114 1.05154 0.637337
0.106115 1.03879 0.63731
0.107116 1.02625 0.63727
0.108117 1.01392 0.637216
0.109118 1.00178 0.637147
0.110119 0.989841 0.637063
0.11112 0.978088 0.636964
0.112121 0.966528 0.636853
0.113122 0.955157 0.63673
0.114123 0.94397 0.636595
0.115124 0.932963 0.636448
0.116125 0.92213 0.636288
0.117126 0.911465 0.636115
0.118127 0.900965 0.635929
0.119128 0.890624 0.635729
0.120129 0.880438 0.635516
0.12113 0.870402 0.635289
0.122131 0.860515 0.635048
0.123132 0.85078 0.634796
0.124133 0.841194 0.634533
0.125134 0.831753 0.634258
0.126135 0.822455 0.633972
0.127136 0.813294 0.633674
0.128137 0.804269 0.633363
0.129138 0.795375 0.63304
0.130139 0.786609 0.632705
0.13114 0.777969 0.632356
0.132141 0.769451 0.631995
0.133142 0.761053 0.631621
0.134143 0.752779 0.631235
0.135144 0.744627 0.63084
0.136145 0.736594 0.630433
0.137146 0.728676 0.630015
0.138147 0.720871 0.629587
0.139148 0.713176 0.629146
0.140149 0.705588 0.628694
0.14115 0.698104 0.628231
0.142151 0.690721 0.627755
0.143152 0.683437 0.627268
0.144153 0.676249 0.626768
0.145154 0.669158 0.626256
0.146155 0.662166 0.625735
0.147156 0.655272 0.625204
0.148157 0.648473 0.624662
0.149158 0.641766 0.62411
0.150159 0.63515 0.623547
0.15116 0.628621 0.622973
0.152161 0.622179 0.622389
0.153162 0.615821 0.621794
0.154163 0.609546 0.621187
0.155164 0.60335 0.62057
0.156165 0.597233 0.619941
0.157166 0.591194 0.619302
0.158167 0.585238 0.618653
0.159168 0.579361 0.617994
0.160169 0.573562 0.617326
0.16117 0.567839 0.616648
0.162171 0.56219 0.615961
0.163172 0.556613 0.615263
0.164173 0.551106 0.614555
0.165174 0.545667 0.613837
0.166175 0.540295 0.61311
0.167175 0.534988 0.612371
0.168176 0.529745 0.611623
0.169177 0.524564 0.610864
0.170178 0.51945 0.610096
0.171179 0.514401 0.609319
0.17218 0.509415 0.608534
0.173181 0.504492 0.607738
0.174182 0.49963 0.606934
0.175183 0.494827 0.606121
0.176184 0.490083 0.605298
0.177185 0.485395 0.604467
0.178186 0.480763 0.603626
0.179187 0.476186 0.602776
0.180188 0.471662 0.601916
0.181189 0.46719 0.601048
0.18219 0.462771 0.60017
0.183191 0.458407 0.599285
0.184192 0.454096 0.598391
0.185193 0.449839 0.597489
0.186194 0.445633 0.596578
0.187195 0.441476 0.59566
0.188196 0.437369 0.594732
0.189197 0.433309 0.593797
0.190198 0.429295 0.592853
0.191199 0.425327 0.5919
0.1922 0.421403 0.590939
0.193201 0.417521 0.58997
0.194202 0.413682 0.588992
0.195203 0.409885 0.588006
0.196204 0.406133 0.587011
0.197205 0.402424 0.586009
0.198206 0.398758 0.584999
0.199207 0.395135 0.583981
0.200208 0.391552 0.582956
0.201209 0.38801 0.581923
0.20221 0.384507 0.580882
0.203211 0.381044 0.579834
0.204212 0.377617 0.578778
0.205213 0.374229 0.577715
0.206214 0.370876 0.576645
0.207215 0.367559 0.575567
0.208216 0.364277 0.574483
0.209217 0.361034 0.573391
0.210218 0.357827 0.572292
0.211219 0.354657 0.571187
0.21222 0.351522 0.570074
0.213221 0.348422 0.568955
0.214222 0.345356 0.567829
0.215223 0.342323 0.566696
0.216224 0.339323 0.565557
0.217225 0.336354 0.56441
0.218226 0.333416 0.563257
0.219227 0.330508 0.562097
0.220228 0.327629 0.560931
0.221229 0.324779 0.559758
0.22223 0.321958 0.558578
0.223231 0.319168 0.557391
0.224232 0.316408 0.556198
0.225233 0.313678 0.554999
0.226234 0.310977 0.553793
0.227235 0.308305 0.552581
0.228236 0.305661 0.551363
0.229237 0.303044 0.550139
0.230238 0.300454 0.548909
0.231239 0.29789 0.547674
0.23224 0.295352 0.546432
0.233241 0.292839 0.545186
0.234242 0.290351 0.543933
0.235243 0.287887 0.542676
0.236244 0.285449 0.541413
0.237245 0.283036 0.540145
0.238246 0.280649 0.538871
0.239247 0.278288 0.537592
0.240248 0.27595 0.536308
0.241249 0.273637 0.535018
0.24225 0.271348 0.533723
0.243251 0.269081 0.532423
0.244252 0.266836 0.531118
0.245253 0.264614 0.529808
0.246254 0.262413 0.528493
0.247255 0.260232 0.527173
0.248256 0.258073 0.525848
0.249257 0.255933 0.524518
0.250258 0.253813 0.523184
0.251259 0.251715 0.521844
0.25226 0.249638 0.520499
0.253261 0.247582 0.519149
0.254262 0.245546 0.517794
0.255263 0.24353 0.516435
0.256264 0.241535 0.515071
0.257265 0.239558 0.513703
0.258266 0.237601 0.51233
0.259267 0.235662 0.510954
0.260268 0.233741 0.509573
0.261269 0.231839 0.508189
0.26227 0.229954 0.506801
0.263271 0.228086 0.50541
0.264272 0.226235 0.504015
0.265273 0.224403 0.502617
0.266274 0.222589 0.501214
0.267275 0.220794 0.499807
0.268276 0.219016 0.498397
0.269277 0.217255 0.496983
0.270278 0.215511 0.495565
0.271279 0.213784 0.494143
0.27228 0.212073 0.492719
0.273281 0.210377 0.49129
0.274282 0.208697 0.489859
0.275283 0.207032 0.488424
0.276284 0.205382 0.486986
0.277285 0.203746 0.485545
0.278285 0.202125 0.484101
0.279286 0.200517 0.482654
0.280287 0.198925 0.481204
0.281288 0.197348 0.479749
0.282289 0.195786 0.478292
0.28329 0.194238 0.476831
0.284291 0.192705 0.475367
0.285292 0.191186 0.473899
0.286293 0.18968 0.47243
0.287294 0.188189 0.470957
0.288295 0.18671 0.469482
0.289296 0.185245 0.468005
0.290297 0.183792 0.466526
0.291298 0.182352 0.465044
0.292299 0.180924 0.463561
0.2933 0.179509 0.462076
0.294301 0.178105 0.460589
0.295302 0.176715 0.4591
0.296303 0.175338 0.457608
0.297304 0.173974 0.456113
0.298305 0.172622 0.454617
0.299306 0.171283 0.453118
0.300307 0.169955 0.451617
0.301308 0.168639 0.450114
0.302309 0.167335 0.448609
0.30331 0.166041 0.447102
0.304311 0.164759 0.445594
0.305312 0.163488 0.444084
0.306313 0.162227 0.442573
0.307314 0.160977 0.441061
0.308315 0.159736 0.439547
0.309316 0.158506 0.438031
0.310317 0.157287 0.436513
0.311318 0.156079 0.434993
0.312319 0.154881 0.433471
0.31332 0.153694 0.431947
0.314321 0.152518 0.430422
0.315322 0.151351 0.428895
0.316323 0.150195 0.427367
0.317324 0.149048 0.425837
0.318325 0.147912 0.424307
0.319326 0.146784 0.422777
0.320327 0.145666 0.421245
0.321328 0.144557 0.419714
0.322329 0.143458 0.418182
0.32333 0.142367 0.41665
0.324331 0.141285 0.415118
0.325332 0.140213 0.413585
0.326333 0.13915 0.412051
0.327334 0.138097 0.410516
0.328335 0.137053 0.408981
0.329336 0.136017 0.407445
0.330337 0.134991 0.405908
0.331338 0.133974 0.404371
0.332339 0.132964 0.402833
0.33334 0.131964 0.401295
0.334341 0.130971 0.399757
0.335342 0.129986 0.398219
0.336343 0.129009 0.39668
0.337344 0.128039 0.395142
0.338345 0.127077 0.393604
0.339346 0.126122 0.392066
0.340347 0.125175 0.390528
0.341348 0.124236 0.388989
0.342349 0.123305 0.387449
0.34335 0.122382 0.385909
0.344351 0.121466 0.384368
0.345352 0.120558 0.382827
0.346353 0.119657 0.381286
0.347354 0.118763 0.379745
0.348355 0.117877 0.378205
0.349356 0.116998 0.376665
0.350357 0.116125 0.375126
0.351358 0.11526 0.373588
0.352359 0.114401 0.372051
0.35336 0.113549 0.370515
0.354361 0.112703 0.368981
0.355362 0.111864 0.367448
0.356363 0.111031 0.365915
0.357364 0.110206 0.364383
0.358365 0.109388 0.362851
0.359366 0.108576 0.361319
0.360367 0.107771 0.359789
0.361368 0.106973 0.358258
0.362369 0.106181 0.356729
0.36337 0.105395 0.355201
0.364371 0.104615 0.353674
0.365372 0.103842 0.352147
0.366373 0.103074 0.350623
0.367374 0.102312 0.349099
0.368375 0.101555 0.347577
0.369376 0.100804 0.346056
0.370377 0.100059 0.344537
0.371378 0.0993186 0.34302
0.372379 0.0985845 0.341502
0.37338 0.0978562 0.339985
0.374381 0.0971337 0.338469
0.375382 0.0964168 0.336954
0.376383 0.0957056 0.33544
0.377384 0.0949999 0.333927
0.378385 0.0942997 0.332416
0.379386 0.0936048 0.330906
0.380387 0.0929152 0.329398
0.381388 0.0922308 0.327892
0.382389 0.0915515 0.326387
0.38339 0.0908772 0.324885
0.384391 0.0902078 0.323386
0.385392 0.0895434 0.321889
0.386393 0.0888837 0.320394
0.387394 0.088229 0.318902
0.388395 0.0875796 0.317411
0.389395 0.0869354 0.315922
0.390396 0.0862963 0.314435
0.391397 0.0856622 0.312949
0.392398 0.085033 0.311465
0.393399 0.0844086 0.309983
0.3944 0.0837889 0.308503
0.395401 0.0831739 0.307026
0.396402 0.0825634 0.30555
0.397403 0.0819574 0.304077
0.398404 0.0813557 0.302606
0.399405 0.0807582 0.301138
0.400406 0.080165 0.299672
0.401407 0.0795758 0.298209
0.402408 0.0789907 0.296748
0.403409 0.0784096 0.29529
0.40441 0.077833 0.293834
0.405411 0.0772607 0.292379
0.406412 0.0766928 0.290927
0.407413 0.0761291 0.289476
0.408414 0.0755696 0.288027
0.409415 0.0750142 0.286581
0.410416 0.0744629 0.285137
0.411417 0.0739156 0.283696
0.412418 0.0733723 0.282257
0.413419 0.0728329 0.280822
0.41442 0.0722973 0.279389
0.415421 0.0717655 0.27796
0.416422 0.0712375 0.276534
0.417423 0.0707131 0.275112
0.418424 0.0701924 0.273693
0.419425 0.0696753 0.272277
0.420426 0.0691622 0.270865
0.421427 0.068653 0.269455
0.422428 0.0681478 0.268047
0.423429 0.0676463 0.266643
0.42443 0.0671485 0.265241
0.425431 0.0666544 0.263842
0.426432 0.0661639 0.262446
0.427433 0.0656769 0.261053
0.428434 0.0651933 0.259663
0.429435 0.0647131 0.258277
0.430436 0.0642361 0.256894
0.431437 0.0637624 0.255514
0.432438 0.0632919 0.254137
0.433439 0.0628244 0.252764
0.43444 0.06236 0.251395
0.435441 0.0618986 0.250029
0.436442 0.0614404 0.248666
0.437443 0.0609855 0.247305
0.438444 0.0605339 0.245947
0.439445 0.0600855 0.244592
0.440446 0.0596403 0.24324
0.441447 0.0591982 0.241892
0.442448 0.0587592 0.240546
0.443449 0.0583233 0.239204
0.44445 0.0578903 0.237865
0.445451 0.0574604 0.23653
0.446452 0.0570334 0.235198
0.447453 0.0566093 0.233871
0.448454 0.0561881 0.232547
0.449455 0.0557697 0.231227
0.450456 0.0553541 0.229912
0.451457 0.0549413 0.228601
0.452458 0.0545313 0.227294
0.453459 0.0541243 0.22599
0.45446 0.0537204 0.22469
0.455461 0.0533193 0.223393
0.456462 0.0529212 0.222099
0.457463 0.0525258 0.22081
0.458464 0.0521332 0.219523
0.459465 0.0517433 0.218241
0.460466 0.0513561 0.216962
0.461467 0.0509715 0.215687
0.462468 0.0505895 0.214416
0.463469 0.05021 0.213149
0.46447 0.0498329 0.211886
0.465471 0.0494583 0.210627
0.466472 0.049086 0.209372
0.467473 0.048716 0.208121
0.468474 0.0483483 0.206875
0.469475 0.0479832 0.205631
0.470476 0.0476205 0.204391
0.471477 0.0472603 0.203155
0.472478 0.0469026 0.201922
0.473479 0.0465473 0.200693
0.47448 0.0461944 0.199467
0.475481 0.0458439 0.198245
0.476482 0.0454957 0.197027
0.477483 0.0451499 0.195814
0.478484 0.0448064 0.194604
0.479485 0.0444651 0.193399
0.480486 0.0441261 0.192197
0.481487 0.0437893 0.191001
0.482488 0.0434546 0.189809
0.483489 0.0431222 0.188621
0.48449 0.0427919 0.187438
0.485491 0.0424638 0.18626
0.486492 0.042138 0.185085
0.487493 0.0418145 0.183915
0.488494 0.0414933 0.182748
0.489495 0.0411744 0.181586
0.490496 0.0408576 0.180427
0.491497 0.040543 0.179273
0.492498 0.0402305 0.178123
0.493499 0.0399201 0.176977
0.4945 0.0396117 0.175835
0.495501 0.0393052 0.174698
0.496502 0.0390008 0.173565
0.497503 0.0386982 0.172436
0.498504 0.0383976 0.171311
0.499505 0.0380988 0.170191
0.500505 0.0378017 0.169075
0.501506 0.0375065 0.167964
0.502507 0.0372131 0.166856
0.503508 0.0369217 0.165752
0.504509 0.0366322 0.164653
0.50551 0.0363446 0.163557
0.506511 0.0360589 0.162465
0.507512 0.035775 0.161377
0.508513 0.0354931 0.160293
0.509514 0.0352129 0.159213
0.510515 0.0349346 0.158138
0.511516 0.0346581 0.157067
0.512517 0.0343833 0.156001
0.513518 0.0341103 0.154939
0.514519 0.0338391 0.153881
0.51552 0.0335696 0.152828
0.516521 0.0333017 0.15178
0.517522 0.0330356 0.150737
0.518523 0.0327712 0.149698
0.519524 0.0325085 0.148664
0.520525 0.0322476 0.147634
0.521526 0.0319885 0.146608
0.522527 0.0317312 0.145587
0.523528 0.0314756 0.14457
0.524529 0.0312217 0.143557
0.52553 0.0309695 0.142549
0.526531 0.0307189 0.141545
0.527532 0.03047 0.140545
0.528533 0.0302226 0.13955
0.529534 0.0299768 0.138559
0.530535 0.0297325 0.137572
0.531536 0.0294897 0.13659
0.532537 0.0292484 0.135612
0.533538 0.0290086 0.134639
0.534539 0.0287702 0.13367
0.53554 0.0285332 0.132705
0.536541 0.0282977 0.131745
0.537542 0.0280637 0.130788
0.538543 0.0278312 0.129836
0.539544 0.0276002 0.128888
0.540545 0.0273708 0.127944
0.541546 0.0271428 0.127004
0.542547 0.0269162 0.126068
0.543548 0.0266911 0.125137
0.544549 0.0264675 0.12421
0.54555 0.0262453 0.123287
0.546551 0.0260245 0.122369
0.547552 0.0258051 0.121455
0.548553 0.0255872 0.120546
0.549554 0.0253706 0.119641
0.550555 0.0251553 0.118741
0.551556 0.0249415 0.117845
0.552557 0.024729 0.116955
0.553558 0.0245179 0.116068
0.554559 0.0243083 0.115186
0.55556 0.0241001 0.114309
0.556561 0.0238933 0.113435
0.557562 0.0236879 0.112566
0.558563 0.0234839 0.111702
0.559564 0.0232812 0.110841
0.560565 0.0230798 0.109985
0.561566 0.0228798 0.109133
0.562567 0.022681 0.108286
0.563568 0.0224834 0.107443
0.564569 0.0222872 0.106604
0.56557 0.0220921 0.105769
0.566571 0.0218982 0.104939
0.567572 0.0217055 0.104113
0.568573 0.021514 0.103291
0.569574 0.0213236 0.102473
0.570575 0.0211344 0.10166
0.571576 0.0209464 0.10085
0.572577 0.0207596 0.100045
0.573578 0.020574 0.0992433
0.574579 0.0203897 0.098446
0.57558 0.0202065 0.0976528
0.576581 0.0200246 0.0968638
0.577582 0.0198438 0.0960789
0.578583 0.0196642 0.0952983
0.579584 0.0194857 0.0945218
0.580585 0.0193084 0.0937496
0.581586 0.0191323 0.0929817
0.582587 0.0189573 0.0922181
0.583588 0.0187835 0.0914588
0.584589 0.0186107 0.0907039
0.58559 0.0184392 0.0899533
0.586591 0.0182687 0.0892072
0.587592 0.0180994 0.0884654
0.588593 0.0179312 0.0877278
0.589594 0.0177643 0.0869944
0.590595 0.0175984 0.0862653
0.591596 0.0174338 0.0855402
0.592597 0.0172702 0.0848194
0.593598 0.0171078 0.0841026
0.594599 0.0169464 0.08339
0.5956 0.0167861 0.0826815
0.596601 0.0166269 0.0819771
0.597602 0.0164687 0.0812767
0.598603 0.0163116 0.0805803
0.599604 0.0161555 0.079888
0.600605 0.0160004 0.0791997
0.601606 0.0158463 0.0785154
0.602607 0.0156931 0.0778351
0.603608 0.015541 0.0771587
0.604609 0.0153897 0.0764862
0.60561 0.0152395 0.0758176
0.606611 0.0150904 0.0751529
0.607612 0.0149422 0.074492
0.608613 0.014795 0.073835
0.609614 0.0146488 0.0731818
0.610615 0.0145036 0.0725326
0.611615 0.0143594 0.0718873
0.612616 0.0142162 0.0712459
0.613617 0.0140739 0.0706084
0.614618 0.0139327 0.0699749
0.615619 0.0137923 0.0693453
0.61662 0.013653 0.0687197
0.617621 0.0135146 0.068098
0.618622 0.0133772 0.0674803
0.619623 0.0132408 0.0668666
0.620624 0.0131052 0.0662569
0.621625 0.0129707 0.0656511
0.622626 0.0128371 0.0650494
0.623627 0.0127045 0.0644516
0.624628 0.0125728 0.0638577
0.625629 0.0124422 0.0632677
0.62663 0.0123124 0.0626815
0.627631 0.0121837 0.0620992
0.628632 0.0120558 0.0615207
0.629633 0.0119289 0.060946
0.630634 0.0118028 0.0603751
0.631635 0.0116777 0.0598078
0.632636 0.0115535 0.0592443
0.633637 0.0114301 0.0586845
0.634638 0.0113076 0.0581283
0.635639 0.0111859 0.0575758
0.63664 0.0110651 0.0570269
0.637641 0.0109452 0.0564815
0.638642 0.0108261 0.0559398
0.639643 0.0107078 0.0554015
0.640644 0.0105903 0.0548669
0.641645 0.0104737 0.0543359
0.642646 0.010358 0.0538084
0.643647 0.0102432 0.0532845
0.644648 0.0101291 0.0527641
0.645649 0.010016 0.0522473
0.64665 0.00990365 0.0517341
0.647651 0.00979216 0.0512244
0.648652 0.00968151 0.0507183
0.649653 0.00957169 0.0502157
0.650654 0.0094627 0.0497166
0.651655 0.00935454 0.0492211
0.652656 0.0092472 0.0487291
0.653657 0.00914068 0.0482406
0.654658 0.00903498 0.0477556
0.655659 0.00893009 0.0472741
0.65666 0.00882602 0.0467961
0.657661 0.00872279 0.0463217
0.658662 0.0086204 0.0458509
0.659663 0.00851884 0.0453836
0.660664 0.0084181 0.0449198
0.661665 0.00831817 0.0444595
0.662666 0.00821905 0.0440025
0.663667 0.00812072 0.043549
0.664668 0.00802318 0.0430989
0.665669 0.00792643 0.0426521
0.66667 0.00783044 0.0422085
0.667671 0.00773522 0.0417683
0.668672 0.00764075 0.0413313
0.669673 0.00754704 0.0408975
0.670674 0.00745406 0.0404668
0.671675 0.00736181 0.0400393
0.672676 0.00727029 0.039615
0.673677 0.00717949 0.0391937
0.674678 0.00708941 0.0387755
0.675679 0.00700008 0.0383606
0.67668 0.0069115 0.0379488
0.677681 0.00682365 0.0375402
0.678682 0.00673654 0.0371348
0.679683 0.00665016 0.0367325
0.680684 0.00656451 0.0363334
0.681685 0.0064796 0.0359374
0.682686 0.00639541 0.0355445
0.683687 0.00631195 0.0351547
0.684688 0.0062292 0.0347679
0.685689 0.00614718 0.0343842
0.68669 0.00606588 0.0340036
0.687691 0.00598529 0.033626
0.688692 0.00590541 0.0332514
0.689693 0.00582624 0.0328798
0.690694 0.00574778 0.0325112
0.691695 0.00567002 0.0321456
0.692696 0.005593 0.0317831
0.693697 0.00551671 0.0314237
0.694698 0.00544115 0.0310675
0.695699 0.0053663 0.0307143
0.6967 0.00529216 0.0303641
0.697701 0.00521872 0.0300168
0.698702 0.00514597 0.0296726
0.699703 0.00507391 0.0293312
0.700704 0.00500252 0.0289927
0.701705 0.0049318 0.028657
0.702706 0.00486175 0.0283241
0.703707 0.00479235 0.027994
0.704708 0.00472359 0.0276666
0.705709 0.00465548 0.0273419
0.70671 0.004588 0.0270198
0.707711 0.00452114 0.0267004
0.708712 0.0044549 0.0263835
0.709713 0.00438929 0.0260693
0.710714 0.00432433 0.0257578
0.711715 0.00426001 0.0254491
0.712716 0.00419634 0.0251432
0.713717 0.00413331 0.0248399
0.714718 0.00407092 0.0245394
0.715719 0.00400916 0.0242415
0.71672 0.00394804 0.0239463
0.717721 0.00388754 0.0236537
0.718722 0.00382766 0.0233637
0.719723 0.0037684 0.0230763
0.720724 0.00370976 0.0227914
0.721725 0.00365173 0.0225092
0.722725 0.00359431 0.0222294
0.723726 0.0035375 0.0219521
0.724727 0.00348128 0.0216774
0.725728 0.00342567 0.021405
0.726729 0.00337065 0.0211352
0.72773 0.00331624 0.0208679
0.728731 0.00326248 0.0206032
0.729732 0.00320934 0.0203412
0.730733 0.00315682 0.0200818
0.731734 0.00310491 0.0198249
0.732735 0.00305361 0.0195705
0.733736 0.00300289 0.0193186
0.734737 0.00295277 0.0190691
0.735738 0.00290322 0.018822
0.736739 0.00285423 0.0185772
0.73774 0.00280581 0.0183348
0.738741 0.00275795 0.0180947
0.739742 0.00271062 0.0178568
0.740743 0.00266384 0.0176211
0.741744 0.00261758 0.0173875
0.742745 0.00257185 0.0171562
0.743746 0.00252663 0.0169269
0.744747 0.00248192 0.0166997
0.745748 0.00243776 0.0164747
0.746749 0.00239416 0.0162521
0.74775 0.00235112 0.0160317
0.748751 0.00230862 0.0158137
0.749752 0.00226667 0.0155978
0.750753 0.00222525 0.0153842
0.751754 0.00218437 0.0151727
0.752755 0.002144 0.0149634
0.753756 0.00210416 0.0147563
0.754757 0.00206483 0.0145512
0.755758 0.002026 0.0143482
0.756759 0.00198767 0.0141473
0.75776 0.00194984 0.0139484
0.758761 0.00191249 0.0137515
0.759762 0.00187562 0.0135566
0.760763 0.00183923 0.0133636
0.761764 0.00180331 0.0131726
0.762765 0.00176787 0.0129835
0.763766 0.00173295 0.0127965
0.764767 0.00169855 0.0126117
0.765768 0.00166467 0.012429
0.766769 0.00163129 0.0122484
0.76777 0.00159841 0.0120699
0.768771 0.00156602 0.0118933
0.769772 0.00153411 0.0117187
0.770773 0.00150266 0.011546
0.771774 0.00147168 0.0113752
0.772775 0.00144114 0.0112063
0.773776 0.00141104 0.0110392
0.774777 0.00138138 0.0108739
0.775778 0.00135215 0.0107103
0.776779 0.00132332 0.0105484
0.77778 0.00129491 0.0103883
0.778781 0.00126689 0.0102298
0.779782 0.00123926 0.0100729
0.780783 0.00121203 0.00991761
0.781784 0.00118526 0.00976421
0.782785 0.00115894 0.00961266
0.783786 0.00113307 0.00946293
0.784787 0.00110764 0.009315
0.785788 0.00108264 0.00916882
0.786789 0.00105806 0.00902438
0.78779 0.00103389 0.00888166
0.788791 0.00101013 0.00874061
0.789792 0.000986756 0.00860122
0.790793 0.000963775 0.00846346
0.791794 0.000941174 0.00832731
0.792795 0.000918943 0.00819273
0.793796 0.000897076 0.0080597
0.794797 0.000875565 0.0079282
0.795798 0.000854401 0.0077982
0.796799 0.000833576 0.00766967
0.7978 0.000813083 0.00754259
0.798801 0.000792944 0.00741704
0.799802 0.000773217 0.00729318
0.800803 0.000753895 0.00717099
0.801804 0.000734966 0.00705044
0.802805 0.00071642 0.0069315
0.803806 0.000698247 0.00681412
0.804807 0.000680435 0.00669829
0.805808 0.000662976 0.00658396
0.806809 0.000645858 0.0064711
0.80781 0.00062907 0.00635967
0.808811 0.000612604 0.00624966
0.809812 0.000596449 0.00614102
0.810813 0.000580595 0.00603372
0.811814 0.000565031 0.00592773
0.812815 0.000549749 0.00582302
0.813816 0.000534737 0.00571956
0.814817 0.000519988 0.00561731
0.815818 0.00050549 0.00551625
0.816819 0.000491274 0.00541645
0.81782 0.0004774 0.00531809
0.818821 0.000463858 0.00522115
0.819822 0.000450639 0.0051256
0.820823 0.000437732 0.0050314
0.821824 0.000425129 0.00493854
0.822825 0.000412819 0.00484699
0.823826 0.000400793 0.00475672
0.824827 0.00038904 0.00466771
0.825828 0.000377552 0.00457992
0.826829 0.000366319 0.00449334
0.82783 0.000355332 0.00440794
0.828831 0.000344581 0.00432369
0.829832 0.000334057 0.00424057
0.830833 0.00032375 0.00415855
0.831834 0.000313652 0.00407761
0.832835 0.000303754 0.00399773
0.833835 0.000294046 0.00391887
0.834836 0.000284563 0.00384114
0.835837 0.000275361 0.00376468
0.836838 0.000266431 0.00368946
0.837839 0.000257761 0.00361546
0.83884 0.000249343 0.00354264
0.839841 0.000241165 0.00347098
0.840842 0.000233218 0.00340044
0.841843 0.000225492 0.003331
0.842844 0.000217976 0.00326263
0.843845 0.000210661 0.0031953
0.844846 0.000203537 0.00312898
0.845847 0.000196595 0.00306365
0.846848 0.000189823 0.00299926
0.847849 0.000183214 0.00293581
0.84885 0.000176757 0.00287326
0.849851 0.000170442 0.00281157
0.850852 0.000164261 0.00275073
0.851853 0.000158205 0.00269071
0.852854 0.000152305 0.0026316
0.853855 0.000146616 0.00257354
0.854856 0.00014113 0.0025165
0.855857 0.000135837 0.00246048
0.856858 0.00013073 0.00240543
0.857859 0.000125799 0.00235134
0.85886 0.000121035 0.00229819
0.859861 0.000116431 0.00224594
0.860862 0.000111977 0.00219458
0.861863 0.000107665 0.00214408
0.862864 0.000103487 0.00209443
0.863865 9.94336e-05 0.00204558
0.864866 9.54974e-05 0.00199754
0.865867 9.167e-05 0.00195026
0.866868 8.7943e-05 0.00190373
0.867869 8.43084e-05 0.00185793
0.86887 8.07581e-05 0.00181283
0.869871 7.72841e-05 0.00176842
0.870872 7.39138e-05 0.00172476
0.871873 7.0695e-05 0.00168201
0.872874 6.76206e-05 0.00164013
0.873875 6.46832e-05 0.0015991
0.874876 6.18751e-05 0.0015589
0.875877 5.9189e-05 0.0015195
0.876878 5.66173e-05 0.00148088
0.877879 5.41528e-05 0.00144301
0.87888 5.17881e-05 0.00140586
0.879881 4.95159e-05 0.00136943
0.880882 4.73289e-05 0.00133367
0.881883 4.52201e-05 0.00129857
0.882884 4.31823e-05 0.0012641
0.883885 4.12084e-05 0.00123024
0.884886 3.92914e-05 0.00119697
0.885887 3.74242e-05 0.00116426
0.886888 3.56e-05 0.00113209
0.887889 3.38118e-05 0.00110044
0.88889 3.20791e-05 0.00106937
0.889891 3.04419e-05 0.00103902
0.890892 2.88956e-05 0.00100938
0.891893 2.74349e-05 0.000980416
0.892894 2.60544e-05 0.000952115
0.893895 2.47488e-05 0.000924455
0.894896 2.35127e-05 0.000897415
0.895897 2.23409e-05 0.000870976
0.896898 2.12281e-05 0.000845117
0.897899 2.01693e-05 0.000819818
0.8989 1.91591e-05 0.00079506
0.899901 1.81925e-05 0.000770823
0.900902 1.72644e-05 0.000747087
0.901903 1.63697e-05 0.000723834
0.902904 1.55034e-05 0.000701043
0.903905 1.46605e-05 0.000678696
0.904906 1.38361e-05 0.000656773
0.905907 1.30251e-05 0.000635256
0.906908 1.22399e-05 0.000614203
0.907909 1.15091e-05 0.000593739
0.90891 1.08299e-05 0.000573848
0.909911 1.01989e-05 0.000554509
0.910912 9.61237e-06 0.000535704
0.911913 9.06699e-06 0.00051741
0.912914 8.55926e-06 0.000499609
0.913915 8.08572e-06 0.000482281
0.914916 7.64297e-06 0.000465405
0.915917 7.22759e-06 0.000448963
0.916918 6.83623e-06 0.000432935
0.917919 6.46551e-06 0.000417302
0.91892 6.11211e-06 0.000402044
0.919921 5.77273e-06 0.000387142
0.920922 5.44406e-06 0.000372578
0.921923 5.12285e-06 0.000358332
0.922924 4.80584e-06 0.000344386
0.923925 4.48981e-06 0.000330721
0.924926 4.18197e-06 0.000317391
0.925927 3.89949e-06 0.000304514
0.926928 3.641e-06 0.000292075
0.927929 3.4047e-06 0.000280056
0.92893 3.18879e-06 0.000268441
0.929931 2.99149e-06 0.000257213
0.930932 2.81103e-06 0.000246353
0.931933 2.64565e-06 0.000235846
0.932934 2.49359e-06 0.000225674
0.933935 2.35313e-06 0.000215821
0.934936 2.22253e-06 0.00020627
0.935937 2.10009e-06 0.000197004
0.936938 1.98409e-06 0.000188007
0.937939 1.87284e-06 0.000179263
0.93894 1.76466e-06 0.000170756
0.939941 1.65787e-06 0.000162469
0.940942 1.55082e-06 0.000154386
0.941943 1.44185e-06 0.000146491
0.942944 1.3357e-06 0.00013885
0.943945 1.23956e-06 0.000131553
0.944945 1.15272e-06 0.000124584
0.945946 1.07439e-06 0.000117927
0.946947 1.00383e-06 0.000111567
0.947948 9.40277e-07 0.000105488
0.948949 8.82979e-07 9.96743e-05
0.94995 8.31192e-07 9.41103e-05
0.950951 7.84175e-07 8.87807e-05
0.951952 7.41191e-07 8.36703e-05
0.952953 7.0151e-07 7.87638e-05
0.953954 6.64402e-07 7.40462e-05
0.954955 6.29146e-07 6.95024e-05
0.955956 5.95024e-07 6.51175e-05
0.956957 5.61322e-07 6.08767e-05
0.957958 5.2733e-07 5.67652e-05
0.958959 4.92344e-07 5.27684e-05
0.95996 4.55915e-07 4.88797e-05
0.960961 4.21521e-07 4.52106e-05
0.961962 3.9028e-07 4.17895e-05
0.962963 3.61935e-07 3.86009e-05
0.963964 3.36234e-07 3.56293e-05
0.964965 3.12924e-07 3.28593e-05
0.965966 2.91753e-07 3.02756e-05
0.966967 2.72473e-07 2.7863e-05
0.967968 2.54837e-07 2.56063e-05
0.968969 2.38596e-07 2.34906e-05
0.96997 2.23508e-07 2.15009e-05
0.970971 2.09328e-07 1.96223e-05
0.971972 1.95815e-07 1.78402e-05
0.972973 1.82728e-07 1.61398e-05
0.973974 1.69829e-07 1.45066e-05
0.974975 1.56881e-07 1.29261e-05
0.975976 1.43647e-07 1.13839e-05
0.976977 1.30125e-07 9.88625e-06
0.977978 1.17645e-07 8.55259e-06
0.978979 1.06362e-07 7.39017e-06
0.97998 9.6158e-08 6.38166e-06
0.980981 8.69178e-08 5.50984e-06
0.981982 7.8526e-08 4.75759e-06
0.982983 7.0868e-08 4.1079e-06
0.983984 6.383e-08 3.54385e-06
0.984985 5.72987e-08 3.04864e-06
0.985986 5.11616e-08 2.60555e-06
0.986987 4.53068e-08 2.19797e-06
0.987988 3.96233e-08 1.80941e-06
0.988989 3.40005e-08 1.42345e-06
0.98999 2.83286e-08 1.02379e-06
0.990991 2.28955e-08 6.54692e-07
0.991992 1.83681e-08 4.14987e-07
0.992993 1.45859e-08 2.74736e-07
0.993994 1.13638e-08 2.00316e-07
0.994995 8.51815e-09 1.58305e-07
0.995996 5.86634e-09 1.15485e-07
0.996997 3.36958e-09 5.33033e-08
0.997998 1.73457e-09 3.83702e-08
0.998999 5.22777e-10 3.19766e-08
1 0 1.66634e-24
