1.5 1.94462 0.395963
1.5986 2.45832 0.412239
1.6972 2.94937 0.427968
1.7958 3.41693 0.443089
1.89439 3.86402 0.457668
1.99299 4.29135 0.47171
2.09159 4.69916 0.485208
2.19019 5.08959 0.498215
2.28879 5.46416 0.510767
2.38739 5.82338 0.522873
2.48599 6.1678 0.534545
2.58458 6.49866 0.545816
2.68318 6.81744 0.556725
2.78178 7.12465 0.567285
2.88038 7.4208 0.577509
2.97898 7.70636 0.58741
3.07758 7.98184 0.597002
3.17618 8.24835 0.606316
3.27477 8.50643 0.615367
3.37337 8.75647 0.624166
3.47197 8.99881 0.632724
3.57057 9.23378 0.641049
3.66917 9.46169 0.64915
3.76777 9.68284 0.657037
3.86637 9.89855 0.664723
3.96496 10.1096 0.672223
4.06356 10.3157 0.679545
4.16216 10.5164 0.686696
4.26076 10.7115 0.693681
4.35936 10.9009 0.700508
4.45796 11.0844 0.707181
4.55656 11.2618 0.713707
4.65516 11.4331 0.720091
4.75375 11.5982 0.726337
4.85235 11.7574 0.732455
4.95095 11.9114 0.738451
5.04955 12.0605 0.74433
5.14815 12.2051 0.750096
5.24675 12.3458 0.755753
5.34535 12.4829 0.761303
5.44394 12.6166 0.766749
5.54254 12.7474 0.772096
5.64114 12.8753 0.777346
5.73974 13.0009 0.782502
5.83834 13.1241 0.787566
5.93694 13.2454 0.792542
6.03554 13.3647 0.797432
6.13413 13.4825 0.802238
6.23273 13.5984 0.806964
6.33133 13.7124 0.811615
6.42993 13.8244 0.816193
6.52853 13.9345 0.8207
6.62713 14.0428 0.825138
6.72573 14.1493 0.829508
6.82432 14.2541 0.833813
6.92292 14.3572 0.838053
7.02152 14.4587 0.842232
7.12012 14.5586 0.84635
7.21872 14.6569 0.850408
7.31732 14.7537 0.85441
7.41592 14.849 0.858354
7.51451 14.9429 0.862244
7.61311 15.0354 0.866081
7.71171 15.1266 0.869865
7.81031 15.2164 0.873599
7.90891 15.3049 0.877282
8.00751 15.3921 0.880917
8.10611 15.4781 0.884504
8.2047 15.5629 0.888046
8.3033 15.6466 0.891544
8.4019 15.7292 0.894999
8.5005 15.8107 0.898412
8.5991 15.8911 0.901785
8.6977 15.9706 0.905117
8.7963 16.049 0.90841
8.89489 16.1264 0.911665
8.99349 16.2028 0.914882
9.09209 16.2784 0.918063
9.19069 16.3529 0.921207
9.28929 16.4266 0.924316
9.38789 16.4994 0.927391
9.48649 16.5713 0.930431
9.58509 16.6424 0.933438
9.68368 16.7127 0.936413
9.78228 16.7821 0.939356
9.88088 16.8507 0.942267
9.97948 16.9186 0.945148
10.0781 16.9856 0.947998
10.1767 17.0519 0.950819
10.2753 17.1175 0.953611
10.3739 17.1824 0.956374
10.4725 17.2465 0.95911
10.5711 17.31 0.961817
10.6697 17.3727 0.964498
10.7683 17.4348 0.967152
10.8669 17.4962 0.96978
10.9655 17.557 0.972383
11.0641 17.6172 0.974961
11.1627 17.6767 0.977515
11.2613 17.7357 0.980046
11.3599 17.7941 0.982553
11.4585 17.8519 0.985038
11.5571 17.9091 0.9875
11.6557 17.9658 0.98994
11.7543 18.022 0.992359
11.8529 18.0776 0.994756
11.9515 18.1327 0.997132
12.0501 18.1873 0.999488
12.1486 18.2413 1.00182
12.2472 18.2949 1.00414
12.3458 18.348 1.00643
12.4444 18.4006 1.00871
12.543 18.4527 1.01097
12.6416 18.5043 1.01321
12.7402 18.5555 1.01543
12.8388 18.6063 1.01763
12.9374 18.6566 1.01981
13.036 18.7064 1.02198
13.1346 18.7558 1.02413
13.2332 18.8048 1.02626
13.3318 18.8534 1.02837
13.4304 18.9015 1.03047
13.529 18.9493 1.03255
13.6276 18.9966 1.03461
13.7262 19.0436 1.03666
13.8248 19.0901 1.0387
13.9234 19.1363 1.04071
14.022 19.1821 1.04272
14.1206 19.2275 1.0447
14.2192 19.2725 1.04668
14.3178 19.3172 1.04863
14.4164 19.3616 1.05058
14.515 19.4055 1.0525
14.6136 19.4492 1.05442
14.7122 19.4925 1.05632
14.8108 19.5354 1.05821
14.9094 19.578 1.06008
15.008 19.6203 1.06194
15.1066 19.6622 1.06379
15.2052 19.7039 1.06562
15.3038 19.7452 1.06744
15.4024 19.7862 1.06925
15.501 19.827 1.07105
15.5996 19.8674 1.07283
15.6982 19.9076 1.0746
15.7968 19.9474 1.07636
15.8954 19.987 1.07811
15.994 20.0263 1.07985
16.0926 20.0653 1.08157
16.1912 20.104 1.08329
16.2898 20.1425 1.08499
16.3884 20.1807 1.08669
16.487 20.2186 1.08837
16.5856 20.2563 1.09004
16.6842 20.2937 1.0917
16.7828 20.3309 1.09335
16.8814 20.3678 1.09499
16.98 20.4045 1.09662
17.0786 20.4409 1.09824
17.1772 20.4771 1.09985
17.2758 20.5131 1.10145
17.3744 20.5488 1.10304
17.473 20.5843 1.10462
17.5716 20.6195 1.10619
17.6702 20.6545 1.10775
17.7688 20.6893 1.1093
17.8674 20.7239 1.11085
17.966 20.7582 1.11238
18.0646 20.7924 1.11391
18.1632 20.8263 1.11542
18.2618 20.86 1.11693
18.3604 20.8935 1.11843
18.459 20.9268 1.11992
18.5576 20.9598 1.1214
18.6562 20.9927 1.12287
18.7548 21.0254 1.12433
18.8534 21.0579 1.12579
18.952 21.0902 1.12724
19.0506 21.1222 1.12868
19.1491 21.1541 1.13011
19.2477 21.1858 1.13153
19.3463 21.2173 1.13295
19.4449 21.2487 1.13436
19.5435 21.2798 1.13576
19.6421 21.3108 1.13715
19.7407 21.3415 1.13853
19.8393 21.3721 1.13991
19.9379 21.4025 1.14128
20.0365 21.4328 1.14264
20.1351 21.4629 1.144
20.2337 21.4928 1.14535
20.3323 21.5225 1.14669
20.4309 21.552 1.14802
20.5295 21.5814 1.14935
20.6281 21.6107 1.15067
20.7267 21.6397 1.15198
20.8253 21.6686 1.15329
20.9239 21.6974 1.15459
21.0225 21.726 1.15588
21.1211 21.7544 1.15717
21.2197 21.7826 1.15845
21.3183 21.8108 1.15972
21.4169 21.8387 1.16099
21.5155 21.8665 1.16225
21.6141 21.8942 1.16351
21.7127 21.9217 1.16475
21.8113 21.9491 1.166
21.9099 21.9763 1.16723
22.0085 22.0034 1.16846
22.1071 22.0304 1.16969
22.2057 22.0572 1.17091
22.3043 22.0839 1.17212
22.4029 22.1104 1.17333
22.5015 22.1368 1.17453
22.6001 22.1631 1.17573
22.6987 22.1892 1.17692
22.7973 22.2152 1.1781
22.8959 22.2411 1.17928
22.9945 22.2669 1.18045
23.0931 22.2925 1.18162
23.1917 22.318 1.18279
23.2903 22.3434 1.18394
23.3889 22.3686 1.1851
23.4875 22.3938 1.18624
23.5861 22.4188 1.18739
23.6847 22.4437 1.18852
23.7833 22.4684 1.18966
23.8819 22.4931 1.19078
23.9805 22.5176 1.1919
24.0791 22.542 1.19302
24.1777 22.5663 1.19413
24.2763 22.5905 1.19524
24.3749 22.6146 1.19634
24.4735 22.6386 1.19744
24.5721 22.6624 1.19854
24.6707 22.6861 1.19962
24.7693 22.7098 1.20071
24.8679 22.7333 1.20179
24.9665 22.7567 1.20286
25.0651 22.78 1.20393
25.1637 22.8032 1.205
25.2623 22.8263 1.20606
25.3609 22.8493 1.20711
25.4595 22.8722 1.20816
25.5581 22.8949 1.20921
25.6567 22.9176 1.21026
25.7553 22.9402 1.21129
25.8539 22.9627 1.21233
25.9525 22.9851 1.21336
26.0511 23.0073 1.21439
26.1496 23.0295 1.21541
26.2482 23.0516 1.21642
26.3468 23.0736 1.21744
26.4454 23.0955 1.21845
26.544 23.1173 1.21945
26.6426 23.139 1.22045
26.7412 23.1606 1.22145
26.8398 23.1821 1.22245
26.9384 23.2036 1.22343
27.037 23.2249 1.22442
27.1356 23.2461 1.2254
27.2342 23.2673 1.22638
27.3328 23.2884 1.22735
27.4314 23.3093 1.22832
27.53 23.3302 1.22929
27.6286 23.351 1.23025
27.7272 23.3717 1.23121
27.8258 23.3924 1.23217
27.9244 23.4129 1.23312
28.023 23.4334 1.23407
28.1216 23.4537 1.23501
28.2202 23.474 1.23595
28.3188 23.4942 1.23689
28.4174 23.5144 1.23782
28.516 23.5344 1.23875
28.6146 23.5544 1.23968
28.7132 23.5743 1.2406
28.8118 23.5941 1.24152
28.9104 23.6138 1.24244
29.009 23.6335 1.24335
29.1076 23.653 1.24426
29.2062 23.6725 1.24516
29.3048 23.6919 1.24607
29.4034 23.7113 1.24697
29.502 23.7305 1.24786
29.6006 23.7497 1.24876
29.6992 23.7688 1.24965
29.7978 23.7879 1.25053
29.8964 23.8068 1.25141
29.995 23.8257 1.25229
30.0936 23.8445 1.25317
30.1922 23.8633 1.25405
30.2908 23.882 1.25492
30.3894 23.9006 1.25578
30.488 23.9191 1.25665
30.5866 23.9376 1.25751
30.6852 23.9559 1.25837
30.7838 23.9743 1.25922
30.8824 23.9925 1.26007
30.981 24.0107 1.26092
31.0796 24.0288 1.26177
31.1782 24.0469 1.26261
31.2768 24.0649 1.26345
31.3754 24.0828 1.26429
31.474 24.1006 1.26513
31.5726 24.1184 1.26596
31.6712 24.1361 1.26679
31.7698 24.1538 1.26761
31.8684 24.1714 1.26844
31.967 24.1889 1.26926
32.0656 24.2064 1.27008
32.1642 24.2238 1.27089
32.2628 24.2411 1.2717
32.3614 24.2584 1.27251
32.46 24.2756 1.27332
32.5586 24.2928 1.27413
32.6572 24.3099 1.27493
32.7558 24.3269 1.27573
32.8544 24.3439 1.27652
32.953 24.3608 1.27732
33.0516 24.3777 1.27811
33.1502 24.3945 1.2789
33.2487 24.4113 1.27969
33.3473 24.428 1.28047
33.4459 24.4446 1.28125
33.5445 24.4612 1.28203
33.6431 24.4777 1.28281
33.7417 24.4942 1.28358
33.8403 24.5106 1.28435
33.9389 24.5269 1.28512
34.0375 24.5432 1.28589
34.1361 24.5595 1.28666
34.2347 24.5757 1.28742
34.3333 24.5918 1.28818
34.4319 24.6079 1.28894
34.5305 24.6239 1.28969
34.6291 24.6399 1.29044
34.7277 24.6558 1.29119
34.8263 24.6717 1.29194
34.9249 24.6875 1.29269
35.0235 24.7033 1.29343
35.1221 24.719 1.29417
35.2207 24.7346 1.29491
35.3193 24.7503 1.29565
35.4179 24.7658 1.29639
35.5165 24.7813 1.29712
35.6151 24.7968 1.29785
35.7137 24.8122 1.29858
35.8123 24.8276 1.2993
35.9109 24.8429 1.30003
36.0095 24.8582 1.30075
36.1081 24.8734 1.30147
36.2067 24.8885 1.30218
36.3053 24.9037 1.3029
36.4039 24.9187 1.30361
36.5025 24.9338 1.30432
36.6011 24.9488 1.30503
36.6997 24.9637 1.30574
36.7983 24.9786 1.30645
36.8969 24.9934 1.30715
36.9955 25.0082 1.30785
37.0941 25.023 1.30855
37.1927 25.0377 1.30925
37.2913 25.0523 1.30994
37.3899 25.0669 1.31063
37.4885 25.0815 1.31132
37.5871 25.096 1.31201
37.6857 25.1105 1.3127
37.7843 25.1249 1.31338
37.8829 25.1393 1.31407
37.9815 25.1537 1.31475
38.0801 25.168 1.31543
38.1787 25.1822 1.31611
38.2773 25.1965 1.31678
38.3759 25.2106 1.31745
38.4745 25.2248 1.31813
38.5731 25.2389 1.3188
38.6717 25.2529 1.31946
38.7703 25.2669 1.32013
38.8689 25.2809 1.32079
38.9675 25.2948 1.32146
39.0661 25.3087 1.32212
39.1647 25.3225 1.32278
39.2633 25.3363 1.32343
39.3619 25.3501 1.32409
39.4605 25.3638 1.32474
39.5591 25.3775 1.32539
39.6577 25.3912 1.32604
39.7563 25.4048 1.32669
39.8549 25.4183 1.32734
39.9535 25.4318 1.32798
40.0521 25.4453 1.32863
40.1507 25.4588 1.32927
40.2492 25.4722 1.32991
40.3478 25.4856 1.33054
40.4464 25.4989 1.33118
40.545 25.5122 1.33181
40.6436 25.5254 1.33245
40.7422 25.5387 1.33308
40.8408 25.5518 1.33371
40.9394 25.565 1.33434
41.038 25.5781 1.33496
41.1366 25.5912 1.33559
41.2352 25.6042 1.33621
41.3338 25.6172 1.33683
41.4324 25.6302 1.33745
41.531 25.6431 1.33807
41.6296 25.656 1.33868
41.7282 25.6688 1.3393
41.8268 25.6817 1.33991
41.9254 25.6944 1.34052
42.024 25.7072 1.34113
42.1226 25.7199 1.34174
42.2212 25.7326 1.34235
42.3198 25.7452 1.34296
42.4184 25.7578 1.34356
42.517 25.7704 1.34416
42.6156 25.783 1.34476
42.7142 25.7955 1.34536
42.8128 25.8079 1.34596
42.9114 25.8204 1.34656
43.01 25.8328 1.34715
43.1086 25.8452 1.34774
43.2072 25.8575 1.34834
43.3058 25.8698 1.34893
43.4044 25.8821 1.34952
43.503 25.8943 1.3501
43.6016 25.9065 1.35069
43.7002 25.9187 1.35127
43.7988 25.9309 1.35186
43.8974 25.943 1.35244
43.996 25.9551 1.35302
44.0946 25.9671 1.3536
44.1932 25.9791 1.35417
44.2918 25.9911 1.35475
44.3904 26.0031 1.35533
44.489 26.015 1.3559
44.5876 26.0269 1.35647
44.6862 26.0387 1.35704
44.7848 26.0506 1.35761
44.8834 26.0624 1.35818
44.982 26.0742 1.35874
45.0806 26.0859 1.35931
45.1792 26.0976 1.35987
45.2778 26.1093 1.36043
45.3764 26.1209 1.361
45.475 26.1326 1.36156
45.5736 26.1442 1.36211
45.6722 26.1557 1.36267
45.7708 26.1672 1.36323
45.8694 26.1788 1.36378
45.968 26.1902 1.36433
46.0666 26.2017 1.36489
46.1652 26.2131 1.36544
46.2638 26.2245 1.36598
46.3624 26.2358 1.36653
46.461 26.2472 1.36708
46.5596 26.2585 1.36762
46.6582 26.2698 1.36817
46.7568 26.281 1.36871
46.8554 26.2922 1.36925
46.954 26.3034 1.36979
47.0526 26.3146 1.37033
47.1512 26.3257 1.37087
47.2497 26.3368 1.37141
47.3483 26.3479 1.37194
47.4469 26.359 1.37248
47.5455 26.37 1.37301
47.6441 26.381 1.37354
47.7427 26.392 1.37407
47.8413 26.4029 1.3746
47.9399 26.4138 1.37513
48.0385 26.4247 1.37566
48.1371 26.4356 1.37618
48.2357 26.4465 1.37671
48.3343 26.4573 1.37723
48.4329 26.4681 1.37775
48.5315 26.4788 1.37827
48.6301 26.4896 1.37879
48.7287 26.5003 1.37931
48.8273 26.511 1.37983
48.9259 26.5217 1.38035
49.0245 26.5323 1.38086
49.1231 26.5429 1.38138
49.2217 26.5535 1.38189
49.3203 26.5641 1.3824
49.4189 26.5746 1.38291
49.5175 26.5851 1.38342
49.6161 26.5956 1.38393
49.7147 26.6061 1.38444
49.8133 26.6166 1.38495
49.9119 26.627 1.38545
50.0105 26.6374 1.38596
50.1091 26.6478 1.38646
50.2077 26.6581 1.38696
50.3063 26.6684 1.38746
50.4049 26.6787 1.38796
50.5035 26.689 1.38846
50.6021 26.6993 1.38896
50.7007 26.7095 1.38946
50.7993 26.7197 1.38995
50.8979 26.7299 1.39045
50.9965 26.7401 1.39094
51.0951 26.7502 1.39144
51.1937 26.7604 1.39193
51.2923 26.7705 1.39242
51.3909 26.7805 1.39291
51.4895 26.7906 1.3934
51.5881 26.8006 1.39389
51.6867 26.8106 1.39437
51.7853 26.8206 1.39486
51.8839 26.8306 1.39534
51.9825 26.8405 1.39583
52.0811 26.8504 1.39631
52.1797 26.8603 1.39679
52.2783 26.8702 1.39727
52.3769 26.8801 1.39775
52.4755 26.8899 1.39823
52.5741 26.8997 1.39871
52.6727 26.9095 1.39919
52.7713 26.9193 1.39966
52.8699 26.929 1.40014
52.9685 26.9388 1.40061
53.0671 26.9485 1.40108
53.1657 26.9581 1.40156
53.2643 26.9678 1.40203
53.3629 26.9775 1.4025
53.4615 26.9871 1.40297
53.5601 26.9967 1.40344
53.6587 27.0063 1.4039
53.7573 27.0158 1.40437
53.8559 27.0254 1.40484
53.9545 27.0349 1.4053
54.0531 27.0444 1.40576
54.1517 27.0539 1.40623
54.2503 27.0633 1.40669
54.3488 27.0728 1.40715
54.4474 27.0822 1.40761
54.546 27.0916 1.40807
54.6446 27.101 1.40853
54.7432 27.1103 1.40898
54.8418 27.1197 1.40944
54.9404 27.129 1.4099
55.039 27.1383 1.41035
55.1376 27.1476 1.41081
55.2362 27.1569 1.41126
55.3348 27.1661 1.41171
55.4334 27.1753 1.41216
55.532 27.1845 1.41261
55.6306 27.1937 1.41306
55.7292 27.2029 1.41351
55.8278 27.212 1.41396
55.9264 27.2212 1.41441
56.025 27.2303 1.41485
56.1236 27.2394 1.4153
56.2222 27.2485 1.41574
56.3208 27.2575 1.41618
56.4194 27.2665 1.41663
56.518 27.2756 1.41707
56.6166 27.2846 1.41751
56.7152 27.2936 1.41795
56.8138 27.3025 1.41839
56.9124 27.3115 1.41883
57.011 27.3204 1.41927
57.1096 27.3293 1.4197
57.2082 27.3382 1.42014
57.3068 27.3471 1.42057
57.4054 27.3559 1.42101
57.504 27.3648 1.42144
57.6026 27.3736 1.42188
57.7012 27.3824 1.42231
57.7998 27.3912 1.42274
57.8984 27.4 1.42317
57.997 27.4087 1.4236
58.0956 27.4175 1.42403
58.1942 27.4262 1.42446
58.2928 27.4349 1.42488
58.3914 27.4436 1.42531
58.49 27.4522 1.42573
58.5886 27.4609 1.42616
58.6872 27.4695 1.42658
58.7858 27.4781 1.42701
58.8844 27.4867 1.42743
58.983 27.4953 1.42785
59.0816 27.5039 1.42827
59.1802 27.5124 1.42869
59.2788 27.5209 1.42911
59.3774 27.5295 1.42953
59.476 27.538 1.42995
59.5746 27.5464 1.43037
59.6732 27.5549 1.43078
59.7718 27.5634 1.4312
59.8704 27.5718 1.43161
59.969 27.5802 1.43203
60.0676 27.5886 1.43244
60.1662 27.597 1.43285
60.2648 27.6054 1.43327
60.3634 27.6137 1.43368
60.462 27.6221 1.43409
60.5606 27.6304 1.4345
60.6592 27.6387 1.43491
60.7578 27.647 1.43531
60.8564 27.6553 1.43572
60.955 27.6635 1.43613
61.0536 27.6718 1.43654
61.1522 27.68 1.43694
61.2508 27.6882 1.43735
61.3493 27.6964 1.43775
61.4479 27.7046 1.43815
61.5465 27.7127 1.43856
61.6451 27.7209 1.43896
61.7437 27.729 1.43936
61.8423 27.7372 1.43976
61.9409 27.7453 1.44016
62.0395 27.7534 1.44056
62.1381 27.7614 1.44096
62.2367 27.7695 1.44136
62.3353 27.7775 1.44175
62.4339 27.7856 1.44215
62.5325 27.7936 1.44254
62.6311 27.8016 1.44294
62.7297 27.8096 1.44333
62.8283 27.8175 1.44373
62.9269 27.8255 1.44412
63.0255 27.8334 1.44451
63.1241 27.8414 1.4449
63.2227 27.8493 1.4453
63.3213 27.8572 1.44569
63.4199 27.8651 1.44608
63.5185 27.8729 1.44646
63.6171 27.8808 1.44685
63.7157 27.8886 1.44724
63.8143 27.8965 1.44763
63.9129 27.9043 1.44801
64.0115 27.9121 1.4484
64.1101 27.9199 1.44879
64.2087 27.9276 1.44917
64.3073 27.9354 1.44955
64.4059 27.9431 1.44994
64.5045 27.9509 1.45032
64.6031 27.9586 1.4507
64.7017 27.9663 1.45108
64.8003 27.974 1.45146
64.8989 27.9817 1.45184
64.9975 27.9893 1.45222
65.0961 27.997 1.4526
65.1947 28.0046 1.45298
65.2933 28.0122 1.45336
65.3919 28.0198 1.45373
65.4905 28.0274 1.45411
65.5891 28.035 1.45449
65.6877 28.0426 1.45486
65.7863 28.0501 1.45524
65.8849 28.0577 1.45561
65.9835 28.0652 1.45598
66.0821 28.0727 1.45635
66.1807 28.0802 1.45673
66.2793 28.0877 1.4571
66.3779 28.0952 1.45747
66.4765 28.1027 1.45784
66.5751 28.1101 1.45821
66.6737 28.1175 1.45858
66.7723 28.125 1.45895
66.8709 28.1324 1.45931
66.9695 28.1398 1.45968
67.0681 28.1472 1.46005
67.1667 28.1545 1.46041
67.2653 28.1619 1.46078
67.3639 28.1692 1.46114
67.4625 28.1766 1.46151
67.5611 28.1839 1.46187
67.6597 28.1912 1.46223
67.7583 28.1985 1.4626
67.8569 28.2058 1.46296
67.9555 28.2131 1.46332
68.0541 28.2203 1.46368
68.1527 28.2276 1.46404
68.2513 28.2348 1.4644
68.3498 28.242 1.46476
68.4484 28.2493 1.46512
68.547 28.2565 1.46548
68.6456 28.2636 1.46583
68.7442 28.2708 1.46619
68.8428 28.278 1.46655
68.9414 28.2851 1.4669
69.04 28.2923 1.46726
69.1386 28.2994 1.46761
69.2372 28.3065 1.46797
69.3358 28.3136 1.46832
69.4344 28.3207 1.46867
69.533 28.3278 1.46902
69.6316 28.3349 1.46938
69.7302 28.3419 1.46973
69.8288 28.349 1.47008
69.9274 28.356 1.47043
70.026 28.363 1.47078
70.1246 28.37 1.47113
70.2232 28.377 1.47148
70.3218 28.384 1.47182
70.4204 28.391 1.47217
70.519 28.398 1.47252
70.6176 28.4049 1.47286
70.7162 28.4118 1.47321
70.8148 28.4188 1.47356
70.9134 28.4257 1.4739
71.012 28.4326 1.47424
71.1106 28.4395 1.47459
71.2092 28.4464 1.47493
71.3078 28.4533 1.47527
71.4064 28.4601 1.47562
71.505 28.467 1.47596
71.6036 28.4738 1.4763
71.7022 28.4806 1.47664
71.8008 28.4875 1.47698
71.8994 28.4943 1.47732
71.998 28.5011 1.47766
72.0966 28.5079 1.478
72.1952 28.5146 1.47834
72.2938 28.5214 1.47867
72.3924 28.5282 1.47901
72.491 28.5349 1.47935
72.5896 28.5416 1.47968
72.6882 28.5483 1.48002
72.7868 28.5551 1.48035
72.8854 28.5618 1.48069
72.984 28.5684 1.48102
73.0826 28.5751 1.48136
73.1812 28.5818 1.48169
73.2798 28.5885 1.48202
73.3784 28.5951 1.48235
73.477 28.6017 1.48269
73.5756 28.6084 1.48302
73.6742 28.615 1.48335
73.7728 28.6216 1.48368
73.8714 28.6282 1.48401
73.97 28.6348 1.48434
74.0686 28.6413 1.48467
74.1672 28.6479 1.48499
74.2658 28.6545 1.48532
74.3644 28.661 1.48565
74.463 28.6675 1.48598
74.5616 28.6741 1.4863
74.6602 28.6806 1.48663
74.7588 28.6871 1.48695
74.8574 28.6936 1.48728
74.956 28.7 1.4876
75.0546 28.7065 1.48793
75.1532 28.713 1.48825
75.2518 28.7194 1.48857
75.3504 28.7259 1.4889
75.4489 28.7323 1.48922
75.5475 28.7387 1.48954
75.6461 28.7452 1.48986
75.7447 28.7516 1.49018
75.8433 28.758 1.4905
75.9419 28.7643 1.49082
76.0405 28.7707 1.49114
76.1391 28.7771 1.49146
76.2377 28.7834 1.49178
76.3363 28.7898 1.4921
76.4349 28.7961 1.49241
76.5335 28.8025 1.49273
76.6321 28.8088 1.49305
76.7307 28.8151 1.49336
76.8293 28.8214 1.49368
76.9279 28.8277 1.494
77.0265 28.834 1.49431
77.1251 28.8402 1.49462
77.2237 28.8465 1.49494
77.3223 28.8527 1.49525
77.4209 28.859 1.49557
77.5195 28.8652 1.49588
77.6181 28.8714 1.49619
77.7167 28.8777 1.4965
77.8153 28.8839 1.49681
77.9139 28.8901 1.49713
78.0125 28.8963 1.49744
78.1111 28.9024 1.49775
78.2097 28.9086 1.49806
78.3083 28.9148 1.49837
78.4069 28.9209 1.49867
78.5055 28.9271 1.49898
78.6041 28.9332 1.49929
78.7027 28.9393 1.4996
78.8013 28.9454 1.49991
78.8999 28.9515 1.50021
78.9985 28.9576 1.50052
79.0971 28.9637 1.50083
79.1957 28.9698 1.50113
79.2943 28.9759 1.50144
79.3929 28.982 1.50174
79.4915 28.988 1.50205
79.5901 28.9941 1.50235
79.6887 29.0001 1.50265
79.7873 29.0061 1.50296
79.8859 29.0121 1.50326
79.9845 29.0182 1.50356
80.0831 29.0242 1.50386
80.1817 29.0302 1.50416
80.2803 29.0361 1.50447
80.3789 29.0421 1.50477
80.4775 29.0481 1.50507
80.5761 29.054 1.50537
80.6747 29.06 1.50567
80.7733 29.0659 1.50597
80.8719 29.0719 1.50626
80.9705 29.0778 1.50656
81.0691 29.0837 1.50686
81.1677 29.0896 1.50716
81.2663 29.0955 1.50746
81.3649 29.1014 1.50775
81.4635 29.1073 1.50805
81.5621 29.1132 1.50834
81.6607 29.1191 1.50864
81.7593 29.1249 1.50894
81.8579 29.1308 1.50923
81.9565 29.1366 1.50952
82.0551 29.1424 1.50982
82.1537 29.1483 1.51011
82.2523 29.1541 1.51041
82.3509 29.1599 1.5107
82.4494 29.1657 1.51099
82.548 29.1715 1.51128
82.6466 29.1773 1.51158
82.7452 29.1831 1.51187
82.8438 29.1888 1.51216
82.9424 29.1946 1.51245
83.041 29.2004 1.51274
83.1396 29.2061 1.51303
83.2382 29.2118 1.51332
83.3368 29.2176 1.51361
83.4354 29.2233 1.5139
83.534 29.229 1.51418
83.6326 29.2347 1.51447
83.7312 29.2404 1.51476
83.8298 29.2461 1.51505
83.9284 29.2518 1.51533
84.027 29.2575 1.51562
84.1256 29.2631 1.51591
84.2242 29.2688 1.51619
84.3228 29.2745 1.51648
84.4214 29.2801 1.51676
84.52 29.2857 1.51705
84.6186 29.2914 1.51733
84.7172 29.297 1.51762
84.8158 29.3026 1.5179
84.9144 29.3082 1.51818
85.013 29.3138 1.51847
85.1116 29.3194 1.51875
85.2102 29.325 1.51903
85.3088 29.3306 1.51931
85.4074 29.3361 1.5196
85.506 29.3417 1.51988
85.6046 29.3473 1.52016
85.7032 29.3528 1.52044
85.8018 29.3584 1.52072
85.9004 29.3639 1.521
85.999 29.3694 1.52128
86.0976 29.3749 1.52156
86.1962 29.3804 1.52184
86.2948 29.3859 1.52211
86.3934 29.3914 1.52239
86.492 29.3969 1.52267
86.5906 29.4024 1.52295
86.6892 29.4079 1.52322
86.7878 29.4133 1.5235
86.8864 29.4188 1.52378
86.985 29.4243 1.52405
87.0836 29.4297 1.52433
87.1822 29.4351 1.5246
87.2808 29.4406 1.52488
87.3794 29.446 1.52515
87.478 29.4514 1.52543
87.5766 29.4568 1.5257
87.6752 29.4622 1.52598
87.7738 29.4676 1.52625
87.8724 29.473 1.52652
87.971 29.4784 1.52679
88.0696 29.4838 1.52707
88.1682 29.4891 1.52734
88.2668 29.4945 1.52761
88.3654 29.4998 1.52788
88.464 29.5052 1.52815
88.5626 29.5105 1.52842
88.6612 29.5159 1.52869
88.7598 29.5212 1.52896
88.8584 29.5265 1.52923
88.957 29.5318 1.5295
89.0556 29.5371 1.52977
89.1542 29.5424 1.53004
89.2528 29.5477 1.53031
89.3514 29.553 1.53058
89.4499 29.5583 1.53084
89.5485 29.5636 1.53111
89.6471 29.5688 1.53138
89.7457 29.5741 1.53165
89.8443 29.5793 1.53191
89.9429 29.5846 1.53218
90.0415 29.5898 1.53244
90.1401 29.595 1.53271
90.2387 29.6003 1.53297
90.3373 29.6055 1.53324
90.4359 29.6107 1.5335
90.5345 29.6159 1.53377
90.6331 29.6211 1.53403
90.7317 29.6263 1.5343
90.8303 29.6315 1.53456
90.9289 29.6366 1.53482
91.0275 29.6418 1.53508
91.1261 29.647 1.53535
91.2247 29.6521 1.53561
91.3233 29.6573 1.53587
91.4219 29.6624 1.53613
91.5205 29.6676 1.53639
91.6191 29.6727 1.53665
91.7177 29.6778 1.53692
91.8163 29.683 1.53718
91.9149 29.6881 1.53744
92.0135 29.6932 1.53769
92.1121 29.6983 1.53795
92.2107 29.7034 1.53821
92.3093 29.7085 1.53847
92.4079 29.7135 1.53873
92.5065 29.7186 1.53899
92.6051 29.7237 1.53925
92.7037 29.7288 1.5395
92.8023 29.7338 1.53976
92.9009 29.7389 1.54002
92.9995 29.7439 1.54027
93.0981 29.7489 1.54053
93.1967 29.754 1.54079
93.2953 29.759 1.54104
93.3939 29.764 1.5413
93.4925 29.769 1.54155
93.5911 29.774 1.54181
93.6897 29.779 1.54206
93.7883 29.784 1.54232
93.8869 29.789 1.54257
93.9855 29.794 1.54282
94.0841 29.799 1.54308
94.1827 29.804 1.54333
94.2813 29.8089 1.54358
94.3799 29.8139 1.54384
94.4785 29.8188 1.54409
94.5771 29.8238 1.54434
94.6757 29.8287 1.54459
94.7743 29.8336 1.54484
94.8729 29.8386 1.54509
94.9715 29.8435 1.54535
95.0701 29.8484 1.5456
95.1687 29.8533 1.54585
95.2673 29.8582 1.5461
95.3659 29.8631 1.54635
95.4645 29.868 1.5466
95.5631 29.8729 1.54684
95.6617 29.8778 1.54709
95.7603 29.8827 1.54734
95.8589 29.8875 1.54759
95.9575 29.8924 1.54784
96.0561 29.8973 1.54809
96.1547 29.9021 1.54833
96.2533 29.9069 1.54858
96.3519 29.9118 1.54883
96.4505 29.9166 1.54907
96.549 29.9215 1.54932
96.6476 29.9263 1.54957
96.7462 29.9311 1.54981
96.8448 29.9359 1.55006
96.9434 29.9407 1.5503
97.042 29.9455 1.55055
97.1406 29.9503 1.55079
97.2392 29.9551 1.55104
97.3378 29.9599 1.55128
97.4364 29.9647 1.55152
97.535 29.9694 1.55177
97.6336 29.9742 1.55201
97.7322 29.979 1.55225
97.8308 29.9837 1.5525
97.9294 29.9885 1.55274
98.028 29.9932 1.55298
98.1266 29.9979 1.55322
98.2252 30.0027 1.55347
98.3238 30.0074 1.55371
98.4224 30.0121 1.55395
98.521 30.0168 1.55419
98.6196 30.0215 1.55443
98.7182 30.0263 1.55467
98.8168 30.031 1.55491
98.9154 30.0356 1.55515
99.014 30.0403 1.55539
99.1126 30.045 1.55563
99.2112 30.0497 1.55587
99.3098 30.0544 1.55611
99.4084 30.059 1.55635
99.507 30.0637 1.55659
99.6056 30.0684 1.55682
99.7042 30.073 1.55706
99.8028 30.0776 1.5573
99.9014 30.0823 1.55754
100 30.0869 1.55777
