1.5 1.58527 0.39372
1.5986 2.07562 0.408719
1.6972 2.54587 0.423289
1.7958 2.99482 0.437355
1.89439 3.42514 0.450966
1.99299 3.8373 0.464117
2.09159 4.23131 0.47679
2.19019 4.60914 0.489031
2.28879 4.97217 0.500869
2.38739 5.32077 0.512308
2.48599 5.65538 0.523354
2.58458 5.97716 0.534036
2.68318 6.28752 0.544391
2.78178 6.58691 0.554427
2.88038 6.87575 0.564155
2.97898 7.15447 0.573586
3.07758 7.42355 0.58273
3.17618 7.68404 0.591617
3.27477 7.93648 0.600263
3.37337 8.1812 0.608674
3.47197 8.41853 0.616861
3.57057 8.64876 0.62483
3.66917 8.87219 0.632591
3.76777 9.08908 0.64015
3.86637 9.30072 0.647522
3.96496 9.50789 0.65472
4.06356 9.71021 0.661752
4.16216 9.90739 0.668622
4.26076 10.0992 0.675336
4.35936 10.2854 0.681902
4.45796 10.4658 0.688322
4.55656 10.6404 0.694604
4.65516 10.8091 0.700751
4.75375 10.9718 0.706768
4.85235 11.1287 0.712663
4.95095 11.2805 0.718444
5.04955 11.4276 0.724114
5.14815 11.5705 0.729677
5.24675 11.7095 0.735136
5.34535 11.8449 0.740493
5.44394 11.9771 0.745753
5.54254 12.1063 0.750918
5.64114 12.2329 0.755991
5.73974 12.3571 0.760974
5.83834 12.479 0.76587
5.93694 12.599 0.770682
6.03554 12.7171 0.775411
6.13413 12.8336 0.780061
6.23273 12.9484 0.784635
6.33133 13.0612 0.789137
6.42993 13.1721 0.793569
6.52853 13.2811 0.797933
6.62713 13.3884 0.802232
6.72573 13.4939 0.806466
6.82432 13.5978 0.810637
6.92292 13.6999 0.814748
7.02152 13.8005 0.818798
7.12012 13.8995 0.822791
7.21872 13.997 0.826728
7.31732 14.093 0.830609
7.41592 14.1876 0.834436
7.51451 14.2807 0.838211
7.61311 14.3725 0.841934
7.71171 14.4629 0.845607
7.81031 14.552 0.849232
7.90891 14.6398 0.852808
8.00751 14.7264 0.856338
8.10611 14.8118 0.859822
8.2047 14.896 0.863262
8.3033 14.9791 0.866661
8.4019 15.0611 0.870018
8.5005 15.142 0.873335
8.5991 15.2219 0.876613
8.6977 15.3008 0.879853
8.7963 15.3787 0.883055
8.89489 15.4556 0.88622
8.99349 15.5316 0.889349
9.09209 15.6066 0.892442
9.19069 15.6808 0.895501
9.28929 15.754 0.898526
9.38789 15.8264 0.901517
9.48649 15.8979 0.904476
9.58509 15.9685 0.907403
9.68368 16.0384 0.910299
9.78228 16.1074 0.913164
9.88088 16.1757 0.915998
9.97948 16.2432 0.918803
10.0781 16.3099 0.921579
10.1767 16.3759 0.924326
10.2753 16.4411 0.927045
10.3739 16.5056 0.929737
10.4725 16.5695 0.932402
10.5711 16.6326 0.93504
10.6697 16.6951 0.937652
10.7683 16.7569 0.940239
10.8669 16.818 0.9428
10.9655 16.8785 0.945336
11.0641 16.9384 0.947849
11.1627 16.9977 0.950339
11.2613 17.0564 0.952806
11.3599 17.1145 0.955251
11.4585 17.1721 0.957674
11.5571 17.2291 0.960075
11.6557 17.2856 0.962455
11.7543 17.3415 0.964814
11.8529 17.3969 0.967153
11.9515 17.4518 0.969471
12.0501 17.5062 0.971769
12.1486 17.56 0.974048
12.2472 17.6134 0.976307
12.3458 17.6663 0.978548
12.4444 17.7187 0.980769
12.543 17.7706 0.982972
12.6416 17.8221 0.985157
12.7402 17.8731 0.987324
12.8388 17.9237 0.989474
12.9374 17.9738 0.991606
13.036 18.0235 0.99372
13.1346 18.0728 0.995818
13.2332 18.1216 0.9979
13.3318 18.1701 0.999965
13.4304 18.2181 1.00201
13.529 18.2657 1.00405
13.6276 18.3129 1.00606
13.7262 18.3597 1.00807
13.8248 18.4062 1.01005
13.9234 18.4522 1.01202
14.022 18.4979 1.01398
14.1206 18.5432 1.01592
14.2192 18.5881 1.01785
14.3178 18.6327 1.01976
14.4164 18.6769 1.02166
14.515 18.7208 1.02355
14.6136 18.7643 1.02542
14.7122 18.8075 1.02727
14.8108 18.8504 1.02912
14.9094 18.8929 1.03095
15.008 18.9351 1.03277
15.1066 18.977 1.03457
15.2052 19.0185 1.03637
15.3038 19.0598 1.03815
15.4024 19.1007 1.03992
15.501 19.1414 1.04167
15.5996 19.1817 1.04342
15.6982 19.2218 1.04515
15.7968 19.2616 1.04687
15.8954 19.3011 1.04858
15.994 19.3403 1.05028
16.0926 19.3793 1.05197
16.1912 19.418 1.05365
16.2898 19.4564 1.05532
16.3884 19.4945 1.05697
16.487 19.5324 1.05862
16.5856 19.5701 1.06026
16.6842 19.6074 1.06188
16.7828 19.6446 1.0635
16.8814 19.6814 1.0651
16.98 19.7181 1.0667
17.0786 19.7544 1.06828
17.1772 19.7906 1.06986
17.2758 19.8265 1.07142
17.3744 19.8622 1.07298
17.473 19.8976 1.07453
17.5716 19.9328 1.07607
17.6702 19.9678 1.07759
17.7688 20.0026 1.07911
17.8674 20.0371 1.08063
17.966 20.0715 1.08213
18.0646 20.1056 1.08362
18.1632 20.1395 1.0851
18.2618 20.1731 1.08658
18.3604 20.2066 1.08805
18.459 20.2399 1.08951
18.5576 20.2729 1.09096
18.6562 20.3058 1.0924
18.7548 20.3385 1.09384
18.8534 20.3709 1.09526
18.952 20.4032 1.09668
19.0506 20.4353 1.09809
19.1491 20.4671 1.09949
19.2477 20.4988 1.10089
19.3463 20.5303 1.10228
19.4449 20.5616 1.10365
19.5435 20.5928 1.10503
19.6421 20.6237 1.10639
19.7407 20.6545 1.10775
19.8393 20.6851 1.1091
19.9379 20.7155 1.11044
20.0365 20.7458 1.11178
20.1351 20.7758 1.11311
20.2337 20.8057 1.11443
20.3323 20.8354 1.11574
20.4309 20.865 1.11705
20.5295 20.8944 1.11835
20.6281 20.9236 1.11965
20.7267 20.9527 1.12093
20.8253 20.9816 1.12221
20.9239 21.0104 1.12349
21.0225 21.0389 1.12476
21.1211 21.0674 1.12602
21.2197 21.0957 1.12727
21.3183 21.1238 1.12852
21.4169 21.1517 1.12976
21.5155 21.1796 1.131
21.6141 21.2072 1.13223
21.7127 21.2348 1.13345
21.8113 21.2622 1.13467
21.9099 21.2894 1.13589
22.0085 21.3165 1.13709
22.1071 21.3435 1.13829
22.2057 21.3703 1.13949
22.3043 21.397 1.14068
22.4029 21.4236 1.14186
22.5015 21.45 1.14304
22.6001 21.4763 1.14421
22.6987 21.5024 1.14538
22.7973 21.5285 1.14654
22.8959 21.5544 1.1477
22.9945 21.5802 1.14885
23.0931 21.6058 1.15
23.1917 21.6313 1.15114
23.2903 21.6567 1.15228
23.3889 21.682 1.15341
23.4875 21.7072 1.15453
23.5861 21.7322 1.15565
23.6847 21.7571 1.15677
23.7833 21.7819 1.15788
23.8819 21.8066 1.15899
23.9805 21.8311 1.16009
24.0791 21.8556 1.16118
24.1777 21.8799 1.16228
24.2763 21.9041 1.16336
24.3749 21.9282 1.16444
24.4735 21.9522 1.16552
24.5721 21.9761 1.16659
24.6707 21.9999 1.16766
24.7693 22.0235 1.16873
24.8679 22.0471 1.16979
24.9665 22.0705 1.17084
25.0651 22.0938 1.17189
25.1637 22.1171 1.17294
25.2623 22.1402 1.17398
25.3609 22.1632 1.17501
25.4595 22.1861 1.17605
25.5581 22.2089 1.17708
25.6567 22.2317 1.1781
25.7553 22.2543 1.17912
25.8539 22.2768 1.18013
25.9525 22.2992 1.18115
26.0511 22.3215 1.18215
26.1496 22.3437 1.18316
26.2482 22.3659 1.18416
26.3468 22.3879 1.18515
26.4454 22.4098 1.18614
26.544 22.4317 1.18713
26.6426 22.4534 1.18811
26.7412 22.475 1.18909
26.8398 22.4966 1.19007
26.9384 22.5181 1.19104
27.037 22.5394 1.19201
27.1356 22.5607 1.19297
27.2342 22.5819 1.19393
27.3328 22.603 1.19489
27.4314 22.624 1.19584
27.53 22.645 1.19679
27.6286 22.6658 1.19774
27.7272 22.6866 1.19868
27.8258 22.7072 1.19962
27.9244 22.7278 1.20055
28.023 22.7483 1.20148
28.1216 22.7687 1.20241
28.2202 22.7891 1.20333
28.3188 22.8093 1.20426
28.4174 22.8295 1.20517
28.516 22.8496 1.20609
28.6146 22.8696 1.207
28.7132 22.8895 1.2079
28.8118 22.9094 1.20881
28.9104 22.9291 1.20971
29.009 22.9488 1.2106
29.1076 22.9684 1.2115
29.2062 22.988 1.21239
29.3048 23.0074 1.21327
29.4034 23.0268 1.21416
29.502 23.0461 1.21504
29.6006 23.0654 1.21592
29.6992 23.0845 1.21679
29.7978 23.1036 1.21766
29.8964 23.1226 1.21853
29.995 23.1415 1.21939
30.0936 23.1604 1.22026
30.1922 23.1792 1.22111
30.2908 23.1979 1.22197
30.3894 23.2166 1.22282
30.488 23.2351 1.22367
30.5866 23.2536 1.22452
30.6852 23.2721 1.22536
30.7838 23.2904 1.2262
30.8824 23.3087 1.22704
30.981 23.327 1.22788
31.0796 23.3451 1.22871
31.1782 23.3632 1.22954
31.2768 23.3813 1.23036
31.3754 23.3992 1.23119
31.474 23.4171 1.23201
31.5726 23.435 1.23283
31.6712 23.4527 1.23364
31.7698 23.4704 1.23445
31.8684 23.4881 1.23526
31.967 23.5056 1.23607
32.0656 23.5232 1.23687
32.1642 23.5406 1.23768
32.2628 23.558 1.23848
32.3614 23.5753 1.23927
32.46 23.5926 1.24007
32.5586 23.6098 1.24086
32.6572 23.627 1.24165
32.7558 23.644 1.24243
32.8544 23.6611 1.24322
32.953 23.678 1.244
33.0516 23.695 1.24478
33.1502 23.7118 1.24555
33.2487 23.7286 1.24633
33.3473 23.7454 1.2471
33.4459 23.762 1.24787
33.5445 23.7787 1.24863
33.6431 23.7952 1.2494
33.7417 23.8118 1.25016
33.8403 23.8282 1.25092
33.9389 23.8446 1.25168
34.0375 23.861 1.25243
34.1361 23.8773 1.25318
34.2347 23.8935 1.25393
34.3333 23.9097 1.25468
34.4319 23.9258 1.25542
34.5305 23.9419 1.25617
34.6291 23.9579 1.25691
34.7277 23.9739 1.25765
34.8263 23.9898 1.25838
34.9249 24.0057 1.25912
35.0235 24.0215 1.25985
35.1221 24.0373 1.26058
35.2207 24.053 1.26131
35.3193 24.0687 1.26203
35.4179 24.0843 1.26275
35.5165 24.0998 1.26348
35.6151 24.1154 1.26419
35.7137 24.1308 1.26491
35.8123 24.1462 1.26562
35.9109 24.1616 1.26634
36.0095 24.1769 1.26705
36.1081 24.1922 1.26776
36.2067 24.2074 1.26846
36.3053 24.2226 1.26917
36.4039 24.2377 1.26987
36.5025 24.2528 1.27057
36.6011 24.2678 1.27127
36.6997 24.2828 1.27196
36.7983 24.2978 1.27266
36.8969 24.3126 1.27335
36.9955 24.3275 1.27404
37.0941 24.3423 1.27473
37.1927 24.357 1.27541
37.2913 24.3718 1.2761
37.3899 24.3864 1.27678
37.4885 24.401 1.27746
37.5871 24.4156 1.27814
37.6857 24.4302 1.27881
37.7843 24.4446 1.27949
37.8829 24.4591 1.28016
37.9815 24.4735 1.28083
38.0801 24.4878 1.2815
38.1787 24.5022 1.28216
38.2773 24.5164 1.28283
38.3759 24.5307 1.28349
38.4745 24.5448 1.28415
38.5731 24.559 1.28481
38.6717 24.5731 1.28547
38.7703 24.5871 1.28613
38.8689 24.6012 1.28678
38.9675 24.6151 1.28743
39.0661 24.6291 1.28808
39.1647 24.643 1.28873
39.2633 24.6568 1.28938
39.3619 24.6707 1.29002
39.4605 24.6844 1.29067
39.5591 24.6982 1.29131
39.6577 24.7119 1.29195
39.7563 24.7255 1.29259
39.8549 24.7391 1.29322
39.9535 24.7527 1.29386
40.0521 24.7662 1.29449
40.1507 24.7797 1.29512
40.2492 24.7932 1.29575
40.3478 24.8066 1.29638
40.4464 24.82 1.29701
40.545 24.8334 1.29763
40.6436 24.8467 1.29826
40.7422 24.8599 1.29888
40.8408 24.8732 1.2995
40.9394 24.8864 1.30012
41.038 24.8995 1.30073
41.1366 24.9127 1.30135
41.2352 24.9258 1.30196
41.3338 24.9388 1.30257
41.4324 24.9518 1.30318
41.531 24.9648 1.30379
41.6296 24.9777 1.3044
41.7282 24.9907 1.30501
41.8268 25.0035 1.30561
41.9254 25.0164 1.30621
42.024 25.0292 1.30681
42.1226 25.0419 1.30741
42.2212 25.0547 1.30801
42.3198 25.0674 1.30861
42.4184 25.08 1.3092
42.517 25.0927 1.30979
42.6156 25.1052 1.31039
42.7142 25.1178 1.31098
42.8128 25.1303 1.31157
42.9114 25.1428 1.31215
43.01 25.1553 1.31274
43.1086 25.1677 1.31332
43.2072 25.1801 1.31391
43.3058 25.1925 1.31449
43.4044 25.2048 1.31507
43.503 25.2171 1.31565
43.6016 25.2294 1.31623
43.7002 25.2416 1.3168
43.7988 25.2538 1.31738
43.8974 25.2659 1.31795
43.996 25.2781 1.31852
44.0946 25.2902 1.31909
44.1932 25.3023 1.31966
44.2918 25.3143 1.32023
44.3904 25.3263 1.32079
44.489 25.3383 1.32136
44.5876 25.3502 1.32192
44.6862 25.3621 1.32248
44.7848 25.374 1.32304
44.8834 25.3859 1.3236
44.982 25.3977 1.32416
45.0806 25.4095 1.32472
45.1792 25.4213 1.32527
45.2778 25.433 1.32583
45.3764 25.4447 1.32638
45.475 25.4564 1.32693
45.5736 25.468 1.32748
45.6722 25.4796 1.32803
45.7708 25.4912 1.32858
45.8694 25.5028 1.32913
45.968 25.5143 1.32967
46.0666 25.5258 1.33021
46.1652 25.5373 1.33076
46.2638 25.5487 1.3313
46.3624 25.5601 1.33184
46.461 25.5715 1.33238
46.5596 25.5829 1.33291
46.6582 25.5942 1.33345
46.7568 25.6055 1.33399
46.8554 25.6168 1.33452
46.954 25.628 1.33505
47.0526 25.6392 1.33558
47.1512 25.6504 1.33611
47.2497 25.6616 1.33664
47.3483 25.6727 1.33717
47.4469 25.6838 1.3377
47.5455 25.6949 1.33822
47.6441 25.706 1.33874
47.7427 25.717 1.33927
47.8413 25.728 1.33979
47.9399 25.739 1.34031
48.0385 25.7499 1.34083
48.1371 25.7608 1.34135
48.2357 25.7717 1.34186
48.3343 25.7826 1.34238
48.4329 25.7934 1.3429
48.5315 25.8043 1.34341
48.6301 25.8151 1.34392
48.7287 25.8258 1.34443
48.8273 25.8366 1.34494
48.9259 25.8473 1.34545
49.0245 25.858 1.34596
49.1231 25.8686 1.34647
49.2217 25.8793 1.34697
49.3203 25.8899 1.34748
49.4189 25.9005 1.34798
49.5175 25.9111 1.34849
49.6161 25.9216 1.34899
49.7147 25.9321 1.34949
49.8133 25.9426 1.34999
49.9119 25.9531 1.35049
50.0105 25.9636 1.35098
50.1091 25.974 1.35148
50.2077 25.9844 1.35198
50.3063 25.9948 1.35247
50.4049 26.0051 1.35296
50.5035 26.0155 1.35345
50.6021 26.0258 1.35395
50.7007 26.0361 1.35444
50.7993 26.0463 1.35493
50.8979 26.0566 1.35541
50.9965 26.0668 1.3559
51.0951 26.077 1.35639
51.1937 26.0872 1.35687
51.2923 26.0973 1.35736
51.3909 26.1074 1.35784
51.4895 26.1175 1.35832
51.5881 26.1276 1.3588
51.6867 26.1377 1.35928
51.7853 26.1477 1.35976
51.8839 26.1577 1.36024
51.9825 26.1677 1.36072
52.0811 26.1777 1.36119
52.1797 26.1876 1.36167
52.2783 26.1976 1.36214
52.3769 26.2075 1.36261
52.4755 26.2174 1.36309
52.5741 26.2272 1.36356
52.6727 26.2371 1.36403
52.7713 26.2469 1.3645
52.8699 26.2567 1.36497
52.9685 26.2665 1.36543
53.0671 26.2762 1.3659
53.1657 26.286 1.36637
53.2643 26.2957 1.36683
53.3629 26.3054 1.3673
53.4615 26.315 1.36776
53.5601 26.3247 1.36822
53.6587 26.3343 1.36868
53.7573 26.3439 1.36914
53.8559 26.3535 1.3696
53.9545 26.3631 1.37006
54.0531 26.3727 1.37052
54.1517 26.3822 1.37097
54.2503 26.3917 1.37143
54.3488 26.4012 1.37188
54.4474 26.4107 1.37234
54.546 26.4201 1.37279
54.6446 26.4295 1.37324
54.7432 26.439 1.37369
54.8418 26.4483 1.37414
54.9404 26.4577 1.37459
55.039 26.4671 1.37504
55.1376 26.4764 1.37549
55.2362 26.4857 1.37594
55.3348 26.495 1.37638
55.4334 26.5043 1.37683
55.532 26.5136 1.37727
55.6306 26.5228 1.37771
55.7292 26.532 1.37816
55.8278 26.5412 1.3786
55.9264 26.5504 1.37904
56.025 26.5596 1.37948
56.1236 26.5687 1.37992
56.2222 26.5778 1.38036
56.3208 26.5869 1.3808
56.4194 26.596 1.38123
56.518 26.6051 1.38167
56.6166 26.6141 1.3821
56.7152 26.6232 1.38254
56.8138 26.6322 1.38297
56.9124 26.6412 1.3834
57.011 26.6502 1.38384
57.1096 26.6591 1.38427
57.2082 26.6681 1.3847
57.3068 26.677 1.38513
57.4054 26.6859 1.38555
57.504 26.6948 1.38598
57.6026 26.7037 1.38641
57.7012 26.7125 1.38684
57.7998 26.7214 1.38726
57.8984 26.7302 1.38769
57.997 26.739 1.38811
58.0956 26.7478 1.38853
58.1942 26.7565 1.38895
58.2928 26.7653 1.38938
58.3914 26.774 1.3898
58.49 26.7827 1.39022
58.5886 26.7914 1.39064
58.6872 26.8001 1.39106
58.7858 26.8088 1.39147
58.8844 26.8174 1.39189
58.983 26.8261 1.39231
59.0816 26.8347 1.39272
59.1802 26.8433 1.39314
59.2788 26.8518 1.39355
59.3774 26.8604 1.39396
59.476 26.869 1.39438
59.5746 26.8775 1.39479
59.6732 26.886 1.3952
59.7718 26.8945 1.39561
59.8704 26.903 1.39602
59.969 26.9115 1.39643
60.0676 26.9199 1.39684
60.1662 26.9283 1.39724
60.2648 26.9368 1.39765
60.3634 26.9452 1.39805
60.462 26.9535 1.39846
60.5606 26.9619 1.39886
60.6592 26.9703 1.39927
60.7578 26.9786 1.39967
60.8564 26.9869 1.40007
60.955 26.9952 1.40048
61.0536 27.0035 1.40088
61.1522 27.0118 1.40128
61.2508 27.0201 1.40168
61.3493 27.0283 1.40207
61.4479 27.0365 1.40247
61.5465 27.0448 1.40287
61.6451 27.053 1.40327
61.7437 27.0611 1.40366
61.8423 27.0693 1.40406
61.9409 27.0775 1.40445
62.0395 27.0856 1.40485
62.1381 27.0937 1.40524
62.2367 27.1018 1.40563
62.3353 27.1099 1.40602
62.4339 27.118 1.40642
62.5325 27.1261 1.40681
62.6311 27.1341 1.4072
62.7297 27.1422 1.40759
62.8283 27.1502 1.40797
62.9269 27.1582 1.40836
63.0255 27.1662 1.40875
63.1241 27.1741 1.40914
63.2227 27.1821 1.40952
63.3213 27.1901 1.40991
63.4199 27.198 1.41029
63.5185 27.2059 1.41068
63.6171 27.2138 1.41106
63.7157 27.2217 1.41144
63.8143 27.2296 1.41182
63.9129 27.2374 1.41221
64.0115 27.2453 1.41259
64.1101 27.2531 1.41297
64.2087 27.2609 1.41335
64.3073 27.2687 1.41373
64.4059 27.2765 1.4141
64.5045 27.2843 1.41448
64.6031 27.2921 1.41486
64.7017 27.2998 1.41523
64.8003 27.3076 1.41561
64.8989 27.3153 1.41599
64.9975 27.323 1.41636
65.0961 27.3307 1.41673
65.1947 27.3384 1.41711
65.2933 27.346 1.41748
65.3919 27.3537 1.41785
65.4905 27.3613 1.41822
65.5891 27.369 1.41859
65.6877 27.3766 1.41896
65.7863 27.3842 1.41933
65.8849 27.3918 1.4197
65.9835 27.3993 1.42007
66.0821 27.4069 1.42044
66.1807 27.4145 1.42081
66.2793 27.422 1.42117
66.3779 27.4295 1.42154
66.4765 27.437 1.42191
66.5751 27.4445 1.42227
66.6737 27.452 1.42263
66.7723 27.4595 1.423
66.8709 27.4669 1.42336
66.9695 27.4744 1.42372
67.0681 27.4818 1.42409
67.1667 27.4892 1.42445
67.2653 27.4966 1.42481
67.3639 27.504 1.42517
67.4625 27.5114 1.42553
67.5611 27.5188 1.42589
67.6597 27.5261 1.42625
67.7583 27.5335 1.4266
67.8569 27.5408 1.42696
67.9555 27.5481 1.42732
68.0541 27.5554 1.42767
68.1527 27.5627 1.42803
68.2513 27.57 1.42838
68.3498 27.5773 1.42874
68.4484 27.5845 1.42909
68.547 27.5918 1.42945
68.6456 27.599 1.4298
68.7442 27.6062 1.43015
68.8428 27.6134 1.4305
68.9414 27.6206 1.43085
69.04 27.6278 1.4312
69.1386 27.635 1.43156
69.2372 27.6422 1.4319
69.3358 27.6493 1.43225
69.4344 27.6564 1.4326
69.533 27.6636 1.43295
69.6316 27.6707 1.4333
69.7302 27.6778 1.43364
69.8288 27.6849 1.43399
69.9274 27.692 1.43434
70.026 27.699 1.43468
70.1246 27.7061 1.43503
70.2232 27.7131 1.43537
70.3218 27.7202 1.43571
70.4204 27.7272 1.43606
70.519 27.7342 1.4364
70.6176 27.7412 1.43674
70.7162 27.7482 1.43708
70.8148 27.7551 1.43743
70.9134 27.7621 1.43777
71.012 27.7691 1.43811
71.1106 27.776 1.43845
71.2092 27.7829 1.43878
71.3078 27.7899 1.43912
71.4064 27.7968 1.43946
71.505 27.8037 1.4398
71.6036 27.8105 1.44014
71.7022 27.8174 1.44047
71.8008 27.8243 1.44081
71.8994 27.8311 1.44114
71.998 27.838 1.44148
72.0966 27.8448 1.44181
72.1952 27.8516 1.44215
72.2938 27.8584 1.44248
72.3924 27.8652 1.44281
72.491 27.872 1.44315
72.5896 27.8788 1.44348
72.6882 27.8856 1.44381
72.7868 27.8923 1.44414
72.8854 27.8991 1.44447
72.984 27.9058 1.4448
73.0826 27.9125 1.44513
73.1812 27.9192 1.44546
73.2798 27.9259 1.44579
73.3784 27.9326 1.44612
73.477 27.9393 1.44644
73.5756 27.946 1.44677
73.6742 27.9526 1.4471
73.7728 27.9593 1.44742
73.8714 27.9659 1.44775
73.97 27.9725 1.44807
74.0686 27.9792 1.4484
74.1672 27.9858 1.44872
74.2658 27.9924 1.44905
74.3644 27.9989 1.44937
74.463 28.0055 1.44969
74.5616 28.0121 1.45001
74.6602 28.0186 1.45034
74.7588 28.0252 1.45066
74.8574 28.0317 1.45098
74.956 28.0383 1.4513
75.0546 28.0448 1.45162
75.1532 28.0513 1.45194
75.2518 28.0578 1.45226
75.3504 28.0643 1.45258
75.4489 28.0707 1.45289
75.5475 28.0772 1.45321
75.6461 28.0837 1.45353
75.7447 28.0901 1.45385
75.8433 28.0966 1.45416
75.9419 28.103 1.45448
76.0405 28.1094 1.4548
76.1391 28.1158 1.45511
76.2377 28.1222 1.45542
76.3363 28.1286 1.45574
76.4349 28.135 1.45605
76.5335 28.1413 1.45637
76.6321 28.1477 1.45668
76.7307 28.1541 1.45699
76.8293 28.1604 1.4573
76.9279 28.1667 1.45762
77.0265 28.1731 1.45793
77.1251 28.1794 1.45824
77.2237 28.1857 1.45855
77.3223 28.192 1.45886
77.4209 28.1983 1.45917
77.5195 28.2045 1.45948
77.6181 28.2108 1.45978
77.7167 28.2171 1.46009
77.8153 28.2233 1.4604
77.9139 28.2296 1.46071
78.0125 28.2358 1.46102
78.1111 28.242 1.46132
78.2097 28.2482 1.46163
78.3083 28.2544 1.46193
78.4069 28.2606 1.46224
78.5055 28.2668 1.46254
78.6041 28.273 1.46285
78.7027 28.2791 1.46315
78.8013 28.2853 1.46346
78.8999 28.2915 1.46376
78.9985 28.2976 1.46406
79.0971 28.3037 1.46436
79.1957 28.3099 1.46467
79.2943 28.316 1.46497
79.3929 28.3221 1.46527
79.4915 28.3282 1.46557
79.5901 28.3343 1.46587
79.6887 28.3403 1.46617
79.7873 28.3464 1.46647
79.8859 28.3525 1.46677
79.9845 28.3585 1.46707
80.0831 28.3646 1.46737
80.1817 28.3706 1.46766
80.2803 28.3766 1.46796
80.3789 28.3827 1.46826
80.4775 28.3887 1.46856
80.5761 28.3947 1.46885
80.6747 28.4007 1.46915
80.7733 28.4066 1.46944
80.8719 28.4126 1.46974
80.9705 28.4186 1.47003
81.0691 28.4245 1.47033
81.1677 28.4305 1.47062
81.2663 28.4364 1.47092
81.3649 28.4424 1.47121
81.4635 28.4483 1.4715
81.5621 28.4542 1.4718
81.6607 28.4601 1.47209
81.7593 28.466 1.47238
81.8579 28.4719 1.47267
81.9565 28.4778 1.47296
82.0551 28.4837 1.47325
82.1537 28.4896 1.47354
82.2523 28.4954 1.47383
82.3509 28.5013 1.47412
82.4494 28.5071 1.47441
82.548 28.513 1.4747
82.6466 28.5188 1.47499
82.7452 28.5246 1.47528
82.8438 28.5304 1.47556
82.9424 28.5362 1.47585
83.041 28.542 1.47614
83.1396 28.5478 1.47642
83.2382 28.5536 1.47671
83.3368 28.5594 1.477
83.4354 28.5651 1.47728
83.534 28.5709 1.47757
83.6326 28.5766 1.47785
83.7312 28.5824 1.47814
83.8298 28.5881 1.47842
83.9284 28.5938 1.4787
84.027 28.5995 1.47899
84.1256 28.6052 1.47927
84.2242 28.6109 1.47955
84.3228 28.6166 1.47984
84.4214 28.6223 1.48012
84.52 28.628 1.4804
84.6186 28.6337 1.48068
84.7172 28.6393 1.48096
84.8158 28.645 1.48124
84.9144 28.6506 1.48152
85.013 28.6563 1.4818
85.1116 28.6619 1.48208
85.2102 28.6675 1.48236
85.3088 28.6732 1.48264
85.4074 28.6788 1.48292
85.506 28.6844 1.48319
85.6046 28.69 1.48347
85.7032 28.6956 1.48375
85.8018 28.7011 1.48403
85.9004 28.7067 1.4843
85.999 28.7123 1.48458
86.0976 28.7178 1.48485
86.1962 28.7234 1.48513
86.2948 28.7289 1.48541
86.3934 28.7345 1.48568
86.492 28.74 1.48595
86.5906 28.7455 1.48623
86.6892 28.751 1.4865
86.7878 28.7565 1.48678
86.8864 28.762 1.48705
86.985 28.7675 1.48732
87.0836 28.773 1.4876
87.1822 28.7785 1.48787
87.2808 28.784 1.48814
87.3794 28.7894 1.48841
87.478 28.7949 1.48868
87.5766 28.8003 1.48895
87.6752 28.8058 1.48922
87.7738 28.8112 1.48949
87.8724 28.8166 1.48976
87.971 28.8221 1.49003
88.0696 28.8275 1.4903
88.1682 28.8329 1.49057
88.2668 28.8383 1.49084
88.3654 28.8437 1.49111
88.464 28.8491 1.49138
88.5626 28.8544 1.49164
88.6612 28.8598 1.49191
88.7598 28.8652 1.49218
88.8584 28.8705 1.49244
88.957 28.8759 1.49271
89.0556 28.8812 1.49298
89.1542 28.8866 1.49324
89.2528 28.8919 1.49351
89.3514 28.8972 1.49377
89.4499 28.9025 1.49404
89.5485 28.9078 1.4943
89.6471 28.9132 1.49457
89.7457 28.9184 1.49483
89.8443 28.9237 1.49509
89.9429 28.929 1.49536
90.0415 28.9343 1.49562
90.1401 28.9396 1.49588
90.2387 28.9448 1.49614
90.3373 28.9501 1.49641
90.4359 28.9553 1.49667
90.5345 28.9606 1.49693
90.6331 28.9658 1.49719
90.7317 28.971 1.49745
90.8303 28.9763 1.49771
90.9289 28.9815 1.49797
91.0275 28.9867 1.49823
91.1261 28.9919 1.49849
91.2247 28.9971 1.49875
91.3233 29.0023 1.49901
91.4219 29.0075 1.49927
91.5205 29.0127 1.49952
91.6191 29.0178 1.49978
91.7177 29.023 1.50004
91.8163 29.0281 1.5003
91.9149 29.0333 1.50055
92.0135 29.0384 1.50081
92.1121 29.0436 1.50107
92.2107 29.0487 1.50132
92.3093 29.0538 1.50158
92.4079 29.059 1.50184
92.5065 29.0641 1.50209
92.6051 29.0692 1.50235
92.7037 29.0743 1.5026
92.8023 29.0794 1.50285
92.9009 29.0845 1.50311
92.9995 29.0896 1.50336
93.0981 29.0946 1.50362
93.1967 29.0997 1.50387
93.2953 29.1048 1.50412
93.3939 29.1098 1.50437
93.4925 29.1149 1.50463
93.5911 29.1199 1.50488
93.6897 29.125 1.50513
93.7883 29.13 1.50538
93.8869 29.135 1.50563
93.9855 29.14 1.50588
94.0841 29.1451 1.50613
94.1827 29.1501 1.50638
94.2813 29.1551 1.50663
94.3799 29.1601 1.50688
94.4785 29.165 1.50713
94.5771 29.17 1.50738
94.6757 29.175 1.50763
94.7743 29.18 1.50788
94.8729 29.1849 1.50813
94.9715 29.1899 1.50838
95.0701 29.1949 1.50863
95.1687 29.1998 1.50887
95.2673 29.2048 1.50912
95.3659 29.2097 1.50937
95.4645 29.2146 1.50961
95.5631 29.2195 1.50986
95.6617 29.2245 1.51011
95.7603 29.2294 1.51035
95.8589 29.2343 1.5106
95.9575 29.2392 1.51084
96.0561 29.2441 1.51109
96.1547 29.249 1.51133
96.2533 29.2538 1.51158
96.3519 29.2587 1.51182
96.4505 29.2636 1.51206
96.549 29.2685 1.51231
96.6476 29.2733 1.51255
96.7462 29.2782 1.5128
96.8448 29.283 1.51304
96.9434 29.2879 1.51328
97.042 29.2927 1.51352
97.1406 29.2975 1.51376
97.2392 29.3024 1.51401
97.3378 29.3072 1.51425
97.4364 29.312 1.51449
97.535 29.3168 1.51473
97.6336 29.3216 1.51497
97.7322 29.3264 1.51521
97.8308 29.3312 1.51545
97.9294 29.336 1.51569
98.028 29.3408 1.51593
98.1266 29.3455 1.51617
98.2252 29.3503 1.51641
98.3238 29.3551 1.51665
98.4224 29.3598 1.51689
98.521 29.3646 1.51713
98.6196 29.3693 1.51736
98.7182 29.3741 1.5176
98.8168 29.3788 1.51784
98.9154 29.3835 1.51808
99.014 29.3883 1.51831
99.1126 29.393 1.51855
99.2112 29.3977 1.51879
99.3098 29.4024 1.51902
99.4084 29.4071 1.51926
99.507 29.4118 1.5195
99.6056 29.4165 1.51973
99.7042 29.4212 1.51997
99.8028 29.4259 1.5202
99.9014 29.4306 1.52044
100 29.4352 1.52067
