1.5 2.15617 0.370664
1.5986 2.68448 0.387898
1.6972 3.18887 0.404499
1.7958 3.66866 0.420421
1.89439 4.12702 0.435738
1.99299 4.56477 0.450464
2.09159 4.98223 0.464598
2.19019 5.38165 0.478199
2.28879 5.76462 0.491308
2.38739 6.13169 0.503938
2.48599 6.48348 0.516104
2.58458 6.82127 0.527841
2.68318 7.14659 0.539191
2.78178 7.45998 0.55017
2.88038 7.76198 0.560793
2.97898 8.05308 0.571074
3.07758 8.33383 0.581029
3.17618 8.60534 0.590689
3.27477 8.8682 0.600072
3.37337 9.12279 0.609189
3.47197 9.36949 0.618052
3.57057 9.60862 0.626671
3.66917 9.84053 0.635055
3.76777 10.0655 0.643213
3.86637 10.2849 0.651162
3.96496 10.4996 0.658916
4.06356 10.7091 0.666482
4.16216 10.9131 0.67387
4.26076 11.1115 0.681084
4.35936 11.3039 0.688132
4.45796 11.4903 0.695021
4.55656 11.6705 0.701755
4.65516 11.8445 0.708341
4.75375 12.0121 0.714784
4.85235 12.1737 0.721093
4.95095 12.3299 0.727276
5.04955 12.4812 0.733336
5.14815 12.6279 0.739279
5.24675 12.7706 0.745107
5.34535 12.9095 0.750824
5.44394 13.045 0.756434
5.54254 13.1775 0.76194
5.64114 13.3072 0.767345
5.73974 13.4344 0.772653
5.83834 13.5593 0.777866
5.93694 13.6821 0.782987
6.03554 13.803 0.788018
6.13413 13.9223 0.792963
6.23273 14.0397 0.797825
6.33133 14.1551 0.802609
6.42993 14.2686 0.807318
6.52853 14.3801 0.811952
6.62713 14.4897 0.816515
6.72573 14.5976 0.821007
6.82432 14.7036 0.825432
6.92292 14.808 0.829791
7.02152 14.9107 0.834085
7.12012 15.0118 0.838316
7.21872 15.1113 0.842486
7.31732 15.2093 0.846596
7.41592 15.3057 0.850649
7.51451 15.4008 0.854644
7.61311 15.4943 0.858584
7.71171 15.5865 0.86247
7.81031 15.6774 0.866304
7.90891 15.7669 0.870086
8.00751 15.8551 0.873817
8.10611 15.9421 0.877499
8.2047 16.0279 0.881135
8.3033 16.1125 0.884725
8.4019 16.1961 0.888271
8.5005 16.2785 0.891774
8.5991 16.3598 0.895234
8.6977 16.4401 0.898653
8.7963 16.5194 0.902031
8.89489 16.5976 0.90537
8.99349 16.6749 0.90867
9.09209 16.7513 0.911932
9.19069 16.8266 0.915157
9.28929 16.9011 0.918345
9.38789 16.9747 0.921497
9.48649 17.0474 0.924615
9.58509 17.1192 0.927698
9.68368 17.1902 0.930748
9.78228 17.2603 0.933765
9.88088 17.3297 0.936749
9.97948 17.3982 0.939702
10.0781 17.466 0.942623
10.1767 17.533 0.945514
10.2753 17.5993 0.948375
10.3739 17.6648 0.951207
10.4725 17.7296 0.95401
10.5711 17.7937 0.956784
10.6697 17.8571 0.959531
10.7683 17.9198 0.96225
10.8669 17.9818 0.964943
10.9655 18.0432 0.967609
11.0641 18.104 0.97025
11.1627 18.1641 0.972866
11.2613 18.2237 0.975458
11.3599 18.2826 0.978026
11.4585 18.341 0.980571
11.5571 18.3988 0.983092
11.6557 18.456 0.985591
11.7543 18.5127 0.988068
11.8529 18.5689 0.990523
11.9515 18.6245 0.992956
12.0501 18.6796 0.995367
12.1486 18.7342 0.997758
12.2472 18.7883 1.00013
12.3458 18.8418 1.00248
12.4444 18.8949 1.00481
12.543 18.9475 1.00712
12.6416 18.9997 1.00941
12.7402 19.0513 1.01168
12.8388 19.1025 1.01394
12.9374 19.1533 1.01617
13.036 19.2036 1.01839
13.1346 19.2535 1.02059
13.2332 19.3029 1.02277
13.3318 19.3519 1.02493
13.4304 19.4005 1.02708
13.529 19.4487 1.02921
13.6276 19.4964 1.03132
13.7262 19.5438 1.03341
13.8248 19.5908 1.03549
13.9234 19.6374 1.03756
14.022 19.6836 1.03961
14.1206 19.7294 1.04164
14.2192 19.7748 1.04366
14.3178 19.8199 1.04566
14.4164 19.8646 1.04765
14.515 19.909 1.04962
14.6136 19.953 1.05158
14.7122 19.9967 1.05352
14.8108 20.04 1.05545
14.9094 20.083 1.05737
15.008 20.1256 1.05927
15.1066 20.1679 1.06116
15.2052 20.2099 1.06303
15.3038 20.2516 1.06489
15.4024 20.293 1.06674
15.501 20.3341 1.06858
15.5996 20.3749 1.0704
15.6982 20.4153 1.07221
15.7968 20.4555 1.07401
15.8954 20.4954 1.0758
15.994 20.535 1.07758
16.0926 20.5744 1.07934
16.1912 20.6134 1.0811
16.2898 20.6522 1.08284
16.3884 20.6908 1.08457
16.487 20.729 1.08629
16.5856 20.767 1.088
16.6842 20.8047 1.08969
16.7828 20.8422 1.09138
16.8814 20.8794 1.09306
16.98 20.9164 1.09472
17.0786 20.9531 1.09638
17.1772 20.9896 1.09802
17.2758 21.0258 1.09966
17.3744 21.0618 1.10128
17.473 21.0976 1.1029
17.5716 21.1331 1.1045
17.6702 21.1684 1.1061
17.7688 21.2035 1.10768
17.8674 21.2383 1.10926
17.966 21.2729 1.11083
18.0646 21.3073 1.11238
18.1632 21.3415 1.11393
18.2618 21.3755 1.11547
18.3604 21.4092 1.117
18.459 21.4428 1.11852
18.5576 21.4761 1.12004
18.6562 21.5092 1.12154
18.7548 21.5422 1.12304
18.8534 21.5749 1.12452
18.952 21.6074 1.126
19.0506 21.6397 1.12747
19.1491 21.6719 1.12893
19.2477 21.7038 1.13039
19.3463 21.7355 1.13183
19.4449 21.7671 1.13327
19.5435 21.7985 1.1347
19.6421 21.8297 1.13612
19.7407 21.8607 1.13754
19.8393 21.8915 1.13895
19.9379 21.9221 1.14034
20.0365 21.9526 1.14174
20.1351 21.9829 1.14312
20.2337 22.013 1.1445
20.3323 22.043 1.14587
20.4309 22.0728 1.14723
20.5295 22.1024 1.14858
20.6281 22.1318 1.14993
20.7267 22.1611 1.15127
20.8253 22.1902 1.15261
20.9239 22.2191 1.15393
21.0225 22.2479 1.15525
21.1211 22.2766 1.15657
21.2197 22.305 1.15787
21.3183 22.3334 1.15917
21.4169 22.3615 1.16047
21.5155 22.3895 1.16175
21.6141 22.4174 1.16304
21.7127 22.4451 1.16431
21.8113 22.4727 1.16558
21.9099 22.5001 1.16684
22.0085 22.5274 1.1681
22.1071 22.5545 1.16935
22.2057 22.5815 1.17059
22.3043 22.6084 1.17183
22.4029 22.6351 1.17306
22.5015 22.6617 1.17429
22.6001 22.6882 1.17551
22.6987 22.7145 1.17672
22.7973 22.7407 1.17793
22.8959 22.7668 1.17913
22.9945 22.7927 1.18033
23.0931 22.8185 1.18153
23.1917 22.8442 1.18271
23.2903 22.8698 1.18389
23.3889 22.8952 1.18507
23.4875 22.9205 1.18624
23.5861 22.9457 1.18741
23.6847 22.9707 1.18857
23.7833 22.9957 1.18972
23.8819 23.0205 1.19087
23.9805 23.0452 1.19202
24.0791 23.0698 1.19316
24.1777 23.0942 1.19429
24.2763 23.1186 1.19542
24.3749 23.1428 1.19655
24.4735 23.1669 1.19767
24.5721 23.1909 1.19878
24.6707 23.2148 1.19989
24.7693 23.2386 1.201
24.8679 23.2623 1.2021
24.9665 23.2858 1.20319
25.0651 23.3093 1.20428
25.1637 23.3327 1.20537
25.2623 23.3559 1.20645
25.3609 23.379 1.20753
25.4595 23.4021 1.2086
25.5581 23.425 1.20967
25.6567 23.4478 1.21074
25.7553 23.4706 1.2118
25.8539 23.4932 1.21285
25.9525 23.5157 1.2139
26.0511 23.5381 1.21495
26.1496 23.5605 1.21599
26.2482 23.5827 1.21703
26.3468 23.6048 1.21806
26.4454 23.6269 1.21909
26.544 23.6488 1.22012
26.6426 23.6706 1.22114
26.7412 23.6924 1.22216
26.8398 23.714 1.22317
26.9384 23.7356 1.22418
27.037 23.7571 1.22518
27.1356 23.7785 1.22618
27.2342 23.7997 1.22718
27.3328 23.8209 1.22817
27.4314 23.8421 1.22916
27.53 23.8631 1.23015
27.6286 23.884 1.23113
27.7272 23.9049 1.23211
27.8258 23.9256 1.23308
27.9244 23.9463 1.23405
28.023 23.9669 1.23502
28.1216 23.9874 1.23598
28.2202 24.0078 1.23694
28.3188 24.0281 1.2379
28.4174 24.0484 1.23885
28.516 24.0686 1.2398
28.6146 24.0886 1.24074
28.7132 24.1087 1.24168
28.8118 24.1286 1.24262
28.9104 24.1484 1.24355
29.009 24.1682 1.24448
29.1076 24.1879 1.24541
29.2062 24.2075 1.24633
29.3048 24.227 1.24725
29.4034 24.2465 1.24817
29.502 24.2659 1.24908
29.6006 24.2852 1.24999
29.6992 24.3044 1.2509
29.7978 24.3236 1.2518
29.8964 24.3426 1.2527
29.995 24.3616 1.2536
30.0936 24.3806 1.2545
30.1922 24.3994 1.25539
30.2908 24.4182 1.25627
30.3894 24.4369 1.25716
30.488 24.4556 1.25804
30.5866 24.4741 1.25892
30.6852 24.4927 1.25979
30.7838 24.5111 1.26066
30.8824 24.5294 1.26153
30.981 24.5477 1.2624
31.0796 24.566 1.26326
31.1782 24.5841 1.26412
31.2768 24.6022 1.26498
31.3754 24.6202 1.26583
31.474 24.6382 1.26668
31.5726 24.6561 1.26753
31.6712 24.6739 1.26837
31.7698 24.6917 1.26922
31.8684 24.7094 1.27005
31.967 24.727 1.27089
32.0656 24.7446 1.27173
32.1642 24.7621 1.27256
32.2628 24.7795 1.27338
32.3614 24.7969 1.27421
32.46 24.8142 1.27503
32.5586 24.8315 1.27585
32.6572 24.8487 1.27667
32.7558 24.8658 1.27748
32.8544 24.8829 1.2783
32.953 24.8999 1.27911
33.0516 24.9169 1.27991
33.1502 24.9338 1.28072
33.2487 24.9506 1.28152
33.3473 24.9674 1.28232
33.4459 24.9842 1.28311
33.5445 25.0008 1.28391
33.6431 25.0174 1.2847
33.7417 25.034 1.28549
33.8403 25.0505 1.28628
33.9389 25.067 1.28706
34.0375 25.0833 1.28784
34.1361 25.0997 1.28862
34.2347 25.116 1.2894
34.3333 25.1322 1.29017
34.4319 25.1484 1.29094
34.5305 25.1645 1.29171
34.6291 25.1806 1.29248
34.7277 25.1966 1.29324
34.8263 25.2125 1.29401
34.9249 25.2284 1.29477
35.0235 25.2443 1.29552
35.1221 25.2601 1.29628
35.2207 25.2758 1.29703
35.3193 25.2915 1.29778
35.4179 25.3072 1.29853
35.5165 25.3228 1.29928
35.6151 25.3383 1.30002
35.7137 25.3538 1.30076
35.8123 25.3693 1.3015
35.9109 25.3847 1.30224
36.0095 25.4 1.30298
36.1081 25.4153 1.30371
36.2067 25.4306 1.30444
36.3053 25.4458 1.30517
36.4039 25.461 1.30589
36.5025 25.4761 1.30662
36.6011 25.4911 1.30734
36.6997 25.5061 1.30806
36.7983 25.5211 1.30878
36.8969 25.536 1.3095
36.9955 25.5509 1.31021
37.0941 25.5657 1.31092
37.1927 25.5805 1.31163
37.2913 25.5953 1.31234
37.3899 25.61 1.31304
37.4885 25.6246 1.31375
37.5871 25.6392 1.31445
37.6857 25.6538 1.31515
37.7843 25.6683 1.31585
37.8829 25.6827 1.31654
37.9815 25.6972 1.31724
38.0801 25.7115 1.31793
38.1787 25.7259 1.31862
38.2773 25.7402 1.31931
38.3759 25.7544 1.31999
38.4745 25.7686 1.32068
38.5731 25.7828 1.32136
38.6717 25.7969 1.32204
38.7703 25.811 1.32272
38.8689 25.825 1.32339
38.9675 25.839 1.32407
39.0661 25.853 1.32474
39.1647 25.8669 1.32541
39.2633 25.8808 1.32608
39.3619 25.8946 1.32675
39.4605 25.9084 1.32741
39.5591 25.9222 1.32808
39.6577 25.9359 1.32874
39.7563 25.9496 1.3294
39.8549 25.9632 1.33006
39.9535 25.9768 1.33071
40.0521 25.9903 1.33137
40.1507 26.0039 1.33202
40.2492 26.0173 1.33267
40.3478 26.0308 1.33332
40.4464 26.0442 1.33397
40.545 26.0575 1.33462
40.6436 26.0709 1.33526
40.7422 26.0842 1.3359
40.8408 26.0974 1.33654
40.9394 26.1106 1.33718
41.038 26.1238 1.33782
41.1366 26.1369 1.33846
41.2352 26.15 1.33909
41.3338 26.1631 1.33972
41.4324 26.1761 1.34035
41.531 26.1891 1.34098
41.6296 26.2021 1.34161
41.7282 26.215 1.34224
41.8268 26.2279 1.34286
41.9254 26.2407 1.34348
42.024 26.2535 1.3441
42.1226 26.2663 1.34472
42.2212 26.2791 1.34534
42.3198 26.2918 1.34596
42.4184 26.3044 1.34657
42.517 26.3171 1.34719
42.6156 26.3297 1.3478
42.7142 26.3422 1.34841
42.8128 26.3548 1.34902
42.9114 26.3673 1.34962
43.01 26.3798 1.35023
43.1086 26.3922 1.35083
43.2072 26.4046 1.35144
43.3058 26.417 1.35204
43.4044 26.4293 1.35264
43.503 26.4416 1.35323
43.6016 26.4539 1.35383
43.7002 26.4661 1.35443
43.7988 26.4783 1.35502
43.8974 26.4905 1.35561
43.996 26.5026 1.3562
44.0946 26.5147 1.35679
44.1932 26.5268 1.35738
44.2918 26.5389 1.35797
44.3904 26.5509 1.35855
44.489 26.5628 1.35913
44.5876 26.5748 1.35972
44.6862 26.5867 1.3603
44.7848 26.5986 1.36088
44.8834 26.6105 1.36145
44.982 26.6223 1.36203
45.0806 26.6341 1.3626
45.1792 26.6459 1.36318
45.2778 26.6576 1.36375
45.3764 26.6693 1.36432
45.475 26.681 1.36489
45.5736 26.6926 1.36546
45.6722 26.7042 1.36603
45.7708 26.7158 1.36659
45.8694 26.7274 1.36716
45.968 26.7389 1.36772
46.0666 26.7504 1.36828
46.1652 26.7619 1.36884
46.2638 26.7733 1.3694
46.3624 26.7848 1.36996
46.461 26.7961 1.37051
46.5596 26.8075 1.37107
46.6582 26.8188 1.37162
46.7568 26.8301 1.37217
46.8554 26.8414 1.37273
46.954 26.8526 1.37328
47.0526 26.8639 1.37382
47.1512 26.8751 1.37437
47.2497 26.8862 1.37492
47.3483 26.8974 1.37546
47.4469 26.9085 1.37601
47.5455 26.9195 1.37655
47.6441 26.9306 1.37709
47.7427 26.9416 1.37763
47.8413 26.9526 1.37817
47.9399 26.9636 1.37871
48.0385 26.9745 1.37924
48.1371 26.9855 1.37978
48.2357 26.9964 1.38031
48.3343 27.0072 1.38084
48.4329 27.0181 1.38138
48.5315 27.0289 1.38191
48.6301 27.0397 1.38243
48.7287 27.0504 1.38296
48.8273 27.0612 1.38349
48.9259 27.0719 1.38402
49.0245 27.0826 1.38454
49.1231 27.0933 1.38506
49.2217 27.1039 1.38559
49.3203 27.1145 1.38611
49.4189 27.1251 1.38663
49.5175 27.1357 1.38715
49.6161 27.1462 1.38766
49.7147 27.1567 1.38818
49.8133 27.1672 1.3887
49.9119 27.1777 1.38921
50.0105 27.1881 1.38972
50.1091 27.1986 1.39024
50.2077 27.209 1.39075
50.3063 27.2193 1.39126
50.4049 27.2297 1.39177
50.5035 27.24 1.39227
50.6021 27.2503 1.39278
50.7007 27.2606 1.39329
50.7993 27.2709 1.39379
50.8979 27.2811 1.39429
50.9965 27.2913 1.3948
51.0951 27.3015 1.3953
51.1937 27.3117 1.3958
51.2923 27.3218 1.3963
51.3909 27.3319 1.3968
51.4895 27.342 1.39729
51.5881 27.3521 1.39779
51.6867 27.3621 1.39829
51.7853 27.3722 1.39878
51.8839 27.3822 1.39927
51.9825 27.3922 1.39977
52.0811 27.4021 1.40026
52.1797 27.4121 1.40075
52.2783 27.422 1.40124
52.3769 27.4319 1.40173
52.4755 27.4418 1.40221
52.5741 27.4516 1.4027
52.6727 27.4615 1.40318
52.7713 27.4713 1.40367
52.8699 27.4811 1.40415
52.9685 27.4908 1.40463
53.0671 27.5006 1.40511
53.1657 27.5103 1.4056
53.2643 27.52 1.40607
53.3629 27.5297 1.40655
53.4615 27.5394 1.40703
53.5601 27.549 1.40751
53.6587 27.5586 1.40798
53.7573 27.5682 1.40846
53.8559 27.5778 1.40893
53.9545 27.5874 1.4094
54.0531 27.5969 1.40988
54.1517 27.6064 1.41035
54.2503 27.6159 1.41082
54.3488 27.6254 1.41128
54.4474 27.6349 1.41175
54.546 27.6443 1.41222
54.6446 27.6537 1.41269
54.7432 27.6631 1.41315
54.8418 27.6725 1.41362
54.9404 27.6819 1.41408
55.039 27.6912 1.41454
55.1376 27.7005 1.415
55.2362 27.7098 1.41546
55.3348 27.7191 1.41592
55.4334 27.7284 1.41638
55.532 27.7376 1.41684
55.6306 27.7469 1.4173
55.7292 27.7561 1.41775
55.8278 27.7653 1.41821
55.9264 27.7744 1.41867
56.025 27.7836 1.41912
56.1236 27.7927 1.41957
56.2222 27.8018 1.42002
56.3208 27.8109 1.42047
56.4194 27.82 1.42092
56.518 27.8291 1.42137
56.6166 27.8381 1.42182
56.7152 27.8471 1.42227
56.8138 27.8561 1.42272
56.9124 27.8651 1.42316
57.011 27.8741 1.42361
57.1096 27.883 1.42405
57.2082 27.8919 1.4245
57.3068 27.9009 1.42494
57.4054 27.9097 1.42538
57.504 27.9186 1.42582
57.6026 27.9275 1.42626
57.7012 27.9363 1.4267
57.7998 27.9451 1.42714
57.8984 27.9539 1.42758
57.997 27.9627 1.42801
58.0956 27.9715 1.42845
58.1942 27.9803 1.42889
58.2928 27.989 1.42932
58.3914 27.9977 1.42975
58.49 28.0064 1.43019
58.5886 28.0151 1.43062
58.6872 28.0238 1.43105
58.7858 28.0324 1.43148
58.8844 28.041 1.43191
58.983 28.0497 1.43234
59.0816 28.0583 1.43277
59.1802 28.0668 1.4332
59.2788 28.0754 1.43362
59.3774 28.084 1.43405
59.476 28.0925 1.43447
59.5746 28.101 1.4349
59.6732 28.1095 1.43532
59.7718 28.118 1.43574
59.8704 28.1265 1.43617
59.969 28.1349 1.43659
60.0676 28.1433 1.43701
60.1662 28.1518 1.43743
60.2648 28.1602 1.43785
60.3634 28.1686 1.43826
60.462 28.1769 1.43868
60.5606 28.1853 1.4391
60.6592 28.1936 1.43951
60.7578 28.2019 1.43993
60.8564 28.2102 1.44034
60.955 28.2185 1.44076
61.0536 28.2268 1.44117
61.1522 28.2351 1.44158
61.2508 28.2433 1.44199
61.3493 28.2515 1.44241
61.4479 28.2598 1.44282
61.5465 28.268 1.44323
61.6451 28.2761 1.44363
61.7437 28.2843 1.44404
61.8423 28.2925 1.44445
61.9409 28.3006 1.44486
62.0395 28.3087 1.44526
62.1381 28.3168 1.44567
62.2367 28.3249 1.44607
62.3353 28.333 1.44647
62.4339 28.3411 1.44688
62.5325 28.3491 1.44728
62.6311 28.3571 1.44768
62.7297 28.3651 1.44808
62.8283 28.3731 1.44848
62.9269 28.3811 1.44888
63.0255 28.3891 1.44928
63.1241 28.3971 1.44968
63.2227 28.405 1.45008
63.3213 28.4129 1.45047
63.4199 28.4209 1.45087
63.5185 28.4288 1.45127
63.6171 28.4366 1.45166
63.7157 28.4445 1.45206
63.8143 28.4524 1.45245
63.9129 28.4602 1.45284
64.0115 28.468 1.45323
64.1101 28.4759 1.45363
64.2087 28.4837 1.45402
64.3073 28.4914 1.45441
64.4059 28.4992 1.4548
64.5045 28.507 1.45519
64.6031 28.5147 1.45557
64.7017 28.5225 1.45596
64.8003 28.5302 1.45635
64.8989 28.5379 1.45673
64.9975 28.5456 1.45712
65.0961 28.5532 1.45751
65.1947 28.5609 1.45789
65.2933 28.5686 1.45827
65.3919 28.5762 1.45866
65.4905 28.5838 1.45904
65.5891 28.5914 1.45942
65.6877 28.599 1.4598
65.7863 28.6066 1.46018
65.8849 28.6142 1.46056
65.9835 28.6217 1.46094
66.0821 28.6293 1.46132
66.1807 28.6368 1.4617
66.2793 28.6443 1.46208
66.3779 28.6518 1.46245
66.4765 28.6593 1.46283
66.5751 28.6668 1.46321
66.6737 28.6743 1.46358
66.7723 28.6817 1.46395
66.8709 28.6891 1.46433
66.9695 28.6966 1.4647
67.0681 28.704 1.46507
67.1667 28.7114 1.46545
67.2653 28.7188 1.46582
67.3639 28.7261 1.46619
67.4625 28.7335 1.46656
67.5611 28.7409 1.46693
67.6597 28.7482 1.4673
67.7583 28.7555 1.46767
67.8569 28.7628 1.46803
67.9555 28.7701 1.4684
68.0541 28.7774 1.46877
68.1527 28.7847 1.46913
68.2513 28.7919 1.4695
68.3498 28.7992 1.46986
68.4484 28.8064 1.47023
68.547 28.8137 1.47059
68.6456 28.8209 1.47096
68.7442 28.8281 1.47132
68.8428 28.8353 1.47168
68.9414 28.8424 1.47204
69.04 28.8496 1.4724
69.1386 28.8568 1.47276
69.2372 28.8639 1.47312
69.3358 28.871 1.47348
69.4344 28.8781 1.47384
69.533 28.8852 1.4742
69.6316 28.8923 1.47456
69.7302 28.8994 1.47491
69.8288 28.9065 1.47527
69.9274 28.9135 1.47563
70.026 28.9206 1.47598
70.1246 28.9276 1.47634
70.2232 28.9347 1.47669
70.3218 28.9417 1.47704
70.4204 28.9487 1.4774
70.519 28.9557 1.47775
70.6176 28.9626 1.4781
70.7162 28.9696 1.47845
70.8148 28.9765 1.47881
70.9134 28.9835 1.47916
71.012 28.9904 1.47951
71.1106 28.9973 1.47986
71.2092 29.0043 1.4802
71.3078 29.0112 1.48055
71.4064 29.018 1.4809
71.505 29.0249 1.48125
71.6036 29.0318 1.48159
71.7022 29.0386 1.48194
71.8008 29.0455 1.48229
71.8994 29.0523 1.48263
71.998 29.0591 1.48298
72.0966 29.0659 1.48332
72.1952 29.0727 1.48366
72.2938 29.0795 1.48401
72.3924 29.0863 1.48435
72.491 29.0931 1.48469
72.5896 29.0998 1.48503
72.6882 29.1066 1.48537
72.7868 29.1133 1.48571
72.8854 29.12 1.48605
72.984 29.1267 1.48639
73.0826 29.1334 1.48673
73.1812 29.1401 1.48707
73.2798 29.1468 1.48741
73.3784 29.1535 1.48775
73.477 29.1601 1.48808
73.5756 29.1668 1.48842
73.6742 29.1734 1.48876
73.7728 29.18 1.48909
73.8714 29.1867 1.48943
73.97 29.1933 1.48976
74.0686 29.1999 1.4901
74.1672 29.2064 1.49043
74.2658 29.213 1.49076
74.3644 29.2196 1.4911
74.463 29.2261 1.49143
74.5616 29.2327 1.49176
74.6602 29.2392 1.49209
74.7588 29.2458 1.49242
74.8574 29.2523 1.49275
74.956 29.2588 1.49308
75.0546 29.2653 1.49341
75.1532 29.2718 1.49374
75.2518 29.2782 1.49407
75.3504 29.2847 1.49439
75.4489 29.2911 1.49472
75.5475 29.2976 1.49505
75.6461 29.304 1.49538
75.7447 29.3105 1.4957
75.8433 29.3169 1.49603
75.9419 29.3233 1.49635
76.0405 29.3297 1.49668
76.1391 29.3361 1.497
76.2377 29.3424 1.49732
76.3363 29.3488 1.49765
76.4349 29.3552 1.49797
76.5335 29.3615 1.49829
76.6321 29.3678 1.49861
76.7307 29.3742 1.49894
76.8293 29.3805 1.49926
76.9279 29.3868 1.49958
77.0265 29.3931 1.4999
77.1251 29.3994 1.50022
77.2237 29.4057 1.50054
77.3223 29.412 1.50086
77.4209 29.4182 1.50117
77.5195 29.4245 1.50149
77.6181 29.4307 1.50181
77.7167 29.437 1.50213
77.8153 29.4432 1.50244
77.9139 29.4494 1.50276
78.0125 29.4556 1.50307
78.1111 29.4618 1.50339
78.2097 29.468 1.5037
78.3083 29.4742 1.50402
78.4069 29.4804 1.50433
78.5055 29.4865 1.50465
78.6041 29.4927 1.50496
78.7027 29.4988 1.50527
78.8013 29.505 1.50558
78.8999 29.5111 1.5059
78.9985 29.5172 1.50621
79.0971 29.5233 1.50652
79.1957 29.5294 1.50683
79.2943 29.5355 1.50714
79.3929 29.5416 1.50745
79.4915 29.5477 1.50776
79.5901 29.5537 1.50807
79.6887 29.5598 1.50837
79.7873 29.5658 1.50868
79.8859 29.5719 1.50899
79.9845 29.5779 1.5093
80.0831 29.5839 1.5096
80.1817 29.5899 1.50991
80.2803 29.5959 1.51022
80.3789 29.6019 1.51052
80.4775 29.6079 1.51083
80.5761 29.6139 1.51113
80.6747 29.6199 1.51144
80.7733 29.6258 1.51174
80.8719 29.6318 1.51204
80.9705 29.6377 1.51235
81.0691 29.6437 1.51265
81.1677 29.6496 1.51295
81.2663 29.6555 1.51325
81.3649 29.6614 1.51356
81.4635 29.6673 1.51386
81.5621 29.6732 1.51416
81.6607 29.6791 1.51446
81.7593 29.685 1.51476
81.8579 29.6909 1.51506
81.9565 29.6967 1.51536
82.0551 29.7026 1.51566
82.1537 29.7084 1.51595
82.2523 29.7143 1.51625
82.3509 29.7201 1.51655
82.4494 29.7259 1.51685
82.548 29.7317 1.51714
82.6466 29.7375 1.51744
82.7452 29.7433 1.51774
82.8438 29.7491 1.51803
82.9424 29.7549 1.51833
83.041 29.7607 1.51862
83.1396 29.7664 1.51892
83.2382 29.7722 1.51921
83.3368 29.7779 1.5195
83.4354 29.7837 1.5198
83.534 29.7894 1.52009
83.6326 29.7951 1.52038
83.7312 29.8008 1.52068
83.8298 29.8066 1.52097
83.9284 29.8123 1.52126
84.027 29.818 1.52155
84.1256 29.8236 1.52184
84.2242 29.8293 1.52213
84.3228 29.835 1.52242
84.4214 29.8406 1.52271
84.52 29.8463 1.523
84.6186 29.8519 1.52329
84.7172 29.8576 1.52358
84.8158 29.8632 1.52387
84.9144 29.8688 1.52415
85.013 29.8745 1.52444
85.1116 29.8801 1.52473
85.2102 29.8857 1.52502
85.3088 29.8913 1.5253
85.4074 29.8969 1.52559
85.506 29.9024 1.52587
85.6046 29.908 1.52616
85.7032 29.9136 1.52644
85.8018 29.9191 1.52673
85.9004 29.9247 1.52701
85.999 29.9302 1.5273
86.0976 29.9357 1.52758
86.1962 29.9413 1.52786
86.2948 29.9468 1.52815
86.3934 29.9523 1.52843
86.492 29.9578 1.52871
86.5906 29.9633 1.52899
86.6892 29.9688 1.52927
86.7878 29.9743 1.52955
86.8864 29.9798 1.52984
86.985 29.9852 1.53012
87.0836 29.9907 1.5304
87.1822 29.9961 1.53068
87.2808 30.0016 1.53095
87.3794 30.007 1.53123
87.478 30.0125 1.53151
87.5766 30.0179 1.53179
87.6752 30.0233 1.53207
87.7738 30.0287 1.53235
87.8724 30.0341 1.53262
87.971 30.0395 1.5329
88.0696 30.0449 1.53318
88.1682 30.0503 1.53345
88.2668 30.0557 1.53373
88.3654 30.061 1.534
88.464 30.0664 1.53428
88.5626 30.0717 1.53455
88.6612 30.0771 1.53483
88.7598 30.0824 1.5351
88.8584 30.0878 1.53538
88.957 30.0931 1.53565
89.0556 30.0984 1.53592
89.1542 30.1037 1.5362
89.2528 30.109 1.53647
89.3514 30.1143 1.53674
89.4499 30.1196 1.53701
89.5485 30.1249 1.53729
89.6471 30.1302 1.53756
89.7457 30.1355 1.53783
89.8443 30.1407 1.5381
89.9429 30.146 1.53837
90.0415 30.1512 1.53864
90.1401 30.1565 1.53891
90.2387 30.1617 1.53918
90.3373 30.167 1.53945
90.4359 30.1722 1.53972
90.5345 30.1774 1.53998
90.6331 30.1826 1.54025
90.7317 30.1878 1.54052
90.8303 30.193 1.54079
90.9289 30.1982 1.54105
91.0275 30.2034 1.54132
91.1261 30.2086 1.54159
91.2247 30.2137 1.54185
91.3233 30.2189 1.54212
91.4219 30.2241 1.54238
91.5205 30.2292 1.54265
91.6191 30.2344 1.54292
91.7177 30.2395 1.54318
91.8163 30.2446 1.54344
91.9149 30.2498 1.54371
92.0135 30.2549 1.54397
92.1121 30.26 1.54424
92.2107 30.2651 1.5445
92.3093 30.2702 1.54476
92.4079 30.2753 1.54502
92.5065 30.2804 1.54529
92.6051 30.2855 1.54555
92.7037 30.2906 1.54581
92.8023 30.2956 1.54607
92.9009 30.3007 1.54633
92.9995 30.3058 1.54659
93.0981 30.3108 1.54685
93.1967 30.3159 1.54711
93.2953 30.3209 1.54737
93.3939 30.3259 1.54763
93.4925 30.331 1.54789
93.5911 30.336 1.54815
93.6897 30.341 1.54841
93.7883 30.346 1.54867
93.8869 30.351 1.54892
93.9855 30.356 1.54918
94.0841 30.361 1.54944
94.1827 30.366 1.5497
94.2813 30.3709 1.54995
94.3799 30.3759 1.55021
94.4785 30.3809 1.55046
94.5771 30.3858 1.55072
94.6757 30.3908 1.55098
94.7743 30.3957 1.55123
94.8729 30.4007 1.55149
94.9715 30.4056 1.55174
95.0701 30.4105 1.552
95.1687 30.4155 1.55225
95.2673 30.4204 1.5525
95.3659 30.4253 1.55276
95.4645 30.4302 1.55301
95.5631 30.4351 1.55326
95.6617 30.44 1.55352
95.7603 30.4449 1.55377
95.8589 30.4498 1.55402
95.9575 30.4546 1.55427
96.0561 30.4595 1.55452
96.1547 30.4644 1.55478
96.2533 30.4692 1.55503
96.3519 30.4741 1.55528
96.4505 30.4789 1.55553
96.549 30.4838 1.55578
96.6476 30.4886 1.55603
96.7462 30.4934 1.55628
96.8448 30.4983 1.55653
96.9434 30.5031 1.55678
97.042 30.5079 1.55702
97.1406 30.5127 1.55727
97.2392 30.5175 1.55752
97.3378 30.5223 1.55777
97.4364 30.5271 1.55802
97.535 30.5319 1.55826
97.6336 30.5367 1.55851
97.7322 30.5414 1.55876
97.8308 30.5462 1.559
97.9294 30.551 1.55925
98.028 30.5557 1.5595
98.1266 30.5605 1.55974
98.2252 30.5652 1.55999
98.3238 30.5699 1.56023
98.4224 30.5747 1.56048
98.521 30.5794 1.56072
98.6196 30.5841 1.56097
98.7182 30.5888 1.56121
98.8168 30.5936 1.56146
98.9154 30.5983 1.5617
99.014 30.603 1.56194
99.1126 30.6077 1.56219
99.2112 30.6123 1.56243
99.3098 30.617 1.56267
99.4084 30.6217 1.56291
99.507 30.6264 1.56316
99.6056 30.6311 1.5634
99.7042 30.6357 1.56364
99.8028 30.6404 1.56388
99.9014 30.645 1.56412
100 30.6497 1.56436
