1e-05 68.8402 3.02523
0.00101099 16.5245 0.933761
0.00201198 12.8462 0.79772
0.00301297 10.9915 0.734154
0.00401396 9.79388 0.696061
0.00501495 8.92682 0.670493
0.00601595 8.25675 0.652186
0.00701694 7.71421 0.638474
0.00801793 7.26181 0.627943
0.00901892 6.87576 0.619688
0.0100199 6.53951 0.613087
0.0110209 6.24299 0.607781
0.0120219 5.97879 0.603502
0.0130229 5.74042 0.600015
0.0140239 5.52365 0.597173
0.0150249 5.3253 0.594868
0.0160259 5.14288 0.593021
0.0170268 4.9742 0.591554
0.0180278 4.81719 0.59039
0.0190288 4.67046 0.589487
0.0200298 4.53297 0.588813
0.0210308 4.40375 0.588334
0.0220318 4.28205 0.588033
0.0230328 4.16709 0.587886
0.0240338 4.05815 0.587863
0.0250348 3.95461 0.587942
0.0260358 3.85606 0.588119
0.0270368 3.76211 0.588383
0.0280377 3.67241 0.58872
0.0290387 3.58665 0.589121
0.0300397 3.50456 0.589586
0.0310407 3.42586 0.590108
0.0320417 3.35031 0.590672
0.0330427 3.27767 0.591269
0.0340437 3.20773 0.591894
0.0350447 3.14036 0.592551
0.0360457 3.07539 0.593235
0.0370467 3.0127 0.593939
0.0380477 2.95216 0.594659
0.0390486 2.89366 0.595392
0.0400496 2.83709 0.596144
0.0410506 2.78234 0.59691
0.0420516 2.72931 0.597686
0.0430526 2.67792 0.598464
0.0440536 2.62807 0.599241
0.0450546 2.57968 0.600017
0.0460556 2.5327 0.600796
0.0470566 2.48706 0.601578
0.0480576 2.44271 0.602358
0.0490586 2.39959 0.603135
0.0500595 2.35765 0.603906
0.0510605 2.31685 0.60467
0.0520615 2.27713 0.605435
0.0530625 2.23845 0.606198
0.0540635 2.20078 0.606957
0.0550645 2.16406 0.607707
0.0560655 2.12826 0.608448
0.0570665 2.09334 0.609175
0.0580675 2.05928 0.609889
0.0590685 2.02603 0.610597
0.0600695 1.99357 0.611296
0.0610705 1.96188 0.611987
0.0620714 1.93092 0.612667
0.0630724 1.90068 0.613334
0.0640734 1.87113 0.613988
0.0650744 1.84225 0.614627
0.0660754 1.81401 0.615254
0.0670764 1.7864 0.615874
0.0680774 1.7594 0.616484
0.0690784 1.73298 0.617083
0.0700794 1.70713 0.617668
0.0710804 1.68182 0.618238
0.0720814 1.65705 0.618792
0.0730823 1.63279 0.619329
0.0740833 1.60904 0.619852
0.0750843 1.58577 0.620363
0.0760853 1.56298 0.620863
0.0770863 1.54065 0.621349
0.0780873 1.51877 0.621822
0.0790883 1.49732 0.62228
0.0800893 1.47629 0.622723
0.0810903 1.45566 0.623149
0.0820913 1.43544 0.62356
0.0830923 1.41561 0.623958
0.0840932 1.39615 0.624346
0.0850942 1.37707 0.624721
0.0860952 1.35835 0.625083
0.0870962 1.33998 0.625431
0.0880972 1.32195 0.625763
0.0890982 1.30425 0.62608
0.0900992 1.28687 0.62638
0.0911002 1.2698 0.626662
0.0921012 1.25305 0.62693
0.0931022 1.2366 0.627186
0.0941032 1.22045 0.627429
0.0951041 1.20458 0.627658
0.0961051 1.189 0.627874
0.0971061 1.17369 0.628074
0.0981071 1.15864 0.62826
0.0991081 1.14385 0.62843
0.100109 1.12931 0.628583
0.10111 1.11502 0.628721
0.102111 1.10097 0.628846
0.103112 1.08716 0.62896
0.104113 1.07358 0.62906
0.105114 1.06024 0.629148
0.106115 1.04712 0.629221
0.107116 1.03421 0.62928
0.108117 1.02151 0.629325
0.109118 1.00902 0.629354
0.110119 0.996736 0.629367
0.11112 0.984645 0.629365
0.112121 0.972752 0.629349
0.113122 0.961055 0.629322
0.114123 0.949548 0.629282
0.115124 0.938227 0.629229
0.116125 0.927085 0.629162
0.117126 0.916119 0.629083
0.118127 0.905323 0.628989
0.119128 0.894693 0.628881
0.120129 0.884224 0.628758
0.12113 0.873912 0.628621
0.122131 0.863754 0.628469
0.123132 0.853754 0.628305
0.124133 0.843908 0.62813
0.125134 0.834213 0.627943
0.126135 0.824666 0.627743
0.127136 0.815262 0.62753
0.128137 0.805998 0.627305
0.129138 0.796872 0.627066
0.130139 0.787879 0.626814
0.13114 0.779017 0.626548
0.132141 0.770283 0.626267
0.133142 0.761674 0.625974
0.134143 0.753195 0.625668
0.135144 0.744842 0.625351
0.136145 0.736613 0.625023
0.137146 0.728505 0.624682
0.138147 0.720514 0.62433
0.139148 0.712638 0.623965
0.140149 0.704873 0.623588
0.14115 0.697216 0.623199
0.142151 0.689665 0.622796
0.143152 0.682218 0.622381
0.144153 0.674871 0.621953
0.145154 0.667625 0.621512
0.146155 0.660482 0.621061
0.147156 0.653441 0.620598
0.148157 0.6465 0.620125
0.149158 0.639654 0.61964
0.150159 0.632903 0.619144
0.15116 0.626244 0.618637
0.152161 0.619675 0.618117
0.153162 0.613194 0.617586
0.154163 0.606799 0.617044
0.155164 0.600487 0.616489
0.156165 0.594257 0.615922
0.157166 0.58811 0.615344
0.158167 0.582048 0.614755
0.159168 0.576069 0.614157
0.160169 0.570172 0.613547
0.16117 0.564353 0.612928
0.162171 0.558612 0.612298
0.163172 0.552946 0.611657
0.164173 0.547353 0.611005
0.165174 0.541832 0.610342
0.166175 0.53638 0.609669
0.167175 0.530996 0.608984
0.168176 0.525678 0.608289
0.169177 0.520425 0.607583
0.170178 0.515242 0.606866
0.171179 0.510126 0.60614
0.17218 0.505077 0.605404
0.173181 0.500094 0.604659
0.174182 0.495173 0.603903
0.175183 0.490315 0.603138
0.176184 0.485518 0.602363
0.177185 0.48078 0.601578
0.178186 0.476099 0.600783
0.179187 0.471476 0.599979
0.180188 0.466908 0.599164
0.181189 0.462394 0.598339
0.18219 0.457935 0.597505
0.183191 0.453533 0.596662
0.184192 0.449188 0.59581
0.185193 0.444898 0.59495
0.186194 0.440661 0.59408
0.187195 0.436476 0.593201
0.188196 0.432342 0.592313
0.189197 0.428257 0.591417
0.190198 0.42422 0.590511
0.191199 0.42023 0.589596
0.1922 0.416286 0.588672
0.193201 0.412387 0.587739
0.194202 0.408531 0.586797
0.195203 0.404719 0.585846
0.196204 0.400954 0.584887
0.197205 0.397234 0.583919
0.198206 0.393558 0.582943
0.199207 0.389927 0.581959
0.200208 0.386338 0.580966
0.201209 0.382791 0.579965
0.20221 0.379285 0.578956
0.203211 0.375819 0.577939
0.204212 0.372392 0.576914
0.205213 0.369003 0.575881
0.206214 0.365652 0.574841
0.207215 0.362338 0.573792
0.208216 0.359061 0.572736
0.209217 0.355822 0.571672
0.210218 0.352622 0.570601
0.211219 0.34946 0.569523
0.21222 0.346335 0.568437
0.213221 0.343245 0.567344
0.214222 0.340191 0.566243
0.215223 0.337171 0.565136
0.216224 0.334184 0.564021
0.217225 0.33123 0.562899
0.218226 0.328308 0.56177
0.219227 0.325416 0.560633
0.220228 0.322555 0.55949
0.221229 0.319723 0.558339
0.22223 0.316921 0.557182
0.223231 0.314151 0.556017
0.224232 0.311413 0.554846
0.225233 0.308705 0.553667
0.226234 0.306027 0.552482
0.227235 0.303379 0.551291
0.228236 0.300759 0.550093
0.229237 0.298168 0.548888
0.230238 0.295604 0.547678
0.231239 0.293067 0.546461
0.23224 0.290556 0.545238
0.233241 0.288072 0.544009
0.234242 0.285612 0.542775
0.235243 0.283178 0.541535
0.236244 0.280769 0.540289
0.237245 0.278387 0.539037
0.238246 0.276032 0.537779
0.239247 0.273703 0.536515
0.240248 0.271398 0.535246
0.241249 0.269118 0.533971
0.24225 0.266863 0.532691
0.243251 0.26463 0.531405
0.244252 0.262421 0.530114
0.245253 0.260234 0.528817
0.246254 0.258069 0.527515
0.247255 0.255925 0.526208
0.248256 0.253802 0.524896
0.249257 0.251699 0.523579
0.250258 0.249617 0.522256
0.251259 0.247556 0.520929
0.25226 0.245518 0.519595
0.253261 0.243501 0.518257
0.254262 0.241505 0.516913
0.255263 0.239529 0.515564
0.256264 0.237573 0.514211
0.257265 0.235638 0.512853
0.258266 0.233721 0.511491
0.259267 0.231824 0.510124
0.260268 0.229945 0.508753
0.261269 0.228084 0.507378
0.26227 0.226241 0.505999
0.263271 0.224416 0.504617
0.264272 0.222607 0.503231
0.265273 0.220818 0.50184
0.266274 0.219047 0.500446
0.267275 0.217295 0.499047
0.268276 0.21556 0.497645
0.269277 0.213844 0.496238
0.270278 0.212144 0.494827
0.271279 0.210461 0.493413
0.27228 0.208795 0.491995
0.273281 0.207144 0.490573
0.274282 0.205509 0.489148
0.275283 0.203889 0.48772
0.276284 0.202284 0.486288
0.277285 0.200694 0.484853
0.278285 0.199118 0.483414
0.279286 0.197555 0.481973
0.280287 0.196009 0.480527
0.281288 0.194478 0.479078
0.282289 0.192962 0.477624
0.28329 0.19146 0.476168
0.284291 0.189974 0.474708
0.285292 0.188501 0.473245
0.286293 0.187042 0.471779
0.287294 0.185597 0.47031
0.288295 0.184165 0.468838
0.289296 0.182747 0.467364
0.290297 0.181341 0.465888
0.291298 0.179948 0.46441
0.292299 0.178567 0.462929
0.2933 0.177198 0.461447
0.294301 0.175842 0.459963
0.295302 0.174499 0.458476
0.296303 0.173169 0.456986
0.297304 0.171852 0.455494
0.298305 0.170547 0.453999
0.299306 0.169255 0.452502
0.300307 0.167974 0.451002
0.301308 0.166706 0.449501
0.302309 0.165449 0.447998
0.30331 0.164203 0.446493
0.304311 0.162968 0.444986
0.305312 0.161744 0.443477
0.306313 0.16053 0.441967
0.307314 0.159327 0.440455
0.308315 0.158133 0.438943
0.309316 0.15695 0.437428
0.310317 0.155778 0.435911
0.311318 0.154617 0.434392
0.312319 0.153467 0.432871
0.31332 0.152327 0.431348
0.314321 0.151197 0.429823
0.315322 0.150078 0.428297
0.316323 0.148968 0.426769
0.317324 0.147868 0.42524
0.318325 0.146778 0.423711
0.319326 0.145698 0.42218
0.320327 0.144626 0.420649
0.321328 0.143564 0.419117
0.322329 0.142511 0.417585
0.32333 0.141466 0.416053
0.324331 0.14043 0.414521
0.325332 0.139404 0.412988
0.326333 0.138387 0.411453
0.327334 0.13738 0.409918
0.328335 0.136382 0.408381
0.329336 0.135393 0.406844
0.330337 0.134412 0.405307
0.331338 0.13344 0.403768
0.332339 0.132477 0.402229
0.33334 0.131521 0.40069
0.334341 0.130574 0.399151
0.335342 0.129634 0.397611
0.336343 0.128702 0.396072
0.337344 0.127777 0.394532
0.338345 0.12686 0.392993
0.339346 0.12595 0.391454
0.340347 0.125047 0.389915
0.341348 0.124152 0.388374
0.342349 0.123265 0.386833
0.34335 0.122386 0.385292
0.344351 0.121515 0.38375
0.345352 0.12065 0.382208
0.346353 0.119793 0.380666
0.347354 0.118943 0.379124
0.348355 0.118101 0.377582
0.349356 0.117265 0.376041
0.350357 0.116436 0.374501
0.351358 0.115613 0.372961
0.352359 0.114797 0.371423
0.35336 0.113988 0.369885
0.354361 0.113185 0.368349
0.355362 0.112388 0.366814
0.356363 0.111598 0.36528
0.357364 0.110815 0.363746
0.358365 0.110038 0.362212
0.359366 0.109269 0.360678
0.360367 0.108505 0.359145
0.361368 0.107749 0.357613
0.362369 0.106998 0.356082
0.36337 0.106253 0.354551
0.364371 0.105515 0.353022
0.365372 0.104782 0.351494
0.366373 0.104055 0.349967
0.367374 0.103333 0.348441
0.368375 0.102617 0.346917
0.369376 0.101907 0.345394
0.370377 0.101201 0.343873
0.371378 0.100501 0.342353
0.372379 0.0998061 0.340834
0.37338 0.0991172 0.339315
0.374381 0.0984341 0.337797
0.375382 0.0977564 0.33628
0.376383 0.0970842 0.334764
0.377384 0.0964173 0.333249
0.378385 0.0957557 0.331735
0.379386 0.0950993 0.330224
0.380387 0.0944479 0.328713
0.381388 0.0938016 0.327205
0.382389 0.0931602 0.325699
0.38339 0.0925236 0.324195
0.384391 0.0918917 0.322693
0.385392 0.0912646 0.321194
0.386393 0.090642 0.319698
0.387394 0.0900242 0.318204
0.388395 0.0894115 0.316711
0.389395 0.0888038 0.31522
0.390396 0.0882011 0.31373
0.391397 0.0876032 0.312242
0.392398 0.08701 0.310756
0.393399 0.0864214 0.309272
0.3944 0.0858374 0.307791
0.395401 0.0852579 0.306311
0.396402 0.0846826 0.304833
0.397403 0.0841116 0.303358
0.398404 0.0835448 0.301885
0.399405 0.082982 0.300415
0.400406 0.0824232 0.298947
0.401407 0.0818682 0.297482
0.402408 0.0813171 0.29602
0.403409 0.0807699 0.29456
0.40441 0.0802269 0.293101
0.405411 0.0796881 0.291644
0.406412 0.0791534 0.29019
0.407413 0.0786228 0.288737
0.408414 0.0780962 0.287286
0.409415 0.0775735 0.285838
0.410416 0.0770547 0.284392
0.411417 0.0765398 0.282949
0.412418 0.0760285 0.281508
0.413419 0.075521 0.280071
0.41442 0.0750171 0.278636
0.415421 0.0745168 0.277205
0.416422 0.07402 0.275777
0.417423 0.0735267 0.274353
0.418424 0.0730367 0.272932
0.419425 0.0725502 0.271514
0.420426 0.0720675 0.2701
0.421427 0.0715886 0.268688
0.422428 0.0711133 0.267278
0.423429 0.0706417 0.265872
0.42443 0.0701735 0.264468
0.425431 0.0697088 0.263067
0.426432 0.0692475 0.261669
0.427433 0.0687895 0.260274
0.428434 0.0683347 0.258882
0.429435 0.0678831 0.257494
0.430436 0.0674345 0.256108
0.431437 0.066989 0.254727
0.432438 0.0665464 0.253348
0.433439 0.0661066 0.251973
0.43444 0.0656697 0.250601
0.435441 0.0652356 0.249233
0.436442 0.0648044 0.247868
0.437443 0.0643764 0.246506
0.438444 0.0639515 0.245146
0.439445 0.0635296 0.243789
0.440446 0.0631106 0.242435
0.441447 0.0626946 0.241084
0.442448 0.0622815 0.239736
0.443449 0.0618712 0.238391
0.44445 0.0614638 0.237051
0.445451 0.0610591 0.235713
0.446452 0.0606571 0.23438
0.447453 0.0602578 0.23305
0.448454 0.0598612 0.231724
0.449455 0.0594671 0.230403
0.450456 0.0590757 0.229085
0.451457 0.0586867 0.227772
0.452458 0.0583004 0.226462
0.453459 0.057917 0.225156
0.45446 0.0575363 0.223854
0.455461 0.0571584 0.222555
0.456462 0.0567831 0.221259
0.457463 0.0564104 0.219967
0.458464 0.0560403 0.218679
0.459465 0.0556727 0.217394
0.460466 0.0553075 0.216113
0.461467 0.0549448 0.214836
0.462468 0.0545843 0.213563
0.463469 0.0542262 0.212293
0.46447 0.0538703 0.211028
0.465471 0.0535166 0.209767
0.466472 0.0531651 0.208509
0.467473 0.0528156 0.207256
0.468474 0.0524682 0.206007
0.469475 0.0521231 0.204762
0.470476 0.0517803 0.203519
0.471477 0.0514397 0.202281
0.472478 0.0511015 0.201045
0.473479 0.0507654 0.199814
0.47448 0.0504316 0.198586
0.475481 0.0500999 0.197362
0.476482 0.0497704 0.196141
0.477483 0.049443 0.194925
0.478484 0.0491176 0.193713
0.479485 0.0487943 0.192506
0.480486 0.048473 0.191302
0.481487 0.0481537 0.190103
0.482488 0.0478364 0.188908
0.483489 0.047521 0.187718
0.48449 0.0472075 0.186533
0.485491 0.046896 0.185352
0.486492 0.0465867 0.184175
0.487493 0.0462794 0.183003
0.488494 0.0459742 0.181834
0.489495 0.045671 0.180669
0.490496 0.0453698 0.179508
0.491497 0.0450706 0.178351
0.492498 0.0447732 0.177199
0.493499 0.0444777 0.17605
0.4945 0.044184 0.174906
0.495501 0.0438921 0.173766
0.496502 0.0436019 0.172631
0.497503 0.0433134 0.171499
0.498504 0.0430266 0.170372
0.499505 0.0427414 0.169249
0.500505 0.0424577 0.168131
0.501506 0.0421756 0.167017
0.502507 0.0418952 0.165907
0.503508 0.0416165 0.164801
0.504509 0.0413395 0.163699
0.50551 0.0410642 0.1626
0.506511 0.0407906 0.161506
0.507512 0.0405186 0.160416
0.508513 0.0402483 0.159329
0.509514 0.0399796 0.158247
0.510515 0.0397126 0.15717
0.511516 0.0394471 0.156096
0.512517 0.0391831 0.155027
0.513518 0.0389207 0.153963
0.514519 0.0386598 0.152903
0.51552 0.0384004 0.151848
0.516521 0.0381425 0.150797
0.517522 0.0378861 0.149751
0.518523 0.0376311 0.14871
0.519524 0.0373777 0.147674
0.520525 0.0371258 0.146642
0.521526 0.0368756 0.145614
0.522527 0.0366269 0.14459
0.523528 0.0363797 0.14357
0.524529 0.0361341 0.142555
0.52553 0.0358898 0.141545
0.526531 0.035647 0.140538
0.527532 0.0354056 0.139536
0.528533 0.0351656 0.138539
0.529534 0.0349269 0.137545
0.530535 0.0346896 0.136556
0.531536 0.0344535 0.135572
0.532537 0.0342186 0.134592
0.533538 0.033985 0.133616
0.534539 0.0337527 0.132645
0.53554 0.0335214 0.131679
0.536541 0.0332915 0.130716
0.537542 0.0330629 0.129757
0.538543 0.0328356 0.128803
0.539544 0.0326095 0.127852
0.540545 0.0323848 0.126906
0.541546 0.0321613 0.125964
0.542547 0.0319391 0.125027
0.543548 0.0317181 0.124093
0.544549 0.0314984 0.123164
0.54555 0.0312798 0.122239
0.546551 0.0310625 0.121319
0.547552 0.0308464 0.120403
0.548553 0.0306314 0.119492
0.549554 0.0304176 0.118586
0.550555 0.030205 0.117684
0.551556 0.0299935 0.116786
0.552557 0.0297831 0.115894
0.553558 0.029574 0.115006
0.554559 0.0293661 0.114122
0.55556 0.0291594 0.113242
0.556561 0.028954 0.112367
0.557562 0.0287497 0.111496
0.558563 0.0285466 0.11063
0.559564 0.0283446 0.109768
0.560565 0.0281437 0.10891
0.561566 0.0279439 0.108056
0.562567 0.0277452 0.107207
0.563568 0.0275476 0.106362
0.564569 0.0273509 0.105522
0.56557 0.0271553 0.104686
0.566571 0.0269606 0.103854
0.567572 0.0267669 0.103026
0.568573 0.0265741 0.102203
0.569574 0.0263823 0.101384
0.570575 0.0261914 0.100569
0.571576 0.0260016 0.0997582
0.572577 0.0258128 0.0989515
0.573578 0.0256249 0.0981488
0.574579 0.0254381 0.0973503
0.57558 0.0252523 0.096556
0.576581 0.0250674 0.0957658
0.577582 0.0248835 0.0949798
0.578583 0.0247006 0.0941981
0.579584 0.0245186 0.0934206
0.580585 0.0243376 0.0926474
0.581586 0.0241576 0.0918785
0.582587 0.0239785 0.0911139
0.583588 0.0238003 0.0903538
0.584589 0.023623 0.089598
0.58559 0.0234467 0.0888466
0.586591 0.0232713 0.0880996
0.587592 0.0230968 0.087357
0.588593 0.0229234 0.0866187
0.589594 0.0227509 0.0858846
0.590595 0.0225793 0.0851547
0.591596 0.0224087 0.084429
0.592597 0.022239 0.0837074
0.593598 0.0220703 0.0829901
0.594599 0.0219024 0.0822769
0.5956 0.0217354 0.0815678
0.596601 0.0215693 0.0808628
0.597602 0.021404 0.0801619
0.598603 0.0212396 0.0794651
0.599604 0.0210759 0.0787724
0.600605 0.0209131 0.0780838
0.601606 0.0207511 0.0773991
0.602607 0.0205898 0.0767185
0.603608 0.0204293 0.0760419
0.604609 0.0202696 0.0753692
0.60561 0.0201107 0.0747005
0.606611 0.0199526 0.0740356
0.607612 0.0197953 0.0733747
0.608613 0.0196388 0.0727176
0.609614 0.0194832 0.0720645
0.610615 0.0193283 0.0714153
0.611615 0.0191742 0.07077
0.612616 0.0190209 0.0701287
0.613617 0.0188684 0.0694914
0.614618 0.0187167 0.0688581
0.615619 0.0185657 0.0682287
0.61662 0.0184156 0.0676034
0.617621 0.0182662 0.066982
0.618622 0.0181177 0.0663647
0.619623 0.0179698 0.0657514
0.620624 0.0178228 0.0651421
0.621625 0.0176766 0.0645369
0.622626 0.0175311 0.0639357
0.623627 0.0173864 0.0633385
0.624628 0.0172426 0.0627452
0.625629 0.0170995 0.0621559
0.62663 0.0169572 0.0615705
0.627631 0.0168156 0.0609889
0.628632 0.0166748 0.0604112
0.629633 0.0165348 0.0598374
0.630634 0.0163954 0.0592673
0.631635 0.0162568 0.058701
0.632636 0.016119 0.0581385
0.633637 0.0159818 0.0575797
0.634638 0.0158453 0.0570245
0.635639 0.0157095 0.0564731
0.63664 0.0155744 0.0559253
0.637641 0.01544 0.0553811
0.638642 0.0153062 0.0548406
0.639643 0.0151731 0.0543036
0.640644 0.0150407 0.0537703
0.641645 0.0149089 0.0532405
0.642646 0.0147778 0.0527144
0.643647 0.0146474 0.0521919
0.644648 0.0145177 0.0516731
0.645649 0.0143887 0.0511578
0.64665 0.0142604 0.0506461
0.647651 0.0141327 0.0501379
0.648652 0.0140057 0.0496334
0.649653 0.0138795 0.0491325
0.650654 0.0137538 0.0486351
0.651655 0.0136289 0.0481413
0.652656 0.0135047 0.047651
0.653657 0.0133811 0.0471643
0.654658 0.0132583 0.0466812
0.655659 0.0131361 0.0462016
0.65666 0.0130146 0.0457255
0.657661 0.0128938 0.0452531
0.658662 0.0127736 0.0447843
0.659663 0.0126542 0.044319
0.660664 0.0125354 0.0438573
0.661665 0.0124173 0.0433991
0.662666 0.0122999 0.0429443
0.663667 0.0121831 0.042493
0.664668 0.012067 0.0420451
0.665669 0.0119515 0.0416005
0.66667 0.0118367 0.0411593
0.667671 0.0117225 0.0407214
0.668672 0.0116089 0.0402868
0.669673 0.011496 0.0398554
0.670674 0.0113837 0.0394272
0.671675 0.0112719 0.0390022
0.672676 0.0111609 0.0385804
0.673677 0.0110504 0.0381616
0.674678 0.0109405 0.0377461
0.675679 0.0108312 0.0373338
0.67668 0.0107225 0.0369247
0.677681 0.0106144 0.0365189
0.678682 0.0105069 0.0361162
0.679683 0.0104001 0.0357168
0.680684 0.0102938 0.0353205
0.681685 0.0101882 0.0349273
0.682686 0.0100832 0.0345373
0.683687 0.00997875 0.0341504
0.684688 0.00987498 0.0337667
0.685689 0.00977183 0.033386
0.68669 0.00966931 0.0330084
0.687691 0.00956743 0.0326339
0.688692 0.00946619 0.0322624
0.689693 0.00936558 0.0318939
0.690694 0.00926562 0.0315285
0.691695 0.0091663 0.0311661
0.692696 0.00906761 0.0308068
0.693697 0.00896955 0.0304507
0.694698 0.00887211 0.0300977
0.695699 0.00877529 0.0297479
0.6967 0.00867909 0.029401
0.697701 0.0085835 0.0290572
0.698702 0.00848852 0.0287163
0.699703 0.00839414 0.0283784
0.700704 0.00830037 0.0280434
0.701705 0.0082072 0.0277112
0.702706 0.00811463 0.0273819
0.703707 0.00802266 0.0270553
0.704708 0.00793127 0.0267315
0.705709 0.00784048 0.0264104
0.70671 0.00775027 0.026092
0.707711 0.00766065 0.0257763
0.708712 0.00757161 0.0254631
0.709713 0.00748313 0.0251526
0.710714 0.00739522 0.0248449
0.711715 0.00730787 0.02454
0.712716 0.00722108 0.0242379
0.713717 0.00713487 0.0239385
0.714718 0.00704922 0.0236419
0.715719 0.00696416 0.0233479
0.71672 0.00687967 0.0230566
0.717721 0.00679577 0.022768
0.718722 0.00671245 0.022482
0.719723 0.00662973 0.0221987
0.720724 0.00654761 0.0219179
0.721725 0.00646608 0.0216396
0.722725 0.00638516 0.021364
0.723726 0.00630484 0.0210908
0.724727 0.00622514 0.0208201
0.725728 0.00614604 0.020552
0.726729 0.00606757 0.0202862
0.72773 0.0059897 0.0200231
0.728731 0.00591242 0.0197627
0.729732 0.00583573 0.0195049
0.730733 0.00575963 0.0192497
0.731734 0.00568412 0.0189971
0.732735 0.00560919 0.018747
0.733736 0.00553485 0.0184994
0.734737 0.00546108 0.0182542
0.735738 0.00538789 0.0180114
0.736739 0.00531528 0.0177711
0.73774 0.00524324 0.017533
0.738741 0.00517178 0.0172973
0.739742 0.00510088 0.0170638
0.740743 0.00503055 0.0168325
0.741744 0.00496079 0.0166034
0.742745 0.00489159 0.0163765
0.743746 0.00482296 0.0161517
0.744747 0.00475488 0.015929
0.745748 0.00468735 0.0157085
0.746749 0.00462037 0.0154904
0.74775 0.00455394 0.0152746
0.748751 0.00448805 0.0150611
0.749752 0.00442272 0.0148498
0.750753 0.00435794 0.0146408
0.751754 0.00429372 0.0144339
0.752755 0.00423006 0.0142292
0.753756 0.00416695 0.0140267
0.754757 0.00410441 0.0138263
0.755758 0.00404243 0.013628
0.756759 0.00398102 0.0134317
0.75776 0.00392017 0.0132375
0.758761 0.0038599 0.0130452
0.759762 0.00380019 0.012855
0.760763 0.00374106 0.0126667
0.761764 0.0036825 0.0124804
0.762765 0.00362452 0.012296
0.763766 0.0035671 0.0121137
0.764767 0.00351025 0.0119336
0.765768 0.00345396 0.0117557
0.766769 0.00339822 0.0115798
0.76777 0.00334304 0.011406
0.768771 0.00328842 0.0112342
0.769772 0.00323434 0.0110643
0.770773 0.00318081 0.0108964
0.771774 0.00312782 0.0107304
0.772775 0.00307538 0.0105663
0.773776 0.00302348 0.010404
0.774777 0.00297211 0.0102434
0.775778 0.00292127 0.0100846
0.776779 0.00287097 0.00992759
0.77778 0.0028212 0.00977221
0.778781 0.00277195 0.00961849
0.779782 0.00272322 0.00946637
0.780783 0.00267502 0.00931591
0.781784 0.00262734 0.00916731
0.782785 0.0025802 0.00902057
0.783786 0.00253358 0.00887565
0.784787 0.00248748 0.00873253
0.785788 0.00244191 0.00859118
0.786789 0.00239686 0.00845156
0.78779 0.00235233 0.00831366
0.788791 0.00230832 0.00817744
0.789792 0.00226483 0.00804288
0.790793 0.00222185 0.00790994
0.791794 0.00217939 0.0077786
0.792795 0.00213745 0.00764883
0.793796 0.00209602 0.00752061
0.794797 0.0020551 0.0073939
0.795798 0.00201469 0.00726869
0.796799 0.00197479 0.00714494
0.7978 0.0019354 0.00702262
0.798801 0.00189652 0.00690182
0.799802 0.00185818 0.00678271
0.800803 0.00182036 0.00666528
0.801804 0.00178306 0.00654948
0.802805 0.00174628 0.00643528
0.803806 0.00171 0.00632265
0.804807 0.00167423 0.00621155
0.805808 0.00163895 0.00610195
0.806809 0.00160416 0.00599381
0.80781 0.00156986 0.0058871
0.808811 0.00153604 0.00578179
0.809812 0.00150269 0.00567784
0.810813 0.0014698 0.00557523
0.811814 0.00143738 0.00547391
0.812815 0.00140541 0.00537386
0.813816 0.0013739 0.00527504
0.814817 0.00134282 0.00517742
0.815818 0.00131219 0.00508097
0.816819 0.00128201 0.00498578
0.81782 0.00125232 0.00489202
0.818821 0.00122311 0.00479967
0.819822 0.00119437 0.0047087
0.820823 0.0011661 0.00461908
0.821824 0.0011383 0.00453079
0.822825 0.00111095 0.00444379
0.823826 0.00108405 0.00435806
0.824827 0.00105759 0.00427358
0.825828 0.00103157 0.00419031
0.826829 0.00100598 0.00410823
0.82783 0.000980813 0.00402731
0.828831 0.000956063 0.00394753
0.829832 0.000931726 0.00386885
0.830833 0.000907793 0.00379126
0.831834 0.00088426 0.00371473
0.832835 0.000861121 0.00363922
0.833835 0.000838368 0.00356472
0.834836 0.000816031 0.00349133
0.835837 0.000794154 0.00341919
0.836838 0.000772726 0.00334828
0.837839 0.000751736 0.00327857
0.83884 0.000731175 0.00321003
0.839841 0.000711033 0.00314263
0.840842 0.000691299 0.00307634
0.841843 0.000671962 0.00301113
0.842844 0.000653013 0.00294696
0.843845 0.000634442 0.00288382
0.844846 0.000616239 0.00282166
0.845847 0.000598394 0.00276047
0.846848 0.000580898 0.00270021
0.847849 0.000563739 0.00264085
0.84885 0.00054691 0.00258237
0.849851 0.000530399 0.00252474
0.850852 0.000514199 0.00246793
0.851853 0.000498298 0.00241191
0.852854 0.000482734 0.00235677
0.853855 0.000467565 0.00230266
0.854856 0.000452781 0.00224957
0.855857 0.00043837 0.00219747
0.856858 0.000424321 0.00214632
0.857859 0.000410623 0.00209612
0.85886 0.000397266 0.00204682
0.859861 0.000384238 0.00199841
0.860862 0.000371529 0.00195086
0.861863 0.000359129 0.00190415
0.862864 0.000347026 0.00185826
0.863865 0.000335211 0.00181315
0.864866 0.000323672 0.00176882
0.865867 0.0003124 0.00172522
0.866868 0.000301383 0.00168235
0.867869 0.000290613 0.00164017
0.86887 0.000280079 0.00159866
0.869871 0.00026977 0.0015578
0.870872 0.000259727 0.00151768
0.871873 0.000250018 0.00147843
0.872874 0.000240629 0.00144003
0.873875 0.000231549 0.00140246
0.874876 0.000222766 0.00136569
0.875877 0.000214265 0.00132969
0.876878 0.000206036 0.00129445
0.877879 0.000198066 0.00125993
0.87888 0.000190342 0.00122611
0.879881 0.000182852 0.00119296
0.880882 0.000175585 0.00116047
0.881883 0.000168528 0.00112861
0.882884 0.000161669 0.00109735
0.883885 0.000154997 0.00106666
0.884886 0.000148499 0.00103654
0.885887 0.000142164 0.00100694
0.886888 0.00013598 0.000977859
0.887889 0.000129937 0.000949259
0.88889 0.00012407 0.000921214
0.889891 0.000118453 0.000893862
0.890892 0.000113076 0.000867186
0.891893 0.000107928 0.000841165
0.892894 0.000102998 0.000815777
0.893895 9.8273e-05 0.000791001
0.894896 9.37427e-05 0.000766817
0.895897 8.93958e-05 0.000743203
0.896898 8.5221e-05 0.00072014
0.897899 8.12073e-05 0.000697607
0.8989 7.73436e-05 0.000675583
0.899901 7.36191e-05 0.000654049
0.900902 7.00228e-05 0.000632984
0.901903 6.65439e-05 0.000612368
0.902904 6.31718e-05 0.000592182
0.903905 5.98958e-05 0.000572406
0.904906 5.67052e-05 0.00055302
0.905907 5.35895e-05 0.000534005
0.906908 5.0579e-05 0.00051542
0.907909 4.77415e-05 0.000497393
0.90891 4.50689e-05 0.000479908
0.909911 4.25513e-05 0.000462945
0.910912 4.0179e-05 0.000446482
0.911913 3.79423e-05 0.0004305
0.912914 3.58314e-05 0.00041498
0.913915 3.38369e-05 0.0003999
0.914916 3.1949e-05 0.000385241
0.915917 3.01583e-05 0.000370984
0.916918 2.84555e-05 0.000357109
0.917919 2.68312e-05 0.000343597
0.91892 2.52759e-05 0.000330428
0.919921 2.37806e-05 0.000317583
0.920922 2.2336e-05 0.000305044
0.921923 2.0933e-05 0.000292791
0.922924 1.95625e-05 0.000280806
0.923925 1.82156e-05 0.000269069
0.924926 1.69151e-05 0.000257636
0.925927 1.57136e-05 0.000246622
0.926928 1.46056e-05 0.000236015
0.927929 1.35848e-05 0.000225797
0.92893 1.26445e-05 0.00021595
0.929931 1.17782e-05 0.000206458
0.930932 1.09796e-05 0.000197304
0.931933 1.02422e-05 0.000188471
0.932934 9.55974e-06 0.000179942
0.933935 8.92578e-06 0.0001717
0.934936 8.33409e-06 0.000163729
0.935937 7.77844e-06 0.000156012
0.936938 7.25261e-06 0.000148534
0.937939 6.75044e-06 0.000141277
0.93894 6.26583e-06 0.000134226
0.939941 5.79268e-06 0.000127364
0.940942 5.32494e-06 0.000120676
0.941943 4.85662e-06 0.000114146
0.942944 4.40678e-06 0.000107838
0.943945 4.00356e-06 0.000101841
0.944945 3.6435e-06 9.61394e-05
0.945946 3.32305e-06 9.0718e-05
0.946947 3.03865e-06 8.55615e-05
0.947948 2.78678e-06 8.06547e-05
0.948949 2.56395e-06 7.59824e-05
0.94995 2.36668e-06 7.15297e-05
0.950951 2.1915e-06 6.72815e-05
0.951952 2.03498e-06 6.32231e-05
0.952953 1.89372e-06 5.93397e-05
0.953954 1.76431e-06 5.56166e-05
0.954955 1.64339e-06 5.20392e-05
0.955956 1.5276e-06 4.85931e-05
0.956957 1.41362e-06 4.52639e-05
0.957958 1.29814e-06 4.20372e-05
0.958959 1.17787e-06 3.88989e-05
0.95996 1.05077e-06 3.58423e-05
0.960961 9.33676e-07 3.29717e-05
0.961962 8.31889e-07 3.03144e-05
0.962963 7.44039e-07 2.7856e-05
0.963964 6.68761e-07 2.55826e-05
0.964965 6.04703e-07 2.34801e-05
0.965966 5.50519e-07 2.15345e-05
0.966967 5.04872e-07 1.97321e-05
0.967968 4.66433e-07 1.8059e-05
0.968969 4.33881e-07 1.65016e-05
0.96997 4.05904e-07 1.50463e-05
0.970971 3.81197e-07 1.36795e-05
0.971972 3.58463e-07 1.23879e-05
0.972973 3.36414e-07 1.11581e-05
0.973974 3.1377e-07 9.97685e-06
0.974975 2.89257e-07 8.83094e-06
0.975976 2.61611e-07 7.70727e-06
0.976977 2.30693e-07 6.61049e-06
0.977978 2.02885e-07 5.64311e-06
0.978979 1.79033e-07 4.81191e-06
0.97998 1.58687e-07 4.10261e-06
0.980981 1.41398e-07 3.50099e-06
0.981982 1.2672e-07 2.99293e-06
0.982983 1.1421e-07 2.56439e-06
0.983984 1.03428e-07 2.20141e-06
0.984985 9.39359e-08 1.89013e-06
0.985986 8.52984e-08 1.61675e-06
0.986987 7.70833e-08 1.36759e-06
0.987988 6.88609e-08 1.12902e-06
0.988989 6.02038e-08 8.87501e-07
0.98999 5.06876e-08 6.29583e-07
0.990991 4.09668e-08 3.8814e-07
0.991992 3.28791e-08 2.38883e-07
0.992993 2.61452e-08 1.59951e-07
0.993994 2.04212e-08 1.26679e-07
0.994995 1.53654e-08 1.14548e-07
0.995996 1.0638e-08 9.91869e-08
0.996997 6.15428e-09 6.59813e-08
0.997998 3.17118e-09 5.91143e-08
0.998999 9.5608e-10 5.67166e-08
1 3.25056e-26 0
