1e-05 70.4672 3.16274
0.00101099 16.9513 0.934198
0.00201198 13.1767 0.795187
0.00301297 11.2611 0.731033
0.00401396 10.0185 0.693089
0.00501495 9.11587 0.667988
0.00601595 8.41664 0.65029
0.00701694 7.84963 0.637262
0.00801793 7.37641 0.627448
0.00901892 6.97242 0.619918
0.0100199 6.62056 0.614036
0.0110209 6.31039 0.609434
0.0120219 6.03415 0.605842
0.0130229 5.78516 0.603018
0.0140239 5.55898 0.600815
0.0150249 5.35227 0.599123
0.0160259 5.1624 0.597865
0.0170268 4.98705 0.596962
0.0180278 4.8241 0.596334
0.0190288 4.67208 0.595944
0.0200298 4.52985 0.595758
0.0210308 4.39641 0.595743
0.0220318 4.27093 0.595884
0.0230328 4.15259 0.596157
0.0240338 4.04065 0.596533
0.0250348 3.93445 0.596989
0.0260358 3.83354 0.597525
0.0270368 3.7375 0.598128
0.0280377 3.64597 0.598787
0.0290387 3.55859 0.59949
0.0300397 3.4751 0.600243
0.0310407 3.39519 0.601035
0.0320417 3.31859 0.601856
0.0330427 3.24506 0.602693
0.0340437 3.17438 0.603542
0.0350447 3.10639 0.604412
0.0360457 3.04094 0.605294
0.0370467 2.97787 0.606185
0.0380477 2.91705 0.607079
0.0390486 2.85835 0.607974
0.0400496 2.80167 0.608878
0.0410506 2.74689 0.609786
0.0420516 2.69391 0.610693
0.0430526 2.64261 0.611593
0.0440536 2.59292 0.612482
0.0450546 2.54474 0.613361
0.0460556 2.49802 0.614235
0.0470566 2.45269 0.615103
0.0480576 2.40869 0.615963
0.0490586 2.36595 0.616811
0.0500595 2.32442 0.617646
0.0510605 2.28405 0.618468
0.0520615 2.2448 0.619282
0.0530625 2.20662 0.620089
0.0540635 2.16946 0.620885
0.0550645 2.13327 0.621668
0.0560655 2.09802 0.622434
0.0570665 2.06367 0.623183
0.0580675 2.03017 0.623913
0.0590685 1.9975 0.624632
0.0600695 1.96564 0.625338
0.0610705 1.93456 0.62603
0.0620714 1.90421 0.626708
0.0630724 1.87459 0.627369
0.0640734 1.84566 0.628012
0.0650744 1.81739 0.628637
0.0660754 1.78977 0.629247
0.0670764 1.76278 0.629845
0.0680774 1.7364 0.63043
0.0690784 1.71061 0.631001
0.0700794 1.68538 0.631555
0.0710804 1.6607 0.632091
0.0720814 1.63654 0.632609
0.0730823 1.61289 0.633107
0.0740833 1.58974 0.633588
0.0750843 1.56708 0.634056
0.0760853 1.54489 0.634509
0.0770863 1.52316 0.634947
0.0780873 1.50187 0.635369
0.0790883 1.481 0.635775
0.0800893 1.46055 0.636164
0.0810903 1.4405 0.636534
0.0820913 1.42084 0.636887
0.0830923 1.40156 0.637227
0.0840932 1.38266 0.637553
0.0850942 1.36413 0.637866
0.0860952 1.34594 0.638164
0.0870962 1.32811 0.638447
0.0880972 1.3106 0.638713
0.0890982 1.29341 0.638962
0.0900992 1.27654 0.639193
0.0911002 1.25997 0.639406
0.0921012 1.24371 0.639603
0.0931022 1.22774 0.639788
0.0941032 1.21206 0.639958
0.0951041 1.19666 0.640114
0.0961051 1.18154 0.640255
0.0971061 1.16668 0.640381
0.0981071 1.15207 0.640491
0.0991081 1.13772 0.640585
0.100109 1.1236 0.640662
0.10111 1.10973 0.640723
0.102111 1.09609 0.64077
0.103112 1.08268 0.640805
0.104113 1.0695 0.640827
0.105114 1.05655 0.640835
0.106115 1.0438 0.640829
0.107116 1.03127 0.640808
0.108117 1.01894 0.640773
0.109118 1.00681 0.640721
0.110119 0.994871 0.640654
0.11112 0.98312 0.640571
0.112121 0.97156 0.640474
0.113122 0.96019 0.640366
0.114123 0.949003 0.640244
0.115124 0.937994 0.640109
0.116125 0.927158 0.639961
0.117126 0.91649 0.639799
0.118127 0.905986 0.639623
0.119128 0.89564 0.639433
0.120129 0.885449 0.639229
0.12113 0.875408 0.639009
0.122131 0.865514 0.638776
0.123132 0.855772 0.63853
0.124133 0.846178 0.638273
0.125134 0.836729 0.638003
0.126135 0.827421 0.637722
0.127136 0.818251 0.637427
0.128137 0.809215 0.63712
0.129138 0.80031 0.636799
0.130139 0.791533 0.636465
0.13114 0.782881 0.636118
0.132141 0.774351 0.635756
0.133142 0.765941 0.635381
0.134143 0.757654 0.634995
0.135144 0.749488 0.634597
0.136145 0.741441 0.634188
0.137146 0.733509 0.633767
0.138147 0.725689 0.633334
0.139148 0.717979 0.632889
0.140149 0.710375 0.632432
0.14115 0.702875 0.631962
0.142151 0.695476 0.63148
0.143152 0.688175 0.630985
0.144153 0.68097 0.630478
0.145154 0.673862 0.629959
0.146155 0.666853 0.629429
0.147156 0.659941 0.628888
0.148157 0.653123 0.628336
0.149158 0.646398 0.627773
0.150159 0.639763 0.6272
0.15116 0.633216 0.626615
0.152161 0.626755 0.626018
0.153162 0.620377 0.62541
0.154163 0.614082 0.624791
0.155164 0.607866 0.62416
0.156165 0.601729 0.623517
0.157166 0.59567 0.622863
0.158167 0.589693 0.6222
0.159168 0.583796 0.621526
0.160169 0.577976 0.620842
0.16117 0.572232 0.620148
0.162171 0.566561 0.619443
0.163172 0.560963 0.618728
0.164173 0.555434 0.618003
0.165174 0.549974 0.617267
0.166175 0.54458 0.616521
0.167175 0.539251 0.615763
0.168176 0.533986 0.614995
0.169177 0.528783 0.614217
0.170178 0.523646 0.613429
0.171179 0.518575 0.612631
0.17218 0.513567 0.611824
0.173181 0.508621 0.611007
0.174182 0.503736 0.610181
0.175183 0.498911 0.609345
0.176184 0.494143 0.6085
0.177185 0.489433 0.607645
0.178186 0.484778 0.606781
0.179187 0.480178 0.605907
0.180188 0.475631 0.605023
0.181189 0.471136 0.60413
0.18219 0.466694 0.603228
0.183191 0.462307 0.602317
0.184192 0.457973 0.601398
0.185193 0.453693 0.60047
0.186194 0.449463 0.599533
0.187195 0.445284 0.598588
0.188196 0.441153 0.597634
0.189197 0.43707 0.596671
0.190198 0.433033 0.5957
0.191199 0.429041 0.59472
0.1922 0.425093 0.593731
0.193201 0.421189 0.592734
0.194202 0.417326 0.591727
0.195203 0.413506 0.590712
0.196204 0.409731 0.589689
0.197205 0.405999 0.588658
0.198206 0.40231 0.587618
0.199207 0.398664 0.586571
0.200208 0.395058 0.585515
0.201209 0.391493 0.584452
0.20221 0.387967 0.583381
0.203211 0.38448 0.582302
0.204212 0.381031 0.581216
0.205213 0.377619 0.580122
0.206214 0.374244 0.57902
0.207215 0.370904 0.577911
0.208216 0.3676 0.576795
0.209217 0.364334 0.575671
0.210218 0.361105 0.574541
0.211219 0.357912 0.573403
0.21222 0.354755 0.572258
0.213221 0.351633 0.571106
0.214222 0.348544 0.569948
0.215223 0.345489 0.568782
0.216224 0.342467 0.567609
0.217225 0.339475 0.56643
0.218226 0.336515 0.565243
0.219227 0.333585 0.56405
0.220228 0.330685 0.56285
0.221229 0.327813 0.561643
0.22223 0.32497 0.56043
0.223231 0.322158 0.559209
0.224232 0.319377 0.557982
0.225233 0.316625 0.556749
0.226234 0.313902 0.555509
0.227235 0.311208 0.554263
0.228236 0.308542 0.55301
0.229237 0.305904 0.551752
0.230238 0.303292 0.550488
0.231239 0.300707 0.549217
0.23224 0.298148 0.547941
0.233241 0.295614 0.54666
0.234242 0.293106 0.545373
0.235243 0.290621 0.54408
0.236244 0.288162 0.542782
0.237245 0.285729 0.541479
0.238246 0.283322 0.54017
0.239247 0.28094 0.538855
0.240248 0.278582 0.537535
0.241249 0.276249 0.536209
0.24225 0.273939 0.534879
0.243251 0.271653 0.533543
0.244252 0.269388 0.532202
0.245253 0.267146 0.530856
0.246254 0.264925 0.529505
0.247255 0.262726 0.528149
0.248256 0.260547 0.526788
0.249257 0.258387 0.525422
0.250258 0.256248 0.524052
0.251259 0.254131 0.522676
0.25226 0.252035 0.521295
0.253261 0.24996 0.519909
0.254262 0.247906 0.518518
0.255263 0.245872 0.517123
0.256264 0.243857 0.515723
0.257265 0.241862 0.514318
0.258266 0.239886 0.51291
0.259267 0.237929 0.511497
0.260268 0.23599 0.510081
0.261269 0.23407 0.50866
0.26227 0.232167 0.507237
0.263271 0.230281 0.505809
0.264272 0.228413 0.504379
0.265273 0.226563 0.502944
0.266274 0.224732 0.501505
0.267275 0.222919 0.500063
0.268276 0.221123 0.498617
0.269277 0.219345 0.497166
0.270278 0.217584 0.495713
0.271279 0.21584 0.494256
0.27228 0.214112 0.492795
0.273281 0.212399 0.491331
0.274282 0.210703 0.489864
0.275283 0.209021 0.488393
0.276284 0.207354 0.48692
0.277285 0.205702 0.485443
0.278285 0.204064 0.483964
0.279286 0.202441 0.482482
0.280287 0.200832 0.480996
0.281288 0.199239 0.479506
0.282289 0.197661 0.478013
0.28329 0.196098 0.476517
0.284291 0.194549 0.475017
0.285292 0.193014 0.473515
0.286293 0.191493 0.47201
0.287294 0.189986 0.470503
0.288295 0.188492 0.468993
0.289296 0.187012 0.467481
0.290297 0.185544 0.465966
0.291298 0.184089 0.46445
0.292299 0.182646 0.462933
0.2933 0.181216 0.461413
0.294301 0.179798 0.459892
0.295302 0.178394 0.458368
0.296303 0.177002 0.456841
0.297304 0.175624 0.455313
0.298305 0.174257 0.453782
0.299306 0.172904 0.452249
0.300307 0.171562 0.450714
0.301308 0.170232 0.449177
0.302309 0.168914 0.447638
0.30331 0.167607 0.446098
0.304311 0.166311 0.444556
0.305312 0.165026 0.443013
0.306313 0.163752 0.441469
0.307314 0.162488 0.439923
0.308315 0.161234 0.438376
0.309316 0.159991 0.436828
0.310317 0.158759 0.435278
0.311318 0.157538 0.433725
0.312319 0.156327 0.432171
0.31332 0.155128 0.430615
0.314321 0.153938 0.429057
0.315322 0.152759 0.427498
0.316323 0.15159 0.425938
0.317324 0.150431 0.424377
0.318325 0.149282 0.422816
0.319326 0.148142 0.421253
0.320327 0.147012 0.419691
0.321328 0.145892 0.418128
0.322329 0.14478 0.416565
0.32333 0.143677 0.415002
0.324331 0.142583 0.413439
0.325332 0.141499 0.411876
0.326333 0.140425 0.410311
0.327334 0.13936 0.408746
0.328335 0.138305 0.40718
0.329336 0.137258 0.405613
0.330337 0.136221 0.404046
0.331338 0.135192 0.402479
0.332339 0.134172 0.400911
0.33334 0.13316 0.399344
0.334341 0.132156 0.397776
0.335342 0.131161 0.396208
0.336343 0.130173 0.394641
0.337344 0.129193 0.393074
0.338345 0.12822 0.391507
0.339346 0.127255 0.389941
0.340347 0.126297 0.388375
0.341348 0.125348 0.386807
0.342349 0.124407 0.38524
0.34335 0.123473 0.383672
0.344351 0.122547 0.382104
0.345352 0.121629 0.380536
0.346353 0.120718 0.378968
0.347354 0.119815 0.377401
0.348355 0.118919 0.375834
0.349356 0.11803 0.374268
0.350357 0.117148 0.372703
0.351358 0.116273 0.371139
0.352359 0.115404 0.369576
0.35336 0.114543 0.368015
0.354361 0.113688 0.366455
0.355362 0.112839 0.364897
0.356363 0.111998 0.36334
0.357364 0.111164 0.361782
0.358365 0.110337 0.360226
0.359366 0.109516 0.35867
0.360367 0.108702 0.357115
0.361368 0.107895 0.355561
0.362369 0.107095 0.354007
0.36337 0.1063 0.352455
0.364371 0.105512 0.350905
0.365372 0.10473 0.349355
0.366373 0.103954 0.347808
0.367374 0.103183 0.346261
0.368375 0.102419 0.344717
0.369376 0.10166 0.343174
0.370377 0.100906 0.341633
0.371378 0.100158 0.340094
0.372379 0.0994156 0.338555
0.37338 0.0986794 0.337017
0.374381 0.0979491 0.33548
0.375382 0.0972244 0.333944
0.376383 0.0965055 0.332409
0.377384 0.0957922 0.330876
0.378385 0.0950843 0.329345
0.379386 0.0943819 0.327815
0.380387 0.0936848 0.326287
0.381388 0.092993 0.324762
0.382389 0.0923063 0.323238
0.38339 0.0916248 0.321718
0.384391 0.0909483 0.320199
0.385392 0.0902767 0.318684
0.386393 0.08961 0.317171
0.387394 0.0889483 0.315662
0.388395 0.0882919 0.314153
0.389395 0.0876409 0.312647
0.390396 0.086995 0.311142
0.391397 0.0863542 0.30964
0.392398 0.0857183 0.308139
0.393399 0.0850874 0.306641
0.3944 0.0844612 0.305145
0.395401 0.0838397 0.303651
0.396402 0.0832228 0.30216
0.397403 0.0826104 0.300672
0.398404 0.0820024 0.299186
0.399405 0.0813987 0.297703
0.400406 0.0807993 0.296222
0.401407 0.080204 0.294745
0.402408 0.0796128 0.293271
0.403409 0.0790257 0.291799
0.40441 0.0784431 0.290329
0.405411 0.077865 0.288861
0.406412 0.0772912 0.287396
0.407413 0.0767217 0.285932
0.408414 0.0761564 0.284471
0.409415 0.0755954 0.283012
0.410416 0.0750385 0.281557
0.411417 0.0744856 0.280104
0.412418 0.0739368 0.278654
0.413419 0.0733919 0.277207
0.41442 0.0728509 0.275764
0.415421 0.0723137 0.274324
0.416422 0.0717803 0.272888
0.417423 0.0712507 0.271455
0.418424 0.0707247 0.270026
0.419425 0.0702025 0.268602
0.420426 0.0696843 0.26718
0.421427 0.0691701 0.26576
0.422428 0.0686598 0.264344
0.423429 0.0681533 0.262931
0.42443 0.0676507 0.261521
0.425431 0.0671517 0.260114
0.426432 0.0666563 0.25871
0.427433 0.0661645 0.25731
0.428434 0.0656762 0.255913
0.429435 0.0651913 0.254519
0.430436 0.0647097 0.253129
0.431437 0.0642315 0.251743
0.432438 0.0637564 0.25036
0.433439 0.0632844 0.248981
0.43444 0.0628156 0.247606
0.435441 0.0623497 0.246234
0.436442 0.0618872 0.244866
0.437443 0.061428 0.2435
0.438444 0.0609721 0.242137
0.439445 0.0605195 0.240778
0.440446 0.0600701 0.239421
0.441447 0.0596239 0.238068
0.442448 0.0591808 0.236719
0.443449 0.0587408 0.235373
0.44445 0.0583039 0.234031
0.445451 0.05787 0.232692
0.446452 0.0574391 0.231358
0.447453 0.0570112 0.230027
0.448454 0.0565861 0.228701
0.449455 0.0561639 0.227379
0.450456 0.0557445 0.226062
0.451457 0.0553279 0.224749
0.452458 0.0549142 0.22344
0.453459 0.0545036 0.222135
0.45446 0.054096 0.220833
0.455461 0.0536914 0.219535
0.456462 0.0532897 0.218241
0.457463 0.0528908 0.216951
0.458464 0.0524947 0.215664
0.459465 0.0521014 0.214382
0.460466 0.0517108 0.213103
0.461467 0.0513228 0.211828
0.462468 0.0509374 0.210558
0.463469 0.0505546 0.209291
0.46447 0.0501743 0.208029
0.465471 0.0497964 0.206771
0.466472 0.0494209 0.205517
0.467473 0.0490478 0.204268
0.468474 0.048677 0.203022
0.469475 0.0483088 0.201781
0.470476 0.047943 0.200543
0.471477 0.0475799 0.199309
0.472478 0.0472192 0.198078
0.473479 0.046861 0.196851
0.47448 0.0465052 0.195628
0.475481 0.0461518 0.19441
0.476482 0.0458008 0.193195
0.477483 0.0454522 0.191985
0.478484 0.0451059 0.190778
0.479485 0.0447619 0.189577
0.480486 0.0444202 0.188379
0.481487 0.0440807 0.187187
0.482488 0.0437435 0.185998
0.483489 0.0434084 0.184815
0.48449 0.0430755 0.183636
0.485491 0.0427448 0.182463
0.486492 0.0424166 0.181293
0.487493 0.0420906 0.180127
0.488494 0.041767 0.178966
0.489495 0.0414456 0.177808
0.490496 0.0411264 0.176655
0.491497 0.0408094 0.175507
0.492498 0.0404946 0.174362
0.493499 0.0401818 0.173222
0.4945 0.0398711 0.172086
0.495501 0.0395625 0.170955
0.496502 0.0392558 0.169828
0.497503 0.038951 0.168705
0.498504 0.0386482 0.167587
0.499505 0.0383472 0.166473
0.500505 0.0380481 0.165364
0.501506 0.0377507 0.164259
0.502507 0.0374553 0.163159
0.503508 0.0371618 0.162062
0.504509 0.0368702 0.160969
0.50551 0.0365806 0.159881
0.506511 0.036293 0.158796
0.507512 0.0360072 0.157716
0.508513 0.0357233 0.15664
0.509514 0.0354413 0.155568
0.510515 0.0351611 0.154501
0.511516 0.0348827 0.153438
0.512517 0.0346061 0.15238
0.513518 0.0343313 0.151326
0.514519 0.0340583 0.150277
0.51552 0.033787 0.149233
0.516521 0.0335175 0.148193
0.517522 0.0332496 0.147158
0.518523 0.0329835 0.146129
0.519524 0.0327191 0.145103
0.520525 0.0324566 0.144082
0.521526 0.0321959 0.143066
0.522527 0.031937 0.142054
0.523528 0.0316798 0.141046
0.524529 0.0314244 0.140042
0.52553 0.0311706 0.139044
0.526531 0.0309185 0.138049
0.527532 0.0306681 0.137059
0.528533 0.0304192 0.136073
0.529534 0.030172 0.135092
0.530535 0.0299262 0.134115
0.531536 0.0296821 0.133143
0.532537 0.0294394 0.132175
0.533538 0.0291981 0.131212
0.534539 0.0289584 0.130253
0.53554 0.02872 0.129299
0.536541 0.0284832 0.128349
0.537542 0.0282479 0.127403
0.538543 0.0280141 0.126461
0.539544 0.0277819 0.125523
0.540545 0.0275512 0.12459
0.541546 0.0273219 0.123661
0.542547 0.0270942 0.122736
0.543548 0.0268679 0.121815
0.544549 0.0266431 0.120899
0.54555 0.0264198 0.119988
0.546551 0.0261978 0.11908
0.547552 0.0259773 0.118178
0.548553 0.0257582 0.11728
0.549554 0.0255405 0.116386
0.550555 0.0253242 0.115497
0.551556 0.0251093 0.114613
0.552557 0.0248957 0.113734
0.553558 0.0246836 0.112859
0.554559 0.024473 0.111989
0.55556 0.0242638 0.111123
0.556561 0.024056 0.110261
0.557562 0.0238497 0.109403
0.558563 0.0236447 0.10855
0.559564 0.0234411 0.107702
0.560565 0.0232388 0.106858
0.561566 0.0230378 0.106018
0.562567 0.0228381 0.105182
0.563568 0.0226397 0.104351
0.564569 0.0224425 0.103524
0.56557 0.0222466 0.102701
0.566571 0.0220519 0.101883
0.567572 0.0218583 0.101069
0.568573 0.021666 0.100259
0.569574 0.0214748 0.0994539
0.570575 0.0212847 0.0986526
0.571576 0.021096 0.0978554
0.572577 0.0209084 0.0970623
0.573578 0.0207221 0.0962733
0.574579 0.020537 0.0954884
0.57558 0.0203531 0.0947076
0.576581 0.0201704 0.0939311
0.577582 0.0199889 0.0931587
0.578583 0.0198085 0.0923906
0.579584 0.0196294 0.0916268
0.580585 0.0194514 0.0908672
0.581586 0.0192746 0.0901119
0.582587 0.0190989 0.089361
0.583588 0.0189244 0.0886143
0.584589 0.0187511 0.0878721
0.58559 0.0185788 0.0871342
0.586591 0.0184077 0.0864008
0.587592 0.0182378 0.0856717
0.588593 0.018069 0.0849469
0.589594 0.0179014 0.0842262
0.590595 0.017735 0.0835098
0.591596 0.0175698 0.0827976
0.592597 0.0174056 0.0820896
0.593598 0.0172426 0.0813857
0.594599 0.0170807 0.0806859
0.5956 0.0169199 0.0799903
0.596601 0.0167601 0.0792987
0.597602 0.0166014 0.0786112
0.598603 0.0164438 0.0779278
0.599604 0.0162871 0.0772484
0.600605 0.0161315 0.0765731
0.601606 0.0159769 0.0759017
0.602607 0.0158232 0.0752343
0.603608 0.0156706 0.0745709
0.604609 0.0155189 0.0739114
0.60561 0.0153682 0.0732558
0.606611 0.0152185 0.0726041
0.607612 0.0150698 0.0719562
0.608613 0.0149222 0.0713123
0.609614 0.0147756 0.0706722
0.610615 0.0146299 0.0700361
0.611615 0.0144853 0.0694038
0.612616 0.0143416 0.0687755
0.613617 0.0141989 0.0681512
0.614618 0.0140572 0.0675307
0.615619 0.0139165 0.0669142
0.61662 0.0137768 0.0663017
0.617621 0.013638 0.0656931
0.618622 0.0135001 0.0650885
0.619623 0.0133633 0.0644879
0.620624 0.0132273 0.0638912
0.621625 0.0130924 0.0632985
0.622626 0.0129584 0.0627098
0.623627 0.0128254 0.062125
0.624628 0.0126934 0.0615441
0.625629 0.0125623 0.0609672
0.62663 0.0124322 0.0603941
0.627631 0.0123031 0.0598248
0.628632 0.0121749 0.0592593
0.629633 0.0120476 0.0586976
0.630634 0.0119212 0.0581397
0.631635 0.0117957 0.0575855
0.632636 0.0116711 0.0570349
0.633637 0.0115474 0.0564881
0.634638 0.0114245 0.0559449
0.635639 0.0113025 0.0554053
0.63664 0.0111814 0.0548693
0.637641 0.011061 0.0543369
0.638642 0.0109416 0.053808
0.639643 0.0108229 0.0532827
0.640644 0.0107051 0.0527609
0.641645 0.0105882 0.0522428
0.642646 0.0104722 0.0517282
0.643647 0.010357 0.0512171
0.644648 0.0102426 0.0507096
0.645649 0.0101291 0.0502057
0.64665 0.0100164 0.0497053
0.647651 0.0099046 0.0492084
0.648652 0.00979361 0.0487151
0.649653 0.00968346 0.0482253
0.650654 0.00957414 0.0477389
0.651655 0.00946564 0.0472561
0.652656 0.00935797 0.0467768
0.653657 0.00925111 0.046301
0.654658 0.00914508 0.0458286
0.655659 0.00903985 0.0453598
0.65666 0.00893544 0.0448944
0.657661 0.00883188 0.0444325
0.658662 0.00872915 0.0439742
0.659663 0.00862725 0.0435195
0.660664 0.00852618 0.0430682
0.661665 0.00842592 0.0426203
0.662666 0.00832647 0.0421759
0.663667 0.00822781 0.0417348
0.664668 0.00812994 0.041297
0.665669 0.00803284 0.0408626
0.66667 0.00793652 0.0404314
0.667671 0.00784096 0.0400035
0.668672 0.00774616 0.0395788
0.669673 0.0076521 0.0391573
0.670674 0.00755878 0.0387389
0.671675 0.00746619 0.0383236
0.672676 0.00737433 0.0379114
0.673677 0.00728317 0.0375022
0.674678 0.00719275 0.0370961
0.675679 0.00710306 0.0366933
0.67668 0.00701412 0.0362936
0.677681 0.00692592 0.0358971
0.678682 0.00683845 0.0355036
0.679683 0.00675172 0.0351134
0.680684 0.00666572 0.0347262
0.681685 0.00658044 0.0343421
0.682686 0.00649589 0.0339611
0.683687 0.00641206 0.0335831
0.684688 0.00632895 0.0332082
0.685689 0.00624656 0.0328363
0.68669 0.00616489 0.0324674
0.687691 0.00608392 0.0321015
0.688692 0.00600366 0.0317386
0.689693 0.00592411 0.0313786
0.690694 0.00584527 0.0310216
0.691695 0.00576712 0.0306675
0.692696 0.00568971 0.0303165
0.693697 0.00561303 0.0299686
0.694698 0.00553707 0.0296238
0.695699 0.00546182 0.029282
0.6967 0.00538728 0.0289431
0.697701 0.00531344 0.0286072
0.698702 0.00524028 0.0282743
0.699703 0.00516781 0.0279441
0.700704 0.00509601 0.0276168
0.701705 0.00502488 0.0272923
0.702706 0.00495441 0.0269705
0.703707 0.00488458 0.0266515
0.704708 0.00481541 0.0263352
0.705709 0.00474686 0.0260214
0.70671 0.00467895 0.0257103
0.707711 0.00461166 0.0254018
0.708712 0.00454498 0.0250958
0.709713 0.00447892 0.0247924
0.710714 0.00441351 0.0244918
0.711715 0.00434874 0.0241938
0.712716 0.00428462 0.0238986
0.713717 0.00422113 0.023606
0.714718 0.00415828 0.0233161
0.715719 0.00409606 0.0230289
0.71672 0.00403447 0.0227442
0.717721 0.0039735 0.0224621
0.718722 0.00391315 0.0221826
0.719723 0.00385342 0.0219057
0.720724 0.00379429 0.0216312
0.721725 0.00373578 0.0213593
0.722725 0.00367788 0.0210898
0.723726 0.00362057 0.0208228
0.724727 0.00356386 0.0205582
0.725728 0.00350775 0.020296
0.726729 0.00345223 0.0200362
0.72773 0.00339733 0.019779
0.728731 0.00334306 0.0195243
0.729732 0.00328941 0.0192722
0.730733 0.00323637 0.0190227
0.731734 0.00318395 0.0187757
0.732735 0.00313212 0.0185311
0.733736 0.00308089 0.018289
0.734737 0.00303023 0.0180492
0.735738 0.00298015 0.0178118
0.736739 0.00293064 0.0175766
0.73774 0.00288169 0.0173438
0.738741 0.00283328 0.0171132
0.739742 0.00278542 0.0168848
0.740743 0.00273809 0.0166585
0.741744 0.00269129 0.0164344
0.742745 0.002645 0.0162123
0.743746 0.00259923 0.0159923
0.744747 0.00255397 0.0157743
0.745748 0.00250925 0.0155586
0.746749 0.00246509 0.0153451
0.74775 0.00242148 0.0151338
0.748751 0.00237842 0.0149248
0.749752 0.0023359 0.014718
0.750753 0.00229391 0.0145133
0.751754 0.00225245 0.0143108
0.752755 0.0022115 0.0141103
0.753756 0.00217108 0.013912
0.754757 0.00213116 0.0137157
0.755758 0.00209175 0.0135214
0.756759 0.00205283 0.0133291
0.75776 0.00201441 0.0131388
0.758761 0.00197648 0.0129505
0.759762 0.00193902 0.0127641
0.760763 0.00190204 0.0125796
0.761764 0.00186553 0.0123969
0.762765 0.00182949 0.0122162
0.763766 0.00179397 0.0120375
0.764767 0.00175898 0.011861
0.765768 0.0017245 0.0116865
0.766769 0.00169052 0.011514
0.76777 0.00165704 0.0113436
0.768771 0.00162404 0.011175
0.769772 0.00159152 0.0110084
0.770773 0.00155946 0.0108437
0.771774 0.00152787 0.0106808
0.772775 0.00149672 0.0105197
0.773776 0.00146602 0.0103604
0.774777 0.00143575 0.0102028
0.775778 0.0014059 0.010047
0.776779 0.00137647 0.00989276
0.77778 0.00134744 0.00974019
0.778781 0.00131881 0.00958921
0.779782 0.00129058 0.00943981
0.780783 0.00126274 0.009292
0.781784 0.00123536 0.009146
0.782785 0.00120844 0.0090018
0.783786 0.00118195 0.00885937
0.784787 0.00115591 0.00871868
0.785788 0.0011303 0.00857971
0.786789 0.0011051 0.00844243
0.78779 0.00108032 0.00830681
0.788791 0.00105594 0.00817281
0.789792 0.00103196 0.00804043
0.790793 0.00100837 0.00790963
0.791794 0.00098516 0.00778037
0.792795 0.000962322 0.00765265
0.793796 0.00093985 0.00752642
0.794797 0.000917736 0.00740167
0.795798 0.000895971 0.00727836
0.796799 0.00087455 0.00715648
0.7978 0.000853463 0.00703599
0.798801 0.000832733 0.00691697
0.799802 0.000812416 0.00679959
0.800803 0.000792503 0.00668384
0.801804 0.000772985 0.00656967
0.802805 0.000753851 0.00645706
0.803806 0.000735091 0.00634597
0.804807 0.000716694 0.00623637
0.805808 0.000698652 0.00612822
0.806809 0.000680953 0.00602149
0.80781 0.000663588 0.00591615
0.808811 0.000646547 0.00581217
0.809812 0.00062982 0.00570952
0.810813 0.000613397 0.00560815
0.811814 0.000597269 0.00550805
0.812815 0.000581427 0.00540918
0.813816 0.00056586 0.0053115
0.814817 0.000550559 0.005215
0.815818 0.000535515 0.00511963
0.816819 0.000520756 0.00502548
0.81782 0.000506342 0.00493272
0.818821 0.000492262 0.00484133
0.819822 0.000478507 0.00475128
0.820823 0.000465069 0.00466254
0.821824 0.000451936 0.00457508
0.822825 0.0004391 0.00448889
0.823826 0.000426552 0.00440393
0.824827 0.000414281 0.00432018
0.825828 0.000402279 0.00423761
0.826829 0.000390537 0.0041562
0.82783 0.000379045 0.00407592
0.828831 0.000367795 0.00399675
0.829832 0.000356777 0.00391865
0.830833 0.000345982 0.00384161
0.831834 0.000335402 0.0037656
0.832835 0.000325027 0.0036906
0.833835 0.000314849 0.00361658
0.834836 0.000304902 0.00354363
0.835837 0.00029524 0.0034719
0.836838 0.000285854 0.00340137
0.837839 0.000276733 0.00333201
0.83884 0.000267868 0.00326379
0.839841 0.000259249 0.00319667
0.840842 0.000250866 0.00313063
0.841843 0.000242708 0.00306564
0.842844 0.000234766 0.00300168
0.843845 0.00022703 0.00293871
0.844846 0.000219491 0.00287671
0.845847 0.000212139 0.00281564
0.846848 0.000204964 0.00275549
0.847849 0.000197957 0.00269622
0.84885 0.000191108 0.0026378
0.849851 0.000184409 0.00258022
0.850852 0.000177849 0.00252343
0.851853 0.00017142 0.00246742
0.852854 0.000165155 0.00241228
0.853855 0.000159106 0.00235814
0.854856 0.000153265 0.00230498
0.855857 0.000147623 0.00225279
0.856858 0.000142172 0.00220154
0.857859 0.000136904 0.0021512
0.85886 0.000131808 0.00210175
0.859861 0.000126878 0.00205316
0.860862 0.000122103 0.00200542
0.861863 0.000117477 0.0019585
0.862864 0.00011299 0.00191238
0.863865 0.000108634 0.00186703
0.864866 0.000104401 0.00182243
0.865867 0.000100283 0.00177856
0.866868 9.62711e-05 0.0017354
0.867869 9.23576e-05 0.00169293
0.86887 8.85344e-05 0.00165112
0.869871 8.47934e-05 0.00160995
0.870872 8.11625e-05 0.0015695
0.871873 7.76895e-05 0.00152991
0.872874 7.43673e-05 0.00149115
0.873875 7.11882e-05 0.0014532
0.874876 6.81446e-05 0.00141603
0.875877 6.52287e-05 0.00137962
0.876878 6.24332e-05 0.00134395
0.877879 5.97504e-05 0.00130899
0.87888 5.7173e-05 0.00127473
0.879881 5.46935e-05 0.00124112
0.880882 5.23046e-05 0.00120816
0.881883 4.99989e-05 0.00117581
0.882884 4.77693e-05 0.00114407
0.883885 4.56084e-05 0.00111289
0.884886 4.35092e-05 0.00108227
0.885887 4.14646e-05 0.00105217
0.886888 3.94674e-05 0.00102258
0.887889 3.75107e-05 0.000993468
0.88889 3.56144e-05 0.000964907
0.889891 3.38197e-05 0.000937027
0.890892 3.21218e-05 0.000909812
0.891893 3.05151e-05 0.00088324
0.892894 2.89939e-05 0.000857292
0.893895 2.75528e-05 0.000831948
0.894896 2.61861e-05 0.000807188
0.895897 2.48885e-05 0.000782992
0.896898 2.36544e-05 0.000759341
0.897899 2.24785e-05 0.000736215
0.8989 2.13553e-05 0.000713596
0.899901 2.02796e-05 0.000691463
0.900902 1.9246e-05 0.000669798
0.901903 1.82493e-05 0.000648582
0.902904 1.72842e-05 0.000627797
0.903905 1.63455e-05 0.000607422
0.904906 1.5428e-05 0.000587441
0.905907 1.45267e-05 0.000567834
0.906908 1.36544e-05 0.000548657
0.907909 1.28414e-05 0.000530033
0.90891 1.20846e-05 0.000511946
0.909911 1.13803e-05 0.000494377
0.910912 1.07246e-05 0.000477306
0.911913 1.0114e-05 0.000460714
0.912914 9.5445e-06 0.00044458
0.913915 9.01257e-06 0.000428888
0.914916 8.5145e-06 0.000413616
0.915917 8.04664e-06 0.000398748
0.916918 7.60536e-06 0.000384263
0.917919 7.18706e-06 0.000370143
0.91892 6.78816e-06 0.00035637
0.919921 6.4051e-06 0.000342925
0.920922 6.03436e-06 0.00032979
0.921923 5.67242e-06 0.000316948
0.922924 5.31579e-06 0.000304379
0.923925 4.96101e-06 0.000292066
0.924926 4.61595e-06 0.000280061
0.925927 4.29925e-06 0.000268477
0.926928 4.00938e-06 0.000257299
0.927929 3.74434e-06 0.000246512
0.92893 3.50212e-06 0.000236098
0.929931 3.28075e-06 0.000226042
0.930932 3.07826e-06 0.000216327
0.931933 2.89268e-06 0.000206936
0.932934 2.72209e-06 0.000197854
0.933935 2.56454e-06 0.000189065
0.934936 2.41811e-06 0.000180552
0.935937 2.2809e-06 0.0001723
0.936938 2.15102e-06 0.000164293
0.937939 2.02657e-06 0.000156516
0.93894 1.90569e-06 0.000148952
0.939941 1.78652e-06 0.000141587
0.940942 1.66721e-06 0.000134406
0.941943 1.54593e-06 0.000127392
0.942944 1.428e-06 0.000120608
0.943945 1.3215e-06 0.00011414
0.944945 1.22558e-06 0.000107973
0.945946 1.13938e-06 0.000102092
0.946947 1.06201e-06 9.64829e-05
0.947948 9.92607e-07 9.11297e-05
0.948949 9.30317e-07 8.60181e-05
0.94995 8.74282e-07 8.11335e-05
0.950951 8.2365e-07 7.64614e-05
0.951952 7.77577e-07 7.19873e-05
0.952953 7.35224e-07 6.76968e-05
0.953954 6.95755e-07 6.35757e-05
0.954955 6.58343e-07 5.96098e-05
0.955956 6.22163e-07 5.5785e-05
0.956957 5.86397e-07 5.20873e-05
0.957958 5.5023e-07 4.85027e-05
0.958959 5.12854e-07 4.50174e-05
0.95996 4.73755e-07 4.1625e-05
0.960961 4.36921e-07 3.84294e-05
0.961962 4.03635e-07 3.54573e-05
0.962963 3.73603e-07 3.26943e-05
0.963964 3.46534e-07 3.01262e-05
0.964965 3.22138e-07 2.77388e-05
0.965966 3.00127e-07 2.5518e-05
0.966967 2.80214e-07 2.34498e-05
0.967968 2.62116e-07 2.15203e-05
0.968969 2.45549e-07 1.97156e-05
0.96997 2.30233e-07 1.80221e-05
0.970971 2.15887e-07 1.6426e-05
0.971972 2.02235e-07 1.49138e-05
0.972973 1.89001e-07 1.3472e-05
0.973974 1.7591e-07 1.20871e-05
0.974975 1.62691e-07 1.07459e-05
0.975976 1.49071e-07 9.43511e-06
0.976977 1.35042e-07 8.16001e-06
0.977978 1.22089e-07 7.02819e-06
0.978979 1.10392e-07 6.0464e-06
0.97998 9.98255e-08 5.19925e-06
0.980981 9.02682e-08 4.47147e-06
0.981982 8.15976e-08 3.84784e-06
0.982983 7.36923e-08 3.31328e-06
0.983984 6.64317e-08 2.85276e-06
0.984985 5.9696e-08 2.45136e-06
0.985986 5.33659e-08 2.09425e-06
0.986987 4.7323e-08 1.76669e-06
0.987988 4.14496e-08 1.45402e-06
0.988989 3.56287e-08 1.14168e-06
0.98999 2.97439e-08 8.152e-07
0.990991 2.409e-08 5.12453e-07
0.991992 1.93581e-08 3.18906e-07
0.992993 1.5387e-08 2.09085e-07
0.993994 1.1991e-08 1.54335e-07
0.994995 8.98508e-09 1.26175e-07
0.995996 6.18572e-09 9.62939e-08
0.996997 3.55766e-09 4.84904e-08
0.997998 1.83164e-09 3.77004e-08
0.998999 5.51964e-10 3.3314e-08
1 0 0
