1.5 1.84255 0.39958
1.5986 2.3385 0.415217
1.6972 2.81376 0.430358
1.7958 3.2672 0.444937
1.89439 3.70158 0.459015
1.99299 4.11742 0.472591
2.09159 4.51479 0.485655
2.19019 4.8957 0.498257
2.28879 5.26155 0.510429
2.38739 5.61275 0.522178
2.48599 5.94977 0.533513
2.58458 6.27379 0.544466
2.68318 6.58623 0.555075
2.78178 6.88755 0.56535
2.88038 7.17821 0.575303
2.97898 7.45862 0.584947
3.07758 7.72929 0.594293
3.17618 7.99127 0.603372
3.27477 8.24511 0.6122
3.37337 8.49116 0.620785
3.47197 8.72973 0.629137
3.57057 8.96115 0.637265
3.66917 9.18569 0.645178
3.76777 9.40364 0.652882
3.86637 9.61631 0.660393
3.96496 9.82447 0.667725
4.06356 10.0277 0.674885
4.16216 10.2258 0.681878
4.26076 10.4185 0.688712
4.35936 10.6055 0.695392
4.45796 10.7867 0.701924
4.55656 10.962 0.708312
4.65516 11.1313 0.714563
4.75375 11.2945 0.72068
4.85235 11.452 0.726672
4.95095 11.6043 0.732547
5.04955 11.7518 0.738308
5.14815 11.895 0.743959
5.24675 12.0343 0.749504
5.34535 12.17 0.754945
5.44394 12.3025 0.760286
5.54254 12.432 0.765529
5.64114 12.5589 0.770679
5.73974 12.6833 0.775736
5.83834 12.8055 0.780705
5.93694 12.9256 0.785588
6.03554 13.044 0.790386
6.13413 13.1608 0.795103
6.23273 13.2757 0.799743
6.33133 13.3887 0.804309
6.42993 13.4999 0.808804
6.52853 13.6091 0.81323
6.62713 13.7166 0.817588
6.72573 13.8223 0.821881
6.82432 13.9263 0.826109
6.92292 14.0287 0.830275
7.02152 14.1294 0.834381
7.12012 14.2286 0.838427
7.21872 14.3262 0.842416
7.31732 14.4224 0.846349
7.41592 14.5171 0.850226
7.51451 14.6103 0.85405
7.61311 14.7022 0.857822
7.71171 14.7928 0.861543
7.81031 14.882 0.865214
7.90891 14.9699 0.868836
8.00751 15.0566 0.87241
8.10611 15.1421 0.875938
8.2047 15.2264 0.879422
8.3033 15.3096 0.882863
8.4019 15.3917 0.886262
8.5005 15.4727 0.88962
8.5991 15.5527 0.892938
8.6977 15.6317 0.896217
8.7963 15.7097 0.899458
8.89489 15.7867 0.902661
8.99349 15.8627 0.905827
9.09209 15.9378 0.908958
9.19069 16.012 0.912053
9.28929 16.0853 0.915114
9.38789 16.1578 0.91814
9.48649 16.2293 0.921134
9.58509 16.3001 0.924095
9.68368 16.37 0.927024
9.78228 16.4391 0.929922
9.88088 16.5074 0.932789
9.97948 16.5749 0.935626
10.0781 16.6417 0.938433
10.1767 16.7077 0.941212
10.2753 16.773 0.943962
10.3739 16.8375 0.946684
10.4725 16.9014 0.949378
10.5711 16.9646 0.952046
10.6697 17.0271 0.954687
10.7683 17.0889 0.957302
10.8669 17.1501 0.959892
10.9655 17.2106 0.962456
11.0641 17.2705 0.964997
11.1627 17.3298 0.967514
11.2613 17.3886 0.970008
11.3599 17.4467 0.972479
11.4585 17.5043 0.974928
11.5571 17.5614 0.977355
11.6557 17.6178 0.979761
11.7543 17.6738 0.982145
11.8529 17.7292 0.984508
11.9515 17.7841 0.986851
12.0501 17.8385 0.989174
12.1486 17.8924 0.991476
12.2472 17.9458 0.993759
12.3458 17.9987 0.996023
12.4444 18.0511 0.998268
12.543 18.103 1.00049
12.6416 18.1545 1.0027
12.7402 18.2056 1.00489
12.8388 18.2561 1.00706
12.9374 18.3063 1.00922
13.036 18.356 1.01135
13.1346 18.4052 1.01347
13.2332 18.4541 1.01557
13.3318 18.5025 1.01766
13.4304 18.5505 1.01973
13.529 18.5981 1.02178
13.6276 18.6453 1.02382
13.7262 18.6922 1.02584
13.8248 18.7386 1.02785
13.9234 18.7846 1.02984
14.022 18.8303 1.03181
14.1206 18.8756 1.03377
14.2192 18.9206 1.03572
14.3178 18.9651 1.03765
14.4164 19.0094 1.03957
14.515 19.0532 1.04147
14.6136 19.0967 1.04336
14.7122 19.1399 1.04524
14.8108 19.1828 1.0471
14.9094 19.2253 1.04895
15.008 19.2675 1.05078
15.1066 19.3093 1.05261
15.2052 19.3509 1.05442
15.3038 19.3921 1.05621
15.4024 19.4331 1.058
15.501 19.4737 1.05977
15.5996 19.5141 1.06153
15.6982 19.5541 1.06328
15.7968 19.5939 1.06502
15.8954 19.6334 1.06675
15.994 19.6726 1.06846
16.0926 19.7116 1.07017
16.1912 19.7502 1.07186
16.2898 19.7886 1.07354
16.3884 19.8268 1.07522
16.487 19.8646 1.07688
16.5856 19.9023 1.07853
16.6842 19.9396 1.08017
16.7828 19.9767 1.0818
16.8814 20.0136 1.08342
16.98 20.0502 1.08503
17.0786 20.0866 1.08663
17.1772 20.1227 1.08821
17.2758 20.1586 1.08979
17.3744 20.1942 1.09137
17.473 20.2297 1.09293
17.5716 20.2649 1.09448
17.6702 20.2998 1.09602
17.7688 20.3346 1.09755
17.8674 20.3691 1.09908
17.966 20.4034 1.10059
18.0646 20.4375 1.1021
18.1632 20.4714 1.1036
18.2618 20.505 1.10508
18.3604 20.5385 1.10657
18.459 20.5717 1.10804
18.5576 20.6048 1.1095
18.6562 20.6376 1.11095
18.7548 20.6703 1.1124
18.8534 20.7027 1.11384
18.952 20.7349 1.11527
19.0506 20.767 1.11669
19.1491 20.7989 1.11811
19.2477 20.8305 1.11951
19.3463 20.862 1.12091
19.4449 20.8933 1.1223
19.5435 20.9244 1.12369
19.6421 20.9553 1.12506
19.7407 20.9861 1.12643
19.8393 21.0167 1.12779
19.9379 21.0471 1.12915
20.0365 21.0773 1.1305
20.1351 21.1073 1.13183
20.2337 21.1372 1.13317
20.3323 21.1669 1.13449
20.4309 21.1964 1.13581
20.5295 21.2258 1.13712
20.6281 21.255 1.13843
20.7267 21.2841 1.13973
20.8253 21.3129 1.14102
20.9239 21.3417 1.1423
21.0225 21.3702 1.14358
21.1211 21.3986 1.14485
21.2197 21.4269 1.14612
21.3183 21.455 1.14738
21.4169 21.4829 1.14863
21.5155 21.5107 1.14988
21.6141 21.5384 1.15112
21.7127 21.5659 1.15235
21.8113 21.5932 1.15358
21.9099 21.6205 1.1548
22.0085 21.6475 1.15602
22.1071 21.6745 1.15723
22.2057 21.7013 1.15843
22.3043 21.728 1.15963
22.4029 21.7545 1.16083
22.5015 21.7809 1.16202
22.6001 21.8072 1.1632
22.6987 21.8333 1.16437
22.7973 21.8593 1.16555
22.8959 21.8852 1.16671
22.9945 21.9109 1.16787
23.0931 21.9365 1.16903
23.1917 21.962 1.17018
23.2903 21.9874 1.17132
23.3889 22.0127 1.17246
23.4875 22.0378 1.1736
23.5861 22.0628 1.17473
23.6847 22.0877 1.17585
23.7833 22.1125 1.17697
23.8819 22.1371 1.17809
23.9805 22.1616 1.1792
24.0791 22.186 1.1803
24.1777 22.2103 1.1814
24.2763 22.2345 1.1825
24.3749 22.2586 1.18359
24.4735 22.2826 1.18468
24.5721 22.3064 1.18576
24.6707 22.3302 1.18683
24.7693 22.3538 1.1879
24.8679 22.3773 1.18897
24.9665 22.4007 1.19003
25.0651 22.424 1.19109
25.1637 22.4472 1.19215
25.2623 22.4703 1.1932
25.3609 22.4933 1.19424
25.4595 22.5162 1.19528
25.5581 22.539 1.19632
25.6567 22.5617 1.19735
25.7553 22.5843 1.19838
25.8539 22.6067 1.1994
25.9525 22.6291 1.20042
26.0511 22.6514 1.20144
26.1496 22.6736 1.20245
26.2482 22.6957 1.20345
26.3468 22.7177 1.20446
26.4454 22.7396 1.20546
26.544 22.7614 1.20645
26.6426 22.7831 1.20744
26.7412 22.8047 1.20843
26.8398 22.8263 1.20941
26.9384 22.8477 1.21039
27.037 22.8691 1.21137
27.1356 22.8903 1.21234
27.2342 22.9115 1.2133
27.3328 22.9325 1.21427
27.4314 22.9535 1.21523
27.53 22.9744 1.21618
27.6286 22.9952 1.21714
27.7272 23.016 1.21809
27.8258 23.0366 1.21903
27.9244 23.0572 1.21997
28.023 23.0776 1.22091
28.1216 23.098 1.22185
28.2202 23.1183 1.22278
28.3188 23.1386 1.2237
28.4174 23.1587 1.22463
28.516 23.1788 1.22555
28.6146 23.1987 1.22646
28.7132 23.2186 1.22738
28.8118 23.2385 1.22829
28.9104 23.2582 1.2292
29.009 23.2779 1.2301
29.1076 23.2974 1.231
29.2062 23.3169 1.2319
29.3048 23.3364 1.23279
29.4034 23.3557 1.23368
29.502 23.375 1.23457
29.6006 23.3942 1.23545
29.6992 23.4133 1.23633
29.7978 23.4324 1.23721
29.8964 23.4514 1.23808
29.995 23.4703 1.23895
30.0936 23.4891 1.23982
30.1922 23.5079 1.24069
30.2908 23.5266 1.24155
30.3894 23.5452 1.24241
30.488 23.5637 1.24326
30.5866 23.5822 1.24412
30.6852 23.6006 1.24496
30.7838 23.619 1.24581
30.8824 23.6372 1.24666
30.981 23.6554 1.2475
31.0796 23.6736 1.24833
31.1782 23.6916 1.24917
31.2768 23.7096 1.25
31.3754 23.7276 1.25083
31.474 23.7454 1.25166
31.5726 23.7632 1.25248
31.6712 23.781 1.2533
31.7698 23.7986 1.25412
31.8684 23.8162 1.25494
31.967 23.8338 1.25575
32.0656 23.8513 1.25656
32.1642 23.8687 1.25737
32.2628 23.8861 1.25817
32.3614 23.9034 1.25897
32.46 23.9206 1.25977
32.5586 23.9378 1.26057
32.6572 23.9549 1.26136
32.7558 23.972 1.26215
32.8544 23.989 1.26294
32.953 24.0059 1.26373
33.0516 24.0228 1.26451
33.1502 24.0396 1.2653
33.2487 24.0564 1.26608
33.3473 24.0731 1.26685
33.4459 24.0898 1.26763
33.5445 24.1064 1.2684
33.6431 24.1229 1.26917
33.7417 24.1394 1.26993
33.8403 24.1558 1.2707
33.9389 24.1722 1.27146
34.0375 24.1885 1.27222
34.1361 24.2048 1.27298
34.2347 24.221 1.27373
34.3333 24.2372 1.27449
34.4319 24.2533 1.27524
34.5305 24.2693 1.27598
34.6291 24.2853 1.27673
34.7277 24.3013 1.27747
34.8263 24.3171 1.27821
34.9249 24.333 1.27895
35.0235 24.3488 1.27969
35.1221 24.3645 1.28042
35.2207 24.3802 1.28116
35.3193 24.3958 1.28189
35.4179 24.4114 1.28261
35.5165 24.427 1.28334
35.6151 24.4425 1.28406
35.7137 24.4579 1.28479
35.8123 24.4733 1.2855
35.9109 24.4886 1.28622
36.0095 24.5039 1.28694
36.1081 24.5191 1.28765
36.2067 24.5343 1.28836
36.3053 24.5495 1.28907
36.4039 24.5646 1.28978
36.5025 24.5796 1.29048
36.6011 24.5946 1.29118
36.6997 24.6096 1.29188
36.7983 24.6245 1.29258
36.8969 24.6394 1.29328
36.9955 24.6542 1.29397
37.0941 24.669 1.29467
37.1927 24.6837 1.29536
37.2913 24.6984 1.29604
37.3899 24.713 1.29673
37.4885 24.7276 1.29742
37.5871 24.7421 1.2981
37.6857 24.7566 1.29878
37.7843 24.7711 1.29946
37.8829 24.7855 1.30013
37.9815 24.7999 1.30081
38.0801 24.8142 1.30148
38.1787 24.8285 1.30215
38.2773 24.8428 1.30282
38.3759 24.857 1.30349
38.4745 24.8711 1.30416
38.5731 24.8852 1.30482
38.6717 24.8993 1.30548
38.7703 24.9133 1.30614
38.8689 24.9273 1.3068
38.9675 24.9413 1.30746
39.0661 24.9552 1.30811
39.1647 24.9691 1.30876
39.2633 24.9829 1.30941
39.3619 24.9967 1.31006
39.4605 25.0104 1.31071
39.5591 25.0241 1.31136
39.6577 25.0378 1.312
39.7563 25.0514 1.31264
39.8549 25.065 1.31328
39.9535 25.0786 1.31392
40.0521 25.0921 1.31456
40.1507 25.1055 1.3152
40.2492 25.119 1.31583
40.3478 25.1324 1.31646
40.4464 25.1457 1.31709
40.545 25.1591 1.31772
40.6436 25.1723 1.31835
40.7422 25.1856 1.31897
40.8408 25.1988 1.3196
40.9394 25.212 1.32022
41.038 25.2251 1.32084
41.1366 25.2382 1.32146
41.2352 25.2512 1.32208
41.3338 25.2643 1.32269
41.4324 25.2773 1.32331
41.531 25.2902 1.32392
41.6296 25.3031 1.32453
41.7282 25.316 1.32514
41.8268 25.3289 1.32575
41.9254 25.3417 1.32635
42.024 25.3544 1.32696
42.1226 25.3672 1.32756
42.2212 25.3799 1.32816
42.3198 25.3926 1.32876
42.4184 25.4052 1.32936
42.517 25.4178 1.32996
42.6156 25.4304 1.33055
42.7142 25.4429 1.33115
42.8128 25.4554 1.33174
42.9114 25.4679 1.33233
43.01 25.4803 1.33292
43.1086 25.4927 1.33351
43.2072 25.5051 1.3341
43.3058 25.5174 1.33468
43.4044 25.5297 1.33527
43.503 25.542 1.33585
43.6016 25.5542 1.33643
43.7002 25.5664 1.33701
43.7988 25.5786 1.33759
43.8974 25.5907 1.33816
43.996 25.6028 1.33874
44.0946 25.6149 1.33931
44.1932 25.6269 1.33988
44.2918 25.639 1.34046
44.3904 25.6509 1.34102
44.489 25.6629 1.34159
44.5876 25.6748 1.34216
44.6862 25.6867 1.34273
44.7848 25.6986 1.34329
44.8834 25.7104 1.34385
44.982 25.7222 1.34441
45.0806 25.734 1.34497
45.1792 25.7457 1.34553
45.2778 25.7574 1.34609
45.3764 25.7691 1.34665
45.475 25.7807 1.3472
45.5736 25.7923 1.34775
45.6722 25.8039 1.34831
45.7708 25.8155 1.34886
45.8694 25.827 1.34941
45.968 25.8385 1.34996
46.0666 25.85 1.3505
46.1652 25.8614 1.35105
46.2638 25.8729 1.35159
46.3624 25.8842 1.35214
46.461 25.8956 1.35268
46.5596 25.9069 1.35322
46.6582 25.9182 1.35376
46.7568 25.9295 1.3543
46.8554 25.9408 1.35483
46.954 25.952 1.35537
47.0526 25.9632 1.3559
47.1512 25.9743 1.35644
47.2497 25.9855 1.35697
47.3483 25.9966 1.3575
47.4469 26.0077 1.35803
47.5455 26.0187 1.35856
47.6441 26.0297 1.35908
47.7427 26.0407 1.35961
47.8413 26.0517 1.36014
47.9399 26.0627 1.36066
48.0385 26.0736 1.36118
48.1371 26.0845 1.3617
48.2357 26.0954 1.36222
48.3343 26.1062 1.36274
48.4329 26.117 1.36326
48.5315 26.1278 1.36378
48.6301 26.1386 1.36429
48.7287 26.1493 1.36481
48.8273 26.16 1.36532
48.9259 26.1707 1.36583
49.0245 26.1814 1.36634
49.1231 26.1921 1.36685
49.2217 26.2027 1.36736
49.3203 26.2133 1.36787
49.4189 26.2238 1.36838
49.5175 26.2344 1.36888
49.6161 26.2449 1.36939
49.7147 26.2554 1.36989
49.8133 26.2659 1.37039
49.9119 26.2763 1.37089
50.0105 26.2868 1.3714
50.1091 26.2972 1.37189
50.2077 26.3075 1.37239
50.3063 26.3179 1.37289
50.4049 26.3282 1.37339
50.5035 26.3385 1.37388
50.6021 26.3488 1.37437
50.7007 26.3591 1.37487
50.7993 26.3693 1.37536
50.8979 26.3795 1.37585
50.9965 26.3897 1.37634
51.0951 26.3999 1.37683
51.1937 26.41 1.37732
51.2923 26.4202 1.3778
51.3909 26.4303 1.37829
51.4895 26.4403 1.37877
51.5881 26.4504 1.37926
51.6867 26.4604 1.37974
51.7853 26.4705 1.38022
51.8839 26.4804 1.3807
51.9825 26.4904 1.38118
52.0811 26.5004 1.38166
52.1797 26.5103 1.38214
52.2783 26.5202 1.38262
52.3769 26.5301 1.38309
52.4755 26.5399 1.38357
52.5741 26.5498 1.38404
52.6727 26.5596 1.38452
52.7713 26.5694 1.38499
52.8699 26.5792 1.38546
52.9685 26.5889 1.38593
53.0671 26.5986 1.3864
53.1657 26.6084 1.38687
53.2643 26.6181 1.38733
53.3629 26.6277 1.3878
53.4615 26.6374 1.38827
53.5601 26.647 1.38873
53.6587 26.6566 1.38919
53.7573 26.6662 1.38966
53.8559 26.6758 1.39012
53.9545 26.6853 1.39058
54.0531 26.6948 1.39104
54.1517 26.7043 1.3915
54.2503 26.7138 1.39196
54.3488 26.7233 1.39241
54.4474 26.7328 1.39287
54.546 26.7422 1.39333
54.6446 26.7516 1.39378
54.7432 26.761 1.39423
54.8418 26.7703 1.39469
54.9404 26.7797 1.39514
55.039 26.789 1.39559
55.1376 26.7983 1.39604
55.2362 26.8076 1.39649
55.3348 26.8169 1.39694
55.4334 26.8261 1.39739
55.532 26.8354 1.39783
55.6306 26.8446 1.39828
55.7292 26.8538 1.39872
55.8278 26.863 1.39917
55.9264 26.8721 1.39961
56.025 26.8813 1.40005
56.1236 26.8904 1.4005
56.2222 26.8995 1.40094
56.3208 26.9086 1.40138
56.4194 26.9176 1.40182
56.518 26.9267 1.40225
56.6166 26.9357 1.40269
56.7152 26.9447 1.40313
56.8138 26.9537 1.40356
56.9124 26.9627 1.404
57.011 26.9716 1.40443
57.1096 26.9806 1.40487
57.2082 26.9895 1.4053
57.3068 26.9984 1.40573
57.4054 27.0073 1.40616
57.504 27.0162 1.40659
57.6026 27.025 1.40702
57.7012 27.0338 1.40745
57.7998 27.0427 1.40788
57.8984 27.0514 1.4083
57.997 27.0602 1.40873
58.0956 27.069 1.40916
58.1942 27.0777 1.40958
58.2928 27.0865 1.41
58.3914 27.0952 1.41043
58.49 27.1039 1.41085
58.5886 27.1125 1.41127
58.6872 27.1212 1.41169
58.7858 27.1298 1.41211
58.8844 27.1385 1.41253
58.983 27.1471 1.41295
59.0816 27.1557 1.41337
59.1802 27.1642 1.41378
59.2788 27.1728 1.4142
59.3774 27.1813 1.41462
59.476 27.1899 1.41503
59.5746 27.1984 1.41544
59.6732 27.2069 1.41586
59.7718 27.2153 1.41627
59.8704 27.2238 1.41668
59.969 27.2323 1.41709
60.0676 27.2407 1.4175
60.1662 27.2491 1.41791
60.2648 27.2575 1.41832
60.3634 27.2659 1.41873
60.462 27.2742 1.41914
60.5606 27.2826 1.41954
60.6592 27.2909 1.41995
60.7578 27.2992 1.42035
60.8564 27.3075 1.42076
60.955 27.3158 1.42116
61.0536 27.3241 1.42157
61.1522 27.3323 1.42197
61.2508 27.3406 1.42237
61.3493 27.3488 1.42277
61.4479 27.357 1.42317
61.5465 27.3652 1.42357
61.6451 27.3734 1.42397
61.7437 27.3815 1.42437
61.8423 27.3897 1.42477
61.9409 27.3978 1.42516
62.0395 27.4059 1.42556
62.1381 27.414 1.42595
62.2367 27.4221 1.42635
62.3353 27.4302 1.42674
62.4339 27.4383 1.42714
62.5325 27.4463 1.42753
62.6311 27.4543 1.42792
62.7297 27.4623 1.42831
62.8283 27.4703 1.4287
62.9269 27.4783 1.42909
63.0255 27.4863 1.42948
63.1241 27.4942 1.42987
63.2227 27.5022 1.43026
63.3213 27.5101 1.43065
63.4199 27.518 1.43103
63.5185 27.5259 1.43142
63.6171 27.5338 1.4318
63.7157 27.5417 1.43219
63.8143 27.5495 1.43257
63.9129 27.5574 1.43296
64.0115 27.5652 1.43334
64.1101 27.573 1.43372
64.2087 27.5808 1.4341
64.3073 27.5886 1.43448
64.4059 27.5964 1.43486
64.5045 27.6041 1.43524
64.6031 27.6118 1.43562
64.7017 27.6196 1.436
64.8003 27.6273 1.43638
64.8989 27.635 1.43676
64.9975 27.6427 1.43713
65.0961 27.6504 1.43751
65.1947 27.658 1.43788
65.2933 27.6657 1.43826
65.3919 27.6733 1.43863
65.4905 27.6809 1.43901
65.5891 27.6885 1.43938
65.6877 27.6961 1.43975
65.7863 27.7037 1.44012
65.8849 27.7113 1.44049
65.9835 27.7188 1.44086
66.0821 27.7264 1.44123
66.1807 27.7339 1.4416
66.2793 27.7414 1.44197
66.3779 27.7489 1.44234
66.4765 27.7564 1.44271
66.5751 27.7639 1.44307
66.6737 27.7713 1.44344
66.7723 27.7788 1.4438
66.8709 27.7862 1.44417
66.9695 27.7936 1.44453
67.0681 27.801 1.4449
67.1667 27.8084 1.44526
67.2653 27.8158 1.44562
67.3639 27.8232 1.44599
67.4625 27.8306 1.44635
67.5611 27.8379 1.44671
67.6597 27.8453 1.44707
67.7583 27.8526 1.44743
67.8569 27.8599 1.44779
67.9555 27.8672 1.44815
68.0541 27.8745 1.4485
68.1527 27.8817 1.44886
68.2513 27.889 1.44922
68.3498 27.8963 1.44957
68.4484 27.9035 1.44993
68.547 27.9107 1.45029
68.6456 27.9179 1.45064
68.7442 27.9251 1.45099
68.8428 27.9323 1.45135
68.9414 27.9395 1.4517
69.04 27.9467 1.45205
69.1386 27.9538 1.4524
69.2372 27.961 1.45276
69.3358 27.9681 1.45311
69.4344 27.9752 1.45346
69.533 27.9823 1.45381
69.6316 27.9894 1.45416
69.7302 27.9965 1.4545
69.8288 28.0035 1.45485
69.9274 28.0106 1.4552
70.026 28.0177 1.45555
70.1246 28.0247 1.45589
70.2232 28.0317 1.45624
70.3218 28.0387 1.45659
70.4204 28.0457 1.45693
70.519 28.0527 1.45727
70.6176 28.0597 1.45762
70.7162 28.0667 1.45796
70.8148 28.0736 1.4583
70.9134 28.0806 1.45865
71.012 28.0875 1.45899
71.1106 28.0944 1.45933
71.2092 28.1013 1.45967
71.3078 28.1082 1.46001
71.4064 28.1151 1.46035
71.505 28.122 1.46069
71.6036 28.1288 1.46103
71.7022 28.1357 1.46137
71.8008 28.1425 1.4617
71.8994 28.1494 1.46204
71.998 28.1562 1.46238
72.0966 28.163 1.46271
72.1952 28.1698 1.46305
72.2938 28.1766 1.46338
72.3924 28.1834 1.46372
72.491 28.1901 1.46405
72.5896 28.1969 1.46439
72.6882 28.2036 1.46472
72.7868 28.2104 1.46505
72.8854 28.2171 1.46538
72.984 28.2238 1.46572
73.0826 28.2305 1.46605
73.1812 28.2372 1.46638
73.2798 28.2439 1.46671
73.3784 28.2506 1.46704
73.477 28.2572 1.46737
73.5756 28.2639 1.4677
73.6742 28.2705 1.46802
73.7728 28.2771 1.46835
73.8714 28.2838 1.46868
73.97 28.2904 1.46901
74.0686 28.297 1.46933
74.1672 28.3036 1.46966
74.2658 28.3101 1.46998
74.3644 28.3167 1.47031
74.463 28.3233 1.47063
74.5616 28.3298 1.47096
74.6602 28.3363 1.47128
74.7588 28.3429 1.4716
74.8574 28.3494 1.47193
74.956 28.3559 1.47225
75.0546 28.3624 1.47257
75.1532 28.3689 1.47289
75.2518 28.3754 1.47321
75.3504 28.3818 1.47353
75.4489 28.3883 1.47385
75.5475 28.3947 1.47417
75.6461 28.4012 1.47449
75.7447 28.4076 1.47481
75.8433 28.414 1.47513
75.9419 28.4204 1.47544
76.0405 28.4268 1.47576
76.1391 28.4332 1.47608
76.2377 28.4396 1.47639
76.3363 28.446 1.47671
76.4349 28.4523 1.47702
76.5335 28.4587 1.47734
76.6321 28.465 1.47765
76.7307 28.4714 1.47797
76.8293 28.4777 1.47828
76.9279 28.484 1.47859
77.0265 28.4903 1.47891
77.1251 28.4966 1.47922
77.2237 28.5029 1.47953
77.3223 28.5091 1.47984
77.4209 28.5154 1.48015
77.5195 28.5217 1.48046
77.6181 28.5279 1.48077
77.7167 28.5342 1.48108
77.8153 28.5404 1.48139
77.9139 28.5466 1.4817
78.0125 28.5528 1.48201
78.1111 28.559 1.48232
78.2097 28.5652 1.48263
78.3083 28.5714 1.48293
78.4069 28.5776 1.48324
78.5055 28.5838 1.48355
78.6041 28.5899 1.48385
78.7027 28.5961 1.48416
78.8013 28.6022 1.48446
78.8999 28.6083 1.48477
78.9985 28.6145 1.48507
79.0971 28.6206 1.48538
79.1957 28.6267 1.48568
79.2943 28.6328 1.48598
79.3929 28.6389 1.48628
79.4915 28.6449 1.48659
79.5901 28.651 1.48689
79.6887 28.6571 1.48719
79.7873 28.6631 1.48749
79.8859 28.6692 1.48779
79.9845 28.6752 1.48809
80.0831 28.6812 1.48839
80.1817 28.6872 1.48869
80.2803 28.6932 1.48899
80.3789 28.6992 1.48929
80.4775 28.7052 1.48959
80.5761 28.7112 1.48988
80.6747 28.7172 1.49018
80.7733 28.7232 1.49048
80.8719 28.7291 1.49078
80.9705 28.7351 1.49107
81.0691 28.741 1.49137
81.1677 28.7469 1.49166
81.2663 28.7529 1.49196
81.3649 28.7588 1.49225
81.4635 28.7647 1.49255
81.5621 28.7706 1.49284
81.6607 28.7765 1.49313
81.7593 28.7824 1.49343
81.8579 28.7882 1.49372
81.9565 28.7941 1.49401
82.0551 28.8 1.4943
82.1537 28.8058 1.4946
82.2523 28.8117 1.49489
82.3509 28.8175 1.49518
82.4494 28.8233 1.49547
82.548 28.8291 1.49576
82.6466 28.835 1.49605
82.7452 28.8408 1.49634
82.8438 28.8466 1.49663
82.9424 28.8523 1.49692
83.041 28.8581 1.4972
83.1396 28.8639 1.49749
83.2382 28.8696 1.49778
83.3368 28.8754 1.49807
83.4354 28.8811 1.49835
83.534 28.8869 1.49864
83.6326 28.8926 1.49893
83.7312 28.8983 1.49921
83.8298 28.9041 1.4995
83.9284 28.9098 1.49978
84.027 28.9155 1.50007
84.1256 28.9212 1.50035
84.2242 28.9268 1.50063
84.3228 28.9325 1.50092
84.4214 28.9382 1.5012
84.52 28.9438 1.50148
84.6186 28.9495 1.50177
84.7172 28.9551 1.50205
84.8158 28.9608 1.50233
84.9144 28.9664 1.50261
85.013 28.972 1.50289
85.1116 28.9776 1.50317
85.2102 28.9833 1.50345
85.3088 28.9889 1.50373
85.4074 28.9944 1.50401
85.506 29 1.50429
85.6046 29.0056 1.50457
85.7032 29.0112 1.50485
85.8018 29.0167 1.50513
85.9004 29.0223 1.50541
85.999 29.0278 1.50568
86.0976 29.0334 1.50596
86.1962 29.0389 1.50624
86.2948 29.0444 1.50651
86.3934 29.05 1.50679
86.492 29.0555 1.50707
86.5906 29.061 1.50734
86.6892 29.0665 1.50762
86.7878 29.072 1.50789
86.8864 29.0774 1.50817
86.985 29.0829 1.50844
87.0836 29.0884 1.50871
87.1822 29.0938 1.50899
87.2808 29.0993 1.50926
87.3794 29.1047 1.50953
87.478 29.1102 1.5098
87.5766 29.1156 1.51008
87.6752 29.121 1.51035
87.7738 29.1265 1.51062
87.8724 29.1319 1.51089
87.971 29.1373 1.51116
88.0696 29.1427 1.51143
88.1682 29.1481 1.5117
88.2668 29.1534 1.51197
88.3654 29.1588 1.51224
88.464 29.1642 1.51251
88.5626 29.1696 1.51278
88.6612 29.1749 1.51305
88.7598 29.1803 1.51332
88.8584 29.1856 1.51358
88.957 29.1909 1.51385
89.0556 29.1963 1.51412
89.1542 29.2016 1.51439
89.2528 29.2069 1.51465
89.3514 29.2122 1.51492
89.4499 29.2175 1.51518
89.5485 29.2228 1.51545
89.6471 29.2281 1.51571
89.7457 29.2334 1.51598
89.8443 29.2386 1.51624
89.9429 29.2439 1.51651
90.0415 29.2492 1.51677
90.1401 29.2544 1.51704
90.2387 29.2597 1.5173
90.3373 29.2649 1.51756
90.4359 29.2701 1.51783
90.5345 29.2754 1.51809
90.6331 29.2806 1.51835
90.7317 29.2858 1.51861
90.8303 29.291 1.51887
90.9289 29.2962 1.51913
91.0275 29.3014 1.5194
91.1261 29.3066 1.51966
91.2247 29.3118 1.51992
91.3233 29.3169 1.52018
91.4219 29.3221 1.52044
91.5205 29.3273 1.5207
91.6191 29.3324 1.52095
91.7177 29.3376 1.52121
91.8163 29.3427 1.52147
91.9149 29.3478 1.52173
92.0135 29.353 1.52199
92.1121 29.3581 1.52225
92.2107 29.3632 1.5225
92.3093 29.3683 1.52276
92.4079 29.3734 1.52302
92.5065 29.3785 1.52327
92.6051 29.3836 1.52353
92.7037 29.3887 1.52378
92.8023 29.3938 1.52404
92.9009 29.3988 1.52429
92.9995 29.4039 1.52455
93.0981 29.409 1.5248
93.1967 29.414 1.52506
93.2953 29.4191 1.52531
93.3939 29.4241 1.52557
93.4925 29.4291 1.52582
93.5911 29.4342 1.52607
93.6897 29.4392 1.52633
93.7883 29.4442 1.52658
93.8869 29.4492 1.52683
93.9855 29.4542 1.52708
94.0841 29.4592 1.52733
94.1827 29.4642 1.52759
94.2813 29.4692 1.52784
94.3799 29.4742 1.52809
94.4785 29.4791 1.52834
94.5771 29.4841 1.52859
94.6757 29.4891 1.52884
94.7743 29.494 1.52909
94.8729 29.499 1.52934
94.9715 29.5039 1.52959
95.0701 29.5089 1.52984
95.1687 29.5138 1.53008
95.2673 29.5187 1.53033
95.3659 29.5236 1.53058
95.4645 29.5286 1.53083
95.5631 29.5335 1.53108
95.6617 29.5384 1.53132
95.7603 29.5433 1.53157
95.8589 29.5481 1.53182
95.9575 29.553 1.53206
96.0561 29.5579 1.53231
96.1547 29.5628 1.53255
96.2533 29.5677 1.5328
96.3519 29.5725 1.53305
96.4505 29.5774 1.53329
96.549 29.5822 1.53353
96.6476 29.5871 1.53378
96.7462 29.5919 1.53402
96.8448 29.5967 1.53427
96.9434 29.6016 1.53451
97.042 29.6064 1.53475
97.1406 29.6112 1.535
97.2392 29.616 1.53524
97.3378 29.6208 1.53548
97.4364 29.6256 1.53572
97.535 29.6304 1.53597
97.6336 29.6352 1.53621
97.7322 29.64 1.53645
97.8308 29.6447 1.53669
97.9294 29.6495 1.53693
98.028 29.6543 1.53717
98.1266 29.659 1.53741
98.2252 29.6638 1.53765
98.3238 29.6685 1.53789
98.4224 29.6733 1.53813
98.521 29.678 1.53837
98.6196 29.6828 1.53861
98.7182 29.6875 1.53885
98.8168 29.6922 1.53909
98.9154 29.6969 1.53933
99.014 29.7016 1.53957
99.1126 29.7063 1.5398
99.2112 29.711 1.54004
99.3098 29.7157 1.54028
99.4084 29.7204 1.54051
99.507 29.7251 1.54075
99.6056 29.7298 1.54099
99.7042 29.7344 1.54122
99.8028 29.7391 1.54146
99.9014 29.7438 1.5417
100 29.7484 1.54193
