1e-05 69.066 3.07647
0.00101099 16.6693 0.927223
0.00201198 12.9882 0.792771
0.00301297 11.1312 0.730912
0.00401396 9.93097 0.694325
0.00501495 9.06094 0.670057
0.00601595 8.38763 0.652873
0.00701694 7.84143 0.640149
0.00801793 7.3852 0.630488
0.00901892 6.9952 0.623006
0.0100199 6.65483 0.617093
0.0110209 6.35408 0.612403
0.0120219 6.08563 0.608681
0.0130229 5.84296 0.605698
0.0140239 5.62189 0.603312
0.0150249 5.41925 0.601422
0.0160259 5.23258 0.599955
0.0170268 5.05968 0.598835
0.0180278 4.89851 0.597988
0.0190288 4.74769 0.597376
0.0200298 4.60617 0.596969
0.0210308 4.47301 0.596736
0.0220318 4.34745 0.59666
0.0230328 4.22871 0.59672
0.0240338 4.11609 0.596888
0.0250348 4.00898 0.597143
0.0260358 3.90693 0.597481
0.0270368 3.80957 0.597892
0.0280377 3.71656 0.598365
0.0290387 3.6276 0.598889
0.0300397 3.54239 0.599468
0.0310407 3.46067 0.600093
0.0320417 3.38219 0.600752
0.0330427 3.30673 0.601434
0.0340437 3.23408 0.602136
0.0350447 3.16406 0.602862
0.0360457 3.09654 0.603608
0.0370467 3.03139 0.604367
0.0380477 2.96848 0.605136
0.0390486 2.9077 0.605912
0.0400496 2.84893 0.606701
0.0410506 2.79205 0.6075
0.0420516 2.73698 0.608302
0.0430526 2.68361 0.609102
0.0440536 2.63188 0.609896
0.0450546 2.5817 0.610684
0.0460556 2.53299 0.611471
0.0470566 2.48568 0.612255
0.0480576 2.43973 0.613035
0.0490586 2.39508 0.613808
0.0500595 2.35168 0.614572
0.0510605 2.30948 0.615325
0.0520615 2.26843 0.616076
0.0530625 2.22848 0.616822
0.0540635 2.18958 0.617561
0.0550645 2.1517 0.618289
0.0560655 2.11479 0.619005
0.0570665 2.07882 0.619705
0.0580675 2.04376 0.620389
0.0590685 2.00957 0.621064
0.0600695 1.97621 0.62173
0.0610705 1.94366 0.622384
0.0620714 1.9119 0.623026
0.0630724 1.8809 0.623653
0.0640734 1.85062 0.624264
0.0650744 1.82106 0.624859
0.0660754 1.79218 0.625441
0.0670764 1.76397 0.626013
0.0680774 1.7364 0.626573
0.0690784 1.70946 0.627121
0.0700794 1.68311 0.627653
0.0710804 1.65735 0.62817
0.0720814 1.63215 0.628669
0.0730823 1.60749 0.62915
0.0740833 1.58338 0.629615
0.0750843 1.55978 0.630069
0.0760853 1.53668 0.630509
0.0770863 1.51407 0.630935
0.0780873 1.49194 0.631346
0.0790883 1.47026 0.631742
0.0800893 1.44903 0.632121
0.0810903 1.42822 0.632484
0.0820913 1.40784 0.63283
0.0830923 1.38787 0.633163
0.0840932 1.3683 0.633484
0.0850942 1.34913 0.633792
0.0860952 1.33033 0.634086
0.0870962 1.31191 0.634365
0.0880972 1.29384 0.634629
0.0890982 1.27612 0.634876
0.0900992 1.25873 0.635106
0.0911002 1.24168 0.635318
0.0921012 1.22494 0.635515
0.0931022 1.20854 0.6357
0.0941032 1.19244 0.635872
0.0951041 1.17665 0.63603
0.0961051 1.16114 0.636173
0.0971061 1.14593 0.636301
0.0981071 1.13099 0.636414
0.0991081 1.11631 0.636511
0.100109 1.1019 0.636592
0.10111 1.08774 0.636656
0.102111 1.07384 0.636708
0.103112 1.06019 0.636748
0.104113 1.04678 0.636775
0.105114 1.03361 0.636788
0.106115 1.02067 0.636788
0.107116 1.00796 0.636773
0.108117 0.995462 0.636743
0.109118 0.983178 0.636698
0.110119 0.971099 0.636637
0.11112 0.959222 0.636561
0.112121 0.94755 0.636472
0.113122 0.936081 0.63637
0.114123 0.924808 0.636256
0.115124 0.913727 0.63613
0.116125 0.90283 0.63599
0.117126 0.892113 0.635836
0.118127 0.88157 0.635669
0.119128 0.871195 0.635487
0.120129 0.860985 0.635292
0.12113 0.850933 0.635081
0.122131 0.841037 0.634857
0.123132 0.831303 0.634621
0.124133 0.821727 0.634373
0.125134 0.812306 0.634113
0.126135 0.803035 0.633841
0.127136 0.79391 0.633556
0.128137 0.784927 0.633259
0.129138 0.776082 0.632948
0.130139 0.767372 0.632625
0.13114 0.758793 0.632288
0.132141 0.750342 0.631937
0.133142 0.742016 0.631573
0.134143 0.733821 0.631197
0.135144 0.725754 0.630811
0.136145 0.717813 0.630413
0.137146 0.709993 0.630003
0.138147 0.702291 0.629582
0.139148 0.694704 0.629149
0.140149 0.687228 0.628704
0.14115 0.67986 0.628247
0.142151 0.672597 0.627777
0.143152 0.665436 0.627295
0.144153 0.658374 0.6268
0.145154 0.651412 0.626293
0.146155 0.644554 0.625776
0.147156 0.637798 0.625248
0.148157 0.63114 0.62471
0.149158 0.624579 0.62416
0.150159 0.618112 0.6236
0.15116 0.611735 0.623029
0.152161 0.605447 0.622446
0.153162 0.599245 0.621852
0.154163 0.593127 0.621247
0.155164 0.587091 0.62063
0.156165 0.581134 0.620002
0.157166 0.575259 0.619362
0.158167 0.569468 0.618713
0.159168 0.563759 0.618054
0.160169 0.55813 0.617386
0.16117 0.552579 0.616707
0.162171 0.547104 0.616017
0.163172 0.541702 0.615318
0.164173 0.536371 0.614608
0.165174 0.53111 0.613888
0.166175 0.525916 0.613158
0.167175 0.520788 0.612417
0.168176 0.515723 0.611665
0.169177 0.510722 0.610903
0.170178 0.505788 0.610132
0.171179 0.50092 0.609351
0.17218 0.496117 0.608561
0.173181 0.491378 0.607761
0.174182 0.4867 0.606952
0.175183 0.482083 0.606134
0.176184 0.477523 0.605307
0.177185 0.473021 0.60447
0.178186 0.468575 0.603623
0.179187 0.464182 0.602768
0.180188 0.459843 0.601903
0.181189 0.455555 0.601029
0.18219 0.451319 0.600146
0.183191 0.447139 0.599254
0.184192 0.443014 0.598354
0.185193 0.438941 0.597446
0.186194 0.434919 0.596529
0.187195 0.430947 0.595604
0.188196 0.427024 0.59467
0.189197 0.423148 0.593728
0.190198 0.419317 0.592777
0.191199 0.415532 0.591818
0.1922 0.411789 0.59085
0.193201 0.408089 0.589874
0.194202 0.404429 0.588889
0.195203 0.400812 0.587896
0.196204 0.397238 0.586894
0.197205 0.393708 0.585885
0.198206 0.390221 0.584868
0.199207 0.386775 0.583843
0.200208 0.38337 0.58281
0.201209 0.380004 0.581769
0.20221 0.376677 0.580721
0.203211 0.373388 0.579666
0.204212 0.370135 0.578603
0.205213 0.366919 0.577532
0.206214 0.363738 0.576455
0.207215 0.360591 0.57537
0.208216 0.357478 0.574278
0.209217 0.354402 0.573179
0.210218 0.351362 0.572073
0.211219 0.348358 0.57096
0.21222 0.345389 0.56984
0.213221 0.342454 0.568714
0.214222 0.339551 0.567581
0.215223 0.336681 0.566441
0.216224 0.333842 0.565294
0.217225 0.331033 0.56414
0.218226 0.328253 0.56298
0.219227 0.325502 0.561814
0.220228 0.32278 0.56064
0.221229 0.320084 0.559461
0.22223 0.317417 0.558274
0.223231 0.314779 0.557081
0.224232 0.31217 0.555882
0.225233 0.30959 0.554676
0.226234 0.307039 0.553464
0.227235 0.304514 0.552246
0.228236 0.302016 0.551022
0.229237 0.299545 0.549792
0.230238 0.297099 0.548556
0.231239 0.294678 0.547315
0.23224 0.292281 0.546068
0.233241 0.289908 0.544815
0.234242 0.287559 0.543558
0.235243 0.285232 0.542295
0.236244 0.282929 0.541026
0.237245 0.28065 0.539753
0.238246 0.278397 0.538474
0.239247 0.276167 0.537189
0.240248 0.273961 0.535899
0.241249 0.271777 0.534605
0.24225 0.269615 0.533305
0.243251 0.267476 0.532
0.244252 0.265357 0.53069
0.245253 0.263258 0.529375
0.246254 0.26118 0.528055
0.247255 0.259121 0.526731
0.248256 0.257081 0.525402
0.249257 0.255059 0.524068
0.250258 0.253056 0.52273
0.251259 0.251074 0.521386
0.25226 0.249112 0.520038
0.253261 0.247169 0.518685
0.254262 0.245245 0.517327
0.255263 0.24334 0.515964
0.256264 0.241454 0.514597
0.257265 0.239586 0.513226
0.258266 0.237735 0.511851
0.259267 0.235901 0.510472
0.260268 0.234085 0.50909
0.261269 0.232285 0.507703
0.26227 0.230501 0.506314
0.263271 0.228733 0.504921
0.264272 0.226981 0.503524
0.265273 0.225245 0.502124
0.266274 0.223527 0.50072
0.267275 0.221826 0.499312
0.268276 0.220141 0.497901
0.269277 0.218472 0.496486
0.270278 0.216819 0.495067
0.271279 0.215181 0.493646
0.27228 0.213557 0.49222
0.273281 0.211949 0.490792
0.274282 0.210354 0.48936
0.275283 0.208773 0.487925
0.276284 0.207206 0.486488
0.277285 0.205651 0.485047
0.278285 0.204109 0.483604
0.279286 0.202581 0.482157
0.280287 0.201066 0.480707
0.281288 0.199565 0.479254
0.282289 0.198078 0.477797
0.28329 0.196604 0.476337
0.284291 0.195143 0.474874
0.285292 0.193696 0.473408
0.286293 0.19226 0.47194
0.287294 0.190837 0.470469
0.288295 0.189427 0.468996
0.289296 0.188027 0.46752
0.290297 0.18664 0.466043
0.291298 0.185264 0.464564
0.292299 0.183899 0.463083
0.2933 0.182545 0.4616
0.294301 0.181201 0.460116
0.295302 0.17987 0.458629
0.296303 0.178551 0.45714
0.297304 0.177244 0.455648
0.298305 0.175947 0.454154
0.299306 0.174662 0.452659
0.300307 0.173387 0.451161
0.301308 0.172124 0.449661
0.302309 0.17087 0.44816
0.30331 0.169626 0.446657
0.304311 0.168393 0.445153
0.305312 0.167169 0.443647
0.306313 0.165954 0.44214
0.307314 0.164749 0.440632
0.308315 0.163552 0.439122
0.309316 0.162365 0.437611
0.310317 0.161187 0.436098
0.311318 0.16002 0.434583
0.312319 0.158862 0.433066
0.31332 0.157713 0.431548
0.314321 0.156574 0.430028
0.315322 0.155444 0.428507
0.316323 0.154322 0.426984
0.317324 0.15321 0.425461
0.318325 0.152106 0.423937
0.319326 0.15101 0.422412
0.320327 0.149923 0.420887
0.321328 0.148844 0.419361
0.322329 0.147773 0.417835
0.32333 0.14671 0.41631
0.324331 0.145655 0.414784
0.325332 0.144608 0.413258
0.326333 0.14357 0.41173
0.327334 0.14254 0.410202
0.328335 0.141519 0.408673
0.329336 0.140505 0.407143
0.330337 0.139499 0.405613
0.331338 0.138501 0.404082
0.332339 0.137511 0.402551
0.33334 0.136527 0.40102
0.334341 0.135551 0.399489
0.335342 0.134582 0.397958
0.336343 0.13362 0.396427
0.337344 0.132664 0.394896
0.338345 0.131715 0.393365
0.339346 0.130772 0.391835
0.340347 0.129836 0.390305
0.341348 0.128906 0.388773
0.342349 0.127984 0.387242
0.34335 0.127069 0.385709
0.344351 0.12616 0.384177
0.345352 0.125258 0.382645
0.346353 0.124363 0.381112
0.347354 0.123474 0.37958
0.348355 0.122591 0.378049
0.349356 0.121714 0.376518
0.350357 0.120844 0.374987
0.351358 0.119979 0.373458
0.352359 0.119121 0.37193
0.35336 0.118268 0.370403
0.354361 0.11742 0.368877
0.355362 0.116579 0.367353
0.356363 0.115743 0.365829
0.357364 0.114914 0.364306
0.358365 0.114091 0.362782
0.359366 0.113274 0.36126
0.360367 0.112462 0.359738
0.361368 0.111657 0.358217
0.362369 0.110856 0.356696
0.36337 0.110062 0.355177
0.364371 0.109272 0.353659
0.365372 0.108488 0.352142
0.366373 0.107709 0.350626
0.367374 0.106935 0.349112
0.368375 0.106166 0.347599
0.369376 0.105401 0.346087
0.370377 0.104641 0.344577
0.371378 0.103886 0.343069
0.372379 0.103137 0.341561
0.37338 0.102392 0.340054
0.374381 0.101652 0.338547
0.375382 0.100917 0.337042
0.376383 0.100187 0.335537
0.377384 0.0994622 0.334034
0.378385 0.0987418 0.332532
0.379386 0.098026 0.331032
0.380387 0.0973149 0.329533
0.381388 0.0966083 0.328037
0.382389 0.0959062 0.326542
0.38339 0.0952084 0.32505
0.384391 0.094515 0.32356
0.385392 0.0938259 0.322072
0.386393 0.093141 0.320587
0.387394 0.0924604 0.319104
0.388395 0.0917844 0.317623
0.389395 0.0911129 0.316144
0.390396 0.0904459 0.314666
0.391397 0.0897833 0.313189
0.392398 0.0891249 0.311715
0.393399 0.0884708 0.310243
0.3944 0.0878208 0.308772
0.395401 0.0871748 0.307304
0.396402 0.0865328 0.305838
0.397403 0.0858946 0.304374
0.398404 0.0852603 0.302913
0.399405 0.0846297 0.301454
0.400406 0.0840028 0.299998
0.401407 0.0833794 0.298544
0.402408 0.0827596 0.297093
0.403409 0.0821433 0.295644
0.40441 0.0815309 0.294197
0.405411 0.0809222 0.292751
0.406412 0.0803173 0.291308
0.407413 0.0797161 0.289866
0.408414 0.0791186 0.288427
0.409415 0.0785246 0.28699
0.410416 0.0779343 0.285555
0.411417 0.0773474 0.284123
0.412418 0.0767641 0.282693
0.413419 0.0761842 0.281267
0.41442 0.0756078 0.279843
0.415421 0.0750347 0.278423
0.416422 0.0744649 0.277006
0.417423 0.0738984 0.275592
0.418424 0.0733352 0.274182
0.419425 0.0727752 0.272775
0.420426 0.0722188 0.271371
0.421427 0.0716658 0.269969
0.422428 0.0711162 0.26857
0.423429 0.07057 0.267174
0.42443 0.0700271 0.265781
0.425431 0.0694874 0.26439
0.426432 0.0689508 0.263003
0.427433 0.0684174 0.261618
0.428434 0.0678871 0.260236
0.429435 0.0673598 0.258858
0.430436 0.0668355 0.257483
0.431437 0.0663141 0.256111
0.432438 0.0657955 0.254742
0.433439 0.0652798 0.253377
0.43444 0.0647668 0.252015
0.435441 0.0642566 0.250657
0.436442 0.0637492 0.249301
0.437443 0.0632447 0.247948
0.438444 0.0627431 0.246598
0.439445 0.0622444 0.24525
0.440446 0.0617486 0.243906
0.441447 0.0612555 0.242564
0.442448 0.0607653 0.241226
0.443449 0.0602779 0.239891
0.44445 0.0597932 0.238559
0.445451 0.0593112 0.237231
0.446452 0.058832 0.235906
0.447453 0.0583555 0.234585
0.448454 0.0578816 0.233268
0.449455 0.0574105 0.231955
0.450456 0.0569419 0.230646
0.451457 0.056476 0.229342
0.452458 0.0560128 0.228041
0.453459 0.0555523 0.226743
0.45446 0.0550945 0.225449
0.455461 0.0546393 0.224158
0.456462 0.0541868 0.222871
0.457463 0.0537369 0.221587
0.458464 0.0532896 0.220307
0.459465 0.0528449 0.21903
0.460466 0.0524026 0.217757
0.461467 0.0519628 0.216488
0.462468 0.0515255 0.215222
0.463469 0.0510906 0.213961
0.46447 0.0506581 0.212703
0.465471 0.050228 0.211449
0.466472 0.0498002 0.210199
0.467473 0.0493747 0.208953
0.468474 0.0489514 0.207712
0.469475 0.0485305 0.206473
0.470476 0.048112 0.205238
0.471477 0.0476957 0.204006
0.472478 0.0472818 0.202778
0.473479 0.0468703 0.201553
0.47448 0.046461 0.200332
0.475481 0.0460541 0.199114
0.476482 0.0456494 0.197901
0.477483 0.0452471 0.196691
0.478484 0.044847 0.195486
0.479485 0.0444493 0.194284
0.480486 0.0440538 0.193087
0.481487 0.0436606 0.191894
0.482488 0.0432697 0.190705
0.483489 0.042881 0.189521
0.48449 0.0424946 0.188342
0.485491 0.0421105 0.187167
0.486492 0.0417286 0.185996
0.487493 0.041349 0.184828
0.488494 0.0409717 0.183665
0.489495 0.0405965 0.182505
0.490496 0.0402236 0.18135
0.491497 0.0398529 0.180198
0.492498 0.0394843 0.179051
0.493499 0.0391179 0.177908
0.4945 0.0387536 0.176768
0.495501 0.0383914 0.175633
0.496502 0.0380313 0.174502
0.497503 0.0376733 0.173375
0.498504 0.0373173 0.172253
0.499505 0.0369634 0.171134
0.500505 0.0366116 0.17002
0.501506 0.0362617 0.168911
0.502507 0.0359138 0.167805
0.503508 0.0355679 0.166703
0.504509 0.035224 0.165605
0.50551 0.0348822 0.16451
0.506511 0.0345423 0.16342
0.507512 0.0342044 0.162333
0.508513 0.0338685 0.16125
0.509514 0.0335346 0.160172
0.510515 0.0332028 0.159097
0.511516 0.0328729 0.158027
0.512517 0.0325451 0.156962
0.513518 0.0322193 0.1559
0.514519 0.0318955 0.154843
0.51552 0.0315738 0.153791
0.516521 0.0312541 0.152743
0.517522 0.0309365 0.1517
0.518523 0.0306208 0.150662
0.519524 0.0303072 0.149628
0.520525 0.0299956 0.148598
0.521526 0.0296859 0.147572
0.522527 0.0293782 0.146551
0.523528 0.0290725 0.145533
0.524529 0.0287687 0.14452
0.52553 0.0284668 0.143512
0.526531 0.0281669 0.142507
0.527532 0.0278689 0.141507
0.528533 0.0275729 0.140511
0.529534 0.0272787 0.139519
0.530535 0.0269865 0.138532
0.531536 0.0266962 0.137548
0.532537 0.0264077 0.13657
0.533538 0.0261212 0.135595
0.534539 0.0258365 0.134625
0.53554 0.0255537 0.133659
0.536541 0.0252727 0.132697
0.537542 0.0249935 0.131739
0.538543 0.0247161 0.130785
0.539544 0.0244405 0.129835
0.540545 0.0241668 0.128889
0.541546 0.0238949 0.127948
0.542547 0.0236248 0.12701
0.543548 0.0233566 0.126076
0.544549 0.0230903 0.125147
0.54555 0.0228258 0.124222
0.546551 0.0225631 0.123302
0.547552 0.0223024 0.122386
0.548553 0.0220435 0.121474
0.549554 0.0217866 0.120567
0.550555 0.0215315 0.119664
0.551556 0.0212784 0.118766
0.552557 0.0210272 0.117873
0.553558 0.0207778 0.116984
0.554559 0.0205303 0.116099
0.55556 0.0202845 0.115218
0.556561 0.0200407 0.114342
0.557562 0.0197986 0.11347
0.558563 0.0195584 0.112602
0.559564 0.0193199 0.111738
0.560565 0.0190833 0.110879
0.561566 0.0188485 0.110024
0.562567 0.0186154 0.109173
0.563568 0.0183842 0.108326
0.564569 0.0181547 0.107484
0.56557 0.017927 0.106645
0.566571 0.0177011 0.105811
0.567572 0.017477 0.104981
0.568573 0.0172546 0.104156
0.569574 0.017034 0.103334
0.570575 0.0168152 0.102517
0.571576 0.016598 0.101704
0.572577 0.0163825 0.100894
0.573578 0.0161687 0.100088
0.574579 0.0159567 0.099287
0.57558 0.0157463 0.0984896
0.576581 0.0155377 0.0976962
0.577582 0.0153308 0.096907
0.578583 0.0151257 0.0961219
0.579584 0.0149222 0.0953409
0.580585 0.0147206 0.0945642
0.581586 0.0145207 0.0937917
0.582587 0.0143225 0.0930234
0.583588 0.0141261 0.0922594
0.584589 0.0139315 0.0914998
0.58559 0.0137386 0.0907444
0.586591 0.0135475 0.0899934
0.587592 0.0133582 0.0892467
0.588593 0.0131706 0.0885042
0.589594 0.0129847 0.0877658
0.590595 0.0128006 0.0870315
0.591596 0.0126181 0.0863013
0.592597 0.0124374 0.0855753
0.593598 0.0122583 0.0848533
0.594599 0.0120809 0.0841354
0.5956 0.0119052 0.0834215
0.596601 0.0117311 0.0827116
0.597602 0.0115588 0.0820058
0.598603 0.011388 0.081304
0.599604 0.011219 0.0806062
0.600605 0.0110515 0.0799123
0.601606 0.0108857 0.0792224
0.602607 0.0107215 0.0785365
0.603608 0.0105589 0.0778544
0.604609 0.010398 0.0771763
0.60561 0.0102387 0.076502
0.606611 0.0100809 0.0758314
0.607612 0.00992482 0.0751647
0.608613 0.00977031 0.0745018
0.609614 0.00961739 0.0738428
0.610615 0.00946608 0.0731876
0.611615 0.00931635 0.0725363
0.612616 0.00916821 0.0718889
0.613617 0.00902165 0.0712454
0.614618 0.00887667 0.0706058
0.615619 0.00873327 0.0699701
0.61662 0.00859144 0.0693383
0.617621 0.00845117 0.0687105
0.618622 0.00831246 0.0680867
0.619623 0.00817531 0.0674668
0.620624 0.00803972 0.0668509
0.621625 0.00790568 0.066239
0.622626 0.00777324 0.065631
0.623627 0.00764239 0.0650269
0.624628 0.00751311 0.0644267
0.625629 0.0073854 0.0638304
0.62663 0.00725923 0.0632379
0.627631 0.00713459 0.0626493
0.628632 0.00701146 0.0620644
0.629633 0.00688983 0.0614833
0.630634 0.00676968 0.0609059
0.631635 0.00665099 0.0603323
0.632636 0.00653374 0.0597623
0.633637 0.00641794 0.059196
0.634638 0.00630354 0.0586334
0.635639 0.00619055 0.0580744
0.63664 0.00607895 0.057519
0.637641 0.00596872 0.0569672
0.638642 0.00585984 0.056419
0.639643 0.00575237 0.0558743
0.640644 0.00564637 0.0553331
0.641645 0.00554181 0.0547956
0.642646 0.00543869 0.0542616
0.643647 0.00533698 0.0537311
0.644648 0.00523667 0.0532042
0.645649 0.00513774 0.0526808
0.64665 0.00504017 0.052161
0.647651 0.00494395 0.0516448
0.648652 0.00484907 0.0511321
0.649653 0.00475549 0.0506229
0.650654 0.00466322 0.0501172
0.651655 0.00457223 0.0496151
0.652656 0.0044825 0.0491165
0.653657 0.00439403 0.0486215
0.654658 0.0043068 0.04813
0.655659 0.00422078 0.047642
0.65666 0.00413599 0.0471575
0.657661 0.00405257 0.0466766
0.658662 0.00397051 0.0461993
0.659663 0.00388979 0.0457255
0.660664 0.00381037 0.0452551
0.661665 0.00373224 0.0447883
0.662666 0.00365537 0.0443249
0.663667 0.00357973 0.0438649
0.664668 0.00350529 0.0434082
0.665669 0.00343203 0.0429549
0.66667 0.00335993 0.042505
0.667671 0.00328896 0.0420583
0.668672 0.00321909 0.0416148
0.669673 0.00315031 0.0411746
0.670674 0.00308257 0.0407376
0.671675 0.00301587 0.0403037
0.672676 0.00295018 0.039873
0.673677 0.00288547 0.0394454
0.674678 0.00282184 0.039021
0.675679 0.00275941 0.0385997
0.67668 0.00269815 0.0381817
0.677681 0.00263804 0.0377669
0.678682 0.00257904 0.0373552
0.679683 0.00252114 0.0369467
0.680684 0.0024643 0.0365414
0.681685 0.0024085 0.0361391
0.682686 0.00235371 0.0357401
0.683687 0.0022999 0.0353441
0.684688 0.00224706 0.0349512
0.685689 0.00219516 0.0345614
0.68669 0.00214416 0.0341747
0.687691 0.00209406 0.0337911
0.688692 0.00204481 0.0334105
0.689693 0.0019964 0.033033
0.690694 0.00194881 0.0326585
0.691695 0.00190202 0.032287
0.692696 0.00185625 0.0319186
0.693697 0.0018115 0.0315535
0.694698 0.00176776 0.0311914
0.695699 0.00172498 0.0308324
0.6967 0.00168314 0.0304764
0.697701 0.0016422 0.0301235
0.698702 0.00160215 0.0297735
0.699703 0.00156293 0.0294265
0.700704 0.00152453 0.0290823
0.701705 0.00148692 0.028741
0.702706 0.00145005 0.0284026
0.703707 0.00141392 0.028067
0.704708 0.00137848 0.0277341
0.705709 0.0013437 0.0274039
0.70671 0.00130956 0.0270765
0.707711 0.00127604 0.0267517
0.708712 0.00124309 0.0264296
0.709713 0.00121078 0.0261101
0.710714 0.0011793 0.0257934
0.711715 0.00114863 0.0254795
0.712716 0.00111874 0.0251684
0.713717 0.00108961 0.0248601
0.714718 0.0010612 0.0245545
0.715719 0.00103349 0.0242515
0.71672 0.00100645 0.0239513
0.717721 0.000980054 0.0236538
0.718722 0.000954275 0.0233589
0.719723 0.000929085 0.0230666
0.720724 0.000904457 0.022777
0.721725 0.000880365 0.0224899
0.722725 0.000856784 0.0222054
0.723726 0.000833686 0.0219235
0.724727 0.000811047 0.0216441
0.725728 0.00078884 0.0213672
0.726729 0.00076704 0.0210928
0.72773 0.000745783 0.0208211
0.728731 0.000725176 0.020552
0.729732 0.000705193 0.0202856
0.730733 0.000685806 0.0200218
0.731734 0.000666989 0.0197607
0.732735 0.000648715 0.019502
0.733736 0.000630957 0.0192459
0.734737 0.00061369 0.0189923
0.735738 0.000596888 0.0187411
0.736739 0.000580524 0.0184923
0.73774 0.000564574 0.0182459
0.738741 0.000549012 0.0180018
0.739742 0.000533813 0.01776
0.740743 0.000518952 0.0175205
0.741744 0.000504405 0.0172832
0.742745 0.000490146 0.017048
0.743746 0.000476152 0.0168151
0.744747 0.00046241 0.0165843
0.745748 0.000449079 0.0163558
0.746749 0.000436204 0.0161296
0.74775 0.000423762 0.0159058
0.748751 0.000411733 0.0156843
0.749752 0.000400097 0.0154651
0.750753 0.000388832 0.0152482
0.751754 0.000377919 0.0150334
0.752755 0.000367337 0.0148209
0.753756 0.000357066 0.0146106
0.754757 0.000347087 0.0144024
0.755758 0.000337379 0.0141964
0.756759 0.000327924 0.0139925
0.75776 0.000318702 0.0137906
0.758761 0.000309694 0.0135909
0.759762 0.00030088 0.0133931
0.760763 0.000292242 0.0131974
0.761764 0.000283761 0.0130036
0.762765 0.000275443 0.0128119
0.763766 0.000267422 0.0126223
0.764767 0.000259706 0.012435
0.765768 0.00025228 0.0122498
0.766769 0.000245128 0.0120668
0.76777 0.000238233 0.0118858
0.768771 0.000231581 0.0117069
0.769772 0.000225155 0.01153
0.770773 0.000218941 0.0113551
0.771774 0.000212922 0.0111822
0.772775 0.000207085 0.0110111
0.773776 0.000201413 0.010842
0.774777 0.000195893 0.0106746
0.775778 0.000190508 0.0105091
0.776779 0.000185245 0.0103454
0.77778 0.000180089 0.0101834
0.778781 0.000175024 0.0100231
0.779782 0.000170038 0.00986445
0.780783 0.000165147 0.00970753
0.781784 0.000160443 0.00955253
0.782785 0.000155923 0.00939942
0.783786 0.000151578 0.00924819
0.784787 0.000147398 0.00909881
0.785788 0.000143373 0.00895124
0.786789 0.000139492 0.00880546
0.78779 0.000135746 0.00866145
0.788791 0.000132125 0.00851917
0.789792 0.00012862 0.0083786
0.790793 0.00012522 0.00823972
0.791794 0.000121917 0.00810249
0.792795 0.0001187 0.00796688
0.793796 0.00011556 0.00783288
0.794797 0.000112488 0.00770046
0.795798 0.000109475 0.00756958
0.796799 0.000106511 0.00744023
0.7978 0.000103588 0.00731238
0.798801 0.000100723 0.0071861
0.799802 9.79701e-05 0.00706157
0.800803 9.53257e-05 0.00693877
0.801804 9.27835e-05 0.00681765
0.802805 9.03371e-05 0.0066982
0.803806 8.79804e-05 0.00658036
0.804807 8.57073e-05 0.00646411
0.805808 8.35116e-05 0.00634942
0.806809 8.13873e-05 0.00623625
0.80781 7.93284e-05 0.00612456
0.808811 7.73288e-05 0.00601432
0.809812 7.53828e-05 0.00590551
0.810813 7.34844e-05 0.00579808
0.811814 7.16278e-05 0.00569201
0.812815 6.98071e-05 0.00558727
0.813816 6.80167e-05 0.00548381
0.814817 6.62507e-05 0.00538161
0.815818 6.45037e-05 0.00528064
0.816819 6.2789e-05 0.00518098
0.81782 6.11359e-05 0.00508281
0.818821 5.95416e-05 0.00498611
0.819822 5.80031e-05 0.00489084
0.820823 5.6517e-05 0.00479698
0.821824 5.50802e-05 0.0047045
0.822825 5.36894e-05 0.00461338
0.823826 5.23415e-05 0.00452358
0.824827 5.10334e-05 0.00443507
0.825828 4.9762e-05 0.00434784
0.826829 4.85242e-05 0.00426185
0.82783 4.73169e-05 0.00417708
0.828831 4.61371e-05 0.0040935
0.829832 4.49818e-05 0.00401108
0.830833 4.38479e-05 0.0039298
0.831834 4.27325e-05 0.00384963
0.832835 4.16326e-05 0.00377055
0.833835 4.05454e-05 0.00369253
0.834836 3.94788e-05 0.00361567
0.835837 3.84476e-05 0.00354012
0.836838 3.74502e-05 0.00346586
0.837839 3.64847e-05 0.00339286
0.83884 3.55495e-05 0.00332107
0.839841 3.46428e-05 0.00325049
0.840842 3.37628e-05 0.00318106
0.841843 3.29078e-05 0.00311277
0.842844 3.20761e-05 0.00304558
0.843845 3.1266e-05 0.00297946
0.844846 3.04759e-05 0.00291438
0.845847 2.9704e-05 0.00285031
0.846848 2.89486e-05 0.00278723
0.847849 2.82083e-05 0.0027251
0.84885 2.74811e-05 0.0026639
0.849851 2.67657e-05 0.00260359
0.850852 2.60603e-05 0.00254415
0.851853 2.53633e-05 0.00248554
0.852854 2.46792e-05 0.00242787
0.853855 2.40156e-05 0.00237129
0.854856 2.33717e-05 0.00231577
0.855857 2.27467e-05 0.00226129
0.856858 2.21396e-05 0.00220782
0.857859 2.15496e-05 0.00215534
0.85886 2.09757e-05 0.00210382
0.859861 2.04172e-05 0.00205323
0.860862 1.98731e-05 0.00200356
0.861863 1.93426e-05 0.00195476
0.862864 1.88248e-05 0.00190683
0.863865 1.83188e-05 0.00185973
0.864866 1.78239e-05 0.00181345
0.865867 1.73392e-05 0.00176794
0.866868 1.68639e-05 0.0017232
0.867869 1.63971e-05 0.0016792
0.86887 1.5938e-05 0.0016359
0.869871 1.54858e-05 0.0015933
0.870872 1.5043e-05 0.00155147
0.871873 1.46138e-05 0.00151057
0.872874 1.41979e-05 0.00147057
0.873875 1.37945e-05 0.00143144
0.874876 1.34031e-05 0.00139315
0.875877 1.3023e-05 0.00135569
0.876878 1.26537e-05 0.00131901
0.877879 1.22947e-05 0.00128311
0.87888 1.19452e-05 0.00124794
0.879881 1.16049e-05 0.00121349
0.880882 1.1273e-05 0.00117973
0.881883 1.0949e-05 0.00114663
0.882884 1.06323e-05 0.00111417
0.883885 1.03224e-05 0.00108232
0.884886 1.00187e-05 0.00105106
0.885887 9.72075e-06 0.00102037
0.886888 9.42788e-06 0.000990212
0.887889 9.13958e-06 0.000960569
0.88889 8.85728e-06 0.000931514
0.889891 8.58401e-06 0.000903194
0.890892 8.31946e-06 0.00087559
0.891893 8.06324e-06 0.000848679
0.892894 7.81495e-06 0.000822438
0.893895 7.57424e-06 0.000796846
0.894896 7.34071e-06 0.000771879
0.895897 7.114e-06 0.000747516
0.896898 6.89372e-06 0.000723734
0.897899 6.67952e-06 0.000700513
0.8989 6.47103e-06 0.000677829
0.899901 6.26787e-06 0.000655662
0.900902 6.06969e-06 0.00063399
0.901903 5.87613e-06 0.000612791
0.902904 5.68682e-06 0.000592046
0.903905 5.50143e-06 0.000571731
0.904906 5.31958e-06 0.000551827
0.905907 5.14093e-06 0.000532314
0.906908 4.96643e-06 0.000513252
0.907909 4.79824e-06 0.000494783
0.90891 4.63612e-06 0.000476886
0.909911 4.47977e-06 0.000459541
0.910912 4.3289e-06 0.000442726
0.911913 4.18319e-06 0.000426418
0.912914 4.04238e-06 0.000410596
0.913915 3.90615e-06 0.000395239
0.914916 3.77421e-06 0.000380326
0.915917 3.64629e-06 0.000365834
0.916918 3.52209e-06 0.000351744
0.917919 3.40133e-06 0.000338034
0.91892 3.28373e-06 0.000324684
0.919921 3.16899e-06 0.000311673
0.920922 3.05685e-06 0.000298979
0.921923 2.94703e-06 0.000286584
0.922924 2.83925e-06 0.000274467
0.923925 2.73323e-06 0.000262607
0.924926 2.62966e-06 0.000251063
0.925927 2.53013e-06 0.000239963
0.926928 2.43447e-06 0.00022929
0.927929 2.34248e-06 0.000219027
0.92893 2.25398e-06 0.000209155
0.929931 2.16876e-06 0.000199654
0.930932 2.08664e-06 0.000190507
0.931933 2.00741e-06 0.000181695
0.932934 1.9309e-06 0.0001732
0.933935 1.8569e-06 0.000165004
0.934936 1.78524e-06 0.000157089
0.935937 1.71572e-06 0.000149436
0.936938 1.64817e-06 0.000142029
0.937939 1.58238e-06 0.000134849
0.93894 1.51819e-06 0.000127879
0.939941 1.4554e-06 0.000121101
0.940942 1.39384e-06 0.000114499
0.941943 1.33333e-06 0.000108055
0.942944 1.27451e-06 0.000101838
0.943945 1.2183e-06 9.59449e-05
0.944945 1.16457e-06 9.03598e-05
0.945946 1.11318e-06 8.50655e-05
0.946947 1.06398e-06 8.00456e-05
0.947948 1.01685e-06 7.52836e-05
0.948949 9.71643e-07 7.07629e-05
0.94995 9.28229e-07 6.64673e-05
0.950951 8.8647e-07 6.23807e-05
0.951952 8.46235e-07 5.84869e-05
0.952953 8.07389e-07 5.47698e-05
0.953954 7.69802e-07 5.12137e-05
0.954955 7.33341e-07 4.78027e-05
0.955956 6.97876e-07 4.45211e-05
0.956957 6.63277e-07 4.13534e-05
0.957958 6.29417e-07 3.82838e-05
0.958959 5.96166e-07 3.52972e-05
0.95996 5.63455e-07 3.2386e-05
0.960961 5.32091e-07 2.96615e-05
0.961962 5.02301e-07 2.71527e-05
0.962963 4.73993e-07 2.48449e-05
0.963964 4.47078e-07 2.27231e-05
0.964965 4.21465e-07 2.07727e-05
0.965966 3.97064e-07 1.89791e-05
0.966967 3.73786e-07 1.73278e-05
0.967968 3.51544e-07 1.58043e-05
0.968969 3.30248e-07 1.43942e-05
0.96997 3.09812e-07 1.30834e-05
0.970971 2.90149e-07 1.18576e-05
0.971972 2.71172e-07 1.07028e-05
0.972973 2.52796e-07 9.60491e-06
0.973974 2.34935e-07 8.5501e-06
0.974975 2.17504e-07 7.52452e-06
0.975976 2.0042e-07 6.51442e-06
0.976977 1.83717e-07 5.52402e-06
0.977978 1.6809e-07 4.65686e-06
0.978979 1.53587e-07 3.92021e-06
0.97998 1.40115e-07 3.3e-06
0.980981 1.27581e-07 2.78229e-06
0.981982 1.15892e-07 2.35319e-06
0.982983 1.04957e-07 1.9989e-06
0.983984 9.46834e-08 1.70573e-06
0.984985 8.49815e-08 1.46003e-06
0.985986 7.57608e-08 1.24827e-06
0.986987 6.69316e-08 1.05697e-06
0.987988 5.84049e-08 8.72774e-07
0.988989 5.0092e-08 6.82365e-07
0.98999 4.19049e-08 4.72528e-07
0.990991 3.41762e-08 2.73082e-07
0.991992 2.76105e-08 1.54494e-07
0.992993 2.20125e-08 9.7314e-08
0.993994 1.71609e-08 7.94887e-08
0.994995 1.28357e-08 7.90985e-08
0.995996 8.81838e-09 7.43552e-08
0.996997 5.08773e-09 5.16187e-08
0.997998 2.62086e-09 4.77726e-08
0.998999 7.89844e-10 4.6728e-08
1 0 0
