1.5 2.23608 0.395296
1.5986 2.74155 0.41193
1.6972 3.22455 0.427952
1.7958 3.68439 0.44332
1.89439 4.12402 0.458106
1.99299 4.54418 0.472322
2.09159 4.94514 0.48597
2.19019 5.32901 0.499104
2.28879 5.69727 0.511764
2.38739 6.05045 0.523963
2.48599 6.38909 0.535716
2.58458 6.71442 0.547056
2.68318 7.02787 0.558025
2.78178 7.32996 0.568636
2.88038 7.62119 0.578904
2.97898 7.90202 0.588843
3.07758 8.17297 0.598468
3.17618 8.4351 0.607809
3.27477 8.68897 0.616884
3.37337 8.93493 0.625703
3.47197 9.17334 0.634276
3.57057 9.4045 0.642614
3.66917 9.62874 0.650726
3.76777 9.84633 0.658621
3.86637 10.0586 0.666314
3.96496 10.2663 0.673819
4.06356 10.4691 0.681144
4.16216 10.6667 0.688295
4.26076 10.8587 0.69528
4.35936 11.0451 0.702105
4.45796 11.2257 0.708776
4.55656 11.4003 0.715298
4.65516 11.5689 0.721677
4.75375 11.7314 0.727919
4.85235 11.888 0.734031
4.95095 12.0394 0.740021
5.04955 12.1861 0.745893
5.14815 12.3284 0.751651
5.24675 12.4668 0.757299
5.34535 12.6015 0.76284
5.44394 12.7331 0.768277
5.54254 12.8616 0.773615
5.64114 12.9875 0.778855
5.73974 13.1109 0.784
5.83834 13.2322 0.789054
5.93694 13.3514 0.794019
6.03554 13.4689 0.798898
6.13413 13.5847 0.803693
6.23273 13.6988 0.808409
6.33133 13.811 0.813048
6.42993 13.9212 0.817615
6.52853 14.0296 0.82211
6.62713 14.1362 0.826536
6.72573 14.241 0.830894
6.82432 14.3441 0.835187
6.92292 14.4456 0.839415
7.02152 14.5455 0.843581
7.12012 14.6438 0.847687
7.21872 14.7406 0.851733
7.31732 14.8359 0.855722
7.41592 14.9298 0.859654
7.51451 15.0223 0.863532
7.61311 15.1133 0.867356
7.71171 15.2031 0.871128
7.81031 15.2915 0.874849
7.90891 15.3786 0.87852
8.00751 15.4646 0.882143
8.10611 15.5492 0.885718
8.2047 15.6328 0.889247
8.3033 15.7152 0.892733
8.4019 15.7965 0.896176
8.5005 15.8768 0.899577
8.5991 15.956 0.902938
8.6977 16.0342 0.906258
8.7963 16.1115 0.909539
8.89489 16.1877 0.912781
8.99349 16.263 0.915986
9.09209 16.3374 0.919155
9.19069 16.4109 0.922287
9.28929 16.4835 0.925384
9.38789 16.5552 0.928447
9.48649 16.6261 0.931475
9.58509 16.6961 0.934471
9.68368 16.7653 0.937433
9.78228 16.8337 0.940364
9.88088 16.9013 0.943264
9.97948 16.9682 0.946133
10.0781 17.0343 0.948972
10.1767 17.0996 0.951781
10.2753 17.1642 0.954561
10.3739 17.2282 0.957313
10.4725 17.2914 0.960037
10.5711 17.3539 0.962733
10.6697 17.4158 0.965403
10.7683 17.4769 0.968046
10.8669 17.5375 0.970663
10.9655 17.5974 0.973254
11.0641 17.6567 0.975821
11.1627 17.7154 0.978364
11.2613 17.7735 0.980884
11.3599 17.8311 0.98338
11.4585 17.888 0.985854
11.5571 17.9445 0.988305
11.6557 18.0004 0.990735
11.7543 18.0557 0.993142
11.8529 18.1106 0.995529
11.9515 18.1649 0.997894
12.0501 18.2187 1.00024
12.1486 18.272 1.00256
12.2472 18.3248 1.00487
12.3458 18.3771 1.00715
12.4444 18.429 1.00942
12.543 18.4804 1.01167
12.6416 18.5313 1.01389
12.7402 18.5818 1.0161
12.8388 18.6318 1.01829
12.9374 18.6814 1.02047
13.036 18.7306 1.02262
13.1346 18.7793 1.02476
13.2332 18.8276 1.02688
13.3318 18.8755 1.02899
13.4304 18.923 1.03108
13.529 18.9701 1.03315
13.6276 19.0168 1.0352
13.7262 19.0631 1.03724
13.8248 19.109 1.03926
13.9234 19.1545 1.04127
14.022 19.1997 1.04326
14.1206 19.2445 1.04524
14.2192 19.2889 1.04721
14.3178 19.333 1.04915
14.4164 19.3767 1.05109
14.515 19.4201 1.05301
14.6136 19.4631 1.05491
14.7122 19.5058 1.0568
14.8108 19.5482 1.05868
14.9094 19.5902 1.06054
15.008 19.6319 1.06239
15.1066 19.6733 1.06423
15.2052 19.7144 1.06606
15.3038 19.7552 1.06787
15.4024 19.7957 1.06967
15.501 19.8358 1.07146
15.5996 19.8757 1.07323
15.6982 19.9153 1.07499
15.7968 19.9547 1.07675
15.8954 19.9937 1.07849
15.994 20.0325 1.08021
16.0926 20.071 1.08193
16.1912 20.1092 1.08364
16.2898 20.1471 1.08533
16.3884 20.1848 1.08702
16.487 20.2223 1.08869
16.5856 20.2595 1.09035
16.6842 20.2964 1.09201
16.7828 20.3331 1.09365
16.8814 20.3695 1.09528
16.98 20.4057 1.0969
17.0786 20.4416 1.09851
17.1772 20.4773 1.10011
17.2758 20.5128 1.10171
17.3744 20.548 1.10329
17.473 20.5831 1.10486
17.5716 20.6178 1.10642
17.6702 20.6524 1.10798
17.7688 20.6867 1.10952
17.8674 20.7209 1.11105
17.966 20.7548 1.11258
18.0646 20.7884 1.1141
18.1632 20.8219 1.1156
18.2618 20.8552 1.1171
18.3604 20.8882 1.11859
18.459 20.9211 1.12008
18.5576 20.9537 1.12155
18.6562 20.9862 1.12301
18.7548 21.0184 1.12447
18.8534 21.0505 1.12592
18.952 21.0824 1.12736
19.0506 21.114 1.12879
19.1491 21.1455 1.13022
19.2477 21.1768 1.13163
19.3463 21.2079 1.13304
19.4449 21.2388 1.13444
19.5435 21.2696 1.13583
19.6421 21.3001 1.13722
19.7407 21.3305 1.1386
19.8393 21.3607 1.13997
19.9379 21.3907 1.14133
20.0365 21.4206 1.14268
20.1351 21.4503 1.14403
20.2337 21.4798 1.14537
20.3323 21.5091 1.14671
20.4309 21.5383 1.14803
20.5295 21.5673 1.14935
20.6281 21.5962 1.15067
20.7267 21.6249 1.15197
20.8253 21.6534 1.15327
20.9239 21.6818 1.15457
21.0225 21.71 1.15585
21.1211 21.7381 1.15713
21.2197 21.766 1.15841
21.3183 21.7938 1.15967
21.4169 21.8214 1.16093
21.5155 21.8488 1.16219
21.6141 21.8762 1.16343
21.7127 21.9033 1.16468
21.8113 21.9304 1.16591
21.9099 21.9572 1.16714
22.0085 21.984 1.16837
22.1071 22.0106 1.16958
22.2057 22.0371 1.1708
22.3043 22.0634 1.172
22.4029 22.0896 1.1732
22.5015 22.1157 1.1744
22.6001 22.1417 1.17559
22.6987 22.1675 1.17677
22.7973 22.1932 1.17795
22.8959 22.2187 1.17912
22.9945 22.2442 1.18029
23.0931 22.2695 1.18145
23.1917 22.2947 1.18261
23.2903 22.3197 1.18376
23.3889 22.3447 1.18491
23.4875 22.3695 1.18605
23.5861 22.3942 1.18718
23.6847 22.4188 1.18831
23.7833 22.4432 1.18944
23.8819 22.4676 1.19056
23.9805 22.4918 1.19168
24.0791 22.5159 1.19279
24.1777 22.5399 1.19389
24.2763 22.5638 1.195
24.3749 22.5876 1.19609
24.4735 22.6113 1.19718
24.5721 22.6348 1.19827
24.6707 22.6583 1.19935
24.7693 22.6816 1.20043
24.8679 22.7048 1.2015
24.9665 22.7279 1.20257
25.0651 22.751 1.20364
25.1637 22.7739 1.20469
25.2623 22.7967 1.20575
25.3609 22.8194 1.2068
25.4595 22.842 1.20785
25.5581 22.8645 1.20889
25.6567 22.8869 1.20992
25.7553 22.9092 1.21096
25.8539 22.9314 1.21199
25.9525 22.9535 1.21301
26.0511 22.9755 1.21403
26.1496 22.9975 1.21505
26.2482 23.0193 1.21606
26.3468 23.041 1.21707
26.4454 23.0626 1.21807
26.544 23.0842 1.21907
26.6426 23.1056 1.22007
26.7412 23.127 1.22106
26.8398 23.1482 1.22205
26.9384 23.1694 1.22303
27.037 23.1905 1.22401
27.1356 23.2115 1.22499
27.2342 23.2324 1.22596
27.3328 23.2532 1.22693
27.4314 23.2739 1.22789
27.53 23.2945 1.22885
27.6286 23.3151 1.22981
27.7272 23.3356 1.23076
27.8258 23.3559 1.23171
27.9244 23.3762 1.23266
28.023 23.3964 1.2336
28.1216 23.4166 1.23454
28.2202 23.4366 1.23547
28.3188 23.4566 1.23641
28.4174 23.4765 1.23733
28.516 23.4963 1.23826
28.6146 23.516 1.23918
28.7132 23.5357 1.2401
28.8118 23.5552 1.24101
28.9104 23.5747 1.24192
29.009 23.5941 1.24283
29.1076 23.6135 1.24373
29.2062 23.6327 1.24464
29.3048 23.6519 1.24553
29.4034 23.671 1.24643
29.502 23.6901 1.24732
29.6006 23.709 1.24821
29.6992 23.7279 1.24909
29.7978 23.7467 1.24997
29.8964 23.7655 1.25085
29.995 23.7841 1.25172
30.0936 23.8027 1.2526
30.1922 23.8213 1.25347
30.2908 23.8397 1.25433
30.3894 23.8581 1.25519
30.488 23.8764 1.25605
30.5866 23.8947 1.25691
30.6852 23.9128 1.25776
30.7838 23.9309 1.25861
30.8824 23.949 1.25946
30.981 23.967 1.2603
31.0796 23.9849 1.26115
31.1782 24.0027 1.26199
31.2768 24.0205 1.26282
31.3754 24.0382 1.26365
31.474 24.0558 1.26448
31.5726 24.0734 1.26531
31.6712 24.0909 1.26613
31.7698 24.1084 1.26696
31.8684 24.1257 1.26778
31.967 24.1431 1.26859
32.0656 24.1603 1.2694
32.1642 24.1775 1.27022
32.2628 24.1947 1.27102
32.3614 24.2118 1.27183
32.46 24.2288 1.27263
32.5586 24.2457 1.27343
32.6572 24.2626 1.27423
32.7558 24.2795 1.27502
32.8544 24.2963 1.27582
32.953 24.313 1.27661
33.0516 24.3297 1.27739
33.1502 24.3463 1.27818
33.2487 24.3628 1.27896
33.3473 24.3793 1.27974
33.4459 24.3958 1.28052
33.5445 24.4122 1.28129
33.6431 24.4285 1.28206
33.7417 24.4448 1.28283
33.8403 24.461 1.2836
33.9389 24.4772 1.28437
34.0375 24.4933 1.28513
34.1361 24.5093 1.28589
34.2347 24.5253 1.28665
34.3333 24.5413 1.2874
34.4319 24.5572 1.28816
34.5305 24.573 1.28891
34.6291 24.5888 1.28966
34.7277 24.6046 1.2904
34.8263 24.6203 1.29115
34.9249 24.6359 1.29189
35.0235 24.6515 1.29263
35.1221 24.667 1.29336
35.2207 24.6825 1.2941
35.3193 24.6979 1.29483
35.4179 24.7133 1.29556
35.5165 24.7287 1.29629
35.6151 24.744 1.29702
35.7137 24.7592 1.29774
35.8123 24.7744 1.29846
35.9109 24.7895 1.29918
36.0095 24.8046 1.2999
36.1081 24.8197 1.30062
36.2067 24.8347 1.30133
36.3053 24.8496 1.30204
36.4039 24.8645 1.30275
36.5025 24.8794 1.30346
36.6011 24.8942 1.30416
36.6997 24.9089 1.30486
36.7983 24.9237 1.30557
36.8969 24.9383 1.30626
36.9955 24.953 1.30696
37.0941 24.9675 1.30766
37.1927 24.9821 1.30835
37.2913 24.9966 1.30904
37.3899 25.011 1.30973
37.4885 25.0254 1.31042
37.5871 25.0398 1.3111
37.6857 25.0541 1.31178
37.7843 25.0684 1.31246
37.8829 25.0826 1.31314
37.9815 25.0968 1.31382
38.0801 25.1109 1.3145
38.1787 25.125 1.31517
38.2773 25.1391 1.31584
38.3759 25.1531 1.31651
38.4745 25.1671 1.31718
38.5731 25.181 1.31784
38.6717 25.1949 1.31851
38.7703 25.2088 1.31917
38.8689 25.2226 1.31983
38.9675 25.2363 1.32049
39.0661 25.2501 1.32115
39.1647 25.2638 1.3218
39.2633 25.2774 1.32245
39.3619 25.291 1.32311
39.4605 25.3046 1.32376
39.5591 25.3181 1.3244
39.6577 25.3316 1.32505
39.7563 25.3451 1.32569
39.8549 25.3585 1.32634
39.9535 25.3718 1.32698
40.0521 25.3852 1.32762
40.1507 25.3985 1.32825
40.2492 25.4117 1.32889
40.3478 25.425 1.32952
40.4464 25.4381 1.33016
40.545 25.4513 1.33079
40.6436 25.4644 1.33142
40.7422 25.4775 1.33204
40.8408 25.4905 1.33267
40.9394 25.5035 1.33329
41.038 25.5165 1.33392
41.1366 25.5294 1.33454
41.2352 25.5423 1.33516
41.3338 25.5551 1.33577
41.4324 25.568 1.33639
41.531 25.5807 1.337
41.6296 25.5935 1.33762
41.7282 25.6062 1.33823
41.8268 25.6189 1.33884
41.9254 25.6315 1.33945
42.024 25.6441 1.34005
42.1226 25.6567 1.34066
42.2212 25.6692 1.34126
42.3198 25.6817 1.34186
42.4184 25.6942 1.34246
42.517 25.7067 1.34306
42.6156 25.7191 1.34366
42.7142 25.7314 1.34426
42.8128 25.7438 1.34485
42.9114 25.7561 1.34544
43.01 25.7683 1.34603
43.1086 25.7806 1.34662
43.2072 25.7928 1.34721
43.3058 25.805 1.3478
43.4044 25.8171 1.34839
43.503 25.8292 1.34897
43.6016 25.8413 1.34955
43.7002 25.8533 1.35013
43.7988 25.8653 1.35071
43.8974 25.8773 1.35129
43.996 25.8893 1.35187
44.0946 25.9012 1.35244
44.1932 25.9131 1.35302
44.2918 25.9249 1.35359
44.3904 25.9368 1.35416
44.489 25.9485 1.35473
44.5876 25.9603 1.3553
44.6862 25.972 1.35587
44.7848 25.9838 1.35643
44.8834 25.9954 1.357
44.982 26.0071 1.35756
45.0806 26.0187 1.35812
45.1792 26.0303 1.35868
45.2778 26.0418 1.35924
45.3764 26.0533 1.3598
45.475 26.0648 1.36035
45.5736 26.0763 1.36091
45.6722 26.0877 1.36146
45.7708 26.0991 1.36202
45.8694 26.1105 1.36257
45.968 26.1219 1.36312
46.0666 26.1332 1.36367
46.1652 26.1445 1.36421
46.2638 26.1558 1.36476
46.3624 26.167 1.3653
46.461 26.1782 1.36585
46.5596 26.1894 1.36639
46.6582 26.2005 1.36693
46.7568 26.2117 1.36747
46.8554 26.2228 1.36801
46.954 26.2338 1.36854
47.0526 26.2449 1.36908
47.1512 26.2559 1.36962
47.2497 26.2669 1.37015
47.3483 26.2779 1.37068
47.4469 26.2888 1.37121
47.5455 26.2997 1.37174
47.6441 26.3106 1.37227
47.7427 26.3214 1.3728
47.8413 26.3323 1.37332
47.9399 26.3431 1.37385
48.0385 26.3539 1.37437
48.1371 26.3646 1.3749
48.2357 26.3753 1.37542
48.3343 26.386 1.37594
48.4329 26.3967 1.37646
48.5315 26.4074 1.37697
48.6301 26.418 1.37749
48.7287 26.4286 1.37801
48.8273 26.4392 1.37852
48.9259 26.4497 1.37904
49.0245 26.4603 1.37955
49.1231 26.4708 1.38006
49.2217 26.4812 1.38057
49.3203 26.4917 1.38108
49.4189 26.5021 1.38159
49.5175 26.5125 1.38209
49.6161 26.5229 1.3826
49.7147 26.5333 1.38311
49.8133 26.5436 1.38361
49.9119 26.5539 1.38411
50.0105 26.5642 1.38461
50.1091 26.5745 1.38511
50.2077 26.5847 1.38561
50.3063 26.5949 1.38611
50.4049 26.6051 1.38661
50.5035 26.6153 1.3871
50.6021 26.6255 1.3876
50.7007 26.6356 1.38809
50.7993 26.6457 1.38859
50.8979 26.6558 1.38908
50.9965 26.6658 1.38957
51.0951 26.6759 1.39006
51.1937 26.6859 1.39055
51.2923 26.6959 1.39104
51.3909 26.7058 1.39152
51.4895 26.7158 1.39201
51.5881 26.7257 1.3925
51.6867 26.7356 1.39298
51.7853 26.7455 1.39346
51.8839 26.7554 1.39394
51.9825 26.7652 1.39443
52.0811 26.775 1.39491
52.1797 26.7848 1.39538
52.2783 26.7946 1.39586
52.3769 26.8043 1.39634
52.4755 26.8141 1.39682
52.5741 26.8238 1.39729
52.6727 26.8335 1.39777
52.7713 26.8431 1.39824
52.8699 26.8528 1.39871
52.9685 26.8624 1.39918
53.0671 26.872 1.39965
53.1657 26.8816 1.40012
53.2643 26.8911 1.40059
53.3629 26.9007 1.40106
53.4615 26.9102 1.40152
53.5601 26.9197 1.40199
53.6587 26.9292 1.40245
53.7573 26.9386 1.40292
53.8559 26.9481 1.40338
53.9545 26.9575 1.40384
54.0531 26.9669 1.4043
54.1517 26.9763 1.40476
54.2503 26.9857 1.40522
54.3488 26.995 1.40568
54.4474 27.0043 1.40614
54.546 27.0136 1.4066
54.6446 27.0229 1.40705
54.7432 27.0322 1.40751
54.8418 27.0414 1.40796
54.9404 27.0506 1.40841
55.039 27.0598 1.40887
55.1376 27.069 1.40932
55.2362 27.0782 1.40977
55.3348 27.0873 1.41022
55.4334 27.0965 1.41066
55.532 27.1056 1.41111
55.6306 27.1147 1.41156
55.7292 27.1238 1.41201
55.8278 27.1328 1.41245
55.9264 27.1418 1.4129
56.025 27.1509 1.41334
56.1236 27.1599 1.41378
56.2222 27.1688 1.41422
56.3208 27.1778 1.41466
56.4194 27.1867 1.4151
56.518 27.1957 1.41554
56.6166 27.2046 1.41598
56.7152 27.2135 1.41642
56.8138 27.2223 1.41686
56.9124 27.2312 1.41729
57.011 27.24 1.41773
57.1096 27.2489 1.41816
57.2082 27.2577 1.41859
57.3068 27.2664 1.41903
57.4054 27.2752 1.41946
57.504 27.284 1.41989
57.6026 27.2927 1.42032
57.7012 27.3014 1.42075
57.7998 27.3101 1.42118
57.8984 27.3188 1.42161
57.997 27.3274 1.42203
58.0956 27.3361 1.42246
58.1942 27.3447 1.42289
58.2928 27.3533 1.42331
58.3914 27.3619 1.42373
58.49 27.3705 1.42416
58.5886 27.3791 1.42458
58.6872 27.3876 1.425
58.7858 27.3961 1.42542
58.8844 27.4046 1.42584
58.983 27.4131 1.42626
59.0816 27.4216 1.42668
59.1802 27.4301 1.4271
59.2788 27.4385 1.42751
59.3774 27.4469 1.42793
59.476 27.4553 1.42835
59.5746 27.4637 1.42876
59.6732 27.4721 1.42918
59.7718 27.4805 1.42959
59.8704 27.4888 1.43
59.969 27.4972 1.43041
60.0676 27.5055 1.43082
60.1662 27.5138 1.43123
60.2648 27.5221 1.43164
60.3634 27.5303 1.43205
60.462 27.5386 1.43246
60.5606 27.5468 1.43287
60.6592 27.555 1.43327
60.7578 27.5632 1.43368
60.8564 27.5714 1.43409
60.955 27.5796 1.43449
61.0536 27.5878 1.43489
61.1522 27.5959 1.4353
61.2508 27.604 1.4357
61.3493 27.6122 1.4361
61.4479 27.6203 1.4365
61.5465 27.6283 1.4369
61.6451 27.6364 1.4373
61.7437 27.6445 1.4377
61.8423 27.6525 1.4381
61.9409 27.6605 1.4385
62.0395 27.6685 1.43889
62.1381 27.6765 1.43929
62.2367 27.6845 1.43969
62.3353 27.6925 1.44008
62.4339 27.7004 1.44047
62.5325 27.7083 1.44087
62.6311 27.7163 1.44126
62.7297 27.7242 1.44165
62.8283 27.7321 1.44204
62.9269 27.7399 1.44243
63.0255 27.7478 1.44282
63.1241 27.7556 1.44321
63.2227 27.7635 1.4436
63.3213 27.7713 1.44399
63.4199 27.7791 1.44438
63.5185 27.7869 1.44476
63.6171 27.7947 1.44515
63.7157 27.8024 1.44554
63.8143 27.8102 1.44592
63.9129 27.8179 1.44631
64.0115 27.8256 1.44669
64.1101 27.8334 1.44707
64.2087 27.841 1.44745
64.3073 27.8487 1.44784
64.4059 27.8564 1.44822
64.5045 27.864 1.4486
64.6031 27.8717 1.44898
64.7017 27.8793 1.44935
64.8003 27.8869 1.44973
64.8989 27.8945 1.45011
64.9975 27.9021 1.45049
65.0961 27.9097 1.45086
65.1947 27.9172 1.45124
65.2933 27.9248 1.45162
65.3919 27.9323 1.45199
65.4905 27.9398 1.45236
65.5891 27.9473 1.45274
65.6877 27.9548 1.45311
65.7863 27.9623 1.45348
65.8849 27.9698 1.45385
65.9835 27.9772 1.45423
66.0821 27.9847 1.4546
66.1807 27.9921 1.45497
66.2793 27.9995 1.45533
66.3779 28.0069 1.4557
66.4765 28.0143 1.45607
66.5751 28.0217 1.45644
66.6737 28.029 1.45681
66.7723 28.0364 1.45717
66.8709 28.0437 1.45754
66.9695 28.051 1.4579
67.0681 28.0583 1.45827
67.1667 28.0656 1.45863
67.2653 28.0729 1.45899
67.3639 28.0802 1.45936
67.4625 28.0875 1.45972
67.5611 28.0947 1.46008
67.6597 28.102 1.46044
67.7583 28.1092 1.4608
67.8569 28.1164 1.46116
67.9555 28.1236 1.46152
68.0541 28.1308 1.46188
68.1527 28.138 1.46224
68.2513 28.1451 1.46259
68.3498 28.1523 1.46295
68.4484 28.1594 1.46331
68.547 28.1665 1.46366
68.6456 28.1737 1.46402
68.7442 28.1808 1.46437
68.8428 28.1878 1.46473
68.9414 28.1949 1.46508
69.04 28.202 1.46543
69.1386 28.2091 1.46579
69.2372 28.2161 1.46614
69.3358 28.2231 1.46649
69.4344 28.2301 1.46684
69.533 28.2372 1.46719
69.6316 28.2442 1.46754
69.7302 28.2511 1.46789
69.8288 28.2581 1.46824
69.9274 28.2651 1.46859
70.026 28.272 1.46893
70.1246 28.279 1.46928
70.2232 28.2859 1.46963
70.3218 28.2928 1.46997
70.4204 28.2997 1.47032
70.519 28.3066 1.47066
70.6176 28.3135 1.47101
70.7162 28.3204 1.47135
70.8148 28.3272 1.47169
70.9134 28.3341 1.47204
71.012 28.3409 1.47238
71.1106 28.3478 1.47272
71.2092 28.3546 1.47306
71.3078 28.3614 1.4734
71.4064 28.3682 1.47374
71.505 28.375 1.47408
71.6036 28.3817 1.47442
71.7022 28.3885 1.47476
71.8008 28.3952 1.4751
71.8994 28.402 1.47544
71.998 28.4087 1.47577
72.0966 28.4154 1.47611
72.1952 28.4221 1.47645
72.2938 28.4288 1.47678
72.3924 28.4355 1.47712
72.491 28.4422 1.47745
72.5896 28.4489 1.47779
72.6882 28.4555 1.47812
72.7868 28.4622 1.47845
72.8854 28.4688 1.47878
72.984 28.4754 1.47912
73.0826 28.482 1.47945
73.1812 28.4886 1.47978
73.2798 28.4952 1.48011
73.3784 28.5018 1.48044
73.477 28.5084 1.48077
73.5756 28.5149 1.4811
73.6742 28.5215 1.48143
73.7728 28.528 1.48176
73.8714 28.5346 1.48208
73.97 28.5411 1.48241
74.0686 28.5476 1.48274
74.1672 28.5541 1.48306
74.2658 28.5606 1.48339
74.3644 28.5671 1.48372
74.463 28.5735 1.48404
74.5616 28.58 1.48436
74.6602 28.5864 1.48469
74.7588 28.5929 1.48501
74.8574 28.5993 1.48533
74.956 28.6057 1.48566
75.0546 28.6121 1.48598
75.1532 28.6185 1.4863
75.2518 28.6249 1.48662
75.3504 28.6313 1.48694
75.4489 28.6377 1.48726
75.5475 28.644 1.48758
75.6461 28.6504 1.4879
75.7447 28.6567 1.48822
75.8433 28.6631 1.48854
75.9419 28.6694 1.48886
76.0405 28.6757 1.48917
76.1391 28.682 1.48949
76.2377 28.6883 1.48981
76.3363 28.6946 1.49012
76.4349 28.7009 1.49044
76.5335 28.7071 1.49076
76.6321 28.7134 1.49107
76.7307 28.7196 1.49138
76.8293 28.7259 1.4917
76.9279 28.7321 1.49201
77.0265 28.7383 1.49233
77.1251 28.7445 1.49264
77.2237 28.7507 1.49295
77.3223 28.7569 1.49326
77.4209 28.7631 1.49357
77.5195 28.7693 1.49388
77.6181 28.7754 1.49419
77.7167 28.7816 1.4945
77.8153 28.7877 1.49481
77.9139 28.7939 1.49512
78.0125 28.8 1.49543
78.1111 28.8061 1.49574
78.2097 28.8122 1.49605
78.3083 28.8183 1.49636
78.4069 28.8244 1.49666
78.5055 28.8305 1.49697
78.6041 28.8366 1.49728
78.7027 28.8427 1.49758
78.8013 28.8487 1.49789
78.8999 28.8548 1.49819
78.9985 28.8608 1.4985
79.0971 28.8668 1.4988
79.1957 28.8729 1.49911
79.2943 28.8789 1.49941
79.3929 28.8849 1.49971
79.4915 28.8909 1.50001
79.5901 28.8969 1.50032
79.6887 28.9028 1.50062
79.7873 28.9088 1.50092
79.8859 28.9148 1.50122
79.9845 28.9207 1.50152
80.0831 28.9267 1.50182
80.1817 28.9326 1.50212
80.2803 28.9385 1.50242
80.3789 28.9445 1.50272
80.4775 28.9504 1.50302
80.5761 28.9563 1.50332
80.6747 28.9622 1.50361
80.7733 28.968 1.50391
80.8719 28.9739 1.50421
80.9705 28.9798 1.5045
81.0691 28.9857 1.5048
81.1677 28.9915 1.5051
81.2663 28.9974 1.50539
81.3649 29.0032 1.50569
81.4635 29.009 1.50598
81.5621 29.0148 1.50628
81.6607 29.0206 1.50657
81.7593 29.0265 1.50686
81.8579 29.0322 1.50716
81.9565 29.038 1.50745
82.0551 29.0438 1.50774
82.1537 29.0496 1.50803
82.2523 29.0553 1.50832
82.3509 29.0611 1.50862
82.4494 29.0669 1.50891
82.548 29.0726 1.5092
82.6466 29.0783 1.50949
82.7452 29.084 1.50978
82.8438 29.0898 1.51007
82.9424 29.0955 1.51036
83.041 29.1012 1.51064
83.1396 29.1069 1.51093
83.2382 29.1125 1.51122
83.3368 29.1182 1.51151
83.4354 29.1239 1.51179
83.534 29.1296 1.51208
83.6326 29.1352 1.51237
83.7312 29.1408 1.51265
83.8298 29.1465 1.51294
83.9284 29.1521 1.51322
84.027 29.1577 1.51351
84.1256 29.1634 1.51379
84.2242 29.169 1.51408
84.3228 29.1746 1.51436
84.4214 29.1802 1.51464
84.52 29.1857 1.51493
84.6186 29.1913 1.51521
84.7172 29.1969 1.51549
84.8158 29.2024 1.51578
84.9144 29.208 1.51606
85.013 29.2135 1.51634
85.1116 29.2191 1.51662
85.2102 29.2246 1.5169
85.3088 29.2301 1.51718
85.4074 29.2357 1.51746
85.506 29.2412 1.51774
85.6046 29.2467 1.51802
85.7032 29.2522 1.5183
85.8018 29.2576 1.51858
85.9004 29.2631 1.51885
85.999 29.2686 1.51913
86.0976 29.2741 1.51941
86.1962 29.2795 1.51969
86.2948 29.285 1.51996
86.3934 29.2904 1.52024
86.492 29.2959 1.52052
86.5906 29.3013 1.52079
86.6892 29.3067 1.52107
86.7878 29.3121 1.52134
86.8864 29.3175 1.52162
86.985 29.3229 1.52189
87.0836 29.3283 1.52216
87.1822 29.3337 1.52244
87.2808 29.3391 1.52271
87.3794 29.3445 1.52298
87.478 29.3498 1.52326
87.5766 29.3552 1.52353
87.6752 29.3605 1.5238
87.7738 29.3659 1.52407
87.8724 29.3712 1.52434
87.971 29.3766 1.52462
88.0696 29.3819 1.52489
88.1682 29.3872 1.52516
88.2668 29.3925 1.52543
88.3654 29.3978 1.5257
88.464 29.4031 1.52597
88.5626 29.4084 1.52623
88.6612 29.4137 1.5265
88.7598 29.4189 1.52677
88.8584 29.4242 1.52704
88.957 29.4295 1.52731
89.0556 29.4347 1.52757
89.1542 29.44 1.52784
89.2528 29.4452 1.52811
89.3514 29.4505 1.52837
89.4499 29.4557 1.52864
89.5485 29.4609 1.52891
89.6471 29.4661 1.52917
89.7457 29.4713 1.52944
89.8443 29.4765 1.5297
89.9429 29.4817 1.52997
90.0415 29.4869 1.53023
90.1401 29.4921 1.53049
90.2387 29.4973 1.53076
90.3373 29.5024 1.53102
90.4359 29.5076 1.53128
90.5345 29.5128 1.53155
90.6331 29.5179 1.53181
90.7317 29.523 1.53207
90.8303 29.5282 1.53233
90.9289 29.5333 1.53259
91.0275 29.5384 1.53286
91.1261 29.5436 1.53312
91.2247 29.5487 1.53338
91.3233 29.5538 1.53364
91.4219 29.5589 1.5339
91.5205 29.564 1.53416
91.6191 29.569 1.53442
91.7177 29.5741 1.53468
91.8163 29.5792 1.53493
91.9149 29.5843 1.53519
92.0135 29.5893 1.53545
92.1121 29.5944 1.53571
92.2107 29.5994 1.53597
92.3093 29.6045 1.53622
92.4079 29.6095 1.53648
92.5065 29.6145 1.53674
92.6051 29.6195 1.53699
92.7037 29.6245 1.53725
92.8023 29.6296 1.5375
92.9009 29.6346 1.53776
92.9995 29.6396 1.53801
93.0981 29.6445 1.53827
93.1967 29.6495 1.53852
93.2953 29.6545 1.53878
93.3939 29.6595 1.53903
93.4925 29.6645 1.53929
93.5911 29.6694 1.53954
93.6897 29.6744 1.53979
93.7883 29.6793 1.54004
93.8869 29.6843 1.5403
93.9855 29.6892 1.54055
94.0841 29.6941 1.5408
94.1827 29.699 1.54105
94.2813 29.704 1.5413
94.3799 29.7089 1.54155
94.4785 29.7138 1.54181
94.5771 29.7187 1.54206
94.6757 29.7236 1.54231
94.7743 29.7285 1.54256
94.8729 29.7333 1.54281
94.9715 29.7382 1.54305
95.0701 29.7431 1.5433
95.1687 29.748 1.54355
95.2673 29.7528 1.5438
95.3659 29.7577 1.54405
95.4645 29.7625 1.5443
95.5631 29.7674 1.54454
95.6617 29.7722 1.54479
95.7603 29.777 1.54504
95.8589 29.7818 1.54529
95.9575 29.7867 1.54553
96.0561 29.7915 1.54578
96.1547 29.7963 1.54602
96.2533 29.8011 1.54627
96.3519 29.8059 1.54652
96.4505 29.8107 1.54676
96.549 29.8154 1.54701
96.6476 29.8202 1.54725
96.7462 29.825 1.54749
96.8448 29.8298 1.54774
96.9434 29.8345 1.54798
97.042 29.8393 1.54823
97.1406 29.844 1.54847
97.2392 29.8488 1.54871
97.3378 29.8535 1.54895
97.4364 29.8582 1.5492
97.535 29.863 1.54944
97.6336 29.8677 1.54968
97.7322 29.8724 1.54992
97.8308 29.8771 1.55016
97.9294 29.8818 1.55041
98.028 29.8865 1.55065
98.1266 29.8912 1.55089
98.2252 29.8959 1.55113
98.3238 29.9006 1.55137
98.4224 29.9053 1.55161
98.521 29.9099 1.55185
98.6196 29.9146 1.55209
98.7182 29.9193 1.55232
98.8168 29.9239 1.55256
98.9154 29.9286 1.5528
99.014 29.9332 1.55304
99.1126 29.9379 1.55328
99.2112 29.9425 1.55352
99.3098 29.9471 1.55375
99.4084 29.9518 1.55399
99.507 29.9564 1.55423
99.6056 29.961 1.55446
99.7042 29.9656 1.5547
99.8028 29.9702 1.55494
99.9014 29.9748 1.55517
100 29.9794 1.55541
