1e-05 67.4636 3.02316
0.00101099 16.4136 0.94006
0.00201198 12.8084 0.803326
0.00301297 10.971 0.738984
0.00401396 9.7745 0.700352
0.00501495 8.90278 0.674468
0.00601595 8.22607 0.656021
0.00701694 7.67644 0.642307
0.00801793 7.21721 0.631873
0.00901892 6.82487 0.62379
0.0100199 6.48302 0.617416
0.0110209 6.18163 0.612379
0.0120219 5.9132 0.608398
0.0130229 5.67131 0.60523
0.0140239 5.45161 0.602722
0.0150249 5.2509 0.600759
0.0160259 5.06664 0.599259
0.0170268 4.89655 0.598141
0.0180278 4.73856 0.597321
0.0190288 4.59124 0.59676
0.0200298 4.45348 0.596422
0.0210308 4.3243 0.596272
0.0220318 4.20291 0.596292
0.0230328 4.0885 0.596459
0.0240338 3.98032 0.59674
0.0250348 3.87774 0.597111
0.0260358 3.78032 0.597571
0.0270368 3.68765 0.598107
0.0280377 3.59936 0.598706
0.0290387 3.51512 0.599356
0.0300397 3.43466 0.600062
0.0310407 3.35769 0.600814
0.0320417 3.28393 0.601598
0.0330427 3.21315 0.602404
0.0340437 3.14512 0.603226
0.0350447 3.07971 0.604071
0.0360457 3.01676 0.604933
0.0370467 2.95612 0.605806
0.0380477 2.89764 0.606684
0.0390486 2.8412 0.607565
0.0400496 2.78672 0.608458
0.0410506 2.73408 0.609357
0.0420516 2.68317 0.610256
0.0430526 2.63389 0.611149
0.0440536 2.58613 0.612032
0.0450546 2.53984 0.612904
0.0460556 2.49494 0.613774
0.0470566 2.45138 0.614638
0.0480576 2.40909 0.615493
0.0490586 2.36802 0.616338
0.0500595 2.32809 0.617169
0.0510605 2.28928 0.617987
0.0520615 2.25154 0.618798
0.0530625 2.21482 0.619601
0.0540635 2.17908 0.620393
0.0550645 2.14427 0.621172
0.0560655 2.11035 0.621935
0.0570665 2.07728 0.622679
0.0580675 2.04502 0.623404
0.0590685 2.01355 0.624118
0.0600695 1.98285 0.624819
0.0610705 1.95289 0.625507
0.0620714 1.92363 0.626179
0.0630724 1.89506 0.626834
0.0640734 1.86714 0.62747
0.0650744 1.83985 0.628087
0.0660754 1.81317 0.628689
0.0670764 1.78709 0.629278
0.0680774 1.7616 0.629853
0.0690784 1.73666 0.630414
0.0700794 1.71225 0.630957
0.0710804 1.68836 0.631482
0.0720814 1.66496 0.631987
0.0730823 1.64204 0.632473
0.0740833 1.6196 0.63294
0.0750843 1.59761 0.633393
0.0760853 1.57607 0.633832
0.0770863 1.55496 0.634254
0.0780873 1.53427 0.63466
0.0790883 1.51398 0.635049
0.0800893 1.49408 0.63542
0.0810903 1.47456 0.635773
0.0820913 1.4554 0.636107
0.0830923 1.43661 0.636427
0.0840932 1.41817 0.636733
0.0850942 1.40008 0.637025
0.0860952 1.38232 0.637302
0.0870962 1.36489 0.637563
0.0880972 1.34776 0.637806
0.0890982 1.33095 0.638032
0.0900992 1.31442 0.63824
0.0911002 1.29818 0.638429
0.0921012 1.28223 0.638602
0.0931022 1.26656 0.638761
0.0941032 1.25116 0.638905
0.0951041 1.23602 0.639035
0.0961051 1.22114 0.639149
0.0971061 1.20651 0.639248
0.0981071 1.19213 0.63933
0.0991081 1.17797 0.639396
0.100109 1.16405 0.639445
0.10111 1.15035 0.639477
0.102111 1.13688 0.639495
0.103112 1.12362 0.639501
0.104113 1.11058 0.639493
0.105114 1.09775 0.63947
0.106115 1.08512 0.639434
0.107116 1.07269 0.639382
0.108117 1.06045 0.639315
0.109118 1.0484 0.639232
0.110119 1.03653 0.639133
0.11112 1.02484 0.639018
0.112121 1.01333 0.63889
0.113122 1.00199 0.638748
0.114123 0.990835 0.638594
0.115124 0.979844 0.638426
0.116125 0.969017 0.638245
0.117126 0.958349 0.63805
0.118127 0.947837 0.637841
0.119128 0.937475 0.637618
0.120129 0.927261 0.63738
0.12113 0.917189 0.637127
0.122131 0.907258 0.63686
0.123132 0.89747 0.636581
0.124133 0.887822 0.63629
0.125134 0.878313 0.635986
0.126135 0.868937 0.63567
0.127136 0.859693 0.635342
0.128137 0.850576 0.635
0.129138 0.841584 0.634646
0.130139 0.832715 0.634278
0.13114 0.823965 0.633897
0.132141 0.815332 0.633502
0.133142 0.806813 0.633094
0.134143 0.798411 0.632674
0.135144 0.790126 0.632243
0.136145 0.781953 0.631801
0.137146 0.77389 0.631347
0.138147 0.765934 0.630881
0.139148 0.758083 0.630403
0.140149 0.750334 0.629914
0.14115 0.742685 0.629412
0.142151 0.735133 0.628898
0.143152 0.727676 0.628372
0.144153 0.720312 0.627833
0.145154 0.713041 0.627282
0.146155 0.705865 0.626721
0.147156 0.698781 0.626149
0.148157 0.691789 0.625567
0.149158 0.684885 0.624974
0.150159 0.678068 0.62437
0.15116 0.671335 0.623755
0.152161 0.664686 0.623129
0.153162 0.658118 0.622492
0.154163 0.65163 0.621844
0.155164 0.645219 0.621185
0.156165 0.638885 0.620515
0.157166 0.632627 0.619834
0.158167 0.626447 0.619143
0.159168 0.620344 0.618442
0.160169 0.614317 0.617732
0.16117 0.608362 0.617012
0.162171 0.602479 0.616282
0.163172 0.596665 0.615542
0.164173 0.59092 0.614792
0.165174 0.585242 0.614032
0.166175 0.579629 0.613261
0.167175 0.57408 0.612481
0.168176 0.568593 0.61169
0.169177 0.563168 0.61089
0.170178 0.557807 0.610079
0.171179 0.55251 0.60926
0.17218 0.547274 0.608432
0.173181 0.542099 0.607595
0.174182 0.536984 0.606748
0.175183 0.531927 0.605892
0.176184 0.526927 0.605028
0.177185 0.521984 0.604154
0.178186 0.517095 0.603272
0.179187 0.51226 0.60238
0.180188 0.507478 0.60148
0.181189 0.502748 0.600571
0.18219 0.498069 0.599653
0.183191 0.493445 0.598727
0.184192 0.488874 0.597793
0.185193 0.484354 0.596851
0.186194 0.479885 0.595901
0.187195 0.475465 0.594942
0.188196 0.471094 0.593976
0.189197 0.46677 0.593002
0.190198 0.462492 0.592019
0.191199 0.458259 0.591028
0.1922 0.45407 0.590029
0.193201 0.449924 0.589022
0.194202 0.445821 0.588007
0.195203 0.44176 0.586985
0.196204 0.437743 0.585954
0.197205 0.433769 0.584916
0.198206 0.429839 0.58387
0.199207 0.42595 0.582817
0.200208 0.422102 0.581756
0.201209 0.418294 0.580688
0.20221 0.414527 0.579613
0.203211 0.410798 0.578531
0.204212 0.407107 0.577442
0.205213 0.403454 0.576346
0.206214 0.399838 0.575243
0.207215 0.396258 0.574133
0.208216 0.392714 0.573017
0.209217 0.389208 0.571894
0.210218 0.385739 0.570764
0.211219 0.382307 0.569628
0.21222 0.378911 0.568485
0.213221 0.37555 0.567336
0.214222 0.372223 0.566181
0.215223 0.368929 0.565019
0.216224 0.365669 0.563851
0.217225 0.36244 0.562677
0.218226 0.359244 0.561496
0.219227 0.356078 0.56031
0.220228 0.352942 0.559117
0.221229 0.349836 0.557918
0.22223 0.346759 0.556713
0.223231 0.343714 0.555502
0.224232 0.3407 0.554284
0.225233 0.337716 0.553061
0.226234 0.334761 0.551832
0.227235 0.331836 0.550597
0.228236 0.328939 0.549357
0.229237 0.326071 0.548111
0.230238 0.32323 0.546859
0.231239 0.320416 0.545603
0.23224 0.31763 0.544341
0.233241 0.314869 0.543075
0.234242 0.312134 0.541803
0.235243 0.309425 0.540527
0.236244 0.306742 0.539246
0.237245 0.304086 0.53796
0.238246 0.301456 0.536669
0.239247 0.298852 0.535373
0.240248 0.296273 0.534072
0.241249 0.293719 0.532766
0.24225 0.29119 0.531456
0.243251 0.288684 0.530141
0.244252 0.286202 0.528821
0.245253 0.283743 0.527497
0.246254 0.281306 0.526168
0.247255 0.278891 0.524836
0.248256 0.276498 0.523498
0.249257 0.274126 0.522157
0.250258 0.271775 0.520811
0.251259 0.269446 0.519461
0.25226 0.267139 0.518105
0.253261 0.264855 0.516746
0.254262 0.262591 0.515382
0.255263 0.260349 0.514014
0.256264 0.258127 0.512642
0.257265 0.255926 0.511266
0.258266 0.253744 0.509886
0.259267 0.251583 0.508503
0.260268 0.249441 0.507116
0.261269 0.247318 0.505726
0.26227 0.245214 0.504333
0.263271 0.243129 0.502937
0.264272 0.241062 0.501538
0.265273 0.239014 0.500135
0.266274 0.236986 0.498729
0.267275 0.234977 0.497319
0.268276 0.232986 0.495906
0.269277 0.231014 0.49449
0.270278 0.22906 0.493071
0.271279 0.227123 0.491648
0.27228 0.225204 0.490222
0.273281 0.223302 0.488794
0.274282 0.221416 0.487363
0.275283 0.219546 0.485928
0.276284 0.217693 0.484492
0.277285 0.215855 0.483052
0.278285 0.214032 0.48161
0.279286 0.212225 0.480166
0.280287 0.210434 0.478718
0.281288 0.208659 0.477267
0.282289 0.2069 0.475813
0.28329 0.205157 0.474356
0.284291 0.203429 0.472897
0.285292 0.201717 0.471435
0.286293 0.200019 0.46997
0.287294 0.198336 0.468504
0.288295 0.196667 0.467035
0.289296 0.195013 0.465564
0.290297 0.193373 0.464092
0.291298 0.191746 0.462618
0.292299 0.190133 0.461142
0.2933 0.188533 0.459665
0.294301 0.186947 0.458187
0.295302 0.185375 0.456706
0.296303 0.183818 0.455223
0.297304 0.182274 0.453739
0.298305 0.180743 0.452252
0.299306 0.179226 0.450763
0.300307 0.177722 0.449273
0.301308 0.176231 0.447781
0.302309 0.174752 0.446287
0.30331 0.173286 0.444793
0.304311 0.171832 0.443296
0.305312 0.17039 0.441799
0.306313 0.168959 0.4403
0.307314 0.16754 0.4388
0.308315 0.166133 0.4373
0.309316 0.164737 0.435798
0.310317 0.163353 0.434294
0.311318 0.16198 0.432788
0.312319 0.16062 0.43128
0.31332 0.159271 0.429771
0.314321 0.157934 0.428261
0.315322 0.156608 0.426749
0.316323 0.155293 0.425237
0.317324 0.153989 0.423724
0.318325 0.152696 0.42221
0.319326 0.151413 0.420695
0.320327 0.150141 0.419181
0.321328 0.14888 0.417666
0.322329 0.147628 0.416151
0.32333 0.146387 0.414636
0.324331 0.145155 0.413122
0.325332 0.143935 0.411606
0.326333 0.142725 0.41009
0.327334 0.141525 0.408573
0.328335 0.140336 0.407056
0.329336 0.139157 0.405538
0.330337 0.137987 0.40402
0.331338 0.136828 0.402502
0.332339 0.135678 0.400983
0.33334 0.134537 0.399464
0.334341 0.133406 0.397946
0.335342 0.132283 0.396427
0.336343 0.13117 0.394908
0.337344 0.130065 0.39339
0.338345 0.128968 0.391872
0.339346 0.12788 0.390354
0.340347 0.1268 0.388836
0.341348 0.12573 0.387318
0.342349 0.124669 0.385798
0.34335 0.123616 0.384279
0.344351 0.122572 0.382759
0.345352 0.121536 0.38124
0.346353 0.120509 0.379721
0.347354 0.11949 0.378201
0.348355 0.11848 0.376683
0.349356 0.117477 0.375165
0.350357 0.116483 0.373648
0.351358 0.115496 0.372132
0.352359 0.114517 0.370617
0.35336 0.113546 0.369103
0.354361 0.112582 0.36759
0.355362 0.111626 0.366079
0.356363 0.110678 0.364569
0.357364 0.109738 0.363059
0.358365 0.108806 0.361549
0.359366 0.107881 0.36004
0.360367 0.106964 0.358531
0.361368 0.106055 0.357024
0.362369 0.105153 0.355517
0.36337 0.104258 0.354012
0.364371 0.10337 0.352507
0.365372 0.10249 0.351004
0.366373 0.101616 0.349501
0.367374 0.100748 0.348001
0.368375 0.0998879 0.346501
0.369376 0.0990337 0.345003
0.370377 0.0981859 0.343507
0.371378 0.0973446 0.342012
0.372379 0.0965101 0.340517
0.37338 0.0956824 0.339024
0.374381 0.0948614 0.33753
0.375382 0.094047 0.336038
0.376383 0.0932392 0.334547
0.377384 0.0924378 0.333057
0.378385 0.0916428 0.331569
0.379386 0.090854 0.330082
0.380387 0.0900715 0.328596
0.381388 0.089295 0.327113
0.382389 0.0885247 0.325632
0.38339 0.0877602 0.324152
0.384391 0.0870017 0.322675
0.385392 0.086249 0.321201
0.386393 0.085502 0.319729
0.387394 0.0847609 0.318259
0.388395 0.084026 0.316791
0.389395 0.0832971 0.315324
0.390396 0.0825743 0.313859
0.391397 0.0818574 0.312396
0.392398 0.0811462 0.310935
0.393399 0.0804408 0.309475
0.3944 0.079741 0.308017
0.395401 0.0790466 0.306562
0.396402 0.0783577 0.305108
0.397403 0.0776741 0.303657
0.398404 0.0769957 0.302208
0.399405 0.0763225 0.300762
0.400406 0.0756542 0.299318
0.401407 0.074991 0.297877
0.402408 0.0743326 0.296438
0.403409 0.0736791 0.295001
0.40441 0.0730309 0.293566
0.405411 0.072388 0.292133
0.406412 0.0717501 0.290701
0.407413 0.0711173 0.289272
0.408414 0.0704896 0.287844
0.409415 0.0698668 0.286419
0.410416 0.0692489 0.284996
0.411417 0.0686359 0.283576
0.412418 0.0680276 0.282158
0.413419 0.0674241 0.280743
0.41442 0.0668252 0.279331
0.415421 0.0662309 0.277922
0.416422 0.0656412 0.276516
0.417423 0.0650559 0.275114
0.418424 0.0644752 0.273715
0.419425 0.0638989 0.272319
0.420426 0.0633273 0.270926
0.421427 0.0627605 0.269536
0.422428 0.0621984 0.268148
0.423429 0.0616409 0.266763
0.42443 0.0610879 0.26538
0.425431 0.0605393 0.264001
0.426432 0.059995 0.262624
0.427433 0.0594551 0.26125
0.428434 0.0589193 0.259879
0.429435 0.0583877 0.258511
0.430436 0.0578601 0.257146
0.431437 0.0573365 0.255785
0.432438 0.0568169 0.254426
0.433439 0.056301 0.253071
0.43444 0.055789 0.25172
0.435441 0.0552807 0.250371
0.436442 0.0547763 0.249026
0.437443 0.0542761 0.247682
0.438444 0.0537798 0.246342
0.439445 0.0532875 0.245004
0.440446 0.0527991 0.243669
0.441447 0.0523145 0.242337
0.442448 0.0518338 0.241008
0.443449 0.0513569 0.239682
0.44445 0.0508837 0.23836
0.445451 0.0504141 0.237041
0.446452 0.0499483 0.235726
0.447453 0.049486 0.234414
0.448454 0.0490273 0.233106
0.449455 0.0485721 0.231802
0.450456 0.0481204 0.230502
0.451457 0.0476722 0.229206
0.452458 0.0472275 0.227913
0.453459 0.0467865 0.226624
0.45446 0.0463492 0.225339
0.455461 0.0459155 0.224056
0.456462 0.0454853 0.222777
0.457463 0.0450587 0.221501
0.458464 0.0446355 0.220229
0.459465 0.0442157 0.218961
0.460466 0.0437991 0.217695
0.461467 0.0433859 0.216434
0.462468 0.0429759 0.215176
0.463469 0.0425691 0.213922
0.46447 0.0421653 0.212672
0.465471 0.0417647 0.211426
0.466472 0.041367 0.210183
0.467473 0.0409723 0.208944
0.468474 0.0405806 0.20771
0.469475 0.0401919 0.206478
0.470476 0.0398065 0.20525
0.471477 0.0394242 0.204025
0.472478 0.0390449 0.202804
0.473479 0.0386688 0.201586
0.47448 0.0382957 0.200371
0.475481 0.0379255 0.19916
0.476482 0.0375584 0.197953
0.477483 0.0371942 0.19675
0.478484 0.0368329 0.195551
0.479485 0.0364744 0.194355
0.480486 0.0361188 0.193164
0.481487 0.035766 0.191977
0.482488 0.035416 0.190794
0.483489 0.0350687 0.189616
0.48449 0.0347242 0.188442
0.485491 0.0343824 0.187273
0.486492 0.0340435 0.186107
0.487493 0.0337076 0.184945
0.488494 0.0333745 0.183787
0.489495 0.0330442 0.182632
0.490496 0.0327168 0.181482
0.491497 0.032392 0.180335
0.492498 0.0320699 0.179192
0.493499 0.0317504 0.178054
0.4945 0.0314336 0.176919
0.495501 0.0311192 0.175789
0.496502 0.0308074 0.174662
0.497503 0.030498 0.173539
0.498504 0.0301911 0.172421
0.499505 0.0298865 0.171307
0.500505 0.0295842 0.170197
0.501506 0.0292842 0.169091
0.502507 0.0289867 0.167989
0.503508 0.0286916 0.166891
0.504509 0.028399 0.165796
0.50551 0.0281088 0.164705
0.506511 0.0278211 0.163618
0.507512 0.0275358 0.162534
0.508513 0.0272528 0.161455
0.509514 0.0269722 0.160379
0.510515 0.026694 0.159308
0.511516 0.026418 0.158241
0.512517 0.0261443 0.157178
0.513518 0.0258728 0.156119
0.514519 0.0256036 0.155065
0.51552 0.0253365 0.154015
0.516521 0.0250716 0.152969
0.517522 0.0248089 0.151929
0.518523 0.0245483 0.150892
0.519524 0.0242899 0.14986
0.520525 0.0240339 0.148832
0.521526 0.0237801 0.147808
0.522527 0.0235286 0.146789
0.523528 0.0232793 0.145773
0.524529 0.0230321 0.144761
0.52553 0.0227871 0.143754
0.526531 0.0225442 0.142751
0.527532 0.0223034 0.141751
0.528533 0.0220645 0.140757
0.529534 0.0218277 0.139766
0.530535 0.0215929 0.138779
0.531536 0.0213599 0.137797
0.532537 0.0211289 0.136819
0.533538 0.0208997 0.135845
0.534539 0.0206724 0.134875
0.53554 0.0204469 0.13391
0.536541 0.0202233 0.132948
0.537542 0.0200017 0.13199
0.538543 0.0197821 0.131036
0.539544 0.0195644 0.130086
0.540545 0.0193486 0.12914
0.541546 0.0191347 0.128198
0.542547 0.0189227 0.12726
0.543548 0.0187125 0.126327
0.544549 0.0185042 0.125397
0.54555 0.0182977 0.124471
0.546551 0.018093 0.12355
0.547552 0.01789 0.122633
0.548553 0.0176888 0.121721
0.549554 0.0174894 0.120813
0.550555 0.0172917 0.119909
0.551556 0.0170956 0.11901
0.552557 0.0169013 0.118115
0.553558 0.0167087 0.117225
0.554559 0.016518 0.116338
0.55556 0.0163291 0.115456
0.556561 0.016142 0.114578
0.557562 0.0159567 0.113705
0.558563 0.015773 0.112835
0.559564 0.0155911 0.111969
0.560565 0.0154108 0.111108
0.561566 0.0152322 0.110251
0.562567 0.0150551 0.109398
0.563568 0.0148797 0.108549
0.564569 0.0147058 0.107704
0.56557 0.0145334 0.106863
0.566571 0.0143625 0.106027
0.567572 0.0141931 0.105194
0.568573 0.0140251 0.104366
0.569574 0.0138585 0.103542
0.570575 0.0136935 0.102722
0.571576 0.01353 0.101905
0.572577 0.0133681 0.101093
0.573578 0.0132077 0.100285
0.574579 0.0130489 0.09948
0.57558 0.0128915 0.0986794
0.576581 0.0127356 0.0978828
0.577582 0.0125812 0.0970902
0.578583 0.0124283 0.0963018
0.579584 0.0122768 0.0955174
0.580585 0.0121267 0.0947371
0.581586 0.011978 0.0939611
0.582587 0.0118307 0.0931892
0.583588 0.0116847 0.0924215
0.584589 0.0115401 0.0916581
0.58559 0.0113968 0.0908989
0.586591 0.0112549 0.0901441
0.587592 0.0111143 0.0893935
0.588593 0.0109752 0.0886469
0.589594 0.0108376 0.0879044
0.590595 0.0107013 0.087166
0.591596 0.0105664 0.0864316
0.592597 0.0104329 0.0857013
0.593598 0.0103008 0.084975
0.594599 0.0101699 0.0842526
0.5956 0.0100404 0.0835343
0.596601 0.00991213 0.08282
0.597602 0.00978511 0.0821096
0.598603 0.00965931 0.0814032
0.599604 0.00953472 0.0807008
0.600605 0.00941132 0.0800022
0.601606 0.00928907 0.0793077
0.602607 0.00916796 0.078617
0.603608 0.00904797 0.0779302
0.604609 0.00892911 0.0772473
0.60561 0.0088115 0.0765681
0.606611 0.00869514 0.0758927
0.607612 0.00857999 0.075221
0.608613 0.00846606 0.0745531
0.609614 0.00835331 0.0738891
0.610615 0.00824174 0.0732288
0.611615 0.00813133 0.0725724
0.612616 0.00802206 0.0719199
0.613617 0.00791393 0.0712712
0.614618 0.0078069 0.0706264
0.615619 0.00770097 0.0699854
0.61662 0.00759613 0.0693484
0.617621 0.00749235 0.0687154
0.618622 0.00738962 0.0680862
0.619623 0.00728794 0.0674611
0.620624 0.00718727 0.0668399
0.621625 0.00708762 0.0662227
0.622626 0.0069891 0.0656093
0.623627 0.00689172 0.0649999
0.624628 0.00679545 0.0643943
0.625629 0.00670029 0.0637926
0.62663 0.0066062 0.0631947
0.627631 0.00651318 0.0626005
0.628632 0.00642119 0.0620102
0.629633 0.00633022 0.0614236
0.630634 0.00624025 0.0608407
0.631635 0.00615126 0.0602615
0.632636 0.00606323 0.059686
0.633637 0.00597615 0.0591142
0.634638 0.00588998 0.0585461
0.635639 0.00580472 0.0579816
0.63664 0.00572035 0.0574206
0.637641 0.00563684 0.0568633
0.638642 0.00555418 0.0563096
0.639643 0.00547243 0.0557594
0.640644 0.00539166 0.0552127
0.641645 0.00531185 0.0546696
0.642646 0.00523299 0.05413
0.643647 0.00515507 0.053594
0.644648 0.00507806 0.0530615
0.645649 0.00500197 0.0525326
0.64665 0.00492676 0.0520073
0.647651 0.00485243 0.0514854
0.648652 0.00477896 0.0509672
0.649653 0.00470634 0.0504524
0.650654 0.00463455 0.0499413
0.651655 0.00456359 0.0494337
0.652656 0.00449343 0.0489296
0.653657 0.00442406 0.0484291
0.654658 0.00435547 0.0479321
0.655659 0.00428764 0.0474387
0.65666 0.00422059 0.0469489
0.657661 0.00415441 0.0464626
0.658662 0.0040891 0.0459799
0.659663 0.00402465 0.0455007
0.660664 0.00396104 0.0450251
0.661665 0.00389826 0.0445529
0.662666 0.00383628 0.0440841
0.663667 0.00377508 0.0436188
0.664668 0.00371466 0.0431569
0.665669 0.00365499 0.0426983
0.66667 0.00359606 0.0422431
0.667671 0.00353785 0.0417912
0.668672 0.00348034 0.0413426
0.669673 0.00342351 0.0408973
0.670674 0.00336736 0.0404552
0.671675 0.00331187 0.0400163
0.672676 0.00325701 0.0395806
0.673677 0.00320277 0.039148
0.674678 0.00314922 0.0387186
0.675679 0.0030964 0.0382925
0.67668 0.00304433 0.0378696
0.677681 0.00299297 0.0374499
0.678682 0.00294231 0.0370334
0.679683 0.00289235 0.0366201
0.680684 0.00284306 0.03621
0.681685 0.00279444 0.0358031
0.682686 0.00274647 0.0353993
0.683687 0.00269915 0.0349987
0.684688 0.00265244 0.0346012
0.685689 0.00260636 0.0342069
0.68669 0.00256087 0.0338157
0.687691 0.00251597 0.0334276
0.688692 0.00247165 0.0330426
0.689693 0.00242789 0.0326607
0.690694 0.00238468 0.0322819
0.691695 0.00234202 0.0319062
0.692696 0.00230001 0.0315337
0.693697 0.00225865 0.0311643
0.694698 0.00221794 0.0307982
0.695699 0.00217784 0.0304351
0.6967 0.00213836 0.0300751
0.697701 0.00209947 0.0297182
0.698702 0.00206116 0.0293643
0.699703 0.00202341 0.0290133
0.700704 0.00198622 0.0286654
0.701705 0.00194956 0.0283203
0.702706 0.00191341 0.0279781
0.703707 0.00187777 0.0276388
0.704708 0.00184263 0.0273023
0.705709 0.00180796 0.0269687
0.70671 0.00177375 0.0266377
0.707711 0.00173999 0.0263095
0.708712 0.00170666 0.025984
0.709713 0.00167379 0.0256613
0.710714 0.00164147 0.0253414
0.711715 0.00160968 0.0250243
0.712716 0.00157841 0.02471
0.713717 0.00154766 0.0243986
0.714718 0.00151741 0.0240899
0.715719 0.00148764 0.0237841
0.71672 0.00145835 0.0234809
0.717721 0.00142953 0.0231805
0.718722 0.00140115 0.0228828
0.719723 0.00137322 0.0225878
0.720724 0.00134572 0.0222955
0.721725 0.00131863 0.0220058
0.722725 0.00129195 0.0217188
0.723726 0.00126567 0.0214344
0.724727 0.00123977 0.0211526
0.725728 0.00121424 0.0208734
0.726729 0.00118907 0.0205967
0.72773 0.00116433 0.0203227
0.728731 0.00114006 0.0200515
0.729732 0.00111624 0.019783
0.730733 0.00109286 0.0195172
0.731734 0.00106991 0.0192541
0.732735 0.00104738 0.0189936
0.733736 0.00102526 0.0187356
0.734737 0.00100352 0.0184802
0.735738 0.000982165 0.0182273
0.736739 0.000961174 0.0179768
0.73774 0.000940538 0.0177288
0.738741 0.000920242 0.0174832
0.739742 0.000900276 0.0172399
0.740743 0.000880627 0.016999
0.741744 0.000861283 0.0167604
0.742745 0.000842233 0.016524
0.743746 0.000823463 0.0162899
0.744747 0.000804969 0.0160579
0.745748 0.000786827 0.0158284
0.746749 0.000769056 0.0156013
0.74775 0.000751647 0.0153765
0.748751 0.000734588 0.0151542
0.749752 0.000717869 0.0149342
0.750753 0.00070148 0.0147165
0.751754 0.000685411 0.0145012
0.752755 0.00066965 0.0142881
0.753756 0.000654188 0.0140772
0.754757 0.000639015 0.0138686
0.755758 0.000624121 0.0136621
0.756759 0.000609496 0.0134579
0.75776 0.000595129 0.0132558
0.758761 0.000581012 0.0130558
0.759762 0.000567134 0.0128579
0.760763 0.000553486 0.0126621
0.761764 0.000540059 0.0124683
0.762765 0.000526856 0.0122766
0.763766 0.000513951 0.0120872
0.764767 0.000501347 0.0119
0.765768 0.000489034 0.0117151
0.766769 0.000477002 0.0115323
0.76777 0.000465241 0.0113518
0.768771 0.00045374 0.0111733
0.769772 0.000442491 0.0109969
0.770773 0.000431482 0.0108225
0.771774 0.000420705 0.0106502
0.772775 0.000410149 0.0104798
0.773776 0.000399806 0.0103114
0.774777 0.000389664 0.0101449
0.775778 0.000379716 0.00998021
0.776779 0.000369951 0.00981738
0.77778 0.00036036 0.00965635
0.778781 0.000350934 0.00949707
0.779782 0.000341664 0.00933953
0.780783 0.000332561 0.00918375
0.781784 0.00032369 0.00902995
0.782785 0.000315047 0.00887812
0.783786 0.000306624 0.00872822
0.784787 0.000298413 0.00858023
0.785788 0.000290406 0.00843411
0.786789 0.000282596 0.00828984
0.78779 0.000274973 0.0081474
0.788791 0.000267531 0.00800674
0.789792 0.000260262 0.00786785
0.790793 0.000253157 0.00773069
0.791794 0.000246209 0.00759524
0.792795 0.000239411 0.00746147
0.793796 0.000232755 0.00732935
0.794797 0.000226232 0.00719885
0.795798 0.000219837 0.00706994
0.796799 0.000213561 0.00694261
0.7978 0.000207396 0.00681682
0.798801 0.000201362 0.00669264
0.799802 0.000195506 0.00657027
0.800803 0.000189825 0.00644968
0.801804 0.000184309 0.00633084
0.802805 0.000178953 0.0062137
0.803806 0.00017375 0.00609824
0.804807 0.000168691 0.00598441
0.805808 0.000163771 0.00587219
0.806809 0.000158982 0.00576153
0.80781 0.000154317 0.00565239
0.808811 0.00014977 0.00554476
0.809812 0.000145333 0.00543859
0.810813 0.000141001 0.00533384
0.811814 0.000136765 0.00523048
0.812815 0.000132619 0.00512849
0.813816 0.000128558 0.00502782
0.814817 0.000124574 0.00492844
0.815818 0.00012066 0.00483032
0.816819 0.000116836 0.00473355
0.81782 0.000113139 0.00463832
0.818821 0.000109565 0.00454461
0.819822 0.000106107 0.00445237
0.820823 0.000102762 0.00436159
0.821824 9.95225e-05 0.00427223
0.822825 9.63843e-05 0.00418425
0.823826 9.33419e-05 0.00409764
0.824827 9.03898e-05 0.00401236
0.825828 8.7523e-05 0.00392838
0.826829 8.47363e-05 0.00384568
0.82783 8.20244e-05 0.00376422
0.828831 7.93823e-05 0.00368397
0.829832 7.68049e-05 0.00360491
0.830833 7.42871e-05 0.00352701
0.831834 7.18241e-05 0.00345024
0.832835 6.94106e-05 0.00337457
0.833835 6.7042e-05 0.00329997
0.834836 6.47344e-05 0.00322656
0.835837 6.25159e-05 0.00315449
0.836838 6.03823e-05 0.00308374
0.837839 5.83295e-05 0.00301428
0.83884 5.63532e-05 0.00294608
0.839841 5.44491e-05 0.00287909
0.840842 5.26131e-05 0.00281329
0.841843 5.0841e-05 0.00274864
0.842844 4.91285e-05 0.00268511
0.843845 4.74718e-05 0.00262268
0.844846 4.58665e-05 0.0025613
0.845847 4.43088e-05 0.00250094
0.846848 4.27945e-05 0.00244158
0.847849 4.13196e-05 0.00238318
0.84885 3.98803e-05 0.00232571
0.849851 3.84725e-05 0.00226914
0.850852 3.70923e-05 0.00221344
0.851853 3.57359e-05 0.00215858
0.852854 3.44155e-05 0.00210466
0.853855 3.31516e-05 0.00205185
0.854856 3.19417e-05 0.00200013
0.855857 3.07828e-05 0.00194947
0.856858 2.96721e-05 0.00189983
0.857859 2.86066e-05 0.00185119
0.85886 2.75836e-05 0.00180353
0.859861 2.66002e-05 0.0017568
0.860862 2.56536e-05 0.00171099
0.861863 2.47411e-05 0.00166607
0.862864 2.38599e-05 0.00162201
0.863865 2.30072e-05 0.00157878
0.864866 2.21804e-05 0.00153635
0.865867 2.13767e-05 0.0014947
0.866868 2.05935e-05 0.00145381
0.867869 1.9828e-05 0.00141363
0.86887 1.90777e-05 0.00137416
0.869871 1.83399e-05 0.00133535
0.870872 1.76225e-05 0.00129731
0.871873 1.694e-05 0.00126021
0.872874 1.62904e-05 0.001224
0.873875 1.56719e-05 0.00118867
0.874876 1.50825e-05 0.00115419
0.875877 1.45203e-05 0.00112052
0.876878 1.39833e-05 0.00108764
0.877879 1.34697e-05 0.00105552
0.87888 1.29776e-05 0.00102413
0.879881 1.25051e-05 0.000993442
0.880882 1.20503e-05 0.00096343
0.881883 1.16115e-05 0.000934065
0.882884 1.11866e-05 0.00090532
0.883885 1.07741e-05 0.000877167
0.884886 1.03719e-05 0.00084958
0.885887 9.97833e-06 0.00082253
0.886888 9.5916e-06 0.000795993
0.887889 9.20992e-06 0.00076994
0.88889 8.83775e-06 0.000744452
0.889891 8.48466e-06 0.000719694
0.890892 8.14973e-06 0.000695642
0.891893 7.83184e-06 0.000672272
0.892894 7.52989e-06 0.000649559
0.893895 7.24277e-06 0.000627478
0.894896 6.96939e-06 0.000606005
0.895897 6.70867e-06 0.000585115
0.896898 6.45952e-06 0.000564784
0.897899 6.22088e-06 0.000544989
0.8989 5.99168e-06 0.000525704
0.899901 5.77086e-06 0.000506907
0.900902 5.55737e-06 0.000488573
0.901903 5.35017e-06 0.00047068
0.902904 5.14821e-06 0.000453203
0.903905 4.95048e-06 0.00043612
0.904906 4.75594e-06 0.000419408
0.905907 4.56358e-06 0.000403044
0.906908 4.37573e-06 0.000387096
0.907909 4.19797e-06 0.000371716
0.90891 4.02984e-06 0.000356884
0.909911 3.87071e-06 0.000342577
0.910912 3.71997e-06 0.000328771
0.911913 3.57699e-06 0.000315444
0.912914 3.44117e-06 0.000302572
0.913915 3.31189e-06 0.000290133
0.914916 3.18856e-06 0.000278103
0.915917 3.07057e-06 0.00026646
0.916918 2.95733e-06 0.000255183
0.917919 2.84825e-06 0.000244247
0.91892 2.74273e-06 0.000233632
0.919921 2.64019e-06 0.000223316
0.920922 2.54006e-06 0.000213275
0.921923 2.44175e-06 0.00020349
0.922924 2.34469e-06 0.000193938
0.923925 2.24831e-06 0.000184597
0.924926 2.15384e-06 0.000175529
0.925927 2.06423e-06 0.00016687
0.926928 1.97927e-06 0.000158603
0.927929 1.89865e-06 0.000150708
0.92893 1.82209e-06 0.000143167
0.929931 1.74929e-06 0.000135959
0.930932 1.67996e-06 0.000129067
0.931933 1.61382e-06 0.00012247
0.932934 1.55057e-06 0.00011615
0.933935 1.48994e-06 0.000110088
0.934936 1.43163e-06 0.000104265
0.935937 1.37538e-06 9.86629e-05
0.936938 1.3209e-06 9.32633e-05
0.937939 1.26792e-06 8.80477e-05
0.93894 1.21615e-06 8.29979e-05
0.939941 1.16533e-06 7.80959e-05
0.940942 1.11518e-06 7.33235e-05
0.941943 1.06543e-06 6.8663e-05
0.942944 1.01691e-06 6.41841e-05
0.943945 9.70841e-07 5.99841e-05
0.944945 9.27087e-07 5.60472e-05
0.945946 8.855e-07 5.23571e-05
0.946947 8.45935e-07 4.88978e-05
0.947948 8.08248e-07 4.56533e-05
0.948949 7.72296e-07 4.26076e-05
0.94995 7.37936e-07 3.9745e-05
0.950951 7.05026e-07 3.70497e-05
0.951952 6.73427e-07 3.45061e-05
0.952953 6.42998e-07 3.20988e-05
0.953954 6.13599e-07 2.98123e-05
0.954955 5.85094e-07 2.76313e-05
0.955956 5.57345e-07 2.55406e-05
0.956957 5.30215e-07 2.3525e-05
0.957958 5.0357e-07 2.15695e-05
0.958959 4.77273e-07 1.96592e-05
0.95996 4.51248e-07 1.77864e-05
0.960961 4.26261e-07 1.60512e-05
0.961962 4.0254e-07 1.44807e-05
0.962963 3.80012e-07 1.30626e-05
0.963964 3.58602e-07 1.17844e-05
0.964965 3.38234e-07 1.06337e-05
0.965966 3.18837e-07 9.59838e-06
0.966967 3.00336e-07 8.66619e-06
0.967968 2.82659e-07 7.82503e-06
0.968969 2.65734e-07 7.06288e-06
0.96997 2.49489e-07 6.36778e-06
0.970971 2.33852e-07 5.72785e-06
0.971972 2.18752e-07 5.13129e-06
0.972973 2.0412e-07 4.56636e-06
0.973974 1.89885e-07 4.02139e-06
0.974975 1.75977e-07 3.4848e-06
0.975976 1.62327e-07 2.94505e-06
0.976977 1.4896e-07 2.40417e-06
0.977978 1.36428e-07 1.93983e-06
0.978979 1.24772e-07 1.55852e-06
0.97998 1.1392e-07 1.25072e-06
0.980981 1.03801e-07 1.00703e-06
0.981982 9.43446e-08 8.18053e-07
0.982983 8.54802e-08 6.74482e-07
0.983984 7.7138e-08 5.67055e-07
0.984985 6.92488e-08 4.86567e-07
0.985986 6.17435e-08 4.2387e-07
0.986987 5.45536e-08 3.69872e-07
0.987988 4.76109e-08 3.15533e-07
0.988989 4.08477e-08 2.51872e-07
0.98999 3.41967e-08 1.69959e-07
0.990991 2.7921e-08 8.58809e-08
0.991992 2.25747e-08 4.09136e-08
0.992993 1.80036e-08 2.53985e-08
0.993994 1.40331e-08 2.81743e-08
0.994995 1.04895e-08 3.81463e-08
0.995996 7.20052e-09 4.42871e-08
0.996997 4.15325e-09 3.90368e-08
0.997998 2.13892e-09 3.81394e-08
0.998999 6.44304e-10 3.80189e-08
1 6.0034e-27 0
