1e-05 71.8268 3.16134
0.00101099 16.985 0.928618
0.00201198 13.1243 0.788811
0.00301297 11.1757 0.724711
0.00401396 9.91749 0.687028
0.00501495 9.00714 0.662235
0.00601595 8.30439 0.64485
0.00701694 7.73633 0.632121
0.00801793 7.26348 0.622582
0.00901892 6.86077 0.615302
0.0100199 6.51085 0.609647
0.0110209 6.20299 0.605248
0.0120219 5.92931 0.601838
0.0130229 5.68303 0.599176
0.0140239 5.45967 0.597119
0.0150249 5.25581 0.595557
0.0160259 5.06879 0.594412
0.0170268 4.89629 0.593611
0.0180278 4.73614 0.593071
0.0190288 4.58689 0.592758
0.0200298 4.44739 0.592641
0.0210308 4.31661 0.592684
0.0220318 4.19371 0.592872
0.0230328 4.07792 0.593187
0.0240338 3.96844 0.593596
0.0250348 3.86463 0.594079
0.0260358 3.76605 0.594636
0.0270368 3.67229 0.595255
0.0280377 3.58296 0.595923
0.0290387 3.49771 0.596631
0.0300397 3.41629 0.597383
0.0310407 3.33839 0.598172
0.0320417 3.26375 0.598984
0.0330427 3.19211 0.599809
0.0340437 3.12326 0.600644
0.0350447 3.05706 0.601496
0.0360457 2.99334 0.602359
0.0370467 2.93196 0.603227
0.0380477 2.87276 0.604096
0.0390486 2.81563 0.604964
0.0400496 2.76048 0.605838
0.0410506 2.70719 0.606715
0.0420516 2.65564 0.607589
0.0430526 2.60575 0.608454
0.0440536 2.55741 0.609308
0.0450546 2.51054 0.610149
0.0460556 2.4651 0.610984
0.0470566 2.42101 0.611812
0.0480576 2.37821 0.612631
0.0490586 2.33664 0.613438
0.0500595 2.29625 0.614231
0.0510605 2.25698 0.61501
0.0520615 2.21879 0.615782
0.0530625 2.18165 0.616546
0.0540635 2.1455 0.617298
0.0550645 2.11029 0.618037
0.0560655 2.07599 0.61876
0.0570665 2.04256 0.619464
0.0580675 2.00996 0.620149
0.0590685 1.97816 0.620821
0.0600695 1.94715 0.621481
0.0610705 1.91688 0.622128
0.0620714 1.88734 0.622759
0.0630724 1.85849 0.623373
0.0640734 1.83032 0.623971
0.0650744 1.80278 0.62455
0.0660754 1.77587 0.625115
0.0670764 1.74958 0.625668
0.0680774 1.72387 0.626208
0.0690784 1.69873 0.626733
0.0700794 1.67414 0.627243
0.0710804 1.65008 0.627735
0.0720814 1.62652 0.628209
0.0730823 1.60346 0.628665
0.0740833 1.58088 0.629103
0.0750843 1.55877 0.629528
0.0760853 1.53711 0.629939
0.0770863 1.5159 0.630335
0.0780873 1.49512 0.630715
0.0790883 1.47475 0.63108
0.0800893 1.45477 0.631428
0.0810903 1.43519 0.631759
0.0820913 1.41598 0.632073
0.0830923 1.39715 0.632374
0.0840932 1.37868 0.632662
0.0850942 1.36056 0.632937
0.0860952 1.34279 0.633197
0.0870962 1.32534 0.633443
0.0880972 1.30822 0.633673
0.0890982 1.29141 0.633886
0.0900992 1.2749 0.634083
0.0911002 1.25869 0.634262
0.0921012 1.24277 0.634427
0.0931022 1.22713 0.634578
0.0941032 1.21178 0.634717
0.0951041 1.1967 0.634841
0.0961051 1.18188 0.634951
0.0971061 1.16732 0.635047
0.0981071 1.15301 0.635128
0.0991081 1.13893 0.635193
0.100109 1.1251 0.635242
0.10111 1.11149 0.635276
0.102111 1.09811 0.635297
0.103112 1.08496 0.635306
0.104113 1.07203 0.635303
0.105114 1.05931 0.635286
0.106115 1.0468 0.635256
0.107116 1.03449 0.635212
0.108117 1.02238 0.635153
0.109118 1.01046 0.63508
0.110119 0.998733 0.634992
0.11112 0.987185 0.634889
0.112121 0.975823 0.634773
0.113122 0.964643 0.634646
0.114123 0.953641 0.634506
0.115124 0.942812 0.634354
0.116125 0.932151 0.634189
0.117126 0.921653 0.634011
0.118127 0.911314 0.63382
0.119128 0.901129 0.633616
0.120129 0.891094 0.633397
0.12113 0.881205 0.633165
0.122131 0.871459 0.632919
0.123132 0.86186 0.632662
0.124133 0.852405 0.632394
0.125134 0.843091 0.632114
0.126135 0.833914 0.631822
0.127136 0.824871 0.631518
0.128137 0.815958 0.631203
0.129138 0.807173 0.630874
0.130139 0.798513 0.630533
0.13114 0.789974 0.63018
0.132141 0.781553 0.629813
0.133142 0.773249 0.629434
0.134143 0.765065 0.629043
0.135144 0.756999 0.628642
0.136145 0.749048 0.62823
0.137146 0.741209 0.627807
0.138147 0.73348 0.627373
0.139148 0.725857 0.626927
0.140149 0.718338 0.62647
0.14115 0.710919 0.626002
0.142151 0.7036 0.625521
0.143152 0.696376 0.625029
0.144153 0.689247 0.624524
0.145154 0.682211 0.624008
0.146155 0.675272 0.623482
0.147156 0.668427 0.622946
0.148157 0.661675 0.622399
0.149158 0.655012 0.621842
0.150159 0.648438 0.621275
0.15116 0.641949 0.620697
0.152161 0.635544 0.620108
0.153162 0.629221 0.619508
0.154163 0.622978 0.618898
0.155164 0.616813 0.618276
0.156165 0.610725 0.617644
0.157166 0.604714 0.617001
0.158167 0.598782 0.616348
0.159168 0.592928 0.615686
0.160169 0.58715 0.615015
0.16117 0.581445 0.614334
0.162171 0.575812 0.613643
0.163172 0.57025 0.612942
0.164173 0.564756 0.612231
0.165174 0.559329 0.61151
0.166175 0.553967 0.61078
0.167175 0.548669 0.610039
0.168176 0.543433 0.609288
0.169177 0.538259 0.608527
0.170178 0.533149 0.607756
0.171179 0.528103 0.606977
0.17218 0.523119 0.606189
0.173181 0.518196 0.605392
0.174182 0.513332 0.604586
0.175183 0.508527 0.60377
0.176184 0.503778 0.602946
0.177185 0.499086 0.602113
0.178186 0.494448 0.60127
0.179187 0.489864 0.600419
0.180188 0.485332 0.599558
0.181189 0.480851 0.598689
0.18219 0.476422 0.59781
0.183191 0.472047 0.596924
0.184192 0.467724 0.59603
0.185193 0.463454 0.595127
0.186194 0.459233 0.594216
0.187195 0.455062 0.593297
0.188196 0.450938 0.59237
0.189197 0.446862 0.591434
0.190198 0.44283 0.59049
0.191199 0.438844 0.589538
0.1922 0.4349 0.588578
0.193201 0.430999 0.587609
0.194202 0.427139 0.586631
0.195203 0.423321 0.585646
0.196204 0.419547 0.584653
0.197205 0.415816 0.583652
0.198206 0.412127 0.582643
0.199207 0.408479 0.581627
0.200208 0.404872 0.580603
0.201209 0.401304 0.579571
0.20221 0.397776 0.578532
0.203211 0.394285 0.577486
0.204212 0.390832 0.576433
0.205213 0.387416 0.575372
0.206214 0.384035 0.574304
0.207215 0.38069 0.573229
0.208216 0.37738 0.572147
0.209217 0.374107 0.571058
0.210218 0.37087 0.569962
0.211219 0.36767 0.56886
0.21222 0.364505 0.567751
0.213221 0.361374 0.566635
0.214222 0.358276 0.565513
0.215223 0.355211 0.564383
0.216224 0.352179 0.563248
0.217225 0.349177 0.562105
0.218226 0.346206 0.560956
0.219227 0.343265 0.559801
0.220228 0.340352 0.558639
0.221229 0.337469 0.55747
0.22223 0.334614 0.556295
0.223231 0.331789 0.555113
0.224232 0.328995 0.553925
0.225233 0.326229 0.552731
0.226234 0.323493 0.55153
0.227235 0.320785 0.550324
0.228236 0.318104 0.549111
0.229237 0.315451 0.547893
0.230238 0.312824 0.546669
0.231239 0.310224 0.54544
0.23224 0.307649 0.544204
0.233241 0.305099 0.542964
0.234242 0.302574 0.541718
0.235243 0.300073 0.540467
0.236244 0.297597 0.539211
0.237245 0.295147 0.537949
0.238246 0.292723 0.536682
0.239247 0.290323 0.535409
0.240248 0.287948 0.534132
0.241249 0.285596 0.532849
0.24225 0.283268 0.531561
0.243251 0.280963 0.530268
0.244252 0.27868 0.528971
0.245253 0.276418 0.527668
0.246254 0.274178 0.526361
0.247255 0.271959 0.525048
0.248256 0.26976 0.523731
0.249257 0.267582 0.522409
0.250258 0.265423 0.521083
0.251259 0.263286 0.519751
0.25226 0.26117 0.518415
0.253261 0.259074 0.517073
0.254262 0.256999 0.515727
0.255263 0.254944 0.514376
0.256264 0.252909 0.513021
0.257265 0.250893 0.511662
0.258266 0.248896 0.510298
0.259267 0.246918 0.508931
0.260268 0.244958 0.50756
0.261269 0.243016 0.506185
0.26227 0.241091 0.504806
0.263271 0.239184 0.503425
0.264272 0.237294 0.502039
0.265273 0.235422 0.500651
0.266274 0.233569 0.499258
0.267275 0.231733 0.497861
0.268276 0.229916 0.496461
0.269277 0.228115 0.495057
0.270278 0.226332 0.493649
0.271279 0.224564 0.492238
0.27228 0.222814 0.490824
0.273281 0.221079 0.489406
0.274282 0.219359 0.487985
0.275283 0.217654 0.486561
0.276284 0.215965 0.485134
0.277285 0.214289 0.483704
0.278285 0.212628 0.482271
0.279286 0.210981 0.480835
0.280287 0.20935 0.479395
0.281288 0.207733 0.477952
0.282289 0.206132 0.476505
0.28329 0.204545 0.475055
0.284291 0.202972 0.473602
0.285292 0.201414 0.472146
0.286293 0.199869 0.470688
0.287294 0.198338 0.469227
0.288295 0.19682 0.467763
0.289296 0.195316 0.466298
0.290297 0.193824 0.46483
0.291298 0.192345 0.46336
0.292299 0.190879 0.461889
0.2933 0.189424 0.460416
0.294301 0.187982 0.458941
0.295302 0.186554 0.457463
0.296303 0.185138 0.455983
0.297304 0.183735 0.454501
0.298305 0.182345 0.453016
0.299306 0.180967 0.45153
0.300307 0.179601 0.450041
0.301308 0.178247 0.448551
0.302309 0.176904 0.447058
0.30331 0.175573 0.445564
0.304311 0.174253 0.444069
0.305312 0.172943 0.442572
0.306313 0.171645 0.441073
0.307314 0.170356 0.439573
0.308315 0.169078 0.438072
0.309316 0.167811 0.436569
0.310317 0.166554 0.435065
0.311318 0.165308 0.433558
0.312319 0.164073 0.432049
0.31332 0.162849 0.430538
0.314321 0.161635 0.429026
0.315322 0.160432 0.427512
0.316323 0.159238 0.425997
0.317324 0.158055 0.424482
0.318325 0.156881 0.422965
0.319326 0.155717 0.421448
0.320327 0.154562 0.41993
0.321328 0.153417 0.418411
0.322329 0.15228 0.416893
0.32333 0.151153 0.415374
0.324331 0.150035 0.413856
0.325332 0.148926 0.412336
0.326333 0.147828 0.410816
0.327334 0.146738 0.409294
0.328335 0.145658 0.407772
0.329336 0.144587 0.406249
0.330337 0.143525 0.404726
0.331338 0.142472 0.403202
0.332339 0.141427 0.401677
0.33334 0.140391 0.400153
0.334341 0.139363 0.398628
0.335342 0.138342 0.397103
0.336343 0.13733 0.395578
0.337344 0.136326 0.394053
0.338345 0.135329 0.392529
0.339346 0.134339 0.391005
0.340347 0.133357 0.38948
0.341348 0.132383 0.387954
0.342349 0.131417 0.386428
0.34335 0.130459 0.384902
0.344351 0.129509 0.383375
0.345352 0.128567 0.381848
0.346353 0.127631 0.380321
0.347354 0.126704 0.378794
0.348355 0.125783 0.377267
0.349356 0.12487 0.375742
0.350357 0.123964 0.374216
0.351358 0.123065 0.372692
0.352359 0.122172 0.371169
0.35336 0.121286 0.369647
0.354361 0.120407 0.368126
0.355362 0.119535 0.366606
0.356363 0.118669 0.365087
0.357364 0.117811 0.363568
0.358365 0.116959 0.36205
0.359366 0.116115 0.360531
0.360367 0.115277 0.359014
0.361368 0.114446 0.357497
0.362369 0.113622 0.355981
0.36337 0.112803 0.354466
0.364371 0.111991 0.352952
0.365372 0.111185 0.35144
0.366373 0.110385 0.349928
0.367374 0.109591 0.348418
0.368375 0.108802 0.346909
0.369376 0.108019 0.345401
0.370377 0.107242 0.343896
0.371378 0.10647 0.342391
0.372379 0.105704 0.340887
0.37338 0.104944 0.339383
0.374381 0.10419 0.337881
0.375382 0.103442 0.336379
0.376383 0.1027 0.334878
0.377384 0.101963 0.333378
0.378385 0.101231 0.33188
0.379386 0.100505 0.330383
0.380387 0.0997849 0.328888
0.381388 0.0990696 0.327395
0.382389 0.0983595 0.325903
0.38339 0.0976546 0.324414
0.384391 0.0969547 0.322928
0.385392 0.0962598 0.321443
0.386393 0.0955699 0.319962
0.387394 0.0948849 0.318482
0.388395 0.0942054 0.317004
0.389395 0.0935312 0.315528
0.390396 0.0928621 0.314053
0.391397 0.0921982 0.31258
0.392398 0.0915393 0.311108
0.393399 0.0908853 0.309639
0.3944 0.0902361 0.308171
0.395401 0.0895916 0.306706
0.396402 0.0889517 0.305243
0.397403 0.0883164 0.303782
0.398404 0.0876855 0.302324
0.399405 0.087059 0.300867
0.400406 0.0864368 0.299414
0.401407 0.0858187 0.297963
0.402408 0.0852047 0.296514
0.403409 0.084595 0.295068
0.40441 0.0839897 0.293624
0.405411 0.0833889 0.292181
0.406412 0.0827925 0.29074
0.407413 0.0822004 0.289301
0.408414 0.0816126 0.287864
0.409415 0.081029 0.28643
0.410416 0.0804496 0.284997
0.411417 0.0798742 0.283568
0.412418 0.079303 0.282141
0.413419 0.0787357 0.280717
0.41442 0.0781723 0.279296
0.415421 0.0776129 0.277878
0.416422 0.0770573 0.276463
0.417423 0.0765054 0.275052
0.418424 0.0759573 0.273644
0.419425 0.0754129 0.27224
0.420426 0.0748726 0.270838
0.421427 0.0743363 0.269439
0.422428 0.073804 0.268043
0.423429 0.0732756 0.266649
0.42443 0.072751 0.265258
0.425431 0.0722302 0.26387
0.426432 0.071713 0.262484
0.427433 0.0711994 0.261102
0.428434 0.0706893 0.259723
0.429435 0.0701826 0.258347
0.430436 0.0696793 0.256974
0.431437 0.0691794 0.255604
0.432438 0.0686827 0.254238
0.433439 0.0681892 0.252875
0.43444 0.0676987 0.251516
0.435441 0.0672114 0.25016
0.436442 0.0667273 0.248807
0.437443 0.0662467 0.247456
0.438444 0.0657694 0.246108
0.439445 0.0652954 0.244762
0.440446 0.0648246 0.24342
0.441447 0.0643571 0.242081
0.442448 0.0638928 0.240745
0.443449 0.0634315 0.239412
0.44445 0.0629734 0.238082
0.445451 0.0625184 0.236757
0.446452 0.0620663 0.235434
0.447453 0.0616173 0.234116
0.448454 0.0611712 0.232801
0.449455 0.060728 0.231491
0.450456 0.0602876 0.230184
0.451457 0.0598501 0.228882
0.452458 0.0594156 0.227584
0.453459 0.0589841 0.226289
0.45446 0.0585557 0.224997
0.455461 0.0581303 0.223708
0.456462 0.0577079 0.222423
0.457463 0.0572883 0.221142
0.458464 0.0568716 0.219864
0.459465 0.0564577 0.21859
0.460466 0.0560465 0.217319
0.461467 0.055638 0.216053
0.462468 0.0552321 0.21479
0.463469 0.0548289 0.213531
0.46447 0.0544281 0.212275
0.465471 0.0540299 0.211024
0.466472 0.0536341 0.209777
0.467473 0.0532407 0.208533
0.468474 0.0528496 0.207294
0.469475 0.0524612 0.206059
0.470476 0.0520753 0.204826
0.471477 0.0516919 0.203597
0.472478 0.0513111 0.202371
0.473479 0.0509329 0.201149
0.47448 0.0505571 0.199931
0.475481 0.0501837 0.198716
0.476482 0.0498128 0.197505
0.477483 0.0494442 0.196298
0.478484 0.0490781 0.195095
0.479485 0.0487142 0.193897
0.480486 0.0483527 0.192702
0.481487 0.0479935 0.191512
0.482488 0.0476366 0.190326
0.483489 0.0472819 0.189145
0.48449 0.0469294 0.187969
0.485491 0.0465791 0.186796
0.486492 0.0462313 0.185628
0.487493 0.0458859 0.184464
0.488494 0.0455428 0.183303
0.489495 0.045202 0.182147
0.490496 0.0448635 0.180994
0.491497 0.0445272 0.179846
0.492498 0.0441931 0.178702
0.493499 0.0438611 0.177561
0.4945 0.0435313 0.176425
0.495501 0.0432034 0.175293
0.496502 0.0428776 0.174165
0.497503 0.0425538 0.173042
0.498504 0.042232 0.171922
0.499505 0.041912 0.170807
0.500505 0.0415939 0.169696
0.501506 0.0412777 0.16859
0.502507 0.0409633 0.167487
0.503508 0.040651 0.166389
0.504509 0.0403407 0.165294
0.50551 0.0400323 0.164202
0.506511 0.0397259 0.163115
0.507512 0.0394215 0.162032
0.508513 0.0391189 0.160953
0.509514 0.0388183 0.159878
0.510515 0.0385195 0.158807
0.511516 0.0382226 0.15774
0.512517 0.0379276 0.156678
0.513518 0.0376343 0.15562
0.514519 0.0373429 0.154566
0.51552 0.0370533 0.153518
0.516521 0.0367655 0.152473
0.517522 0.0364794 0.151434
0.518523 0.036195 0.150399
0.519524 0.0359125 0.149369
0.520525 0.0356319 0.148342
0.521526 0.0353531 0.14732
0.522527 0.0350762 0.146303
0.523528 0.034801 0.145289
0.524529 0.0345276 0.14428
0.52553 0.034256 0.143275
0.526531 0.0339861 0.142274
0.527532 0.0337178 0.141277
0.528533 0.0334512 0.140285
0.529534 0.0331862 0.139297
0.530535 0.0329228 0.138313
0.531536 0.032661 0.137334
0.532537 0.0324007 0.136359
0.533538 0.0321419 0.135388
0.534539 0.0318846 0.134422
0.53554 0.0316288 0.13346
0.536541 0.0313746 0.132502
0.537542 0.0311219 0.131548
0.538543 0.0308708 0.130598
0.539544 0.0306212 0.129652
0.540545 0.0303732 0.128711
0.541546 0.0301268 0.127773
0.542547 0.0298818 0.126839
0.543548 0.0296384 0.12591
0.544549 0.0293965 0.124985
0.54555 0.0291561 0.124064
0.546551 0.0289172 0.123148
0.547552 0.0286797 0.122236
0.548553 0.0284437 0.121329
0.549554 0.0282091 0.120426
0.550555 0.027976 0.119527
0.551556 0.0277443 0.118633
0.552557 0.027514 0.117744
0.553558 0.0272853 0.116859
0.554559 0.027058 0.115979
0.55556 0.0268322 0.115102
0.556561 0.0266079 0.11423
0.557562 0.0263851 0.113363
0.558563 0.0261637 0.112499
0.559564 0.0259437 0.11164
0.560565 0.025725 0.110785
0.561566 0.0255077 0.109934
0.562567 0.0252918 0.109087
0.563568 0.0250772 0.108245
0.564569 0.0248639 0.107407
0.56557 0.0246518 0.106573
0.566571 0.024441 0.105743
0.567572 0.0242315 0.104918
0.568573 0.0240231 0.104096
0.569574 0.023816 0.103279
0.570575 0.0236101 0.102466
0.571576 0.0234054 0.101657
0.572577 0.0232021 0.100852
0.573578 0.023 0.100051
0.574579 0.0227992 0.0992539
0.57558 0.0225996 0.0984609
0.576581 0.0224012 0.097672
0.577582 0.0222042 0.0968872
0.578583 0.0220083 0.0961065
0.579584 0.0218137 0.09533
0.580585 0.0216202 0.0945577
0.581586 0.021428 0.0937897
0.582587 0.021237 0.0930259
0.583588 0.0210472 0.0922664
0.584589 0.0208586 0.0915112
0.58559 0.0206712 0.0907603
0.586591 0.020485 0.0900138
0.587592 0.0203 0.0892715
0.588593 0.0201162 0.0885335
0.589594 0.0199337 0.0877995
0.590595 0.0197523 0.0870697
0.591596 0.0195722 0.0863441
0.592597 0.0193932 0.0856225
0.593598 0.0192154 0.084905
0.594599 0.0190388 0.0841916
0.5956 0.0188633 0.0834822
0.596601 0.0186889 0.0827769
0.597602 0.0185156 0.0820755
0.598603 0.0183434 0.0813782
0.599604 0.0181723 0.0806849
0.600605 0.0180023 0.0799955
0.601606 0.0178333 0.0793101
0.602607 0.0176653 0.0786286
0.603608 0.0174984 0.077951
0.604609 0.0173324 0.0772774
0.60561 0.0171676 0.0766075
0.606611 0.0170038 0.0759414
0.607612 0.016841 0.0752792
0.608613 0.0166793 0.0746208
0.609614 0.0165187 0.0739662
0.610615 0.0163591 0.0733156
0.611615 0.0162005 0.0726687
0.612616 0.016043 0.0720258
0.613617 0.0158865 0.0713867
0.614618 0.0157311 0.0707515
0.615619 0.0155767 0.0701203
0.61662 0.0154233 0.069493
0.617621 0.0152709 0.0688695
0.618622 0.0151196 0.0682501
0.619623 0.0149692 0.0676345
0.620624 0.0148199 0.067023
0.621625 0.0146716 0.0664154
0.622626 0.0145243 0.0658117
0.623627 0.0143781 0.0652119
0.624628 0.0142329 0.064616
0.625629 0.0140887 0.064024
0.62663 0.0139455 0.0634357
0.627631 0.0138033 0.0628513
0.628632 0.0136621 0.0622707
0.629633 0.0135219 0.0616938
0.630634 0.0133827 0.0611206
0.631635 0.0132444 0.0605511
0.632636 0.013107 0.0599853
0.633637 0.0129706 0.0594232
0.634638 0.0128351 0.0588647
0.635639 0.0127005 0.0583098
0.63664 0.0125668 0.0577585
0.637641 0.012434 0.0572107
0.638642 0.0123021 0.0566665
0.639643 0.0121711 0.0561258
0.640644 0.012041 0.0555886
0.641645 0.0119118 0.055055
0.642646 0.0117835 0.054525
0.643647 0.0116562 0.0539985
0.644648 0.0115297 0.0534755
0.645649 0.0114041 0.0529561
0.64665 0.0112794 0.0524401
0.647651 0.0111557 0.0519277
0.648652 0.0110328 0.0514189
0.649653 0.0109108 0.0509135
0.650654 0.0107897 0.0504116
0.651655 0.0106695 0.0499133
0.652656 0.0105501 0.0494184
0.653657 0.0104317 0.0489271
0.654658 0.0103141 0.0484392
0.655659 0.0101974 0.0479549
0.65666 0.0100816 0.047474
0.657661 0.00996667 0.0469967
0.658662 0.00985265 0.0465229
0.659663 0.00973952 0.0460527
0.660664 0.00962727 0.0455859
0.661665 0.00951588 0.0451225
0.662666 0.00940536 0.0446626
0.663667 0.00929569 0.044206
0.664668 0.00918687 0.0437528
0.665669 0.00907889 0.0433029
0.66667 0.00897173 0.0428562
0.667671 0.0088654 0.0424129
0.668672 0.00875988 0.0419727
0.669673 0.00865517 0.0415358
0.670674 0.00855125 0.041102
0.671675 0.00844812 0.0406713
0.672676 0.00834578 0.0402437
0.673677 0.00824421 0.0398192
0.674678 0.00814342 0.0393978
0.675679 0.00804343 0.0389797
0.67668 0.00794423 0.0385646
0.677681 0.00784583 0.0381528
0.678682 0.00774822 0.0377441
0.679683 0.0076514 0.0373385
0.680684 0.00755536 0.0369361
0.681685 0.00746012 0.0365367
0.682686 0.00736565 0.0361404
0.683687 0.00727197 0.0357473
0.684688 0.00717907 0.0353572
0.685689 0.00708695 0.0349701
0.68669 0.0069956 0.0345861
0.687691 0.00690504 0.0342051
0.688692 0.00681524 0.0338271
0.689693 0.00672622 0.0334521
0.690694 0.00663796 0.0330801
0.691695 0.00655048 0.0327111
0.692696 0.00646379 0.0323452
0.693697 0.00637789 0.0319824
0.694698 0.00629277 0.0316227
0.695699 0.00620843 0.031266
0.6967 0.00612485 0.0309124
0.697701 0.00604203 0.0305617
0.698702 0.00595996 0.0302139
0.699703 0.00587864 0.0298691
0.700704 0.00579805 0.0295271
0.701705 0.00571818 0.0291879
0.702706 0.00563904 0.0288515
0.703707 0.00556061 0.0285179
0.704708 0.00548288 0.028187
0.705709 0.00540586 0.0278588
0.70671 0.00532952 0.0275332
0.707711 0.00525387 0.0272103
0.708712 0.00517889 0.0268899
0.709713 0.00510459 0.0265722
0.710714 0.005031 0.0262573
0.711715 0.00495811 0.0259451
0.712716 0.00488592 0.0256356
0.713717 0.00481443 0.0253288
0.714718 0.00474363 0.0250248
0.715719 0.00467353 0.0247234
0.71672 0.00460411 0.0244246
0.717721 0.00453537 0.0241285
0.718722 0.00446731 0.023835
0.719723 0.00439994 0.023544
0.720724 0.00433324 0.0232557
0.721725 0.00426721 0.0229699
0.722725 0.00420184 0.0226866
0.723726 0.00413715 0.0224058
0.724727 0.00407312 0.0221276
0.725728 0.00400975 0.0218517
0.726729 0.00394703 0.0215784
0.72773 0.003885 0.0213076
0.728731 0.00382366 0.0210395
0.729732 0.003763 0.020774
0.730733 0.00370303 0.0205111
0.731734 0.00364372 0.0202507
0.732735 0.00358507 0.0199928
0.733736 0.00352707 0.0197374
0.734737 0.00346972 0.0194845
0.735738 0.003413 0.0192339
0.736739 0.00335691 0.0189857
0.73774 0.00330144 0.0187398
0.738741 0.00324658 0.0184962
0.739742 0.00319232 0.0182549
0.740743 0.00313866 0.0180158
0.741744 0.00308558 0.0177788
0.742745 0.00303309 0.017544
0.743746 0.00298116 0.0173113
0.744747 0.0029298 0.0170807
0.745748 0.00287905 0.0168524
0.746749 0.00282891 0.0166264
0.74775 0.00277938 0.0164027
0.748751 0.00273046 0.0161812
0.749752 0.00268214 0.015962
0.750753 0.0026344 0.015745
0.751754 0.00258726 0.0155302
0.752755 0.00254069 0.0153176
0.753756 0.0024947 0.0151071
0.754757 0.00244928 0.0148987
0.755758 0.00240442 0.0146924
0.756759 0.00236012 0.0144882
0.75776 0.00231637 0.014286
0.758761 0.00227316 0.0140858
0.759762 0.00223049 0.0138876
0.760763 0.00218836 0.0136914
0.761764 0.00214676 0.0134971
0.762765 0.00210568 0.0133048
0.763766 0.00206519 0.0131147
0.764767 0.00202529 0.0129267
0.765768 0.00198595 0.0127408
0.766769 0.00194718 0.012557
0.76777 0.00190895 0.0123753
0.768771 0.00187128 0.0121956
0.769772 0.00183413 0.0120178
0.770773 0.00179751 0.011842
0.771774 0.0017614 0.0116681
0.772775 0.0017258 0.0114961
0.773776 0.0016907 0.0113259
0.774777 0.00165608 0.0111575
0.775778 0.00162194 0.0109909
0.776779 0.00158827 0.010826
0.77778 0.00155506 0.0106628
0.778781 0.0015223 0.0105013
0.779782 0.00148998 0.0103414
0.780783 0.00145812 0.0101832
0.781784 0.00142677 0.0100268
0.782785 0.00139593 0.0098723
0.783786 0.00136558 0.00971963
0.784787 0.00133573 0.00956876
0.785788 0.00130636 0.00941967
0.786789 0.00127747 0.00927232
0.78779 0.00124904 0.00912671
0.788791 0.00122106 0.00898279
0.789792 0.00119354 0.00884054
0.790793 0.00116645 0.00869993
0.791794 0.0011398 0.00856095
0.792795 0.00111357 0.00842356
0.793796 0.00108775 0.00828774
0.794797 0.00106234 0.00815346
0.795798 0.00103733 0.00802071
0.796799 0.00101271 0.00788944
0.7978 0.000988471 0.00775965
0.798801 0.000964639 0.00763139
0.799802 0.000941272 0.00750484
0.800803 0.000918363 0.00737999
0.801804 0.000895901 0.00725679
0.802805 0.000873873 0.00713521
0.803806 0.000852269 0.00701521
0.804807 0.000831077 0.00689677
0.805808 0.000810287 0.00677986
0.806809 0.000789887 0.00666443
0.80781 0.000769867 0.00655045
0.808811 0.000750216 0.0064379
0.809812 0.000730923 0.00632674
0.810813 0.000711977 0.00621694
0.811814 0.000693368 0.00610847
0.812815 0.000675085 0.0060013
0.813816 0.000657118 0.00589539
0.814817 0.000639456 0.00579072
0.815818 0.00062209 0.00568725
0.816819 0.00060505 0.00558506
0.81782 0.000588402 0.00548433
0.818821 0.000572134 0.00538503
0.819822 0.000556237 0.00528714
0.820823 0.000540699 0.00519062
0.821824 0.000525511 0.00509545
0.822825 0.000510661 0.00500161
0.823826 0.00049614 0.00490907
0.824827 0.000481936 0.0048178
0.825828 0.00046804 0.00472778
0.826829 0.000454441 0.00463899
0.82783 0.00044113 0.00455139
0.828831 0.000428095 0.00446496
0.829832 0.000415328 0.00437968
0.830833 0.000402818 0.00429552
0.831834 0.000390555 0.00421246
0.832835 0.000378529 0.00413047
0.833835 0.000366732 0.00404954
0.834836 0.0003552 0.00396974
0.835837 0.000343994 0.00389124
0.836838 0.000333104 0.003814
0.837839 0.000322519 0.00373799
0.83884 0.000312227 0.00366318
0.839841 0.000302217 0.00358955
0.840842 0.000292477 0.00351706
0.841843 0.000282997 0.00344569
0.842844 0.000273765 0.0033754
0.843845 0.000264771 0.00330618
0.844846 0.000256003 0.00323798
0.845847 0.00024745 0.00317079
0.846848 0.000239103 0.00310456
0.847849 0.00023095 0.00303929
0.84885 0.00022298 0.00297493
0.849851 0.000215184 0.00291146
0.850852 0.00020755 0.00284886
0.851853 0.000200069 0.00278709
0.852854 0.000192776 0.00272624
0.853855 0.000185733 0.00266647
0.854856 0.000178931 0.00260774
0.855857 0.000172358 0.00255004
0.856858 0.000166005 0.00249334
0.857859 0.000159862 0.00243761
0.85886 0.00015392 0.00238283
0.859861 0.000148168 0.00232898
0.860862 0.000142597 0.00227603
0.861863 0.000137197 0.00222397
0.862864 0.000131959 0.00217276
0.863865 0.000126873 0.00212239
0.864866 0.000121929 0.00207283
0.865867 0.00011712 0.00202406
0.866868 0.000112434 0.00197605
0.867869 0.000107863 0.00192879
0.86887 0.000103398 0.00188225
0.869871 9.90291e-05 0.00183642
0.870872 9.47888e-05 0.00179136
0.871873 9.07315e-05 0.00174722
0.872874 8.68491e-05 0.00170397
0.873875 8.31328e-05 0.00166159
0.874876 7.95737e-05 0.00162006
0.875877 7.6163e-05 0.00157935
0.876878 7.28922e-05 0.00153943
0.877879 6.97524e-05 0.00150028
0.87888 6.67352e-05 0.00146187
0.879881 6.38321e-05 0.00142419
0.880882 6.10345e-05 0.00138721
0.881883 5.83341e-05 0.0013509
0.882884 5.57225e-05 0.00131523
0.883885 5.31915e-05 0.0012802
0.884886 5.07327e-05 0.00124577
0.885887 4.8338e-05 0.00121191
0.886888 4.59993e-05 0.00117861
0.887889 4.37084e-05 0.00114585
0.88889 4.14886e-05 0.00111369
0.889891 3.93872e-05 0.00108226
0.890892 3.73988e-05 0.00105155
0.891893 3.55168e-05 0.00102155
0.892894 3.37348e-05 0.000992215
0.893895 3.20461e-05 0.000963543
0.894896 3.04446e-05 0.000935507
0.895897 2.89237e-05 0.000908088
0.896898 2.74771e-05 0.000881265
0.897899 2.60986e-05 0.000855018
0.8989 2.47819e-05 0.000829327
0.899901 2.35209e-05 0.000804173
0.900902 2.23093e-05 0.000779535
0.901903 2.1141e-05 0.000755395
0.902904 2.001e-05 0.000731731
0.903905 1.89101e-05 0.000708526
0.904906 1.78355e-05 0.00068576
0.905907 1.67801e-05 0.000663414
0.906908 1.5759e-05 0.000641546
0.907909 1.48074e-05 0.000620285
0.90891 1.39218e-05 0.000599612
0.909911 1.30977e-05 0.000579509
0.910912 1.23308e-05 0.000559953
0.911913 1.16166e-05 0.000540925
0.912914 1.09509e-05 0.000522404
0.913915 1.03292e-05 0.00050437
0.914916 9.74726e-06 0.000486804
0.915917 9.20082e-06 0.000469685
0.916918 8.68563e-06 0.000452993
0.917919 8.19747e-06 0.00043671
0.91892 7.73215e-06 0.000420814
0.919921 7.28549e-06 0.000405288
0.920922 6.85338e-06 0.000390112
0.921923 6.43168e-06 0.000375266
0.922924 6.01633e-06 0.000360731
0.923925 5.60326e-06 0.000346489
0.924926 5.20173e-06 0.000332595
0.925927 4.83362e-06 0.000319167
0.926928 4.49711e-06 0.000306192
0.927929 4.18984e-06 0.000293651
0.92893 3.90946e-06 0.000281528
0.929931 3.65362e-06 0.000269804
0.930932 3.42001e-06 0.000258462
0.931933 3.20631e-06 0.000247484
0.932934 3.01024e-06 0.000236854
0.933935 2.8295e-06 0.000226555
0.934936 2.66185e-06 0.000216568
0.935937 2.50502e-06 0.000206878
0.936938 2.35678e-06 0.000197468
0.937939 2.21491e-06 0.000188321
0.93894 2.0772e-06 0.00017942
0.939941 1.94147e-06 0.000170748
0.940942 1.80551e-06 0.000162291
0.941943 1.66719e-06 0.00015403
0.942944 1.53277e-06 0.000146034
0.943945 1.41182e-06 0.000138395
0.944945 1.30332e-06 0.000131096
0.945946 1.20625e-06 0.000124121
0.946947 1.11956e-06 0.000117454
0.947948 1.04223e-06 0.000111078
0.948949 9.7324e-07 0.000104979
0.94995 9.11576e-07 9.91397e-05
0.950951 8.5623e-07 9.35443e-05
0.951952 8.06201e-07 8.81773e-05
0.952953 7.60494e-07 8.3023e-05
0.953954 7.1812e-07 7.80659e-05
0.954955 6.78096e-07 7.32905e-05
0.955956 6.39445e-07 6.86816e-05
0.956957 6.01198e-07 6.42239e-05
0.957958 5.6239e-07 5.99022e-05
0.958959 5.22064e-07 5.57015e-05
0.95996 4.79608e-07 5.16149e-05
0.960961 4.39744e-07 4.77578e-05
0.961962 4.0399e-07 4.41595e-05
0.962963 3.72001e-07 4.08038e-05
0.963964 3.43432e-07 3.76747e-05
0.964965 3.17941e-07 3.47562e-05
0.965966 2.95187e-07 3.20324e-05
0.966967 2.74832e-07 2.94875e-05
0.967968 2.5654e-07 2.71058e-05
0.968969 2.39978e-07 2.48718e-05
0.96997 2.24813e-07 2.27699e-05
0.970971 2.10715e-07 2.07847e-05
0.971972 1.97357e-07 1.89009e-05
0.972973 1.84412e-07 1.71034e-05
0.973974 1.71558e-07 1.53769e-05
0.974975 1.58471e-07 1.37065e-05
0.975976 1.44832e-07 1.20772e-05
0.976977 1.30624e-07 1.04957e-05
0.977978 1.17569e-07 9.08646e-06
0.978979 1.05877e-07 7.85713e-06
0.97998 9.54101e-08 6.78954e-06
0.980981 8.60314e-08 5.86562e-06
0.981982 7.76038e-08 5.06746e-06
0.982983 6.99914e-08 4.3772e-06
0.983984 6.3059e-08 3.77715e-06
0.984985 5.66722e-08 3.24967e-06
0.985986 5.06977e-08 2.77727e-06
0.986987 4.50026e-08 2.34255e-06
0.987988 3.94553e-08 1.9282e-06
0.988989 3.39244e-08 1.51705e-06
0.98999 2.82799e-08 1.09199e-06
0.990991 2.28261e-08 6.9976e-07
0.991992 1.82944e-08 4.44438e-07
0.992993 1.45206e-08 2.94386e-07
0.993994 1.13144e-08 2.14085e-07
0.994995 8.48682e-09 1.68227e-07
0.995996 5.84971e-09 1.2172e-07
0.996997 3.36007e-09 5.50438e-08
0.997998 1.72971e-09 3.8931e-08
0.998999 5.21367e-10 3.19943e-08
1 0 5.024e-24
