1e-05 71.0605 3.08718
0.00101099 16.8843 0.922819
0.00201198 13.0652 0.786588
0.00301297 11.134 0.723836
0.00401396 9.88511 0.686753
0.00501495 8.98049 0.662217
0.00601595 8.28142 0.644899
0.00701694 7.71582 0.632129
0.00801793 7.24471 0.62248
0.00901892 6.84324 0.615045
0.0100199 6.49416 0.609205
0.0110209 6.1869 0.604601
0.0120219 5.91364 0.600976
0.0130229 5.66766 0.598092
0.0140239 5.44447 0.595806
0.0150249 5.24071 0.594014
0.0160259 5.05375 0.59264
0.0170268 4.88125 0.591611
0.0180278 4.72108 0.590846
0.0190288 4.57178 0.59031
0.0200298 4.43221 0.589973
0.0210308 4.30134 0.589801
0.0220318 4.17836 0.589781
0.0230328 4.06247 0.58989
0.0240338 3.95289 0.590099
0.0250348 3.84898 0.590387
0.0260358 3.75031 0.590752
0.0270368 3.65645 0.591184
0.0280377 3.56703 0.591671
0.0290387 3.4817 0.592203
0.0300397 3.40019 0.592785
0.0310407 3.32221 0.593407
0.0320417 3.24749 0.594058
0.0330427 3.17578 0.594727
0.0340437 3.10687 0.595411
0.0350447 3.04061 0.596114
0.0360457 2.97683 0.596833
0.0370467 2.91539 0.597562
0.0380477 2.85615 0.598297
0.0390486 2.79899 0.599036
0.0400496 2.7438 0.599785
0.0410506 2.69048 0.60054
0.0420516 2.63891 0.601296
0.0430526 2.58899 0.602048
0.0440536 2.54064 0.602792
0.0450546 2.49376 0.603528
0.0460556 2.44831 0.604262
0.0470566 2.40422 0.604992
0.0480576 2.36142 0.605715
0.0490586 2.31986 0.606431
0.0500595 2.27947 0.607136
0.0510605 2.24021 0.607831
0.0520615 2.20204 0.608521
0.0530625 2.16492 0.609205
0.0540635 2.12879 0.609881
0.0550645 2.09361 0.610547
0.0560655 2.05933 0.611199
0.0570665 2.02593 0.611837
0.0580675 1.99336 0.612459
0.0590685 1.9616 0.613071
0.0600695 1.93062 0.613674
0.0610705 1.9004 0.614265
0.0620714 1.8709 0.614844
0.0630724 1.8421 0.615409
0.0640734 1.81397 0.615959
0.0650744 1.78648 0.616494
0.0660754 1.75963 0.617017
0.0670764 1.73338 0.61753
0.0680774 1.70773 0.618032
0.0690784 1.68265 0.618522
0.0700794 1.65812 0.618998
0.0710804 1.63411 0.61946
0.0720814 1.61062 0.619905
0.0730823 1.58762 0.620333
0.0740833 1.5651 0.620747
0.0750843 1.54305 0.621149
0.0760853 1.52147 0.621539
0.0770863 1.50032 0.621916
0.0780873 1.4796 0.62228
0.0790883 1.4593 0.622629
0.0800893 1.4394 0.622964
0.0810903 1.41989 0.623283
0.0820913 1.40075 0.623588
0.0830923 1.38198 0.62388
0.0840932 1.36358 0.624162
0.0850942 1.34554 0.624432
0.0860952 1.32784 0.624689
0.0870962 1.31046 0.624933
0.0880972 1.29342 0.625162
0.0890982 1.27668 0.625377
0.0900992 1.26025 0.625576
0.0911002 1.24411 0.625759
0.0921012 1.22826 0.625929
0.0931022 1.2127 0.626087
0.0941032 1.19743 0.626234
0.0951041 1.18242 0.626367
0.0961051 1.16768 0.626488
0.0971061 1.1532 0.626595
0.0981071 1.13896 0.626688
0.0991081 1.12497 0.626767
0.100109 1.11121 0.626832
0.10111 1.09768 0.626882
0.102111 1.08438 0.62692
0.103112 1.0713 0.626948
0.104113 1.05845 0.626964
0.105114 1.04581 0.626968
0.106115 1.03337 0.626959
0.107116 1.02114 0.626937
0.108117 1.00911 0.626902
0.109118 0.99727 0.626853
0.110119 0.985616 0.62679
0.11112 0.974145 0.626713
0.112121 0.962858 0.626623
0.113122 0.951755 0.626523
0.114123 0.940829 0.626412
0.115124 0.930077 0.626289
0.116125 0.919491 0.626154
0.117126 0.909069 0.626006
0.118127 0.898806 0.625846
0.119128 0.888696 0.625674
0.120129 0.878736 0.625488
0.12113 0.868921 0.625288
0.122131 0.85925 0.625076
0.123132 0.849725 0.624853
0.124133 0.840344 0.62462
0.125134 0.831103 0.624375
0.126135 0.821999 0.62412
0.127136 0.813029 0.623853
0.128137 0.804189 0.623574
0.129138 0.795476 0.623283
0.130139 0.786888 0.622981
0.13114 0.77842 0.622665
0.132141 0.770071 0.622338
0.133142 0.761838 0.621997
0.134143 0.753724 0.621647
0.135144 0.745728 0.621286
0.136145 0.737847 0.620914
0.137146 0.730078 0.620532
0.138147 0.722417 0.62014
0.139148 0.714863 0.619736
0.140149 0.707412 0.619321
0.14115 0.700062 0.618894
0.142151 0.69281 0.618456
0.143152 0.685654 0.618007
0.144153 0.678591 0.617545
0.145154 0.671621 0.617072
0.146155 0.664748 0.61659
0.147156 0.657969 0.616098
0.148157 0.651281 0.615595
0.149158 0.644684 0.615083
0.150159 0.638173 0.61456
0.15116 0.631749 0.614027
0.152161 0.625407 0.613483
0.153162 0.619147 0.612928
0.154163 0.612967 0.612363
0.155164 0.606865 0.611787
0.156165 0.600838 0.611199
0.157166 0.594888 0.610602
0.158167 0.589018 0.609995
0.159168 0.583224 0.609378
0.160169 0.577506 0.608752
0.16117 0.571861 0.608117
0.162171 0.566288 0.607472
0.163172 0.560785 0.606817
0.164173 0.55535 0.606153
0.165174 0.549981 0.605478
0.166175 0.544677 0.604793
0.167175 0.539437 0.604098
0.168176 0.534258 0.603393
0.169177 0.52914 0.602678
0.170178 0.524087 0.601954
0.171179 0.519096 0.601221
0.17218 0.514168 0.600479
0.173181 0.5093 0.599728
0.174182 0.504491 0.598968
0.175183 0.499741 0.598199
0.176184 0.495047 0.59742
0.177185 0.490408 0.596633
0.178186 0.485824 0.595836
0.179187 0.481292 0.595031
0.180188 0.476813 0.594215
0.181189 0.472384 0.593391
0.18219 0.468006 0.592558
0.183191 0.463683 0.591717
0.184192 0.459411 0.590867
0.185193 0.455191 0.590009
0.186194 0.451021 0.589143
0.187195 0.446899 0.588269
0.188196 0.442825 0.587386
0.189197 0.438797 0.586494
0.190198 0.434815 0.585595
0.191199 0.430876 0.584686
0.1922 0.426981 0.58377
0.193201 0.423127 0.582844
0.194202 0.419315 0.58191
0.195203 0.415544 0.580968
0.196204 0.411816 0.580018
0.197205 0.408131 0.57906
0.198206 0.404488 0.578094
0.199207 0.400886 0.57712
0.200208 0.397324 0.576139
0.201209 0.393802 0.575149
0.20221 0.390317 0.574153
0.203211 0.386871 0.573148
0.204212 0.383462 0.572136
0.205213 0.380089 0.571117
0.206214 0.376752 0.57009
0.207215 0.37345 0.569056
0.208216 0.370182 0.568014
0.209217 0.366951 0.566965
0.210218 0.363756 0.56591
0.211219 0.360598 0.564847
0.21222 0.357473 0.563778
0.213221 0.354383 0.562701
0.214222 0.351326 0.561618
0.215223 0.348302 0.560528
0.216224 0.345309 0.55943
0.217225 0.342347 0.558326
0.218226 0.339415 0.557215
0.219227 0.336513 0.556098
0.220228 0.333639 0.554973
0.221229 0.330794 0.553841
0.22223 0.327977 0.552703
0.223231 0.325191 0.551557
0.224232 0.322434 0.550406
0.225233 0.319706 0.549247
0.226234 0.317007 0.548082
0.227235 0.314336 0.546911
0.228236 0.311692 0.545734
0.229237 0.309076 0.54455
0.230238 0.306485 0.543361
0.231239 0.30392 0.542165
0.23224 0.301381 0.540964
0.233241 0.298867 0.539757
0.234242 0.296377 0.538544
0.235243 0.293911 0.537326
0.236244 0.291469 0.536102
0.237245 0.289053 0.534873
0.238246 0.286663 0.533638
0.239247 0.284297 0.532397
0.240248 0.281955 0.531151
0.241249 0.279636 0.5299
0.24225 0.277341 0.528643
0.243251 0.275068 0.52738
0.244252 0.272818 0.526113
0.245253 0.270589 0.52484
0.246254 0.26838 0.523562
0.247255 0.266193 0.522279
0.248256 0.264026 0.52099
0.249257 0.261878 0.519697
0.250258 0.259751 0.518399
0.251259 0.257644 0.517095
0.25226 0.255559 0.515785
0.253261 0.253494 0.514471
0.254262 0.251449 0.513151
0.255263 0.249424 0.511827
0.256264 0.247419 0.510498
0.257265 0.245432 0.509164
0.258266 0.243464 0.507826
0.259267 0.241515 0.506484
0.260268 0.239584 0.505137
0.261269 0.23767 0.503787
0.26227 0.235774 0.502432
0.263271 0.233896 0.501074
0.264272 0.232034 0.499712
0.265273 0.23019 0.498346
0.266274 0.228364 0.496976
0.267275 0.226556 0.495602
0.268276 0.224766 0.494224
0.269277 0.222992 0.492842
0.270278 0.221236 0.491455
0.271279 0.219495 0.490066
0.27228 0.217771 0.488672
0.273281 0.216062 0.487275
0.274282 0.214369 0.485874
0.275283 0.21269 0.48447
0.276284 0.211026 0.483062
0.277285 0.209377 0.481651
0.278285 0.207741 0.480237
0.279286 0.20612 0.478819
0.280287 0.204513 0.477397
0.281288 0.202922 0.475971
0.282289 0.201345 0.474542
0.28329 0.199783 0.473109
0.284291 0.198235 0.471673
0.285292 0.1967 0.470234
0.286293 0.19518 0.468791
0.287294 0.193673 0.467346
0.288295 0.192179 0.465898
0.289296 0.190698 0.464448
0.290297 0.18923 0.462995
0.291298 0.187775 0.461539
0.292299 0.186331 0.460082
0.2933 0.1849 0.458623
0.294301 0.183481 0.457161
0.295302 0.182075 0.455697
0.296303 0.180682 0.45423
0.297304 0.179302 0.45276
0.298305 0.177934 0.451288
0.299306 0.176578 0.449813
0.300307 0.175234 0.448336
0.301308 0.173902 0.446857
0.302309 0.172581 0.445376
0.30331 0.171271 0.443892
0.304311 0.169973 0.442407
0.305312 0.168685 0.44092
0.306313 0.167407 0.439432
0.307314 0.16614 0.437941
0.308315 0.164883 0.436449
0.309316 0.163636 0.434956
0.310317 0.1624 0.43346
0.311318 0.161175 0.431961
0.312319 0.159961 0.43046
0.31332 0.158757 0.428957
0.314321 0.157563 0.427452
0.315322 0.15638 0.425946
0.316323 0.155206 0.424438
0.317324 0.154043 0.422929
0.318325 0.152889 0.421419
0.319326 0.151744 0.419908
0.320327 0.150609 0.418396
0.321328 0.149483 0.416883
0.322329 0.148366 0.41537
0.32333 0.147258 0.413856
0.324331 0.146159 0.412343
0.325332 0.145069 0.410828
0.326333 0.143989 0.409312
0.327334 0.142919 0.407794
0.328335 0.141857 0.406276
0.329336 0.140805 0.404757
0.330337 0.139761 0.403236
0.331338 0.138727 0.401716
0.332339 0.1377 0.400194
0.33334 0.136682 0.398672
0.334341 0.135672 0.39715
0.335342 0.134669 0.395627
0.336343 0.133675 0.394104
0.337344 0.132688 0.392581
0.338345 0.131709 0.391058
0.339346 0.130737 0.389535
0.340347 0.129772 0.388011
0.341348 0.128816 0.386487
0.342349 0.127867 0.384961
0.34335 0.126926 0.383435
0.344351 0.125993 0.381908
0.345352 0.125068 0.38038
0.346353 0.12415 0.378853
0.347354 0.123239 0.377326
0.348355 0.122335 0.375798
0.349356 0.121438 0.374271
0.350357 0.120549 0.372745
0.351358 0.119666 0.371219
0.352359 0.11879 0.369694
0.35336 0.11792 0.368171
0.354361 0.117058 0.366648
0.355362 0.116201 0.365126
0.356363 0.115352 0.363605
0.357364 0.114509 0.362084
0.358365 0.113674 0.360563
0.359366 0.112845 0.359042
0.360367 0.112023 0.357522
0.361368 0.111208 0.356002
0.362369 0.110399 0.354483
0.36337 0.109596 0.352965
0.364371 0.108799 0.351447
0.365372 0.108009 0.349931
0.366373 0.107224 0.348415
0.367374 0.106445 0.346901
0.368375 0.105672 0.345388
0.369376 0.104904 0.343876
0.370377 0.104141 0.342366
0.371378 0.103385 0.340857
0.372379 0.102634 0.339348
0.37338 0.101889 0.337839
0.374381 0.101149 0.336331
0.375382 0.100416 0.334824
0.376383 0.0996879 0.333317
0.377384 0.0989656 0.331812
0.378385 0.0982487 0.330308
0.379386 0.0975372 0.328805
0.380387 0.096831 0.327304
0.381388 0.0961301 0.325805
0.382389 0.0954343 0.324307
0.38339 0.0947435 0.322812
0.384391 0.0940578 0.321319
0.385392 0.093377 0.319828
0.386393 0.092701 0.31834
0.387394 0.0920301 0.316853
0.388395 0.0913644 0.315368
0.389395 0.090704 0.313885
0.390396 0.0900488 0.312403
0.391397 0.0893986 0.310923
0.392398 0.0887533 0.309444
0.393399 0.0881129 0.307967
0.3944 0.0874772 0.306492
0.395401 0.0868462 0.305019
0.396402 0.0862198 0.303548
0.397403 0.0855978 0.30208
0.398404 0.0849803 0.300613
0.399405 0.0843671 0.299149
0.400406 0.083758 0.297688
0.401407 0.0831531 0.296229
0.402408 0.0825523 0.294772
0.403409 0.0819556 0.293318
0.40441 0.0813634 0.291866
0.405411 0.0807755 0.290414
0.406412 0.080192 0.288965
0.407413 0.0796128 0.287518
0.408414 0.0790378 0.286072
0.409415 0.078467 0.284629
0.410416 0.0779003 0.283188
0.411417 0.0773377 0.28175
0.412418 0.076779 0.280314
0.413419 0.0762243 0.278881
0.41442 0.0756735 0.277451
0.415421 0.0751266 0.276025
0.416422 0.0745834 0.274601
0.417423 0.0740439 0.273181
0.418424 0.0735081 0.271764
0.419425 0.072976 0.270351
0.420426 0.0724479 0.26894
0.421427 0.0719239 0.267532
0.422428 0.0714037 0.266127
0.423429 0.0708874 0.264724
0.42443 0.0703748 0.263323
0.425431 0.0698659 0.261926
0.426432 0.0693606 0.260532
0.427433 0.0688589 0.25914
0.428434 0.0683607 0.257752
0.429435 0.0678659 0.256366
0.430436 0.0673744 0.254984
0.431437 0.0668861 0.253605
0.432438 0.0664011 0.25223
0.433439 0.0659193 0.250858
0.43444 0.0654405 0.249489
0.435441 0.0649647 0.248124
0.436442 0.0644922 0.246762
0.437443 0.0640231 0.245402
0.438444 0.0635572 0.244045
0.439445 0.0630946 0.24269
0.440446 0.0626353 0.241338
0.441447 0.0621791 0.23999
0.442448 0.0617261 0.238645
0.443449 0.0612761 0.237303
0.44445 0.0608293 0.235964
0.445451 0.0603854 0.234629
0.446452 0.0599445 0.233298
0.447453 0.0595066 0.23197
0.448454 0.0590716 0.230646
0.449455 0.0586394 0.229327
0.450456 0.0582101 0.228011
0.451457 0.0577836 0.2267
0.452458 0.05736 0.225393
0.453459 0.0569394 0.224089
0.45446 0.0565219 0.222788
0.455461 0.0561074 0.221491
0.456462 0.0556957 0.220197
0.457463 0.055287 0.218907
0.458464 0.054881 0.21762
0.459465 0.0544778 0.216337
0.460466 0.0540773 0.215058
0.461467 0.0536794 0.213782
0.462468 0.0532841 0.21251
0.463469 0.0528914 0.211243
0.46447 0.0525012 0.209979
0.465471 0.0521135 0.208719
0.466472 0.0517281 0.207463
0.467473 0.0513452 0.206212
0.468474 0.0509645 0.204964
0.469475 0.0505864 0.20372
0.470476 0.0502108 0.202479
0.471477 0.0498378 0.201242
0.472478 0.0494673 0.200008
0.473479 0.0490992 0.198778
0.47448 0.0487336 0.197551
0.475481 0.0483704 0.196329
0.476482 0.0480096 0.19511
0.477483 0.0476511 0.193895
0.478484 0.047295 0.192685
0.479485 0.0469412 0.191478
0.480486 0.0465897 0.190276
0.481487 0.0462404 0.189078
0.482488 0.0458934 0.187885
0.483489 0.0455486 0.186696
0.48449 0.0452059 0.185513
0.485491 0.0448655 0.184333
0.486492 0.0445275 0.183158
0.487493 0.0441918 0.181986
0.488494 0.0438585 0.180818
0.489495 0.0435274 0.179655
0.490496 0.0431986 0.178495
0.491497 0.0428719 0.17734
0.492498 0.0425474 0.176189
0.493499 0.042225 0.175042
0.4945 0.0419047 0.173899
0.495501 0.0415864 0.17276
0.496502 0.04127 0.171626
0.497503 0.0409557 0.170496
0.498504 0.0406432 0.16937
0.499505 0.0403327 0.168249
0.500505 0.040024 0.167132
0.501506 0.0397171 0.166019
0.502507 0.039412 0.164911
0.503508 0.039109 0.163806
0.504509 0.0388079 0.162706
0.50551 0.0385088 0.161609
0.506511 0.0382116 0.160516
0.507512 0.0379163 0.159427
0.508513 0.0376229 0.158342
0.509514 0.0373314 0.157262
0.510515 0.0370418 0.156185
0.511516 0.0367539 0.155114
0.512517 0.0364679 0.154046
0.513518 0.0361837 0.152983
0.514519 0.0359013 0.151925
0.51552 0.0356206 0.150871
0.516521 0.0353416 0.149823
0.517522 0.0350644 0.148778
0.518523 0.0347889 0.147739
0.519524 0.0345152 0.146704
0.520525 0.0342434 0.145674
0.521526 0.0339734 0.144647
0.522527 0.0337052 0.143625
0.523528 0.0334387 0.142608
0.524529 0.033174 0.141595
0.52553 0.032911 0.140586
0.526531 0.0326497 0.139581
0.527532 0.03239 0.138581
0.528533 0.0321319 0.137585
0.529534 0.0318755 0.136593
0.530535 0.0316206 0.135606
0.531536 0.0313672 0.134624
0.532537 0.0311154 0.133646
0.533538 0.030865 0.132672
0.534539 0.0306161 0.131703
0.53554 0.0303687 0.130738
0.536541 0.0301227 0.129777
0.537542 0.0298784 0.128821
0.538543 0.0296356 0.127868
0.539544 0.0293943 0.12692
0.540545 0.0291545 0.125976
0.541546 0.0289163 0.125036
0.542547 0.0286795 0.1241
0.543548 0.0284442 0.123169
0.544549 0.0282104 0.122242
0.54555 0.0279781 0.121319
0.546551 0.0277472 0.120401
0.547552 0.0275178 0.119488
0.548553 0.0272898 0.118579
0.549554 0.0270632 0.117674
0.550555 0.0268381 0.116775
0.551556 0.0266143 0.11588
0.552557 0.0263919 0.114989
0.553558 0.026171 0.114104
0.554559 0.0259516 0.113222
0.55556 0.0257336 0.112345
0.556561 0.0255171 0.111472
0.557562 0.0253019 0.110604
0.558563 0.0250882 0.10974
0.559564 0.0248759 0.108881
0.560565 0.0246649 0.108025
0.561566 0.0244553 0.107174
0.562567 0.0242469 0.106328
0.563568 0.0240399 0.105486
0.564569 0.0238341 0.104648
0.56557 0.0236296 0.103814
0.566571 0.0234263 0.102985
0.567572 0.0232242 0.10216
0.568573 0.0230233 0.101339
0.569574 0.0228235 0.100523
0.570575 0.022625 0.0997111
0.571576 0.0224278 0.098903
0.572577 0.0222317 0.0980991
0.573578 0.0220369 0.0972992
0.574579 0.0218434 0.0965035
0.57558 0.0216511 0.0957119
0.576581 0.02146 0.0949246
0.577582 0.0212701 0.0941414
0.578583 0.0210814 0.0933625
0.579584 0.0208939 0.0925879
0.580585 0.0207076 0.0918176
0.581586 0.0205225 0.0910516
0.582587 0.0203385 0.09029
0.583588 0.0201558 0.0895328
0.584589 0.0199742 0.08878
0.58559 0.0197937 0.0880316
0.586591 0.0196144 0.0872876
0.587592 0.0194363 0.0865481
0.588593 0.0192594 0.0858128
0.589594 0.0190837 0.0850818
0.590595 0.0189092 0.084355
0.591596 0.0187358 0.0836324
0.592597 0.0185636 0.082914
0.593598 0.0183925 0.0821998
0.594599 0.0182226 0.0814898
0.5956 0.0180538 0.0807839
0.596601 0.017886 0.0800822
0.597602 0.0177194 0.0793845
0.598603 0.0175538 0.078691
0.599604 0.0173892 0.0780016
0.600605 0.0172257 0.0773162
0.601606 0.0170632 0.0766348
0.602607 0.0169017 0.0759575
0.603608 0.0167412 0.0752843
0.604609 0.0165817 0.0746149
0.60561 0.0164232 0.0739495
0.606611 0.0162657 0.0732881
0.607612 0.0161093 0.0726305
0.608613 0.015954 0.0719769
0.609614 0.0157996 0.0713272
0.610615 0.0156463 0.0706814
0.611615 0.015494 0.0700396
0.612616 0.0153427 0.0694018
0.613617 0.0151924 0.068768
0.614618 0.0150431 0.0681382
0.615619 0.0148948 0.0675123
0.61662 0.0147475 0.0668905
0.617621 0.0146012 0.0662727
0.618622 0.0144558 0.0656589
0.619623 0.0143115 0.0650492
0.620624 0.0141681 0.0644435
0.621625 0.0140257 0.0638418
0.622626 0.0138844 0.0632442
0.623627 0.013744 0.0626506
0.624628 0.0136046 0.0620609
0.625629 0.0134663 0.0614752
0.62663 0.0133289 0.0608934
0.627631 0.0131924 0.0603155
0.628632 0.013057 0.0597414
0.629633 0.0129224 0.0591712
0.630634 0.0127889 0.0586048
0.631635 0.0126562 0.0580422
0.632636 0.0125245 0.0574833
0.633637 0.0123936 0.0569282
0.634638 0.0122637 0.0563768
0.635639 0.0121346 0.055829
0.63664 0.0120064 0.055285
0.637641 0.0118791 0.0547445
0.638642 0.0117526 0.0542077
0.639643 0.011627 0.0536744
0.640644 0.0115023 0.0531449
0.641645 0.0113784 0.0526189
0.642646 0.0112555 0.0520966
0.643647 0.0111334 0.0515778
0.644648 0.0110122 0.0510627
0.645649 0.0108919 0.0505512
0.64665 0.0107724 0.0500434
0.647651 0.0106538 0.0495391
0.648652 0.0105361 0.0490383
0.649653 0.0104192 0.0485412
0.650654 0.0103032 0.0480476
0.651655 0.010188 0.0475577
0.652656 0.0100737 0.0470712
0.653657 0.00996029 0.0465884
0.654658 0.00984769 0.0461091
0.655659 0.00973593 0.0456333
0.65666 0.00962502 0.0451611
0.657661 0.00951498 0.0446925
0.658662 0.0094058 0.0442275
0.659663 0.00929749 0.0437661
0.660664 0.00919002 0.0433082
0.661665 0.00908339 0.0428538
0.662666 0.0089776 0.0424029
0.663667 0.00887263 0.0419554
0.664668 0.00876847 0.0415114
0.665669 0.00866513 0.0410707
0.66667 0.00856258 0.0406333
0.667671 0.00846083 0.0401993
0.668672 0.00835986 0.0397685
0.669673 0.00825967 0.039341
0.670674 0.00816024 0.0389167
0.671675 0.00806158 0.0384955
0.672676 0.00796366 0.0380775
0.673677 0.0078665 0.0376626
0.674678 0.00777008 0.0372509
0.675679 0.00767444 0.0368424
0.67668 0.00757956 0.0364372
0.677681 0.00748545 0.0360352
0.678682 0.0073921 0.0356364
0.679683 0.00729951 0.0352408
0.680684 0.00720768 0.0348483
0.681685 0.00711661 0.034459
0.682686 0.0070263 0.0340728
0.683687 0.00693673 0.0336898
0.684688 0.00684792 0.0333098
0.685689 0.00675986 0.032933
0.68669 0.00667254 0.0325592
0.687691 0.00658597 0.0321884
0.688692 0.00650014 0.0318207
0.689693 0.00641505 0.0314561
0.690694 0.00633071 0.0310944
0.691695 0.0062471 0.0307357
0.692696 0.00616425 0.0303802
0.693697 0.00608216 0.0300279
0.694698 0.00600083 0.0296787
0.695699 0.00592024 0.0293325
0.6967 0.00584039 0.0289894
0.697701 0.00576127 0.0286493
0.698702 0.00568287 0.0283122
0.699703 0.00560518 0.027978
0.700704 0.0055282 0.0276467
0.701705 0.00545191 0.0273182
0.702706 0.00537632 0.0269925
0.703707 0.00530141 0.0266696
0.704708 0.00522718 0.0263495
0.705709 0.00515362 0.0260321
0.70671 0.00508072 0.0257173
0.707711 0.00500848 0.0254052
0.708712 0.00493688 0.0250957
0.709713 0.00486593 0.0247888
0.710714 0.00479567 0.0244847
0.711715 0.00472607 0.0241834
0.712716 0.00465715 0.0238848
0.713717 0.0045889 0.023589
0.714718 0.00452132 0.0232959
0.715719 0.00445439 0.0230055
0.71672 0.00438813 0.0227178
0.717721 0.00432252 0.0224327
0.718722 0.00425757 0.0221503
0.719723 0.00419326 0.0218704
0.720724 0.0041296 0.0215931
0.721725 0.00406659 0.0213183
0.722725 0.00400422 0.0210461
0.723726 0.00394248 0.0207764
0.724727 0.00388138 0.0205092
0.725728 0.00382091 0.0202444
0.726729 0.00376106 0.0199821
0.72773 0.00370187 0.0197223
0.728731 0.00364335 0.0194653
0.729732 0.00358548 0.0192108
0.730733 0.00352826 0.018959
0.731734 0.00347168 0.0187097
0.732735 0.00341573 0.0184629
0.733736 0.00336041 0.0182186
0.734737 0.00330571 0.0179767
0.735738 0.00325161 0.0177372
0.736739 0.00319811 0.0175001
0.73774 0.00314521 0.0172653
0.738741 0.00309288 0.0170327
0.739742 0.00304114 0.0168024
0.740743 0.00298996 0.0165744
0.741744 0.00293935 0.0163484
0.742745 0.00288928 0.0161247
0.743746 0.00283977 0.015903
0.744747 0.00279079 0.0156833
0.745748 0.00274239 0.015466
0.746749 0.00269459 0.015251
0.74775 0.00264737 0.0150382
0.748751 0.00260072 0.0148277
0.749752 0.00255465 0.0146195
0.750753 0.00250915 0.0144135
0.751754 0.0024642 0.0142096
0.752755 0.00241981 0.0140079
0.753756 0.00237597 0.0138084
0.754757 0.00233267 0.0136109
0.755758 0.00228991 0.0134155
0.756759 0.00224769 0.0132221
0.75776 0.00220598 0.0130308
0.758761 0.0021648 0.0128414
0.759762 0.00212414 0.012654
0.760763 0.00208398 0.0124685
0.761764 0.00204433 0.012285
0.762765 0.00200518 0.0121034
0.763766 0.0019666 0.0119239
0.764767 0.00192856 0.0117465
0.765768 0.00189108 0.0115713
0.766769 0.00185413 0.0113981
0.76777 0.00181771 0.011227
0.768771 0.00178181 0.0110578
0.769772 0.00174641 0.0108906
0.770773 0.00171152 0.0107253
0.771774 0.00167712 0.0105619
0.772775 0.0016432 0.0104004
0.773776 0.00160976 0.0102406
0.774777 0.00157678 0.0100826
0.775778 0.00154425 0.00992635
0.776779 0.00151218 0.00977179
0.77778 0.00148054 0.00961888
0.778781 0.00144933 0.00946761
0.779782 0.00141854 0.00931792
0.780783 0.00138819 0.00916987
0.781784 0.00135832 0.00902366
0.782785 0.00132894 0.00887929
0.783786 0.00130004 0.00873672
0.784787 0.00127161 0.00859593
0.785788 0.00124363 0.00845688
0.786789 0.00121611 0.00831956
0.78779 0.00118903 0.00818392
0.788791 0.00116239 0.00804995
0.789792 0.00113617 0.00791761
0.790793 0.00111038 0.00778687
0.791794 0.00108499 0.00765772
0.792795 0.00106001 0.00753011
0.793796 0.00103543 0.00740403
0.794797 0.00101123 0.00727944
0.795798 0.000987413 0.00715632
0.796799 0.000963967 0.00703464
0.7978 0.000940886 0.00691437
0.798801 0.000918191 0.00679559
0.799802 0.000895941 0.00667849
0.800803 0.000874127 0.00656304
0.801804 0.000852739 0.0064492
0.802805 0.000831766 0.00633694
0.803806 0.000811196 0.00622623
0.804807 0.00079102 0.00611703
0.805808 0.000771226 0.0060093
0.806809 0.000751805 0.00590302
0.80781 0.000732746 0.00579814
0.808811 0.000714037 0.00569465
0.809812 0.000695671 0.00559249
0.810813 0.000677635 0.00549165
0.811814 0.000659919 0.00539208
0.812815 0.000642515 0.00529375
0.813816 0.000625411 0.00519664
0.814817 0.000608598 0.00510071
0.815818 0.000592066 0.00500592
0.816819 0.000575846 0.00491238
0.81782 0.000559997 0.00482024
0.818821 0.000544512 0.00472949
0.819822 0.00052938 0.0046401
0.820823 0.00051459 0.00455205
0.821824 0.000500134 0.00446529
0.822825 0.000485999 0.00437982
0.823826 0.000472178 0.00429559
0.824827 0.000458659 0.00421258
0.825828 0.000445433 0.00413077
0.826829 0.00043249 0.00405013
0.82783 0.000419821 0.00397063
0.828831 0.000407416 0.00389224
0.829832 0.000395265 0.00381495
0.830833 0.000383359 0.00373871
0.831834 0.000371688 0.00366352
0.832835 0.000360244 0.00358933
0.833835 0.000349016 0.00351613
0.834836 0.000338041 0.00344402
0.835837 0.000327377 0.00337314
0.836838 0.000317014 0.00330346
0.837839 0.000306941 0.00323497
0.83884 0.000297147 0.00316763
0.839841 0.000287621 0.0031014
0.840842 0.000278353 0.00303627
0.841843 0.000269332 0.00297219
0.842844 0.000260548 0.00290915
0.843845 0.00025199 0.0028471
0.844846 0.000243647 0.00278603
0.845847 0.00023551 0.0027259
0.846848 0.000227567 0.00266668
0.847849 0.00021981 0.00260835
0.84885 0.000212227 0.00255088
0.849851 0.000204809 0.00249424
0.850852 0.000197546 0.0024384
0.851853 0.000190427 0.00238334
0.852854 0.000183489 0.00232914
0.853855 0.000176788 0.00227596
0.854856 0.000170316 0.00222377
0.855857 0.000164063 0.00217255
0.856858 0.000158019 0.00212227
0.857859 0.000152175 0.00207291
0.85886 0.000146521 0.00202444
0.859861 0.000141049 0.00197685
0.860862 0.000135749 0.00193009
0.861863 0.000130613 0.00188416
0.862864 0.00012563 0.00183903
0.863865 0.000120792 0.00179468
0.864866 0.000116089 0.00175107
0.865867 0.000111514 0.00170819
0.866868 0.000107057 0.00166601
0.867869 0.000102708 0.00162452
0.86887 9.84609e-05 0.00158369
0.869871 9.43052e-05 0.00154349
0.870872 9.02716e-05 0.00150401
0.871873 8.64122e-05 0.00146538
0.872874 8.27193e-05 0.00142759
0.873875 7.91844e-05 0.00139061
0.874876 7.57991e-05 0.00135442
0.875877 7.2555e-05 0.00131898
0.876878 6.9444e-05 0.00128428
0.877879 6.64578e-05 0.00125029
0.87888 6.35882e-05 0.00121699
0.879881 6.0827e-05 0.00118434
0.880882 5.81664e-05 0.00115234
0.881883 5.55981e-05 0.00112095
0.882884 5.31143e-05 0.00109015
0.883885 5.07071e-05 0.00105992
0.884886 4.83686e-05 0.00103023
0.885887 4.60911e-05 0.00100106
0.886888 4.38668e-05 0.000972391
0.887889 4.1688e-05 0.000944196
0.88889 3.95766e-05 0.000916543
0.889891 3.7578e-05 0.00088957
0.890892 3.56869e-05 0.000863258
0.891893 3.3897e-05 0.000837586
0.892894 3.22021e-05 0.000812535
0.893895 3.05961e-05 0.000788082
0.894896 2.90729e-05 0.000764209
0.895897 2.76265e-05 0.000740895
0.896898 2.62508e-05 0.000718119
0.897899 2.49397e-05 0.000695863
0.8989 2.36875e-05 0.000674105
0.899901 2.24881e-05 0.000652827
0.900902 2.13358e-05 0.000632008
0.901903 2.02246e-05 0.00061163
0.902904 1.91488e-05 0.000591672
0.903905 1.81026e-05 0.000572117
0.904906 1.70803e-05 0.000552944
0.905907 1.60763e-05 0.000534135
0.906908 1.51049e-05 0.000515746
0.907909 1.41995e-05 0.000497904
0.90891 1.33569e-05 0.000480592
0.909911 1.25728e-05 0.000463791
0.910912 1.1843e-05 0.00044748
0.911913 1.11634e-05 0.00043164
0.912914 1.05298e-05 0.000416252
0.913915 9.93805e-06 0.000401295
0.914916 9.3841e-06 0.000386752
0.915917 8.86388e-06 0.000372602
0.916918 8.37333e-06 0.000358827
0.917919 7.90846e-06 0.000345407
0.91892 7.46526e-06 0.000332325
0.919921 7.03977e-06 0.000319561
0.920922 6.62807e-06 0.000307098
0.921923 6.22623e-06 0.000294915
0.922924 5.83038e-06 0.000282996
0.923925 5.43664e-06 0.000271322
0.924926 5.05382e-06 0.000259945
0.925927 4.70274e-06 0.00024898
0.926928 4.38166e-06 0.000238412
0.927929 4.08835e-06 0.000228226
0.92893 3.82056e-06 0.000218404
0.929931 3.57608e-06 0.00020893
0.930932 3.35269e-06 0.000199788
0.931933 3.1482e-06 0.00019096
0.932934 2.96044e-06 0.000182432
0.933935 2.78723e-06 0.000174186
0.934936 2.62643e-06 0.000166207
0.935937 2.4759e-06 0.000158478
0.936938 2.3335e-06 0.000150985
0.937939 2.19714e-06 0.00014371
0.93894 2.06471e-06 0.000136639
0.939941 1.93413e-06 0.000129756
0.940942 1.80332e-06 0.000123045
0.941943 1.67024e-06 0.000116492
0.942944 1.54084e-06 0.000110158
0.943945 1.4242e-06 0.000104129
0.944945 1.31935e-06 9.83906e-05
0.945946 1.22532e-06 9.29278e-05
0.946947 1.14113e-06 8.77258e-05
0.947948 1.06581e-06 8.277e-05
0.948949 9.98395e-07 7.80456e-05
0.94995 9.37922e-07 7.35382e-05
0.950951 8.8344e-07 6.92332e-05
0.951952 8.34001e-07 6.51164e-05
0.952953 7.88664e-07 6.11734e-05
0.953954 7.46493e-07 5.739e-05
0.954955 7.06558e-07 5.37523e-05
0.955956 6.67935e-07 5.02461e-05
0.956957 6.29706e-07 4.68575e-05
0.957958 5.90959e-07 4.35728e-05
0.958959 5.50786e-07 4.03781e-05
0.95996 5.08611e-07 3.7267e-05
0.960961 4.68884e-07 3.43411e-05
0.961962 4.33043e-07 3.16268e-05
0.962963 4.00762e-07 2.91101e-05
0.963964 3.71721e-07 2.67773e-05
0.964965 3.45599e-07 2.46148e-05
0.965966 3.22079e-07 2.26088e-05
0.966967 3.00845e-07 2.07458e-05
0.967968 2.81582e-07 1.90125e-05
0.968969 2.6398e-07 1.73954e-05
0.96997 2.47727e-07 1.58812e-05
0.970971 2.32515e-07 1.44568e-05
0.971972 2.18039e-07 1.31091e-05
0.972973 2.03994e-07 1.18249e-05
0.973974 1.90078e-07 1.05913e-05
0.974975 1.75988e-07 9.39545e-06
0.975976 1.61428e-07 8.22455e-06
0.976977 1.46382e-07 7.08338e-06
0.977978 1.32469e-07 6.07361e-06
0.978979 1.19889e-07 5.20185e-06
0.97998 1.08509e-07 4.45378e-06
0.980981 9.82003e-08 3.81516e-06
0.981982 8.88335e-08 3.27183e-06
0.982983 8.02803e-08 2.80972e-06
0.983984 7.24129e-08 2.41485e-06
0.984985 6.51045e-08 2.07333e-06
0.985986 5.8229e-08 1.77133e-06
0.986987 5.1661e-08 1.49514e-06
0.987988 4.5276e-08 1.2311e-06
0.988989 3.89501e-08 9.65651e-07
0.98999 3.25604e-08 6.85308e-07
0.990991 2.6419e-08 4.24101e-07
0.991992 2.12591e-08 2.5964e-07
0.992993 1.69115e-08 1.69188e-07
0.993994 1.31808e-08 1.27128e-07
0.994995 9.87246e-09 1.07997e-07
0.995996 6.79342e-09 8.64837e-08
0.996997 3.91064e-09 4.77814e-08
0.997998 2.01355e-09 3.95047e-08
0.998999 6.0672e-10 3.63187e-08
1 6.42381e-27 5.38583e-24
