1e-05 71.4183 3.13762
0.00101099 17.0066 0.922712
0.00201198 13.2044 0.78686
0.00301297 11.2756 0.724069
0.00401396 10.0246 0.686846
0.00501495 9.116 0.662161
0.00601595 8.41229 0.644715
0.00701694 7.84176 0.631852
0.00801793 7.3657 0.622142
0.00901892 6.95937 0.614677
0.0100199 6.60561 0.608833
0.0110209 6.29386 0.604253
0.0120219 6.01631 0.60067
0.0130229 5.76623 0.597848
0.0140239 5.53914 0.595641
0.0150249 5.33166 0.593942
0.0160259 5.14116 0.592673
0.0170268 4.96529 0.591758
0.0180278 4.80191 0.591117
0.0190288 4.64955 0.590714
0.0200298 4.50706 0.590515
0.0210308 4.37341 0.590487
0.0220318 4.24778 0.590614
0.0230328 4.12935 0.590874
0.0240338 4.01736 0.591237
0.0250348 3.91114 0.591681
0.0260358 3.81024 0.592204
0.0270368 3.71425 0.592796
0.0280377 3.62279 0.593443
0.0290387 3.5355 0.594135
0.0300397 3.45212 0.594877
0.0310407 3.37235 0.595659
0.0320417 3.2959 0.596469
0.0330427 3.22253 0.597296
0.0340437 3.15203 0.598137
0.0350447 3.08423 0.598998
0.0360457 3.01898 0.599872
0.0370467 2.95612 0.600756
0.0380477 2.89551 0.601643
0.0390486 2.83703 0.602531
0.0400496 2.78058 0.603428
0.0410506 2.72603 0.60433
0.0420516 2.67328 0.605231
0.0430526 2.62222 0.606125
0.0440536 2.57276 0.607009
0.0450546 2.52483 0.607882
0.0460556 2.47835 0.608751
0.0470566 2.43327 0.609614
0.0480576 2.38951 0.610469
0.0490586 2.34702 0.611313
0.0500595 2.30574 0.612145
0.0510605 2.26562 0.612963
0.0520615 2.22661 0.613775
0.0530625 2.18867 0.61458
0.0540635 2.15176 0.615374
0.0550645 2.11582 0.616156
0.0560655 2.08081 0.616921
0.0570665 2.04669 0.617669
0.0580675 2.01343 0.618399
0.0590685 1.981 0.619116
0.0600695 1.94938 0.619822
0.0610705 1.91852 0.620515
0.0620714 1.88841 0.621192
0.0630724 1.85902 0.621854
0.0640734 1.83031 0.622498
0.0650744 1.80227 0.623125
0.0660754 1.77487 0.623737
0.0670764 1.7481 0.624338
0.0680774 1.72194 0.624925
0.0690784 1.69636 0.625499
0.0700794 1.67134 0.626056
0.0710804 1.64687 0.626597
0.0720814 1.62292 0.627119
0.0730823 1.59947 0.627622
0.0740833 1.57652 0.628108
0.0750843 1.55405 0.628581
0.0760853 1.53206 0.62904
0.0770863 1.51052 0.629484
0.0780873 1.48942 0.629912
0.0790883 1.46874 0.630325
0.0800893 1.44847 0.63072
0.0810903 1.4286 0.631099
0.0820913 1.40912 0.63146
0.0830923 1.39001 0.631808
0.0840932 1.37129 0.632143
0.0850942 1.35292 0.632465
0.0860952 1.33491 0.632772
0.0870962 1.31724 0.633064
0.0880972 1.29989 0.633341
0.0890982 1.28287 0.6336
0.0900992 1.26616 0.633842
0.0911002 1.24975 0.634066
0.0921012 1.23363 0.634275
0.0931022 1.21782 0.634472
0.0941032 1.20229 0.634654
0.0951041 1.18704 0.634823
0.0961051 1.17206 0.634977
0.0971061 1.15734 0.635115
0.0981071 1.14288 0.635239
0.0991081 1.12866 0.635346
0.100109 1.11468 0.635437
0.10111 1.10094 0.635513
0.102111 1.08743 0.635575
0.103112 1.07415 0.635625
0.104113 1.0611 0.635662
0.105114 1.04827 0.635686
0.106115 1.03565 0.635695
0.107116 1.02323 0.635691
0.108117 1.01102 0.635671
0.109118 0.999007 0.635636
0.110119 0.987182 0.635586
0.11112 0.975544 0.63552
0.112121 0.964095 0.635441
0.113122 0.952833 0.63535
0.114123 0.941752 0.635246
0.115124 0.930848 0.635129
0.116125 0.920115 0.634999
0.117126 0.909549 0.634856
0.118127 0.899145 0.634699
0.119128 0.888897 0.634528
0.120129 0.878803 0.634342
0.12113 0.868856 0.634142
0.122131 0.859056 0.633928
0.123132 0.849405 0.633702
0.124133 0.839901 0.633465
0.125134 0.83054 0.633215
0.126135 0.821319 0.632953
0.127136 0.812235 0.632679
0.128137 0.803283 0.632392
0.129138 0.794461 0.632092
0.130139 0.785765 0.631779
0.13114 0.777193 0.631453
0.132141 0.768741 0.631113
0.133142 0.760407 0.630759
0.134143 0.752196 0.630394
0.135144 0.744105 0.630018
0.136145 0.73613 0.629631
0.137146 0.72827 0.629232
0.138147 0.720521 0.628821
0.139148 0.71288 0.628398
0.140149 0.705344 0.627963
0.14115 0.697911 0.627516
0.142151 0.690577 0.627057
0.143152 0.683341 0.626585
0.144153 0.6762 0.6261
0.145154 0.669154 0.625603
0.146155 0.662206 0.625096
0.147156 0.655354 0.624578
0.148157 0.648595 0.624049
0.149158 0.641928 0.62351
0.150159 0.635349 0.622959
0.15116 0.628858 0.622397
0.152161 0.622452 0.621824
0.153162 0.616128 0.621239
0.154163 0.609885 0.620643
0.155164 0.603722 0.620036
0.156165 0.597635 0.619416
0.157166 0.591627 0.618786
0.158167 0.5857 0.618146
0.159168 0.57985 0.617496
0.160169 0.574078 0.616835
0.16117 0.56838 0.616165
0.162171 0.562755 0.615484
0.163172 0.557201 0.614793
0.164173 0.551717 0.614092
0.165174 0.546299 0.61338
0.166175 0.540948 0.612657
0.167175 0.535661 0.611924
0.168176 0.530437 0.61118
0.169177 0.525275 0.610425
0.170178 0.520178 0.609661
0.171179 0.515145 0.608887
0.17218 0.510175 0.608104
0.173181 0.505267 0.607311
0.174182 0.500419 0.606509
0.175183 0.495629 0.605698
0.176184 0.490898 0.604876
0.177185 0.486222 0.604046
0.178186 0.481602 0.603205
0.179187 0.477035 0.602356
0.180188 0.472521 0.601496
0.181189 0.468058 0.600627
0.18219 0.463648 0.599749
0.183191 0.459292 0.598862
0.184192 0.454989 0.597967
0.185193 0.450738 0.597063
0.186194 0.446538 0.596151
0.187195 0.442387 0.59523
0.188196 0.438285 0.5943
0.189197 0.434229 0.593362
0.190198 0.43022 0.592414
0.191199 0.426255 0.591458
0.1922 0.422334 0.590494
0.193201 0.418455 0.58952
0.194202 0.414618 0.588538
0.195203 0.410822 0.587547
0.196204 0.407071 0.586548
0.197205 0.403364 0.585541
0.198206 0.399698 0.584526
0.199207 0.396074 0.583502
0.200208 0.392491 0.582471
0.201209 0.388948 0.581432
0.20221 0.385444 0.580385
0.203211 0.381978 0.57933
0.204212 0.37855 0.578268
0.205213 0.375159 0.577198
0.206214 0.371804 0.576121
0.207215 0.368484 0.575036
0.208216 0.365199 0.573944
0.209217 0.361952 0.572844
0.210218 0.358741 0.571738
0.211219 0.355566 0.570624
0.21222 0.352427 0.569503
0.213221 0.349322 0.568375
0.214222 0.346251 0.567241
0.215223 0.343213 0.566099
0.216224 0.340207 0.56495
0.217225 0.337232 0.563795
0.218226 0.334288 0.562632
0.219227 0.331373 0.561463
0.220228 0.328488 0.560287
0.221229 0.325631 0.559105
0.22223 0.322803 0.557915
0.223231 0.320006 0.556719
0.224232 0.317239 0.555516
0.225233 0.314501 0.554307
0.226234 0.311792 0.553091
0.227235 0.309112 0.551869
0.228236 0.306459 0.550641
0.229237 0.303833 0.549406
0.230238 0.301235 0.548166
0.231239 0.298662 0.54692
0.23224 0.296115 0.545668
0.233241 0.293593 0.544411
0.234242 0.291096 0.543148
0.235243 0.288623 0.54188
0.236244 0.286175 0.540606
0.237245 0.283752 0.539326
0.238246 0.281356 0.538041
0.239247 0.278984 0.536751
0.240248 0.276637 0.535455
0.241249 0.274313 0.534154
0.24225 0.272013 0.532847
0.243251 0.269735 0.531536
0.244252 0.26748 0.530219
0.245253 0.265247 0.528897
0.246254 0.263035 0.52757
0.247255 0.260844 0.526238
0.248256 0.258673 0.524902
0.249257 0.256523 0.523561
0.250258 0.254392 0.522214
0.251259 0.252283 0.520863
0.25226 0.250195 0.519506
0.253261 0.248128 0.518144
0.254262 0.246081 0.516778
0.255263 0.244054 0.515406
0.256264 0.242047 0.514031
0.257265 0.240059 0.51265
0.258266 0.23809 0.511266
0.259267 0.23614 0.509878
0.260268 0.234208 0.508486
0.261269 0.232294 0.50709
0.26227 0.230397 0.50569
0.263271 0.228518 0.504287
0.264272 0.226656 0.502881
0.265273 0.224812 0.501471
0.266274 0.222986 0.500057
0.267275 0.221179 0.498639
0.268276 0.219389 0.497217
0.269277 0.217617 0.495792
0.270278 0.215861 0.494363
0.271279 0.214122 0.49293
0.27228 0.212399 0.491494
0.273281 0.210692 0.490055
0.274282 0.209 0.488612
0.275283 0.207323 0.487166
0.276284 0.205661 0.485717
0.277285 0.204013 0.484265
0.278285 0.20238 0.48281
0.279286 0.200761 0.481352
0.280287 0.199157 0.479891
0.281288 0.197568 0.478426
0.282289 0.195994 0.476957
0.28329 0.194434 0.475485
0.284291 0.192889 0.47401
0.285292 0.191358 0.472532
0.286293 0.189841 0.471051
0.287294 0.188338 0.469568
0.288295 0.186847 0.468083
0.289296 0.18537 0.466595
0.290297 0.183906 0.465105
0.291298 0.182454 0.463613
0.292299 0.181015 0.462119
0.2933 0.179588 0.460624
0.294301 0.178173 0.459127
0.295302 0.176771 0.457628
0.296303 0.175383 0.456126
0.297304 0.174007 0.454621
0.298305 0.172644 0.453115
0.299306 0.171292 0.451606
0.300307 0.169953 0.450095
0.301308 0.168626 0.448583
0.302309 0.16731 0.447068
0.30331 0.166006 0.445552
0.304311 0.164712 0.444035
0.305312 0.16343 0.442516
0.306313 0.162158 0.440995
0.307314 0.160896 0.439474
0.308315 0.159644 0.437951
0.309316 0.158403 0.436427
0.310317 0.157173 0.4349
0.311318 0.155954 0.433372
0.312319 0.154746 0.431841
0.31332 0.153548 0.430309
0.314321 0.15236 0.428775
0.315322 0.151183 0.42724
0.316323 0.150016 0.425704
0.317324 0.148859 0.424167
0.318325 0.147711 0.422629
0.319326 0.146573 0.421091
0.320327 0.145445 0.419552
0.321328 0.144325 0.418012
0.322329 0.143215 0.416473
0.32333 0.142114 0.414934
0.324331 0.141022 0.413394
0.325332 0.139939 0.411854
0.326333 0.138866 0.410313
0.327334 0.137803 0.408771
0.328335 0.136749 0.407228
0.329336 0.135704 0.405684
0.330337 0.134667 0.40414
0.331338 0.13364 0.402596
0.332339 0.132621 0.401052
0.33334 0.13161 0.399507
0.334341 0.130608 0.397962
0.335342 0.129613 0.396417
0.336343 0.128626 0.394872
0.337344 0.127647 0.393328
0.338345 0.126676 0.391783
0.339346 0.125711 0.390239
0.340347 0.124755 0.388695
0.341348 0.123806 0.38715
0.342349 0.122866 0.385604
0.34335 0.121933 0.384058
0.344351 0.121008 0.382512
0.345352 0.120091 0.380966
0.346353 0.119181 0.37942
0.347354 0.118279 0.377874
0.348355 0.117383 0.376328
0.349356 0.116495 0.374784
0.350357 0.115614 0.37324
0.351358 0.11474 0.371697
0.352359 0.113872 0.370155
0.35336 0.113011 0.368615
0.354361 0.112157 0.367076
0.355362 0.111309 0.365539
0.356363 0.110469 0.364002
0.357364 0.109635 0.362465
0.358365 0.108809 0.360929
0.359366 0.107989 0.359394
0.360367 0.107176 0.357859
0.361368 0.106369 0.356325
0.362369 0.105569 0.354792
0.36337 0.104776 0.35326
0.364371 0.103988 0.351729
0.365372 0.103207 0.3502
0.366373 0.102431 0.348672
0.367374 0.101661 0.347145
0.368375 0.100897 0.34562
0.369376 0.100139 0.344097
0.370377 0.0993855 0.342575
0.371378 0.098638 0.341055
0.372379 0.0978965 0.339535
0.37338 0.097161 0.338016
0.374381 0.0964312 0.336497
0.375382 0.0957073 0.33498
0.376383 0.094989 0.333464
0.377384 0.0942763 0.331949
0.378385 0.0935691 0.330436
0.379386 0.0928673 0.328924
0.380387 0.0921709 0.327415
0.381388 0.0914797 0.325907
0.382389 0.0907937 0.324402
0.38339 0.0901128 0.322898
0.384391 0.0894369 0.321398
0.385392 0.088766 0.3199
0.386393 0.0880999 0.318405
0.387394 0.0874388 0.316912
0.388395 0.0867831 0.315421
0.389395 0.0861327 0.313931
0.390396 0.0854874 0.312443
0.391397 0.0848472 0.310957
0.392398 0.084212 0.309473
0.393399 0.0835817 0.307992
0.3944 0.0829561 0.306512
0.395401 0.0823353 0.305035
0.396402 0.081719 0.30356
0.397403 0.0811072 0.302087
0.398404 0.0804999 0.300617
0.399405 0.0798969 0.29915
0.400406 0.0792982 0.297685
0.401407 0.0787036 0.296223
0.402408 0.0781131 0.294764
0.403409 0.0775267 0.293308
0.40441 0.0769449 0.291853
0.405411 0.0763675 0.2904
0.406412 0.0757945 0.288949
0.407413 0.0752257 0.2875
0.408414 0.0746613 0.286054
0.409415 0.074101 0.28461
0.410416 0.0735449 0.283168
0.411417 0.0729929 0.28173
0.412418 0.0724448 0.280294
0.413419 0.0719008 0.278861
0.41442 0.0713606 0.277432
0.415421 0.0708244 0.276006
0.416422 0.0702919 0.274583
0.417423 0.0697631 0.273164
0.418424 0.0692381 0.271749
0.419425 0.0687167 0.270337
0.420426 0.0681994 0.268929
0.421427 0.0676862 0.267523
0.422428 0.0671768 0.266119
0.423429 0.0666713 0.264719
0.42443 0.0661696 0.263322
0.425431 0.0656716 0.261927
0.426432 0.0651773 0.260536
0.427433 0.0646865 0.259148
0.428434 0.0641992 0.257763
0.429435 0.0637153 0.256382
0.430436 0.0632348 0.255004
0.431437 0.0627576 0.25363
0.432438 0.0622836 0.252259
0.433439 0.0618128 0.250891
0.43444 0.0613451 0.249527
0.435441 0.0608804 0.248167
0.436442 0.060419 0.24681
0.437443 0.059961 0.245456
0.438444 0.0595064 0.244104
0.439445 0.059055 0.242756
0.440446 0.0586068 0.24141
0.441447 0.0581619 0.240068
0.442448 0.0577201 0.238729
0.443449 0.0572814 0.237394
0.44445 0.0568458 0.236062
0.445451 0.0564133 0.234734
0.446452 0.0559837 0.23341
0.447453 0.0555571 0.23209
0.448454 0.0551335 0.230774
0.449455 0.0547127 0.229462
0.450456 0.0542947 0.228154
0.451457 0.0538796 0.226851
0.452458 0.0534674 0.225551
0.453459 0.0530583 0.224256
0.45446 0.0526522 0.222963
0.455461 0.0522491 0.221675
0.456462 0.0518489 0.220389
0.457463 0.0514516 0.219108
0.458464 0.0510571 0.21783
0.459465 0.0506654 0.216556
0.460466 0.0502764 0.215286
0.461467 0.0498901 0.21402
0.462468 0.0495064 0.212758
0.463469 0.0491253 0.2115
0.46447 0.0487467 0.210246
0.465471 0.0483705 0.208996
0.466472 0.0479968 0.20775
0.467473 0.0476255 0.206508
0.468474 0.0472565 0.20527
0.469475 0.0468901 0.204036
0.470476 0.0465262 0.202806
0.471477 0.0461649 0.201579
0.472478 0.0458061 0.200355
0.473479 0.0454498 0.199136
0.47448 0.045096 0.19792
0.475481 0.0447446 0.196708
0.476482 0.0443956 0.1955
0.477483 0.044049 0.194296
0.478484 0.0437047 0.193096
0.479485 0.0433628 0.191901
0.480486 0.0430231 0.190709
0.481487 0.0426857 0.189523
0.482488 0.0423506 0.188341
0.483489 0.0420177 0.187163
0.48449 0.041687 0.18599
0.485491 0.0413585 0.184822
0.486492 0.0410324 0.183657
0.487493 0.0407087 0.182497
0.488494 0.0403873 0.181341
0.489495 0.0400682 0.180188
0.490496 0.0397513 0.17904
0.491497 0.0394367 0.177896
0.492498 0.0391242 0.176757
0.493499 0.0388138 0.175621
0.4945 0.0385055 0.174489
0.495501 0.0381992 0.173362
0.496502 0.037895 0.172239
0.497503 0.0375927 0.171121
0.498504 0.0372924 0.170006
0.499505 0.0369939 0.168896
0.500505 0.0366973 0.167791
0.501506 0.0364025 0.16669
0.502507 0.0361096 0.165592
0.503508 0.0358187 0.164499
0.504509 0.0355299 0.163409
0.50551 0.0352429 0.162324
0.506511 0.0349579 0.161242
0.507512 0.0346749 0.160165
0.508513 0.0343937 0.159091
0.509514 0.0341144 0.158022
0.510515 0.033837 0.156957
0.511516 0.0335614 0.155896
0.512517 0.0332877 0.15484
0.513518 0.0330158 0.153788
0.514519 0.0327456 0.152741
0.51552 0.0324772 0.151698
0.516521 0.0322106 0.15066
0.517522 0.0319457 0.149626
0.518523 0.0316825 0.148598
0.519524 0.0314212 0.147573
0.520525 0.0311617 0.146553
0.521526 0.030904 0.145538
0.522527 0.0306481 0.144526
0.523528 0.030394 0.143519
0.524529 0.0301417 0.142516
0.52553 0.0298911 0.141517
0.526531 0.0296421 0.140523
0.527532 0.0293948 0.139533
0.528533 0.0291492 0.138547
0.529534 0.0289051 0.137566
0.530535 0.0286627 0.136589
0.531536 0.0284218 0.135616
0.532537 0.0281824 0.134648
0.533538 0.0279445 0.133684
0.534539 0.027708 0.132724
0.53554 0.027473 0.131769
0.536541 0.0272396 0.130818
0.537542 0.0270077 0.12987
0.538543 0.0267774 0.128927
0.539544 0.0265486 0.127988
0.540545 0.0263214 0.127053
0.541546 0.0260957 0.126122
0.542547 0.0258714 0.125195
0.543548 0.0256487 0.124272
0.544549 0.0254275 0.123354
0.54555 0.0252077 0.12244
0.546551 0.0249894 0.12153
0.547552 0.0247726 0.120625
0.548553 0.0245571 0.119725
0.549554 0.0243431 0.118828
0.550555 0.0241305 0.117937
0.551556 0.0239193 0.117049
0.552557 0.0237095 0.116167
0.553558 0.0235012 0.115289
0.554559 0.0232943 0.114415
0.55556 0.0230889 0.113545
0.556561 0.022885 0.11268
0.557562 0.0226825 0.111818
0.558563 0.0224814 0.110961
0.559564 0.0222816 0.110109
0.560565 0.0220833 0.10926
0.561566 0.0218862 0.108416
0.562567 0.0216905 0.107576
0.563568 0.021496 0.10674
0.564569 0.0213029 0.105909
0.56557 0.021111 0.105081
0.566571 0.0209203 0.104258
0.567572 0.0207308 0.103439
0.568573 0.0205425 0.102624
0.569574 0.0203554 0.101814
0.570575 0.0201695 0.101007
0.571576 0.0199849 0.100205
0.572577 0.0198015 0.0994059
0.573578 0.0196194 0.0986112
0.574579 0.0194385 0.0978205
0.57558 0.0192588 0.0970339
0.576581 0.0190803 0.0962513
0.577582 0.0189031 0.0954729
0.578583 0.0187271 0.0946985
0.579584 0.0185522 0.0939284
0.580585 0.0183786 0.0931623
0.581586 0.0182061 0.0924005
0.582587 0.0180348 0.091643
0.583588 0.0178647 0.0908896
0.584589 0.0176957 0.0901405
0.58559 0.0175279 0.0893958
0.586591 0.0173612 0.0886553
0.587592 0.0171957 0.0879191
0.588593 0.0170314 0.0871871
0.589594 0.0168682 0.0864591
0.590595 0.0167063 0.0857353
0.591596 0.0165456 0.0850156
0.592597 0.016386 0.0842999
0.593598 0.0162275 0.0835883
0.594599 0.0160701 0.0828808
0.5956 0.0159139 0.0821772
0.596601 0.0157587 0.0814777
0.597602 0.0156046 0.0807821
0.598603 0.0154515 0.0800905
0.599604 0.0152995 0.0794029
0.600605 0.0151485 0.0787192
0.601606 0.0149986 0.0780394
0.602607 0.0148496 0.0773636
0.603608 0.0147016 0.0766916
0.604609 0.0145546 0.0760234
0.60561 0.0144086 0.0753591
0.606611 0.0142637 0.0746985
0.607612 0.0141198 0.0740417
0.608613 0.0139769 0.0733887
0.609614 0.0138351 0.0727396
0.610615 0.0136942 0.0720942
0.611615 0.0135544 0.0714527
0.612616 0.0134156 0.0708151
0.613617 0.0132777 0.0701813
0.614618 0.0131409 0.0695513
0.615619 0.013005 0.0689253
0.61662 0.0128701 0.0683031
0.617621 0.0127362 0.0676849
0.618622 0.0126033 0.0670705
0.619623 0.0124713 0.0664601
0.620624 0.0123403 0.0658536
0.621625 0.0122102 0.065251
0.622626 0.0120811 0.0646524
0.623627 0.0119531 0.0640576
0.624628 0.011826 0.0634666
0.625629 0.0116999 0.0628795
0.62663 0.0115747 0.0622962
0.627631 0.0114506 0.0617166
0.628632 0.0113273 0.0611408
0.629633 0.011205 0.0605687
0.630634 0.0110836 0.0600004
0.631635 0.0109631 0.0594356
0.632636 0.0108435 0.0588746
0.633637 0.0107248 0.0583172
0.634638 0.010607 0.0577633
0.635639 0.01049 0.0572131
0.63664 0.0103739 0.0566664
0.637641 0.0102586 0.0561232
0.638642 0.0101442 0.0555836
0.639643 0.0100306 0.0550474
0.640644 0.00991784 0.0545148
0.641645 0.00980599 0.0539857
0.642646 0.00969501 0.0534601
0.643647 0.00958488 0.052938
0.644648 0.00947562 0.0524194
0.645649 0.00936721 0.0519043
0.64665 0.00925965 0.0513928
0.647651 0.00915293 0.0508847
0.648652 0.00904705 0.0503801
0.649653 0.00894201 0.049879
0.650654 0.0088378 0.0493814
0.651655 0.00873441 0.0488873
0.652656 0.00863185 0.0483966
0.653657 0.0085301 0.0479094
0.654658 0.00842917 0.0474257
0.655659 0.00832905 0.0469455
0.65666 0.00822974 0.0464687
0.657661 0.00813127 0.0459955
0.658662 0.00803365 0.0455258
0.659663 0.00793687 0.0450595
0.660664 0.0078409 0.0445967
0.661665 0.00774575 0.0441374
0.662666 0.00765141 0.0436814
0.663667 0.00755787 0.0432287
0.664668 0.0074651 0.0427794
0.665669 0.00737312 0.0423334
0.66667 0.00728191 0.0418906
0.667671 0.00719145 0.0414511
0.668672 0.00710175 0.0410147
0.669673 0.00701279 0.0405816
0.670674 0.00692455 0.0401516
0.671675 0.00683705 0.0397247
0.672676 0.00675026 0.0393009
0.673677 0.00666417 0.0388801
0.674678 0.00657881 0.0384625
0.675679 0.00649419 0.038048
0.67668 0.00641032 0.0376367
0.677681 0.00632718 0.0372285
0.678682 0.00624478 0.0368234
0.679683 0.0061631 0.0364215
0.680684 0.00608216 0.0360226
0.681685 0.00600193 0.0356269
0.682686 0.00592243 0.0352342
0.683687 0.00584364 0.0348446
0.684688 0.00576556 0.034458
0.685689 0.00568818 0.0340745
0.68669 0.00561151 0.033694
0.687691 0.00553554 0.0333165
0.688692 0.00546027 0.032942
0.689693 0.00538568 0.0325705
0.690694 0.00531179 0.032202
0.691695 0.00523858 0.0318364
0.692696 0.0051661 0.031474
0.693697 0.00509434 0.0311147
0.694698 0.00502329 0.0307584
0.695699 0.00495295 0.0304051
0.6967 0.00488331 0.0300548
0.697701 0.00481435 0.0297075
0.698702 0.00474607 0.0293631
0.699703 0.00467846 0.0290216
0.700704 0.00461152 0.028683
0.701705 0.00454522 0.0283472
0.702706 0.00447958 0.0280141
0.703707 0.00441456 0.0276838
0.704708 0.00435018 0.0273562
0.705709 0.00428641 0.0270313
0.70671 0.00422326 0.0267091
0.707711 0.00416071 0.0263894
0.708712 0.00409875 0.0260724
0.709713 0.0040374 0.025758
0.710714 0.00397669 0.0254463
0.711715 0.00391661 0.0251374
0.712716 0.00385716 0.0248312
0.713717 0.00379834 0.0245277
0.714718 0.00374014 0.0242269
0.715719 0.00368255 0.0239287
0.71672 0.00362558 0.0236332
0.717721 0.00356921 0.0233403
0.718722 0.00351345 0.02305
0.719723 0.00345828 0.0227624
0.720724 0.0034037 0.0224772
0.721725 0.00334971 0.0221947
0.722725 0.00329631 0.0219146
0.723726 0.00324348 0.0216371
0.724727 0.00319123 0.021362
0.725728 0.00313954 0.0210894
0.726729 0.00308842 0.0208193
0.72773 0.0030379 0.0205518
0.728731 0.00298799 0.0202869
0.729732 0.00293869 0.0200246
0.730733 0.00288998 0.0197649
0.731734 0.00284186 0.0195077
0.732735 0.00279432 0.0192531
0.733736 0.00274735 0.0190009
0.734737 0.00270094 0.0187511
0.735738 0.00265508 0.0185038
0.736739 0.00260976 0.0182588
0.73774 0.00256498 0.0180161
0.738741 0.00252073 0.0177758
0.739742 0.00247699 0.0175376
0.740743 0.00243376 0.0173017
0.741744 0.00239103 0.017068
0.742745 0.00234879 0.0168365
0.743746 0.00230704 0.016607
0.744747 0.00226577 0.0163797
0.745748 0.00222502 0.0161546
0.746749 0.0021848 0.0159318
0.74775 0.00214512 0.0157114
0.748751 0.00210596 0.0154932
0.749752 0.00206732 0.0152772
0.750753 0.00202919 0.0150635
0.751754 0.00199156 0.0148519
0.752755 0.00195443 0.0146425
0.753756 0.00191778 0.0144353
0.754757 0.00188162 0.0142302
0.755758 0.00184593 0.0140272
0.756759 0.00181072 0.0138262
0.75776 0.00177596 0.0136273
0.758761 0.00174167 0.0134304
0.759762 0.00170782 0.0132356
0.760763 0.00167441 0.0130427
0.761764 0.00164144 0.0128517
0.762765 0.00160892 0.0126627
0.763766 0.00157688 0.0124759
0.764767 0.00154535 0.0122912
0.765768 0.0015143 0.0121087
0.766769 0.00148372 0.0119282
0.76777 0.00145361 0.0117499
0.768771 0.00142396 0.0115735
0.769772 0.00139476 0.0113991
0.770773 0.001366 0.0112266
0.771774 0.00133766 0.0110561
0.772775 0.00130975 0.0108875
0.773776 0.00128225 0.0107206
0.774777 0.00125514 0.0105556
0.775778 0.00122844 0.0103924
0.776779 0.00120211 0.0102309
0.77778 0.00117616 0.0100711
0.778781 0.00115058 0.00991303
0.779782 0.00112536 0.00975657
0.780783 0.0011005 0.00960178
0.781784 0.00107607 0.00944887
0.782785 0.00105207 0.00929783
0.783786 0.00102849 0.00914863
0.784787 0.00100531 0.00900124
0.785788 0.000982532 0.00885563
0.786789 0.000960144 0.00871178
0.78779 0.00093814 0.00856966
0.788791 0.000916509 0.00842925
0.789792 0.000895245 0.00829052
0.790793 0.000874338 0.00815344
0.791794 0.000853781 0.00801799
0.792795 0.000833566 0.00788413
0.793796 0.000813684 0.00775186
0.794797 0.000794127 0.00762113
0.795798 0.000774889 0.00749193
0.796799 0.00075596 0.00736422
0.7978 0.000737333 0.00723799
0.798801 0.00071903 0.00711331
0.799802 0.000701108 0.00699034
0.800803 0.00068356 0.00686907
0.801804 0.000666374 0.00674946
0.802805 0.000649542 0.00663148
0.803806 0.000633053 0.0065151
0.804807 0.000616896 0.00640027
0.805808 0.000601062 0.00628697
0.806809 0.000585542 0.00617516
0.80781 0.000570325 0.00606482
0.808811 0.000555402 0.00595591
0.809812 0.000540762 0.00584839
0.810813 0.000526397 0.00574224
0.811814 0.000512297 0.00563743
0.812815 0.000498452 0.00553391
0.813816 0.000484853 0.00543167
0.814817 0.000471491 0.00533066
0.815818 0.000458356 0.00523087
0.816819 0.000445478 0.00513236
0.81782 0.000432911 0.00503532
0.818821 0.000420649 0.00493972
0.819822 0.000408682 0.00484553
0.820823 0.000397001 0.00475273
0.821824 0.000385597 0.00466128
0.822825 0.000374459 0.00457117
0.823826 0.00036358 0.00448236
0.824827 0.000352951 0.00439482
0.825828 0.000342562 0.00430854
0.826829 0.000332404 0.00422349
0.82783 0.00032247 0.00413963
0.828831 0.000312749 0.00405694
0.829832 0.000303233 0.0039754
0.830833 0.000293914 0.00389499
0.831834 0.000284784 0.00381567
0.832835 0.000275833 0.00373742
0.833835 0.000267053 0.00366022
0.834836 0.000258476 0.00358415
0.835837 0.000250154 0.00350939
0.836838 0.000242079 0.00343589
0.837839 0.00023424 0.00336363
0.83884 0.000226629 0.00329257
0.839841 0.000219236 0.00322268
0.840842 0.000212053 0.00315395
0.841843 0.000205069 0.00308632
0.842844 0.000198275 0.00301979
0.843845 0.000191663 0.00295431
0.844846 0.000185224 0.00288986
0.845847 0.000178948 0.0028264
0.846848 0.000172827 0.00276392
0.847849 0.000166851 0.00270238
0.84885 0.000161013 0.00264175
0.849851 0.000155303 0.00258201
0.850852 0.000149713 0.00252312
0.851853 0.000144234 0.00246506
0.852854 0.000138896 0.00240793
0.853855 0.000133748 0.00235186
0.854856 0.000128784 0.00229685
0.855857 0.000123994 0.00224286
0.856858 0.000119371 0.00218987
0.857859 0.000114907 0.00213785
0.85886 0.000110594 0.00208678
0.859861 0.000106425 0.00203663
0.860862 0.000102391 0.00198738
0.861863 9.84853e-05 0.00193901
0.862864 9.47e-05 0.00189148
0.863865 9.10276e-05 0.00184478
0.864866 8.74605e-05 0.00179888
0.865867 8.39913e-05 0.00175375
0.866868 8.06125e-05 0.00170938
0.867869 7.73169e-05 0.00166574
0.86887 7.4097e-05 0.00162281
0.869871 7.09456e-05 0.00158056
0.870872 6.78876e-05 0.00153908
0.871873 6.49659e-05 0.00149851
0.872874 6.21741e-05 0.00145883
0.873875 5.95057e-05 0.00142001
0.874876 5.69537e-05 0.00138202
0.875877 5.45115e-05 0.00134485
0.876878 5.21724e-05 0.00130846
0.877879 4.99298e-05 0.00127283
0.87888 4.77772e-05 0.00123793
0.879881 4.57079e-05 0.00120374
0.880882 4.37156e-05 0.00117023
0.881883 4.17938e-05 0.00113738
0.882884 3.9936e-05 0.00110516
0.883885 3.81359e-05 0.00107355
0.884886 3.63873e-05 0.00104253
0.885887 3.46838e-05 0.00101206
0.886888 3.30192e-05 0.000982124
0.887889 3.13874e-05 0.000952702
0.88889 2.98056e-05 0.000923862
0.889891 2.83099e-05 0.000895751
0.890892 2.68961e-05 0.000868348
0.891893 2.55594e-05 0.000841632
0.892894 2.42951e-05 0.00081558
0.893895 2.30982e-05 0.00079017
0.894896 2.19642e-05 0.00076538
0.895897 2.08882e-05 0.000741188
0.896898 1.98656e-05 0.000717574
0.897899 1.88917e-05 0.000694514
0.8989 1.7962e-05 0.000671988
0.899901 1.70718e-05 0.000649975
0.900902 1.62166e-05 0.000628454
0.901903 1.53918e-05 0.000607403
0.902904 1.45929e-05 0.000586802
0.903905 1.38156e-05 0.00056663
0.904906 1.30552e-05 0.000546866
0.905907 1.23075e-05 0.000527491
0.906908 1.15834e-05 0.000508565
0.907909 1.09086e-05 0.000490227
0.90891 1.02805e-05 0.000472457
0.909911 9.6961e-06 0.000455235
0.910912 9.15215e-06 0.000438538
0.911913 8.64554e-06 0.000422345
0.912914 8.17313e-06 0.000406635
0.913915 7.73184e-06 0.000391386
0.914916 7.31858e-06 0.000376578
0.915917 6.9303e-06 0.00036219
0.916918 6.56395e-06 0.0003482
0.917919 6.21653e-06 0.000334588
0.91892 5.88502e-06 0.000321334
0.919921 5.56645e-06 0.000308417
0.920922 5.25786e-06 0.000295817
0.921923 4.95631e-06 0.000283513
0.922924 4.65888e-06 0.000271486
0.923925 4.36266e-06 0.000259716
0.924926 4.07417e-06 0.000248261
0.925927 3.80893e-06 0.000237246
0.926928 3.56568e-06 0.000226658
0.927929 3.34279e-06 0.000216476
0.92893 3.13861e-06 0.000206683
0.929931 2.95153e-06 0.000197259
0.930932 2.77993e-06 0.000188187
0.931933 2.62221e-06 0.000179449
0.932934 2.47678e-06 0.000171025
0.933935 2.34206e-06 0.000162899
0.934936 2.21647e-06 0.000155052
0.935937 2.09845e-06 0.000147467
0.936938 1.98646e-06 0.000140125
0.937939 1.87894e-06 0.00013301
0.93894 1.77436e-06 0.000126104
0.939941 1.67122e-06 0.000119389
0.940942 1.56798e-06 0.000112849
0.941943 1.46314e-06 0.000106465
0.942944 1.36105e-06 0.000100309
0.943945 1.2683e-06 9.44745e-05
0.944945 1.18419e-06 8.89466e-05
0.945946 1.10803e-06 8.37084e-05
0.946947 1.0391e-06 7.87432e-05
0.947948 9.76724e-07 7.40345e-05
0.948949 9.2019e-07 6.9566e-05
0.94995 8.68812e-07 6.53213e-05
0.950951 8.21905e-07 6.12844e-05
0.951952 7.78787e-07 5.7439e-05
0.952953 7.3878e-07 5.37693e-05
0.953954 7.01211e-07 5.02594e-05
0.954955 6.65412e-07 4.68935e-05
0.955956 6.30716e-07 4.36559e-05
0.956957 5.96465e-07 4.0531e-05
0.957958 5.62001e-07 3.75034e-05
0.958959 5.26672e-07 3.45576e-05
0.95996 4.90063e-07 3.16863e-05
0.960961 4.55398e-07 2.90004e-05
0.961962 4.23714e-07 2.65291e-05
0.962963 3.94773e-07 2.42574e-05
0.963964 3.68337e-07 2.21707e-05
0.964965 3.44174e-07 2.02541e-05
0.965966 3.22048e-07 1.84932e-05
0.966967 3.01728e-07 1.68734e-05
0.967968 2.82983e-07 1.53803e-05
0.968969 2.65584e-07 1.39996e-05
0.96997 2.49303e-07 1.2717e-05
0.970971 2.33913e-07 1.15184e-05
0.971972 2.1919e-07 1.03898e-05
0.972973 2.0491e-07 9.3171e-06
0.973974 1.9085e-07 8.28648e-06
0.974975 1.7679e-07 7.28412e-06
0.975976 1.6251e-07 6.2963e-06
0.976977 1.48009e-07 5.32715e-06
0.977978 1.34536e-07 4.47964e-06
0.978979 1.22237e-07 3.76102e-06
0.97998 1.11e-07 3.15737e-06
0.980981 1.00717e-07 2.65484e-06
0.981982 9.12779e-08 2.23967e-06
0.982983 8.2576e-08 1.89819e-06
0.983984 7.45035e-08 1.6168e-06
0.984985 6.69537e-08 1.38199e-06
0.985986 5.98205e-08 1.18034e-06
0.986987 5.29985e-08 9.98493e-07
0.987988 4.63828e-08 8.23184e-07
0.988989 3.98694e-08 6.41229e-07
0.98999 3.33547e-08 4.39521e-07
0.990991 2.71342e-08 2.47246e-07
0.991992 2.18789e-08 1.33674e-07
0.992993 1.74248e-08 7.98383e-08
0.993994 1.35835e-08 6.42171e-08
0.994995 1.0168e-08 6.54174e-08
0.995996 6.99213e-09 6.21748e-08
0.996997 4.0304e-09 4.10982e-08
0.997998 2.07568e-09 3.78355e-08
0.998999 6.25454e-10 3.70227e-08
1 9.81251e-27 0
