1.5 1.61121 0.371544
1.5986 2.13131 0.387538
1.6972 2.62909 0.403045
1.7958 3.10342 0.417988
1.89439 3.55733 0.432428
1.99299 3.99143 0.446361
2.09159 4.40585 0.459773
2.19019 4.80277 0.472713
2.28879 5.18369 0.485215
2.38739 5.54909 0.497286
2.48599 5.89949 0.508933
2.58458 6.23614 0.520187
2.68318 6.56057 0.531088
2.78178 6.87326 0.541647
2.88038 7.17473 0.551876
2.97898 7.46543 0.561787
3.07758 7.74588 0.571391
3.17618 8.01721 0.580722
3.27477 8.27999 0.589793
3.37337 8.5346 0.598616
3.47197 8.78137 0.607199
3.57057 9.02064 0.615551
3.66917 9.25273 0.623681
3.76777 9.47792 0.631596
3.86637 9.69755 0.639313
3.96496 9.91245 0.646845
4.06356 10.1222 0.6542
4.16216 10.3266 0.661385
4.26076 10.5253 0.668404
4.35936 10.7181 0.675266
4.45796 10.9049 0.681974
4.55656 11.0856 0.688535
4.65516 11.2601 0.694954
4.75375 11.4283 0.701236
4.85235 11.5906 0.707389
4.95095 11.7475 0.713421
5.04955 11.8995 0.719336
5.14815 12.047 0.725138
5.24675 12.1905 0.73083
5.34535 12.3302 0.736416
5.44394 12.4666 0.741898
5.54254 12.5999 0.74728
5.64114 12.7305 0.752566
5.73974 12.8585 0.757757
5.83834 12.9842 0.762856
5.93694 13.1078 0.767867
6.03554 13.2295 0.772791
6.13413 13.3496 0.777631
6.23273 13.4677 0.782392
6.33133 13.5839 0.787077
6.42993 13.698 0.791689
6.52853 13.8103 0.796229
6.62713 13.9207 0.8007
6.72573 14.0292 0.805104
6.82432 14.136 0.809441
6.92292 14.2411 0.813715
7.02152 14.3445 0.817926
7.12012 14.4463 0.822077
7.21872 14.5465 0.826168
7.31732 14.6451 0.830201
7.41592 14.7423 0.834177
7.51451 14.838 0.838099
7.61311 14.9322 0.841966
7.71171 15.0251 0.845782
7.81031 15.1166 0.849546
7.90891 15.2067 0.85326
8.00751 15.2956 0.856924
8.10611 15.3832 0.860542
8.2047 15.4696 0.864113
8.3033 15.5549 0.867641
8.4019 15.639 0.871125
8.5005 15.722 0.874568
8.5991 15.8039 0.877969
8.6977 15.8848 0.88133
8.7963 15.9647 0.884652
8.89489 16.0435 0.887935
8.99349 16.1214 0.891181
9.09209 16.1983 0.894389
9.19069 16.2743 0.897561
9.28929 16.3493 0.900698
9.38789 16.4234 0.9038
9.48649 16.4967 0.906868
9.58509 16.5691 0.909902
9.68368 16.6406 0.912903
9.78228 16.7113 0.915873
9.88088 16.7812 0.91881
9.97948 16.8503 0.921717
10.0781 16.9185 0.924593
10.1767 16.9861 0.92744
10.2753 17.0528 0.930257
10.3739 17.1189 0.933046
10.4725 17.1842 0.935806
10.5711 17.2488 0.938539
10.6697 17.3127 0.941244
10.7683 17.3759 0.943923
10.8669 17.4384 0.946575
10.9655 17.5003 0.949201
11.0641 17.5615 0.951803
11.1627 17.6222 0.954381
11.2613 17.6822 0.956935
11.3599 17.7416 0.959466
11.4585 17.8005 0.961973
11.5571 17.8587 0.964459
11.6557 17.9165 0.966922
11.7543 17.9736 0.969363
11.8529 18.0302 0.971782
11.9515 18.0863 0.974181
12.0501 18.1419 0.976559
12.1486 18.1969 0.978916
12.2472 18.2514 0.981253
12.3458 18.3054 0.983571
12.4444 18.359 0.985868
12.543 18.412 0.988147
12.6416 18.4646 0.990407
12.7402 18.5167 0.992648
12.8388 18.5683 0.99487
12.9374 18.6195 0.997075
13.036 18.6702 0.999261
13.1346 18.7205 1.00143
13.2332 18.7703 1.00358
13.3318 18.8198 1.00572
13.4304 18.8688 1.00783
13.529 18.9174 1.00994
13.6276 18.9655 1.01202
13.7262 19.0133 1.01409
13.8248 19.0607 1.01614
13.9234 19.1077 1.01818
14.022 19.1543 1.0202
14.1206 19.2005 1.02221
14.2192 19.2463 1.0242
14.3178 19.2918 1.02618
14.4164 19.3369 1.02814
14.515 19.3816 1.03008
14.6136 19.426 1.03202
14.7122 19.47 1.03394
14.8108 19.5137 1.03584
14.9094 19.5571 1.03773
15.008 19.6001 1.03961
15.1066 19.6428 1.04148
15.2052 19.6851 1.04333
15.3038 19.7272 1.04517
15.4024 19.7689 1.04699
15.501 19.8103 1.04881
15.5996 19.8515 1.05061
15.6982 19.8923 1.0524
15.7968 19.9328 1.05418
15.8954 19.9731 1.05594
15.994 20.013 1.0577
16.0926 20.0527 1.05944
16.1912 20.0921 1.06117
16.2898 20.1313 1.06289
16.3884 20.1701 1.0646
16.487 20.2087 1.0663
16.5856 20.247 1.06799
16.6842 20.2851 1.06967
16.7828 20.3229 1.07134
16.8814 20.3604 1.07299
16.98 20.3977 1.07464
17.0786 20.4348 1.07627
17.1772 20.4716 1.0779
17.2758 20.5081 1.07952
17.3744 20.5444 1.08112
17.473 20.5805 1.08272
17.5716 20.6163 1.08431
17.6702 20.6519 1.08588
17.7688 20.6873 1.08745
17.8674 20.7225 1.08901
17.966 20.7574 1.09056
18.0646 20.7921 1.0921
18.1632 20.8266 1.09363
18.2618 20.8609 1.09515
18.3604 20.8949 1.09667
18.459 20.9288 1.09817
18.5576 20.9624 1.09967
18.6562 20.9958 1.10115
18.7548 21.029 1.10263
18.8534 21.062 1.1041
18.952 21.0949 1.10557
19.0506 21.1275 1.10702
19.1491 21.1599 1.10847
19.2477 21.1921 1.10991
19.3463 21.2242 1.11134
19.4449 21.256 1.11276
19.5435 21.2877 1.11417
19.6421 21.3191 1.11558
19.7407 21.3504 1.11698
19.8393 21.3815 1.11837
19.9379 21.4124 1.11976
20.0365 21.4432 1.12113
20.1351 21.4737 1.1225
20.2337 21.5041 1.12386
20.3323 21.5344 1.12522
20.4309 21.5644 1.12657
20.5295 21.5943 1.12791
20.6281 21.624 1.12924
20.7267 21.6535 1.13057
20.8253 21.6829 1.13189
20.9239 21.7121 1.1332
21.0225 21.7412 1.13451
21.1211 21.7701 1.13581
21.2197 21.7988 1.1371
21.3183 21.8274 1.13839
21.4169 21.8558 1.13967
21.5155 21.8841 1.14094
21.6141 21.9122 1.14221
21.7127 21.9401 1.14347
21.8113 21.968 1.14473
21.9099 21.9956 1.14598
22.0085 22.0232 1.14722
22.1071 22.0506 1.14846
22.2057 22.0778 1.14969
22.3043 22.1049 1.15091
22.4029 22.1319 1.15213
22.5015 22.1587 1.15335
22.6001 22.1854 1.15456
22.6987 22.212 1.15576
22.7973 22.2384 1.15695
22.8959 22.2647 1.15815
22.9945 22.2909 1.15933
23.0931 22.317 1.16051
23.1917 22.3429 1.16169
23.2903 22.3687 1.16286
23.3889 22.3943 1.16402
23.4875 22.4199 1.16518
23.5861 22.4453 1.16634
23.6847 22.4706 1.16749
23.7833 22.4957 1.16863
23.8819 22.5208 1.16977
23.9805 22.5457 1.1709
24.0791 22.5705 1.17203
24.1777 22.5952 1.17316
24.2763 22.6198 1.17427
24.3749 22.6442 1.17539
24.4735 22.6686 1.1765
24.5721 22.6928 1.1776
24.6707 22.7169 1.1787
24.7693 22.7409 1.1798
24.8679 22.7648 1.18089
24.9665 22.7886 1.18197
25.0651 22.8123 1.18305
25.1637 22.8359 1.18413
25.2623 22.8593 1.1852
25.3609 22.8827 1.18627
25.4595 22.9059 1.18733
25.5581 22.9291 1.18839
25.6567 22.9521 1.18944
25.7553 22.975 1.19049
25.8539 22.9979 1.19154
25.9525 23.0206 1.19258
26.0511 23.0433 1.19362
26.1496 23.0658 1.19465
26.2482 23.0882 1.19568
26.3468 23.1106 1.1967
26.4454 23.1328 1.19772
26.544 23.1549 1.19874
26.6426 23.177 1.19975
26.7412 23.1989 1.20076
26.8398 23.2208 1.20176
26.9384 23.2426 1.20276
27.037 23.2642 1.20376
27.1356 23.2858 1.20475
27.2342 23.3073 1.20574
27.3328 23.3287 1.20672
27.4314 23.35 1.2077
27.53 23.3712 1.20868
27.6286 23.3924 1.20965
27.7272 23.4134 1.21062
27.8258 23.4344 1.21159
27.9244 23.4552 1.21255
28.023 23.476 1.21351
28.1216 23.4967 1.21446
28.2202 23.5173 1.21541
28.3188 23.5378 1.21636
28.4174 23.5583 1.2173
28.516 23.5786 1.21824
28.6146 23.5989 1.21918
28.7132 23.6191 1.22011
28.8118 23.6392 1.22104
28.9104 23.6593 1.22196
29.009 23.6792 1.22289
29.1076 23.6991 1.22381
29.2062 23.7189 1.22472
29.3048 23.7386 1.22563
29.4034 23.7583 1.22654
29.502 23.7778 1.22745
29.6006 23.7973 1.22835
29.6992 23.8167 1.22925
29.7978 23.836 1.23014
29.8964 23.8553 1.23104
29.995 23.8745 1.23193
30.0936 23.8936 1.23281
30.1922 23.9126 1.2337
30.2908 23.9316 1.23458
30.3894 23.9505 1.23545
30.488 23.9693 1.23633
30.5866 23.9881 1.2372
30.6852 24.0067 1.23806
30.7838 24.0253 1.23893
30.8824 24.0439 1.23979
30.981 24.0623 1.24065
31.0796 24.0807 1.2415
31.1782 24.0991 1.24236
31.2768 24.1173 1.2432
31.3754 24.1355 1.24405
31.474 24.1536 1.24489
31.5726 24.1717 1.24574
31.6712 24.1897 1.24657
31.7698 24.2076 1.24741
31.8684 24.2255 1.24824
31.967 24.2433 1.24907
32.0656 24.261 1.2499
32.1642 24.2787 1.25072
32.2628 24.2963 1.25154
32.3614 24.3139 1.25236
32.46 24.3313 1.25318
32.5586 24.3488 1.25399
32.6572 24.3661 1.2548
32.7558 24.3834 1.25561
32.8544 24.4007 1.25641
32.953 24.4179 1.25722
33.0516 24.435 1.25802
33.1502 24.452 1.25881
33.2487 24.469 1.25961
33.3473 24.486 1.2604
33.4459 24.5029 1.26119
33.5445 24.5197 1.26198
33.6431 24.5365 1.26276
33.7417 24.5532 1.26355
33.8403 24.5699 1.26433
33.9389 24.5865 1.2651
34.0375 24.603 1.26588
34.1361 24.6195 1.26665
34.2347 24.6359 1.26742
34.3333 24.6523 1.26819
34.4319 24.6687 1.26896
34.5305 24.6849 1.26972
34.6291 24.7011 1.27048
34.7277 24.7173 1.27124
34.8263 24.7334 1.272
34.9249 24.7495 1.27275
35.0235 24.7655 1.2735
35.1221 24.7814 1.27425
35.2207 24.7973 1.275
35.3193 24.8132 1.27574
35.4179 24.829 1.27649
35.5165 24.8447 1.27723
35.6151 24.8604 1.27796
35.7137 24.8761 1.2787
35.8123 24.8917 1.27943
35.9109 24.9072 1.28017
36.0095 24.9227 1.28089
36.1081 24.9382 1.28162
36.2067 24.9536 1.28235
36.3053 24.9689 1.28307
36.4039 24.9842 1.28379
36.5025 24.9995 1.28451
36.6011 25.0147 1.28523
36.6997 25.0298 1.28594
36.7983 25.0449 1.28665
36.8969 25.06 1.28736
36.9955 25.075 1.28807
37.0941 25.09 1.28878
37.1927 25.1049 1.28948
37.2913 25.1198 1.29019
37.3899 25.1346 1.29089
37.4885 25.1494 1.29158
37.5871 25.1642 1.29228
37.6857 25.1789 1.29297
37.7843 25.1935 1.29367
37.8829 25.2081 1.29436
37.9815 25.2227 1.29505
38.0801 25.2372 1.29573
38.1787 25.2517 1.29642
38.2773 25.2661 1.2971
38.3759 25.2805 1.29778
38.4745 25.2948 1.29846
38.5731 25.3091 1.29914
38.6717 25.3234 1.29981
38.7703 25.3376 1.30048
38.8689 25.3518 1.30116
38.9675 25.3659 1.30183
39.0661 25.38 1.30249
39.1647 25.394 1.30316
39.2633 25.4081 1.30382
39.3619 25.422 1.30449
39.4605 25.436 1.30515
39.5591 25.4498 1.3058
39.6577 25.4637 1.30646
39.7563 25.4775 1.30712
39.8549 25.4913 1.30777
39.9535 25.505 1.30842
40.0521 25.5187 1.30907
40.1507 25.5323 1.30972
40.2492 25.5459 1.31037
40.3478 25.5595 1.31101
40.4464 25.573 1.31165
40.545 25.5865 1.31229
40.6436 25.6 1.31293
40.7422 25.6134 1.31357
40.8408 25.6267 1.31421
40.9394 25.6401 1.31484
41.038 25.6534 1.31548
41.1366 25.6666 1.31611
41.2352 25.6799 1.31674
41.3338 25.6931 1.31736
41.4324 25.7062 1.31799
41.531 25.7193 1.31862
41.6296 25.7324 1.31924
41.7282 25.7455 1.31986
41.8268 25.7585 1.32048
41.9254 25.7714 1.3211
42.024 25.7844 1.32171
42.1226 25.7973 1.32233
42.2212 25.8101 1.32294
42.3198 25.823 1.32356
42.4184 25.8358 1.32417
42.517 25.8485 1.32477
42.6156 25.8613 1.32538
42.7142 25.8739 1.32599
42.8128 25.8866 1.32659
42.9114 25.8992 1.32719
43.01 25.9118 1.3278
43.1086 25.9244 1.3284
43.2072 25.9369 1.32899
43.3058 25.9494 1.32959
43.4044 25.9618 1.33019
43.503 25.9742 1.33078
43.6016 25.9866 1.33137
43.7002 25.999 1.33196
43.7988 26.0113 1.33255
43.8974 26.0236 1.33314
43.996 26.0359 1.33373
44.0946 26.0481 1.33431
44.1932 26.0603 1.3349
44.2918 26.0724 1.33548
44.3904 26.0846 1.33606
44.489 26.0967 1.33664
44.5876 26.1087 1.33722
44.6862 26.1208 1.33779
44.7848 26.1328 1.33837
44.8834 26.1448 1.33894
44.982 26.1567 1.33951
45.0806 26.1686 1.34008
45.1792 26.1805 1.34065
45.2778 26.1923 1.34122
45.3764 26.2042 1.34179
45.475 26.2159 1.34236
45.5736 26.2277 1.34292
45.6722 26.2394 1.34348
45.7708 26.2511 1.34404
45.8694 26.2628 1.3446
45.968 26.2745 1.34516
46.0666 26.2861 1.34572
46.1652 26.2976 1.34628
46.2638 26.3092 1.34683
46.3624 26.3207 1.34739
46.461 26.3322 1.34794
46.5596 26.3437 1.34849
46.6582 26.3551 1.34904
46.7568 26.3665 1.34959
46.8554 26.3779 1.35014
46.954 26.3893 1.35068
47.0526 26.4006 1.35123
47.1512 26.4119 1.35177
47.2497 26.4232 1.35231
47.3483 26.4344 1.35285
47.4469 26.4456 1.35339
47.5455 26.4568 1.35393
47.6441 26.468 1.35447
47.7427 26.4791 1.35501
47.8413 26.4902 1.35554
47.9399 26.5013 1.35607
48.0385 26.5123 1.35661
48.1371 26.5234 1.35714
48.2357 26.5344 1.35767
48.3343 26.5454 1.3582
48.4329 26.5563 1.35873
48.5315 26.5672 1.35925
48.6301 26.5781 1.35978
48.7287 26.589 1.3603
48.8273 26.5998 1.36083
48.9259 26.6107 1.36135
49.0245 26.6215 1.36187
49.1231 26.6322 1.36239
49.2217 26.643 1.36291
49.3203 26.6537 1.36343
49.4189 26.6644 1.36394
49.5175 26.6751 1.36446
49.6161 26.6857 1.36497
49.7147 26.6963 1.36549
49.8133 26.7069 1.366
49.9119 26.7175 1.36651
50.0105 26.728 1.36702
50.1091 26.7386 1.36753
50.2077 26.7491 1.36804
50.3063 26.7595 1.36854
50.4049 26.77 1.36905
50.5035 26.7804 1.36955
50.6021 26.7908 1.37006
50.7007 26.8012 1.37056
50.7993 26.8116 1.37106
50.8979 26.8219 1.37156
50.9965 26.8322 1.37206
51.0951 26.8425 1.37256
51.1937 26.8528 1.37305
51.2923 26.863 1.37355
51.3909 26.8732 1.37405
51.4895 26.8834 1.37454
51.5881 26.8936 1.37503
51.6867 26.9037 1.37553
51.7853 26.9139 1.37602
51.8839 26.924 1.37651
51.9825 26.934 1.377
52.0811 26.9441 1.37748
52.1797 26.9541 1.37797
52.2783 26.9642 1.37846
52.3769 26.9742 1.37894
52.4755 26.9841 1.37943
52.5741 26.9941 1.37991
52.6727 27.004 1.38039
52.7713 27.0139 1.38087
52.8699 27.0238 1.38135
52.9685 27.0337 1.38183
53.0671 27.0435 1.38231
53.1657 27.0533 1.38279
53.2643 27.0631 1.38326
53.3629 27.0729 1.38374
53.4615 27.0827 1.38421
53.5601 27.0924 1.38469
53.6587 27.1021 1.38516
53.7573 27.1118 1.38563
53.8559 27.1215 1.3861
53.9545 27.1312 1.38657
54.0531 27.1408 1.38704
54.1517 27.1504 1.38751
54.2503 27.16 1.38797
54.3488 27.1696 1.38844
54.4474 27.1791 1.38891
54.546 27.1887 1.38937
54.6446 27.1982 1.38983
54.7432 27.2077 1.3903
54.8418 27.2171 1.39076
54.9404 27.2266 1.39122
55.039 27.236 1.39168
55.1376 27.2454 1.39214
55.2362 27.2548 1.39259
55.3348 27.2642 1.39305
55.4334 27.2736 1.39351
55.532 27.2829 1.39396
55.6306 27.2922 1.39442
55.7292 27.3015 1.39487
55.8278 27.3108 1.39532
55.9264 27.3201 1.39577
56.025 27.3293 1.39623
56.1236 27.3385 1.39668
56.2222 27.3477 1.39712
56.3208 27.3569 1.39757
56.4194 27.3661 1.39802
56.518 27.3752 1.39847
56.6166 27.3843 1.39891
56.7152 27.3935 1.39936
56.8138 27.4025 1.3998
56.9124 27.4116 1.40024
57.011 27.4207 1.40069
57.1096 27.4297 1.40113
57.2082 27.4387 1.40157
57.3068 27.4477 1.40201
57.4054 27.4567 1.40245
57.504 27.4657 1.40289
57.6026 27.4746 1.40332
57.7012 27.4835 1.40376
57.7998 27.4924 1.4042
57.8984 27.5013 1.40463
57.997 27.5102 1.40507
58.0956 27.5191 1.4055
58.1942 27.5279 1.40593
58.2928 27.5367 1.40636
58.3914 27.5455 1.4068
58.49 27.5543 1.40723
58.5886 27.5631 1.40766
58.6872 27.5718 1.40808
58.7858 27.5806 1.40851
58.8844 27.5893 1.40894
58.983 27.598 1.40937
59.0816 27.6067 1.40979
59.1802 27.6154 1.41022
59.2788 27.624 1.41064
59.3774 27.6326 1.41106
59.476 27.6413 1.41149
59.5746 27.6499 1.41191
59.6732 27.6584 1.41233
59.7718 27.667 1.41275
59.8704 27.6756 1.41317
59.969 27.6841 1.41359
60.0676 27.6926 1.414
60.1662 27.7011 1.41442
60.2648 27.7096 1.41484
60.3634 27.7181 1.41525
60.462 27.7265 1.41567
60.5606 27.735 1.41608
60.6592 27.7434 1.4165
60.7578 27.7518 1.41691
60.8564 27.7602 1.41732
60.955 27.7685 1.41773
61.0536 27.7769 1.41814
61.1522 27.7852 1.41855
61.2508 27.7936 1.41896
61.3493 27.8019 1.41937
61.4479 27.8102 1.41978
61.5465 27.8184 1.42019
61.6451 27.8267 1.42059
61.7437 27.835 1.421
61.8423 27.8432 1.4214
61.9409 27.8514 1.42181
62.0395 27.8596 1.42221
62.1381 27.8678 1.42261
62.2367 27.876 1.42301
62.3353 27.8841 1.42342
62.4339 27.8923 1.42382
62.5325 27.9004 1.42422
62.6311 27.9085 1.42462
62.7297 27.9166 1.42501
62.8283 27.9247 1.42541
62.9269 27.9327 1.42581
63.0255 27.9408 1.42621
63.1241 27.9488 1.4266
63.2227 27.9569 1.427
63.3213 27.9649 1.42739
63.4199 27.9729 1.42779
63.5185 27.9808 1.42818
63.6171 27.9888 1.42857
63.7157 27.9968 1.42896
63.8143 28.0047 1.42936
63.9129 28.0126 1.42975
64.0115 28.0205 1.43014
64.1101 28.0284 1.43053
64.2087 28.0363 1.43091
64.3073 28.0442 1.4313
64.4059 28.052 1.43169
64.5045 28.0598 1.43208
64.6031 28.0677 1.43246
64.7017 28.0755 1.43285
64.8003 28.0833 1.43323
64.8989 28.091 1.43362
64.9975 28.0988 1.434
65.0961 28.1066 1.43438
65.1947 28.1143 1.43476
65.2933 28.122 1.43515
65.3919 28.1297 1.43553
65.4905 28.1374 1.43591
65.5891 28.1451 1.43629
65.6877 28.1528 1.43667
65.7863 28.1605 1.43704
65.8849 28.1681 1.43742
65.9835 28.1757 1.4378
66.0821 28.1833 1.43818
66.1807 28.1909 1.43855
66.2793 28.1985 1.43893
66.3779 28.2061 1.4393
66.4765 28.2137 1.43968
66.5751 28.2212 1.44005
66.6737 28.2288 1.44042
66.7723 28.2363 1.4408
66.8709 28.2438 1.44117
66.9695 28.2513 1.44154
67.0681 28.2588 1.44191
67.1667 28.2663 1.44228
67.2653 28.2737 1.44265
67.3639 28.2812 1.44302
67.4625 28.2886 1.44338
67.5611 28.296 1.44375
67.6597 28.3034 1.44412
67.7583 28.3108 1.44449
67.8569 28.3182 1.44485
67.9555 28.3256 1.44522
68.0541 28.333 1.44558
68.1527 28.3403 1.44595
68.2513 28.3476 1.44631
68.3498 28.355 1.44667
68.4484 28.3623 1.44703
68.547 28.3696 1.4474
68.6456 28.3768 1.44776
68.7442 28.3841 1.44812
68.8428 28.3914 1.44848
68.9414 28.3986 1.44884
69.04 28.4059 1.4492
69.1386 28.4131 1.44955
69.2372 28.4203 1.44991
69.3358 28.4275 1.45027
69.4344 28.4347 1.45063
69.533 28.4419 1.45098
69.6316 28.449 1.45134
69.7302 28.4562 1.45169
69.8288 28.4633 1.45205
69.9274 28.4704 1.4524
70.026 28.4776 1.45276
70.1246 28.4847 1.45311
70.2232 28.4918 1.45346
70.3218 28.4988 1.45381
70.4204 28.5059 1.45416
70.519 28.513 1.45451
70.6176 28.52 1.45486
70.7162 28.527 1.45521
70.8148 28.5341 1.45556
70.9134 28.5411 1.45591
71.012 28.5481 1.45626
71.1106 28.5551 1.45661
71.2092 28.5621 1.45695
71.3078 28.569 1.4573
71.4064 28.576 1.45765
71.505 28.5829 1.45799
71.6036 28.5898 1.45834
71.7022 28.5968 1.45868
71.8008 28.6037 1.45902
71.8994 28.6106 1.45937
71.998 28.6175 1.45971
72.0966 28.6243 1.46005
72.1952 28.6312 1.46039
72.2938 28.6381 1.46074
72.3924 28.6449 1.46108
72.491 28.6517 1.46142
72.5896 28.6586 1.46176
72.6882 28.6654 1.4621
72.7868 28.6722 1.46243
72.8854 28.679 1.46277
72.984 28.6857 1.46311
73.0826 28.6925 1.46345
73.1812 28.6993 1.46378
73.2798 28.706 1.46412
73.3784 28.7128 1.46446
73.477 28.7195 1.46479
73.5756 28.7262 1.46513
73.6742 28.7329 1.46546
73.7728 28.7396 1.46579
73.8714 28.7463 1.46613
73.97 28.7529 1.46646
74.0686 28.7596 1.46679
74.1672 28.7663 1.46712
74.2658 28.7729 1.46745
74.3644 28.7795 1.46779
74.463 28.7862 1.46812
74.5616 28.7928 1.46845
74.6602 28.7994 1.46878
74.7588 28.806 1.4691
74.8574 28.8125 1.46943
74.956 28.8191 1.46976
75.0546 28.8257 1.47009
75.1532 28.8322 1.47041
75.2518 28.8388 1.47074
75.3504 28.8453 1.47107
75.4489 28.8518 1.47139
75.5475 28.8583 1.47172
75.6461 28.8648 1.47204
75.7447 28.8713 1.47237
75.8433 28.8778 1.47269
75.9419 28.8842 1.47301
76.0405 28.8907 1.47334
76.1391 28.8972 1.47366
76.2377 28.9036 1.47398
76.3363 28.91 1.4743
76.4349 28.9165 1.47462
76.5335 28.9229 1.47494
76.6321 28.9293 1.47526
76.7307 28.9357 1.47558
76.8293 28.942 1.4759
76.9279 28.9484 1.47622
77.0265 28.9548 1.47654
77.1251 28.9611 1.47686
77.2237 28.9675 1.47718
77.3223 28.9738 1.47749
77.4209 28.9801 1.47781
77.5195 28.9865 1.47813
77.6181 28.9928 1.47844
77.7167 28.9991 1.47876
77.8153 29.0054 1.47907
77.9139 29.0116 1.47939
78.0125 29.0179 1.4797
78.1111 29.0242 1.48001
78.2097 29.0304 1.48033
78.3083 29.0367 1.48064
78.4069 29.0429 1.48095
78.5055 29.0491 1.48126
78.6041 29.0553 1.48158
78.7027 29.0615 1.48189
78.8013 29.0677 1.4822
78.8999 29.0739 1.48251
78.9985 29.0801 1.48282
79.0971 29.0863 1.48313
79.1957 29.0924 1.48344
79.2943 29.0986 1.48374
79.3929 29.1047 1.48405
79.4915 29.1109 1.48436
79.5901 29.117 1.48467
79.6887 29.1231 1.48497
79.7873 29.1292 1.48528
79.8859 29.1353 1.48559
79.9845 29.1414 1.48589
80.0831 29.1475 1.4862
80.1817 29.1536 1.4865
80.2803 29.1596 1.48681
80.3789 29.1657 1.48711
80.4775 29.1717 1.48741
80.5761 29.1778 1.48772
80.6747 29.1838 1.48802
80.7733 29.1898 1.48832
80.8719 29.1958 1.48862
80.9705 29.2018 1.48893
81.0691 29.2078 1.48923
81.1677 29.2138 1.48953
81.2663 29.2198 1.48983
81.3649 29.2258 1.49013
81.4635 29.2317 1.49043
81.5621 29.2377 1.49073
81.6607 29.2436 1.49103
81.7593 29.2496 1.49132
81.8579 29.2555 1.49162
81.9565 29.2614 1.49192
82.0551 29.2673 1.49222
82.1537 29.2732 1.49251
82.2523 29.2791 1.49281
82.3509 29.285 1.49311
82.4494 29.2909 1.4934
82.548 29.2968 1.4937
82.6466 29.3026 1.49399
82.7452 29.3085 1.49429
82.8438 29.3143 1.49458
82.9424 29.3202 1.49488
83.041 29.326 1.49517
83.1396 29.3318 1.49546
83.2382 29.3376 1.49575
83.3368 29.3435 1.49605
83.4354 29.3493 1.49634
83.534 29.355 1.49663
83.6326 29.3608 1.49692
83.7312 29.3666 1.49721
83.8298 29.3724 1.4975
83.9284 29.3781 1.49779
84.027 29.3839 1.49808
84.1256 29.3896 1.49837
84.2242 29.3954 1.49866
84.3228 29.4011 1.49895
84.4214 29.4068 1.49924
84.52 29.4125 1.49953
84.6186 29.4182 1.49981
84.7172 29.4239 1.5001
84.8158 29.4296 1.50039
84.9144 29.4353 1.50067
85.013 29.441 1.50096
85.1116 29.4466 1.50124
85.2102 29.4523 1.50153
85.3088 29.4579 1.50182
85.4074 29.4636 1.5021
85.506 29.4692 1.50238
85.6046 29.4748 1.50267
85.7032 29.4805 1.50295
85.8018 29.4861 1.50323
85.9004 29.4917 1.50352
85.999 29.4973 1.5038
86.0976 29.5029 1.50408
86.1962 29.5084 1.50436
86.2948 29.514 1.50465
86.3934 29.5196 1.50493
86.492 29.5251 1.50521
86.5906 29.5307 1.50549
86.6892 29.5362 1.50577
86.7878 29.5418 1.50605
86.8864 29.5473 1.50633
86.985 29.5528 1.50661
87.0836 29.5583 1.50688
87.1822 29.5639 1.50716
87.2808 29.5694 1.50744
87.3794 29.5748 1.50772
87.478 29.5803 1.508
87.5766 29.5858 1.50827
87.6752 29.5913 1.50855
87.7738 29.5968 1.50882
87.8724 29.6022 1.5091
87.971 29.6077 1.50938
88.0696 29.6131 1.50965
88.1682 29.6185 1.50993
88.2668 29.624 1.5102
88.3654 29.6294 1.51048
88.464 29.6348 1.51075
88.5626 29.6402 1.51102
88.6612 29.6456 1.5113
88.7598 29.651 1.51157
88.8584 29.6564 1.51184
88.957 29.6618 1.51211
89.0556 29.6672 1.51239
89.1542 29.6725 1.51266
89.2528 29.6779 1.51293
89.3514 29.6832 1.5132
89.4499 29.6886 1.51347
89.5485 29.6939 1.51374
89.6471 29.6993 1.51401
89.7457 29.7046 1.51428
89.8443 29.7099 1.51455
89.9429 29.7152 1.51482
90.0415 29.7205 1.51509
90.1401 29.7258 1.51536
90.2387 29.7311 1.51562
90.3373 29.7364 1.51589
90.4359 29.7417 1.51616
90.5345 29.7469 1.51643
90.6331 29.7522 1.51669
90.7317 29.7575 1.51696
90.8303 29.7627 1.51723
90.9289 29.768 1.51749
91.0275 29.7732 1.51776
91.1261 29.7784 1.51802
91.2247 29.7837 1.51829
91.3233 29.7889 1.51855
91.4219 29.7941 1.51882
91.5205 29.7993 1.51908
91.6191 29.8045 1.51934
91.7177 29.8097 1.51961
91.8163 29.8149 1.51987
91.9149 29.82 1.52013
92.0135 29.8252 1.52039
92.1121 29.8304 1.52066
92.2107 29.8355 1.52092
92.3093 29.8407 1.52118
92.4079 29.8458 1.52144
92.5065 29.851 1.5217
92.6051 29.8561 1.52196
92.7037 29.8612 1.52222
92.8023 29.8664 1.52248
92.9009 29.8715 1.52274
92.9995 29.8766 1.523
93.0981 29.8817 1.52326
93.1967 29.8868 1.52352
93.2953 29.8919 1.52378
93.3939 29.897 1.52404
93.4925 29.902 1.52429
93.5911 29.9071 1.52455
93.6897 29.9122 1.52481
93.7883 29.9172 1.52507
93.8869 29.9223 1.52532
93.9855 29.9273 1.52558
94.0841 29.9324 1.52584
94.1827 29.9374 1.52609
94.2813 29.9424 1.52635
94.3799 29.9475 1.5266
94.4785 29.9525 1.52686
94.5771 29.9575 1.52711
94.6757 29.9625 1.52737
94.7743 29.9675 1.52762
94.8729 29.9725 1.52787
94.9715 29.9775 1.52813
95.0701 29.9824 1.52838
95.1687 29.9874 1.52863
95.2673 29.9924 1.52889
95.3659 29.9973 1.52914
95.4645 30.0023 1.52939
95.5631 30.0072 1.52964
95.6617 30.0122 1.52989
95.7603 30.0171 1.53015
95.8589 30.0221 1.5304
95.9575 30.027 1.53065
96.0561 30.0319 1.5309
96.1547 30.0368 1.53115
96.2533 30.0417 1.5314
96.3519 30.0466 1.53165
96.4505 30.0515 1.5319
96.549 30.0564 1.53215
96.6476 30.0613 1.53239
96.7462 30.0662 1.53264
96.8448 30.071 1.53289
96.9434 30.0759 1.53314
97.042 30.0808 1.53339
97.1406 30.0856 1.53363
97.2392 30.0905 1.53388
97.3378 30.0953 1.53413
97.4364 30.1002 1.53437
97.535 30.105 1.53462
97.6336 30.1098 1.53487
97.7322 30.1146 1.53511
97.8308 30.1195 1.53536
97.9294 30.1243 1.5356
98.028 30.1291 1.53585
98.1266 30.1339 1.53609
98.2252 30.1387 1.53634
98.3238 30.1434 1.53658
98.4224 30.1482 1.53682
98.521 30.153 1.53707
98.6196 30.1578 1.53731
98.7182 30.1625 1.53755
98.8168 30.1673 1.5378
98.9154 30.172 1.53804
99.014 30.1768 1.53828
99.1126 30.1815 1.53852
99.2112 30.1863 1.53877
99.3098 30.191 1.53901
99.4084 30.1957 1.53925
99.507 30.2005 1.53949
99.6056 30.2052 1.53973
99.7042 30.2099 1.53997
99.8028 30.2146 1.54021
99.9014 30.2193 1.54045
100 30.224 1.54069
