1.5 1.8352 0.397543
1.5986 2.33883 0.413315
1.6972 2.82056 0.428579
1.7958 3.27953 0.44327
1.89439 3.71863 0.457449
1.99299 4.13851 0.471118
2.09159 4.53938 0.484267
2.19019 4.92332 0.496945
2.28879 5.29178 0.509188
2.38739 5.64526 0.521002
2.48599 5.98427 0.532398
2.58458 6.31002 0.543406
2.68318 6.62397 0.554066
2.78178 6.92659 0.564388
2.88038 7.21839 0.574386
2.97898 7.4998 0.58407
3.07758 7.77134 0.593454
3.17618 8.03409 0.602569
3.27477 8.28858 0.611429
3.37337 8.53518 0.620045
3.47197 8.77422 0.628426
3.57057 9.00603 0.636581
3.66917 9.23091 0.644518
3.76777 9.44915 0.652246
3.86637 9.66203 0.65978
3.96496 9.87035 0.667132
4.06356 10.0737 0.674311
4.16216 10.2719 0.681323
4.26076 10.4646 0.688174
4.35936 10.6516 0.694869
4.45796 10.8328 0.701416
4.55656 11.008 0.707819
4.65516 11.1773 0.714083
4.75375 11.3404 0.720213
4.85235 11.4978 0.726217
4.95095 11.6499 0.732103
5.04955 11.7973 0.737875
5.14815 11.9404 0.743536
5.24675 12.0795 0.74909
5.34535 12.2151 0.75454
5.44394 12.3473 0.759889
5.54254 12.4767 0.76514
5.64114 12.6033 0.770297
5.73974 12.7275 0.775362
5.83834 12.8494 0.780337
5.93694 12.9694 0.785226
6.03554 13.0875 0.79003
6.13413 13.204 0.794753
6.23273 13.3187 0.799398
6.33133 13.4315 0.803969
6.42993 13.5423 0.808468
6.52853 13.6513 0.812898
6.62713 13.7585 0.817261
6.72573 13.864 0.821557
6.82432 13.9677 0.825789
6.92292 14.0698 0.829958
7.02152 14.1702 0.834067
7.12012 14.2691 0.838116
7.21872 14.3665 0.842108
7.31732 14.4623 0.846042
7.41592 14.5567 0.849922
7.51451 14.6497 0.853748
7.61311 14.7413 0.857522
7.71171 14.8316 0.861244
7.81031 14.9205 0.864917
7.90891 15.0082 0.86854
8.00751 15.0946 0.872116
8.10611 15.1798 0.875645
8.2047 15.2638 0.87913
8.3033 15.3467 0.882572
8.4019 15.4285 0.885971
8.5005 15.5092 0.88933
8.5991 15.5889 0.892649
8.6977 15.6676 0.895928
8.7963 15.7453 0.899169
8.89489 15.822 0.902372
8.99349 15.8977 0.905539
9.09209 15.9726 0.908669
9.19069 16.0465 0.911764
9.28929 16.1195 0.914824
9.38789 16.1916 0.917851
9.48649 16.2629 0.920844
9.58509 16.3333 0.923804
9.68368 16.403 0.926733
9.78228 16.4718 0.92963
9.88088 16.5398 0.932497
9.97948 16.607 0.935333
10.0781 16.6735 0.93814
10.1767 16.7393 0.940917
10.2753 16.8043 0.943666
10.3739 16.8686 0.946387
10.4725 16.9321 0.949081
10.5711 16.995 0.951748
10.6697 17.0573 0.954388
10.7683 17.1188 0.957002
10.8669 17.1797 0.95959
10.9655 17.24 0.962153
11.0641 17.2996 0.964693
11.1627 17.3587 0.967209
11.2613 17.4171 0.969701
11.3599 17.475 0.972171
11.4585 17.5324 0.974619
11.5571 17.5891 0.977044
11.6557 17.6454 0.979448
11.7543 17.7011 0.981831
11.8529 17.7562 0.984193
11.9515 17.8109 0.986534
12.0501 17.865 0.988855
12.1486 17.9186 0.991156
12.2472 17.9717 0.993437
12.3458 18.0244 0.995699
12.4444 18.0766 0.997942
12.543 18.1283 1.00017
12.6416 18.1795 1.00237
12.7402 18.2303 1.00456
12.8388 18.2806 1.00673
12.9374 18.3305 1.00888
13.036 18.3799 1.01102
13.1346 18.429 1.01313
13.2332 18.4776 1.01523
13.3318 18.5258 1.01732
13.4304 18.5735 1.01939
13.529 18.6209 1.02144
13.6276 18.6679 1.02347
13.7262 18.7145 1.02549
13.8248 18.7607 1.0275
13.9234 18.8065 1.02948
14.022 18.8519 1.03146
14.1206 18.897 1.03342
14.2192 18.9417 1.03536
14.3178 18.986 1.03729
14.4164 19.03 1.03921
14.515 19.0737 1.04111
14.6136 19.117 1.043
14.7122 19.1599 1.04487
14.8108 19.2025 1.04673
14.9094 19.2448 1.04858
15.008 19.2868 1.05041
15.1066 19.3284 1.05223
15.2052 19.3698 1.05404
15.3038 19.4108 1.05583
15.4024 19.4515 1.05762
15.501 19.4919 1.05939
15.5996 19.5321 1.06115
15.6982 19.5719 1.0629
15.7968 19.6115 1.06463
15.8954 19.6507 1.06636
15.994 19.6898 1.06807
16.0926 19.7285 1.06977
16.1912 19.7669 1.07146
16.2898 19.8051 1.07314
16.3884 19.8431 1.07481
16.487 19.8807 1.07647
16.5856 19.9181 1.07812
16.6842 19.9553 1.07976
16.7828 19.9922 1.08139
16.8814 20.0288 1.083
16.98 20.0652 1.08461
17.0786 20.1014 1.08621
17.1772 20.1373 1.0878
17.2758 20.173 1.08937
17.3744 20.2085 1.09094
17.473 20.2437 1.0925
17.5716 20.2787 1.09405
17.6702 20.3135 1.09559
17.7688 20.348 1.09712
17.8674 20.3823 1.09864
17.966 20.4165 1.10016
18.0646 20.4504 1.10166
18.1632 20.484 1.10316
18.2618 20.5175 1.10464
18.3604 20.5508 1.10612
18.459 20.5838 1.10759
18.5576 20.6167 1.10905
18.6562 20.6493 1.1105
18.7548 20.6818 1.11195
18.8534 20.714 1.11339
18.952 20.7461 1.11481
19.0506 20.7779 1.11623
19.1491 20.8096 1.11765
19.2477 20.8411 1.11905
19.3463 20.8724 1.12045
19.4449 20.9035 1.12184
19.5435 20.9344 1.12322
19.6421 20.9652 1.12459
19.7407 20.9957 1.12596
19.8393 21.0261 1.12732
19.9379 21.0563 1.12867
20.0365 21.0864 1.13002
20.1351 21.1162 1.13135
20.2337 21.1459 1.13268
20.3323 21.1755 1.13401
20.4309 21.2048 1.13532
20.5295 21.234 1.13663
20.6281 21.263 1.13794
20.7267 21.2919 1.13923
20.8253 21.3206 1.14052
20.9239 21.3492 1.1418
21.0225 21.3776 1.14308
21.1211 21.4058 1.14435
21.2197 21.4339 1.14561
21.3183 21.4618 1.14687
21.4169 21.4896 1.14812
21.5155 21.5172 1.14936
21.6141 21.5447 1.1506
21.7127 21.572 1.15184
21.8113 21.5992 1.15306
21.9099 21.6263 1.15428
22.0085 21.6532 1.1555
22.1071 21.68 1.1567
22.2057 21.7066 1.15791
22.3043 21.7331 1.1591
22.4029 21.7595 1.1603
22.5015 21.7857 1.16148
22.6001 21.8118 1.16266
22.6987 21.8378 1.16384
22.7973 21.8637 1.16501
22.8959 21.8894 1.16617
22.9945 21.915 1.16733
23.0931 21.9404 1.16848
23.1917 21.9658 1.16963
23.2903 21.991 1.17078
23.3889 22.0161 1.17191
23.4875 22.041 1.17305
23.5861 22.0659 1.17417
23.6847 22.0906 1.1753
23.7833 22.1152 1.17641
23.8819 22.1397 1.17753
23.9805 22.1641 1.17863
24.0791 22.1884 1.17974
24.1777 22.2125 1.18084
24.2763 22.2365 1.18193
24.3749 22.2605 1.18302
24.4735 22.2843 1.1841
24.5721 22.308 1.18518
24.6707 22.3316 1.18625
24.7693 22.355 1.18732
24.8679 22.3784 1.18839
24.9665 22.4017 1.18945
25.0651 22.4248 1.19051
25.1637 22.4479 1.19156
25.2623 22.4708 1.19261
25.3609 22.4937 1.19365
25.4595 22.5164 1.19469
25.5581 22.5391 1.19572
25.6567 22.5616 1.19675
25.7553 22.584 1.19778
25.8539 22.6064 1.1988
25.9525 22.6286 1.19982
26.0511 22.6508 1.20083
26.1496 22.6728 1.20184
26.2482 22.6948 1.20284
26.3468 22.7166 1.20384
26.4454 22.7384 1.20484
26.544 22.76 1.20583
26.6426 22.7816 1.20682
26.7412 22.8031 1.20781
26.8398 22.8245 1.20879
26.9384 22.8458 1.20976
27.037 22.867 1.21074
27.1356 22.8881 1.21171
27.2342 22.9091 1.21267
27.3328 22.9301 1.21363
27.4314 22.9509 1.21459
27.53 22.9717 1.21555
27.6286 22.9924 1.2165
27.7272 23.013 1.21744
27.8258 23.0335 1.21839
27.9244 23.0539 1.21933
28.023 23.0742 1.22026
28.1216 23.0945 1.2212
28.2202 23.1146 1.22212
28.3188 23.1347 1.22305
28.4174 23.1547 1.22397
28.516 23.1747 1.22489
28.6146 23.1945 1.22581
28.7132 23.2143 1.22672
28.8118 23.234 1.22762
28.9104 23.2536 1.22853
29.009 23.2731 1.22943
29.1076 23.2926 1.23033
29.2062 23.312 1.23122
29.3048 23.3313 1.23212
29.4034 23.3505 1.233
29.502 23.3696 1.23389
29.6006 23.3887 1.23477
29.6992 23.4077 1.23565
29.7978 23.4266 1.23652
29.8964 23.4455 1.2374
29.995 23.4643 1.23827
30.0936 23.483 1.23913
30.1922 23.5016 1.24
30.2908 23.5202 1.24085
30.3894 23.5387 1.24171
30.488 23.5571 1.24257
30.5866 23.5755 1.24342
30.6852 23.5937 1.24426
30.7838 23.612 1.24511
30.8824 23.6301 1.24595
30.981 23.6482 1.24679
31.0796 23.6662 1.24763
31.1782 23.6842 1.24846
31.2768 23.702 1.24929
31.3754 23.7198 1.25012
31.474 23.7376 1.25094
31.5726 23.7553 1.25176
31.6712 23.7729 1.25258
31.7698 23.7905 1.2534
31.8684 23.808 1.25421
31.967 23.8254 1.25502
32.0656 23.8428 1.25583
32.1642 23.8601 1.25664
32.2628 23.8773 1.25744
32.3614 23.8945 1.25824
32.46 23.9116 1.25904
32.5586 23.9287 1.25983
32.6572 23.9457 1.26062
32.7558 23.9626 1.26141
32.8544 23.9795 1.2622
32.953 23.9964 1.26299
33.0516 24.0131 1.26377
33.1502 24.0298 1.26455
33.2487 24.0465 1.26532
33.3473 24.0631 1.2661
33.4459 24.0796 1.26687
33.5445 24.0961 1.26764
33.6431 24.1126 1.26841
33.7417 24.1289 1.26917
33.8403 24.1453 1.26994
33.9389 24.1615 1.2707
34.0375 24.1777 1.27145
34.1361 24.1939 1.27221
34.2347 24.21 1.27296
34.3333 24.226 1.27371
34.4319 24.242 1.27446
34.5305 24.258 1.27521
34.6291 24.2739 1.27595
34.7277 24.2897 1.27669
34.8263 24.3055 1.27743
34.9249 24.3212 1.27817
35.0235 24.3369 1.2789
35.1221 24.3525 1.27964
35.2207 24.3681 1.28037
35.3193 24.3836 1.2811
35.4179 24.3991 1.28182
35.5165 24.4146 1.28255
35.6151 24.4299 1.28327
35.7137 24.4453 1.28399
35.8123 24.4606 1.2847
35.9109 24.4758 1.28542
36.0095 24.491 1.28613
36.1081 24.5061 1.28684
36.2067 24.5212 1.28755
36.3053 24.5362 1.28826
36.4039 24.5512 1.28896
36.5025 24.5662 1.28967
36.6011 24.5811 1.29037
36.6997 24.5959 1.29107
36.7983 24.6108 1.29176
36.8969 24.6255 1.29246
36.9955 24.6402 1.29315
37.0941 24.6549 1.29384
37.1927 24.6695 1.29453
37.2913 24.6841 1.29522
37.3899 24.6986 1.2959
37.4885 24.7131 1.29658
37.5871 24.7276 1.29726
37.6857 24.742 1.29794
37.7843 24.7564 1.29862
37.8829 24.7707 1.2993
37.9815 24.7849 1.29997
38.0801 24.7992 1.30064
38.1787 24.8134 1.30131
38.2773 24.8275 1.30198
38.3759 24.8416 1.30264
38.4745 24.8557 1.30331
38.5731 24.8697 1.30397
38.6717 24.8837 1.30463
38.7703 24.8976 1.30529
38.8689 24.9115 1.30594
38.9675 24.9254 1.3066
39.0661 24.9392 1.30725
39.1647 24.9529 1.3079
39.2633 24.9667 1.30855
39.3619 24.9804 1.3092
39.4605 24.994 1.30984
39.5591 25.0076 1.31049
39.6577 25.0212 1.31113
39.7563 25.0347 1.31177
39.8549 25.0482 1.31241
39.9535 25.0617 1.31305
40.0521 25.0751 1.31368
40.1507 25.0885 1.31432
40.2492 25.1018 1.31495
40.3478 25.1151 1.31558
40.4464 25.1284 1.31621
40.545 25.1416 1.31683
40.6436 25.1548 1.31746
40.7422 25.168 1.31808
40.8408 25.1811 1.31871
40.9394 25.1942 1.31933
41.038 25.2072 1.31994
41.1366 25.2202 1.32056
41.2352 25.2332 1.32118
41.3338 25.2461 1.32179
41.4324 25.259 1.3224
41.531 25.2719 1.32301
41.6296 25.2847 1.32362
41.7282 25.2975 1.32423
41.8268 25.3102 1.32484
41.9254 25.323 1.32544
42.024 25.3356 1.32605
42.1226 25.3483 1.32665
42.2212 25.3609 1.32725
42.3198 25.3735 1.32785
42.4184 25.386 1.32844
42.517 25.3986 1.32904
42.6156 25.411 1.32963
42.7142 25.4235 1.33022
42.8128 25.4359 1.33081
42.9114 25.4483 1.3314
43.01 25.4606 1.33199
43.1086 25.4729 1.33258
43.2072 25.4852 1.33316
43.3058 25.4975 1.33375
43.4044 25.5097 1.33433
43.503 25.5219 1.33491
43.6016 25.534 1.33549
43.7002 25.5461 1.33607
43.7988 25.5582 1.33664
43.8974 25.5703 1.33722
43.996 25.5823 1.33779
44.0946 25.5943 1.33836
44.1932 25.6062 1.33894
44.2918 25.6182 1.3395
44.3904 25.6301 1.34007
44.489 25.6419 1.34064
44.5876 25.6538 1.3412
44.6862 25.6656 1.34177
44.7848 25.6773 1.34233
44.8834 25.6891 1.34289
44.982 25.7008 1.34345
45.0806 25.7125 1.34401
45.1792 25.7241 1.34457
45.2778 25.7358 1.34512
45.3764 25.7474 1.34568
45.475 25.7589 1.34623
45.5736 25.7705 1.34678
45.6722 25.782 1.34733
45.7708 25.7935 1.34788
45.8694 25.8049 1.34843
45.968 25.8163 1.34898
46.0666 25.8277 1.34952
46.1652 25.8391 1.35007
46.2638 25.8504 1.35061
46.3624 25.8617 1.35115
46.461 25.873 1.35169
46.5596 25.8842 1.35223
46.6582 25.8955 1.35277
46.7568 25.9067 1.35331
46.8554 25.9178 1.35384
46.954 25.929 1.35438
47.0526 25.9401 1.35491
47.1512 25.9512 1.35544
47.2497 25.9622 1.35597
47.3483 25.9733 1.3565
47.4469 25.9843 1.35703
47.5455 25.9952 1.35755
47.6441 26.0062 1.35808
47.7427 26.0171 1.3586
47.8413 26.028 1.35913
47.9399 26.0389 1.35965
48.0385 26.0497 1.36017
48.1371 26.0605 1.36069
48.2357 26.0713 1.36121
48.3343 26.0821 1.36173
48.4329 26.0928 1.36224
48.5315 26.1036 1.36276
48.6301 26.1143 1.36327
48.7287 26.1249 1.36379
48.8273 26.1356 1.3643
48.9259 26.1462 1.36481
49.0245 26.1568 1.36532
49.1231 26.1673 1.36583
49.2217 26.1779 1.36633
49.3203 26.1884 1.36684
49.4189 26.1989 1.36735
49.5175 26.2094 1.36785
49.6161 26.2198 1.36835
49.7147 26.2302 1.36886
49.8133 26.2406 1.36936
49.9119 26.251 1.36986
50.0105 26.2614 1.37036
50.1091 26.2717 1.37085
50.2077 26.282 1.37135
50.3063 26.2923 1.37185
50.4049 26.3025 1.37234
50.5035 26.3128 1.37283
50.6021 26.323 1.37333
50.7007 26.3332 1.37382
50.7993 26.3433 1.37431
50.8979 26.3535 1.3748
50.9965 26.3636 1.37529
51.0951 26.3737 1.37577
51.1937 26.3838 1.37626
51.2923 26.3938 1.37675
51.3909 26.4038 1.37723
51.4895 26.4139 1.37771
51.5881 26.4238 1.3782
51.6867 26.4338 1.37868
51.7853 26.4437 1.37916
51.8839 26.4537 1.37964
51.9825 26.4636 1.38012
52.0811 26.4734 1.38059
52.1797 26.4833 1.38107
52.2783 26.4931 1.38155
52.3769 26.5029 1.38202
52.4755 26.5127 1.38249
52.5741 26.5225 1.38297
52.6727 26.5322 1.38344
52.7713 26.542 1.38391
52.8699 26.5517 1.38438
52.9685 26.5613 1.38485
53.0671 26.571 1.38531
53.1657 26.5807 1.38578
53.2643 26.5903 1.38625
53.3629 26.5999 1.38671
53.4615 26.6095 1.38718
53.5601 26.619 1.38764
53.6587 26.6286 1.3881
53.7573 26.6381 1.38856
53.8559 26.6476 1.38902
53.9545 26.657 1.38948
54.0531 26.6665 1.38994
54.1517 26.6759 1.3904
54.2503 26.6854 1.39086
54.3488 26.6948 1.39131
54.4474 26.7041 1.39177
54.546 26.7135 1.39222
54.6446 26.7228 1.39268
54.7432 26.7322 1.39313
54.8418 26.7415 1.39358
54.9404 26.7507 1.39403
55.039 26.76 1.39448
55.1376 26.7692 1.39493
55.2362 26.7785 1.39538
55.3348 26.7877 1.39582
55.4334 26.7969 1.39627
55.532 26.806 1.39672
55.6306 26.8152 1.39716
55.7292 26.8243 1.3976
55.8278 26.8334 1.39805
55.9264 26.8425 1.39849
56.025 26.8516 1.39893
56.1236 26.8606 1.39937
56.2222 26.8697 1.39981
56.3208 26.8787 1.40025
56.4194 26.8877 1.40069
56.518 26.8967 1.40112
56.6166 26.9056 1.40156
56.7152 26.9146 1.40199
56.8138 26.9235 1.40243
56.9124 26.9324 1.40286
57.011 26.9413 1.4033
57.1096 26.9502 1.40373
57.2082 26.959 1.40416
57.3068 26.9679 1.40459
57.4054 26.9767 1.40502
57.504 26.9855 1.40545
57.6026 26.9943 1.40588
57.7012 27.003 1.4063
57.7998 27.0118 1.40673
57.8984 27.0205 1.40716
57.997 27.0292 1.40758
58.0956 27.0379 1.408
58.1942 27.0466 1.40843
58.2928 27.0553 1.40885
58.3914 27.0639 1.40927
58.49 27.0725 1.40969
58.5886 27.0811 1.41011
58.6872 27.0897 1.41053
58.7858 27.0983 1.41095
58.8844 27.1069 1.41137
58.983 27.1154 1.41179
59.0816 27.124 1.4122
59.1802 27.1325 1.41262
59.2788 27.141 1.41303
59.3774 27.1494 1.41345
59.476 27.1579 1.41386
59.5746 27.1664 1.41427
59.6732 27.1748 1.41469
59.7718 27.1832 1.4151
59.8704 27.1916 1.41551
59.969 27.2 1.41592
60.0676 27.2083 1.41633
60.1662 27.2167 1.41673
60.2648 27.225 1.41714
60.3634 27.2333 1.41755
60.462 27.2416 1.41796
60.5606 27.2499 1.41836
60.6592 27.2582 1.41877
60.7578 27.2665 1.41917
60.8564 27.2747 1.41957
60.955 27.2829 1.41997
61.0536 27.2911 1.42038
61.1522 27.2993 1.42078
61.2508 27.3075 1.42118
61.3493 27.3157 1.42158
61.4479 27.3238 1.42198
61.5465 27.3319 1.42238
61.6451 27.3401 1.42277
61.7437 27.3482 1.42317
61.8423 27.3563 1.42357
61.9409 27.3643 1.42396
62.0395 27.3724 1.42436
62.1381 27.3804 1.42475
62.2367 27.3884 1.42514
62.3353 27.3965 1.42554
62.4339 27.4045 1.42593
62.5325 27.4124 1.42632
62.6311 27.4204 1.42671
62.7297 27.4284 1.4271
62.8283 27.4363 1.42749
62.9269 27.4442 1.42788
63.0255 27.4521 1.42827
63.1241 27.46 1.42866
63.2227 27.4679 1.42904
63.3213 27.4758 1.42943
63.4199 27.4836 1.42981
63.5185 27.4915 1.4302
63.6171 27.4993 1.43058
63.7157 27.5071 1.43097
63.8143 27.5149 1.43135
63.9129 27.5227 1.43173
64.0115 27.5305 1.43211
64.1101 27.5382 1.43249
64.2087 27.5459 1.43287
64.3073 27.5537 1.43325
64.4059 27.5614 1.43363
64.5045 27.5691 1.43401
64.6031 27.5768 1.43439
64.7017 27.5844 1.43477
64.8003 27.5921 1.43514
64.8989 27.5997 1.43552
64.9975 27.6074 1.43589
65.0961 27.615 1.43627
65.1947 27.6226 1.43664
65.2933 27.6302 1.43702
65.3919 27.6378 1.43739
65.4905 27.6453 1.43776
65.5891 27.6529 1.43813
65.6877 27.6604 1.4385
65.7863 27.6679 1.43887
65.8849 27.6754 1.43924
65.9835 27.6829 1.43961
66.0821 27.6904 1.43998
66.1807 27.6979 1.44035
66.2793 27.7054 1.44072
66.3779 27.7128 1.44108
66.4765 27.7202 1.44145
66.5751 27.7277 1.44182
66.6737 27.7351 1.44218
66.7723 27.7425 1.44255
66.8709 27.7498 1.44291
66.9695 27.7572 1.44327
67.0681 27.7646 1.44364
67.1667 27.7719 1.444
67.2653 27.7792 1.44436
67.3639 27.7866 1.44472
67.4625 27.7939 1.44508
67.5611 27.8012 1.44544
67.6597 27.8084 1.4458
67.7583 27.8157 1.44616
67.8569 27.823 1.44652
67.9555 27.8302 1.44687
68.0541 27.8374 1.44723
68.1527 27.8447 1.44759
68.2513 27.8519 1.44794
68.3498 27.8591 1.4483
68.4484 27.8662 1.44865
68.547 27.8734 1.44901
68.6456 27.8806 1.44936
68.7442 27.8877 1.44971
68.8428 27.8948 1.45006
68.9414 27.902 1.45042
69.04 27.9091 1.45077
69.1386 27.9162 1.45112
69.2372 27.9233 1.45147
69.3358 27.9303 1.45182
69.4344 27.9374 1.45217
69.533 27.9445 1.45252
69.6316 27.9515 1.45286
69.7302 27.9585 1.45321
69.8288 27.9655 1.45356
69.9274 27.9726 1.45391
70.026 27.9795 1.45425
70.1246 27.9865 1.4546
70.2232 27.9935 1.45494
70.3218 28.0005 1.45529
70.4204 28.0074 1.45563
70.519 28.0143 1.45597
70.6176 28.0213 1.45632
70.7162 28.0282 1.45666
70.8148 28.0351 1.457
70.9134 28.042 1.45734
71.012 28.0489 1.45768
71.1106 28.0557 1.45802
71.2092 28.0626 1.45836
71.3078 28.0694 1.4587
71.4064 28.0763 1.45904
71.505 28.0831 1.45938
71.6036 28.0899 1.45971
71.7022 28.0967 1.46005
71.8008 28.1035 1.46039
71.8994 28.1103 1.46072
71.998 28.1171 1.46106
72.0966 28.1238 1.46139
72.1952 28.1306 1.46173
72.2938 28.1373 1.46206
72.3924 28.144 1.4624
72.491 28.1507 1.46273
72.5896 28.1574 1.46306
72.6882 28.1641 1.46339
72.7868 28.1708 1.46373
72.8854 28.1775 1.46406
72.984 28.1842 1.46439
73.0826 28.1908 1.46472
73.1812 28.1975 1.46505
73.2798 28.2041 1.46538
73.3784 28.2107 1.46571
73.477 28.2173 1.46603
73.5756 28.2239 1.46636
73.6742 28.2305 1.46669
73.7728 28.2371 1.46701
73.8714 28.2437 1.46734
73.97 28.2502 1.46767
74.0686 28.2568 1.46799
74.1672 28.2633 1.46832
74.2658 28.2698 1.46864
74.3644 28.2764 1.46896
74.463 28.2829 1.46929
74.5616 28.2894 1.46961
74.6602 28.2959 1.46993
74.7588 28.3023 1.47026
74.8574 28.3088 1.47058
74.956 28.3153 1.4709
75.0546 28.3217 1.47122
75.1532 28.3281 1.47154
75.2518 28.3346 1.47186
75.3504 28.341 1.47218
75.4489 28.3474 1.4725
75.5475 28.3538 1.47281
75.6461 28.3602 1.47313
75.7447 28.3666 1.47345
75.8433 28.3729 1.47377
75.9419 28.3793 1.47408
76.0405 28.3857 1.4744
76.1391 28.392 1.47471
76.2377 28.3983 1.47503
76.3363 28.4047 1.47534
76.4349 28.411 1.47566
76.5335 28.4173 1.47597
76.6321 28.4236 1.47629
76.7307 28.4298 1.4766
76.8293 28.4361 1.47691
76.9279 28.4424 1.47722
77.0265 28.4486 1.47754
77.1251 28.4549 1.47785
77.2237 28.4611 1.47816
77.3223 28.4674 1.47847
77.4209 28.4736 1.47878
77.5195 28.4798 1.47909
77.6181 28.486 1.4794
77.7167 28.4922 1.47971
77.8153 28.4984 1.48001
77.9139 28.5045 1.48032
78.0125 28.5107 1.48063
78.1111 28.5169 1.48094
78.2097 28.523 1.48124
78.3083 28.5292 1.48155
78.4069 28.5353 1.48185
78.5055 28.5414 1.48216
78.6041 28.5475 1.48246
78.7027 28.5536 1.48277
78.8013 28.5597 1.48307
78.8999 28.5658 1.48338
78.9985 28.5719 1.48368
79.0971 28.5779 1.48398
79.1957 28.584 1.48429
79.2943 28.5901 1.48459
79.3929 28.5961 1.48489
79.4915 28.6021 1.48519
79.5901 28.6082 1.48549
79.6887 28.6142 1.48579
79.7873 28.6202 1.48609
79.8859 28.6262 1.48639
79.9845 28.6322 1.48669
80.0831 28.6381 1.48699
80.1817 28.6441 1.48729
80.2803 28.6501 1.48759
80.3789 28.656 1.48788
80.4775 28.662 1.48818
80.5761 28.6679 1.48848
80.6747 28.6738 1.48877
80.7733 28.6798 1.48907
80.8719 28.6857 1.48937
80.9705 28.6916 1.48966
81.0691 28.6975 1.48996
81.1677 28.7034 1.49025
81.2663 28.7093 1.49054
81.3649 28.7151 1.49084
81.4635 28.721 1.49113
81.5621 28.7268 1.49142
81.6607 28.7327 1.49172
81.7593 28.7385 1.49201
81.8579 28.7444 1.4923
81.9565 28.7502 1.49259
82.0551 28.756 1.49288
82.1537 28.7618 1.49317
82.2523 28.7676 1.49346
82.3509 28.7734 1.49375
82.4494 28.7792 1.49404
82.548 28.7849 1.49433
82.6466 28.7907 1.49462
82.7452 28.7965 1.49491
82.8438 28.8022 1.4952
82.9424 28.808 1.49549
83.041 28.8137 1.49577
83.1396 28.8194 1.49606
83.2382 28.8251 1.49635
83.3368 28.8309 1.49663
83.4354 28.8366 1.49692
83.534 28.8423 1.4972
83.6326 28.8479 1.49749
83.7312 28.8536 1.49777
83.8298 28.8593 1.49806
83.9284 28.865 1.49834
84.027 28.8706 1.49863
84.1256 28.8763 1.49891
84.2242 28.8819 1.49919
84.3228 28.8875 1.49947
84.4214 28.8932 1.49976
84.52 28.8988 1.50004
84.6186 28.9044 1.50032
84.7172 28.91 1.5006
84.8158 28.9156 1.50088
84.9144 28.9212 1.50116
85.013 28.9268 1.50144
85.1116 28.9323 1.50172
85.2102 28.9379 1.502
85.3088 28.9434 1.50228
85.4074 28.949 1.50256
85.506 28.9545 1.50284
85.6046 28.9601 1.50312
85.7032 28.9656 1.50339
85.8018 28.9711 1.50367
85.9004 28.9766 1.50395
85.999 28.9821 1.50422
86.0976 28.9876 1.5045
86.1962 28.9931 1.50478
86.2948 28.9986 1.50505
86.3934 29.0041 1.50533
86.492 29.0096 1.5056
86.5906 29.015 1.50588
86.6892 29.0205 1.50615
86.7878 29.0259 1.50642
86.8864 29.0314 1.5067
86.985 29.0368 1.50697
87.0836 29.0422 1.50724
87.1822 29.0476 1.50752
87.2808 29.0531 1.50779
87.3794 29.0585 1.50806
87.478 29.0639 1.50833
87.5766 29.0693 1.5086
87.6752 29.0746 1.50887
87.7738 29.08 1.50914
87.8724 29.0854 1.50941
87.971 29.0907 1.50968
88.0696 29.0961 1.50995
88.1682 29.1014 1.51022
88.2668 29.1068 1.51049
88.3654 29.1121 1.51076
88.464 29.1175 1.51103
88.5626 29.1228 1.5113
88.6612 29.1281 1.51156
88.7598 29.1334 1.51183
88.8584 29.1387 1.5121
88.957 29.144 1.51236
89.0556 29.1493 1.51263
89.1542 29.1546 1.5129
89.2528 29.1598 1.51316
89.3514 29.1651 1.51343
89.4499 29.1704 1.51369
89.5485 29.1756 1.51396
89.6471 29.1809 1.51422
89.7457 29.1861 1.51449
89.8443 29.1913 1.51475
89.9429 29.1966 1.51501
90.0415 29.2018 1.51528
90.1401 29.207 1.51554
90.2387 29.2122 1.5158
90.3373 29.2174 1.51606
90.4359 29.2226 1.51633
90.5345 29.2278 1.51659
90.6331 29.2329 1.51685
90.7317 29.2381 1.51711
90.8303 29.2433 1.51737
90.9289 29.2484 1.51763
91.0275 29.2536 1.51789
91.1261 29.2588 1.51815
91.2247 29.2639 1.51841
91.3233 29.269 1.51867
91.4219 29.2742 1.51893
91.5205 29.2793 1.51919
91.6191 29.2844 1.51944
91.7177 29.2895 1.5197
91.8163 29.2946 1.51996
91.9149 29.2997 1.52022
92.0135 29.3048 1.52047
92.1121 29.3099 1.52073
92.2107 29.3149 1.52099
92.3093 29.32 1.52124
92.4079 29.3251 1.5215
92.5065 29.3301 1.52175
92.6051 29.3352 1.52201
92.7037 29.3402 1.52226
92.8023 29.3453 1.52252
92.9009 29.3503 1.52277
92.9995 29.3553 1.52303
93.0981 29.3604 1.52328
93.1967 29.3654 1.52353
93.2953 29.3704 1.52379
93.3939 29.3754 1.52404
93.4925 29.3804 1.52429
93.5911 29.3854 1.52455
93.6897 29.3904 1.5248
93.7883 29.3953 1.52505
93.8869 29.4003 1.5253
93.9855 29.4053 1.52555
94.0841 29.4102 1.5258
94.1827 29.4152 1.52605
94.2813 29.4201 1.5263
94.3799 29.4251 1.52655
94.4785 29.43 1.5268
94.5771 29.4349 1.52705
94.6757 29.4399 1.5273
94.7743 29.4448 1.52755
94.8729 29.4497 1.5278
94.9715 29.4546 1.52805
95.0701 29.4595 1.5283
95.1687 29.4644 1.52854
95.2673 29.4693 1.52879
95.3659 29.4742 1.52904
95.4645 29.479 1.52928
95.5631 29.4839 1.52953
95.6617 29.4888 1.52978
95.7603 29.4936 1.53002
95.8589 29.4985 1.53027
95.9575 29.5033 1.53051
96.0561 29.5082 1.53076
96.1547 29.513 1.531
96.2533 29.5178 1.53125
96.3519 29.5227 1.53149
96.4505 29.5275 1.53174
96.549 29.5323 1.53198
96.6476 29.5371 1.53223
96.7462 29.5419 1.53247
96.8448 29.5467 1.53271
96.9434 29.5515 1.53295
97.042 29.5563 1.5332
97.1406 29.561 1.53344
97.2392 29.5658 1.53368
97.3378 29.5706 1.53392
97.4364 29.5753 1.53416
97.535 29.5801 1.53441
97.6336 29.5849 1.53465
97.7322 29.5896 1.53489
97.8308 29.5943 1.53513
97.9294 29.5991 1.53537
98.028 29.6038 1.53561
98.1266 29.6085 1.53585
98.2252 29.6132 1.53609
98.3238 29.618 1.53633
98.4224 29.6227 1.53656
98.521 29.6274 1.5368
98.6196 29.6321 1.53704
98.7182 29.6367 1.53728
98.8168 29.6414 1.53752
98.9154 29.6461 1.53775
99.014 29.6508 1.53799
99.1126 29.6554 1.53823
99.2112 29.6601 1.53847
99.3098 29.6648 1.5387
99.4084 29.6694 1.53894
99.507 29.6741 1.53917
99.6056 29.6787 1.53941
99.7042 29.6833 1.53965
99.8028 29.688 1.53988
99.9014 29.6926 1.54012
100 29.6972 1.54035
