1e-05 71.0565 3.12197
0.00101099 16.9151 0.944195
0.00201198 13.0843 0.804468
0.00301297 11.1498 0.740051
0.00401396 9.9003 0.702013
0.00501495 8.99602 0.676887
0.00601595 8.29774 0.659192
0.00701694 7.73311 0.646182
0.00801793 7.26301 0.636384
0.00901892 6.86255 0.628866
0.0100199 6.51447 0.622989
0.0110209 6.20814 0.618383
0.0120219 5.93576 0.614782
0.0130229 5.69058 0.61194
0.0140239 5.46815 0.609713
0.0150249 5.26508 0.60799
0.0160259 5.07875 0.606695
0.0170268 4.90683 0.60575
0.0180278 4.74718 0.605075
0.0190288 4.59834 0.604633
0.0200298 4.4592 0.604392
0.0210308 4.32871 0.604318
0.0220318 4.20607 0.604395
0.0230328 4.09049 0.604602
0.0240338 3.98118 0.60491
0.0250348 3.87751 0.605295
0.0260358 3.77904 0.605758
0.0270368 3.68536 0.606287
0.0280377 3.59608 0.60687
0.0290387 3.51087 0.607496
0.0300397 3.42946 0.608171
0.0310407 3.35156 0.608884
0.0320417 3.2769 0.609625
0.0330427 3.20523 0.610382
0.0340437 3.13633 0.611151
0.0350447 3.07007 0.611939
0.0360457 3.00629 0.612741
0.0370467 2.94482 0.613551
0.0380477 2.88554 0.614364
0.0390486 2.82832 0.615179
0.0400496 2.77307 0.616002
0.0410506 2.71967 0.61683
0.0420516 2.66801 0.617657
0.0430526 2.618 0.618478
0.0440536 2.56954 0.619288
0.0450546 2.52255 0.620088
0.0460556 2.47698 0.620885
0.0470566 2.43276 0.621676
0.0480576 2.38982 0.622458
0.0490586 2.34812 0.623231
0.0500595 2.30759 0.623991
0.0510605 2.26818 0.624739
0.0520615 2.22985 0.62548
0.0530625 2.19257 0.626215
0.0540635 2.15627 0.62694
0.0550645 2.12092 0.627652
0.0560655 2.08648 0.628349
0.0570665 2.0529 0.62903
0.0580675 2.02015 0.629693
0.0590685 1.98821 0.630345
0.0600695 1.95705 0.630985
0.0610705 1.92664 0.631613
0.0620714 1.89695 0.632227
0.0630724 1.86796 0.632825
0.0640734 1.83964 0.633407
0.0650744 1.81196 0.633972
0.0660754 1.78491 0.634522
0.0670764 1.75847 0.635062
0.0680774 1.73263 0.63559
0.0690784 1.70735 0.636103
0.0700794 1.68262 0.636602
0.0710804 1.65842 0.637084
0.0720814 1.63473 0.637548
0.0730823 1.61153 0.637994
0.0740833 1.58881 0.638424
0.0750843 1.56657 0.638841
0.0760853 1.54478 0.639245
0.0770863 1.52344 0.639634
0.0780873 1.50252 0.640008
0.0790883 1.48202 0.640367
0.0800893 1.46192 0.64071
0.0810903 1.44221 0.641036
0.0820913 1.42288 0.641345
0.0830923 1.40392 0.641641
0.0840932 1.38532 0.641925
0.0850942 1.36708 0.642197
0.0860952 1.34919 0.642454
0.0870962 1.33162 0.642696
0.0880972 1.31438 0.642923
0.0890982 1.29745 0.643134
0.0900992 1.28083 0.643328
0.0911002 1.2645 0.643505
0.0921012 1.24847 0.643667
0.0931022 1.23272 0.643817
0.0941032 1.21726 0.643953
0.0951041 1.20207 0.644076
0.0961051 1.18714 0.644184
0.0971061 1.17247 0.644278
0.0981071 1.15805 0.644357
0.0991081 1.14388 0.644421
0.100109 1.12994 0.644468
0.10111 1.11623 0.6445
0.102111 1.10275 0.64452
0.103112 1.0895 0.644528
0.104113 1.07647 0.644523
0.105114 1.06366 0.644505
0.106115 1.05105 0.644473
0.107116 1.03865 0.644427
0.108117 1.02645 0.644367
0.109118 1.01444 0.644292
0.110119 1.00262 0.644202
0.11112 0.990984 0.644096
0.112121 0.979533 0.643978
0.113122 0.968267 0.643847
0.114123 0.957179 0.643705
0.115124 0.946265 0.64355
0.116125 0.93552 0.643382
0.117126 0.92494 0.643201
0.118127 0.914519 0.643006
0.119128 0.904253 0.642798
0.120129 0.894139 0.642575
0.12113 0.884172 0.642339
0.122131 0.874349 0.642088
0.123132 0.864674 0.641826
0.124133 0.855143 0.641553
0.125134 0.845755 0.641268
0.126135 0.836505 0.64097
0.127136 0.827389 0.640661
0.128137 0.818405 0.640339
0.129138 0.80955 0.640005
0.130139 0.80082 0.639657
0.13114 0.792212 0.639296
0.132141 0.783724 0.638922
0.133142 0.775353 0.638535
0.134143 0.767104 0.638136
0.135144 0.758973 0.637727
0.136145 0.750958 0.637306
0.137146 0.743056 0.636874
0.138147 0.735264 0.636431
0.139148 0.72758 0.635976
0.140149 0.72 0.635509
0.14115 0.712522 0.63503
0.142151 0.705143 0.634538
0.143152 0.697861 0.634035
0.144153 0.690674 0.633518
0.145154 0.683582 0.63299
0.146155 0.676586 0.632452
0.147156 0.669686 0.631903
0.148157 0.662879 0.631344
0.149158 0.656163 0.630773
0.150159 0.649535 0.630192
0.15116 0.642994 0.6296
0.152161 0.636537 0.628997
0.153162 0.630163 0.628382
0.154163 0.62387 0.627757
0.155164 0.617655 0.627119
0.156165 0.611518 0.626471
0.157166 0.605459 0.625811
0.158167 0.599479 0.625142
0.159168 0.593579 0.624463
0.160169 0.587754 0.623774
0.16117 0.582004 0.623075
0.162171 0.576326 0.622366
0.163172 0.57072 0.621646
0.164173 0.565182 0.620917
0.165174 0.559712 0.620176
0.166175 0.554308 0.619426
0.167175 0.548968 0.618665
0.168176 0.54369 0.617893
0.169177 0.538475 0.617111
0.170178 0.533325 0.616319
0.171179 0.528239 0.615518
0.17218 0.523216 0.614707
0.173181 0.518254 0.613888
0.174182 0.513352 0.613058
0.175183 0.508509 0.61222
0.176184 0.503724 0.611372
0.177185 0.498995 0.610514
0.178186 0.494321 0.609647
0.179187 0.489701 0.608771
0.180188 0.485133 0.607885
0.181189 0.480618 0.60699
0.18219 0.476154 0.606085
0.183191 0.471745 0.605173
0.184192 0.46739 0.604252
0.185193 0.463086 0.603322
0.186194 0.458833 0.602384
0.187195 0.45463 0.601437
0.188196 0.450475 0.600482
0.189197 0.446367 0.599518
0.190198 0.442305 0.598545
0.191199 0.438288 0.597564
0.1922 0.434314 0.596574
0.193201 0.430384 0.595575
0.194202 0.426495 0.594568
0.195203 0.422649 0.593552
0.196204 0.418846 0.592528
0.197205 0.415087 0.591496
0.198206 0.411371 0.590456
0.199207 0.407696 0.589408
0.200208 0.404062 0.588352
0.201209 0.400468 0.587288
0.20221 0.396914 0.586217
0.203211 0.393398 0.585138
0.204212 0.389919 0.584051
0.205213 0.386478 0.582957
0.206214 0.383073 0.581855
0.207215 0.379704 0.580746
0.208216 0.376369 0.57963
0.209217 0.373073 0.578506
0.210218 0.369813 0.577376
0.211219 0.366589 0.576238
0.21222 0.363401 0.575094
0.213221 0.360248 0.573942
0.214222 0.357128 0.572784
0.215223 0.354041 0.571619
0.216224 0.350987 0.570446
0.217225 0.347964 0.569267
0.218226 0.344972 0.568082
0.219227 0.34201 0.566889
0.220228 0.339077 0.565689
0.221229 0.336173 0.564483
0.22223 0.333299 0.56327
0.223231 0.330455 0.56205
0.224232 0.327641 0.560824
0.225233 0.324857 0.559591
0.226234 0.322102 0.558352
0.227235 0.319376 0.557106
0.228236 0.316678 0.555854
0.229237 0.314007 0.554597
0.230238 0.311363 0.553333
0.231239 0.308745 0.552063
0.23224 0.306153 0.550788
0.233241 0.303587 0.549508
0.234242 0.301045 0.548221
0.235243 0.298528 0.54693
0.236244 0.296036 0.545633
0.237245 0.29357 0.54433
0.238246 0.29113 0.543022
0.239247 0.288715 0.541709
0.240248 0.286325 0.54039
0.241249 0.283958 0.539066
0.24225 0.281616 0.537736
0.243251 0.279296 0.536401
0.244252 0.276998 0.535062
0.245253 0.274723 0.533717
0.246254 0.272469 0.532367
0.247255 0.270237 0.531013
0.248256 0.268024 0.529653
0.249257 0.265832 0.528289
0.250258 0.263661 0.52692
0.251259 0.26151 0.525546
0.25226 0.259382 0.524167
0.253261 0.257274 0.522782
0.254262 0.255187 0.521393
0.255263 0.25312 0.519999
0.256264 0.251072 0.518601
0.257265 0.249045 0.517198
0.258266 0.247036 0.515791
0.259267 0.245046 0.514381
0.260268 0.243075 0.512966
0.261269 0.241122 0.511547
0.26227 0.239187 0.510126
0.263271 0.237269 0.5087
0.264272 0.235368 0.507271
0.265273 0.233486 0.505839
0.266274 0.231623 0.504402
0.267275 0.229777 0.502962
0.268276 0.22795 0.501518
0.269277 0.22614 0.50007
0.270278 0.224347 0.498619
0.271279 0.222571 0.497164
0.27228 0.220811 0.495705
0.273281 0.219067 0.494244
0.274282 0.217338 0.492779
0.275283 0.215625 0.491311
0.276284 0.213927 0.48984
0.277285 0.212243 0.488366
0.278285 0.210574 0.486889
0.279286 0.208919 0.485409
0.280287 0.207279 0.483925
0.281288 0.205655 0.482438
0.282289 0.204046 0.480947
0.28329 0.202452 0.479454
0.284291 0.200872 0.477957
0.285292 0.199306 0.476457
0.286293 0.197755 0.474954
0.287294 0.196217 0.473449
0.288295 0.194692 0.471942
0.289296 0.193181 0.470433
0.290297 0.191683 0.468921
0.291298 0.190198 0.467408
0.292299 0.188725 0.465892
0.2933 0.187265 0.464376
0.294301 0.185817 0.462857
0.295302 0.184382 0.461336
0.296303 0.182961 0.459812
0.297304 0.181552 0.458286
0.298305 0.180157 0.456758
0.299306 0.178773 0.455228
0.300307 0.177402 0.453696
0.301308 0.176043 0.452162
0.302309 0.174695 0.450626
0.30331 0.173359 0.449089
0.304311 0.172034 0.44755
0.305312 0.17072 0.44601
0.306313 0.169416 0.444468
0.307314 0.168124 0.442926
0.308315 0.166841 0.441382
0.309316 0.165569 0.439837
0.310317 0.164309 0.43829
0.311318 0.163059 0.43674
0.312319 0.16182 0.435189
0.31332 0.160592 0.433636
0.314321 0.159374 0.432082
0.315322 0.158167 0.430526
0.316323 0.15697 0.42897
0.317324 0.155783 0.427412
0.318325 0.154606 0.425854
0.319326 0.153439 0.424295
0.320327 0.152281 0.422736
0.321328 0.151133 0.421177
0.322329 0.149994 0.419617
0.32333 0.148864 0.418058
0.324331 0.147743 0.416499
0.325332 0.146631 0.414939
0.326333 0.14553 0.413378
0.327334 0.144438 0.411816
0.328335 0.143356 0.410254
0.329336 0.142283 0.408691
0.330337 0.141219 0.407128
0.331338 0.140163 0.405565
0.332339 0.139117 0.404001
0.33334 0.138078 0.402437
0.334341 0.137049 0.400873
0.335342 0.136027 0.399309
0.336343 0.135013 0.397746
0.337344 0.134007 0.396182
0.338345 0.133008 0.394619
0.339346 0.132017 0.393057
0.340347 0.131034 0.391494
0.341348 0.130059 0.389931
0.342349 0.129092 0.388367
0.34335 0.128133 0.386802
0.344351 0.127182 0.385238
0.345352 0.126238 0.383673
0.346353 0.125303 0.382109
0.347354 0.124374 0.380545
0.348355 0.123453 0.378982
0.349356 0.122539 0.37742
0.350357 0.121633 0.375858
0.351358 0.120733 0.374298
0.352359 0.11984 0.372738
0.35336 0.118954 0.37118
0.354361 0.118075 0.369624
0.355362 0.117202 0.368069
0.356363 0.116336 0.366515
0.357364 0.115478 0.364961
0.358365 0.114627 0.363408
0.359366 0.113783 0.361855
0.360367 0.112945 0.360303
0.361368 0.112114 0.358753
0.362369 0.11129 0.357203
0.36337 0.110472 0.355654
0.364371 0.109661 0.354106
0.365372 0.108855 0.35256
0.366373 0.108056 0.351016
0.367374 0.107262 0.349472
0.368375 0.106474 0.347931
0.369376 0.105692 0.346391
0.370377 0.104916 0.344853
0.371378 0.104145 0.343317
0.372379 0.10338 0.341781
0.37338 0.102621 0.340246
0.374381 0.101869 0.338712
0.375382 0.101122 0.337179
0.376383 0.10038 0.335647
0.377384 0.0996448 0.334117
0.378385 0.0989148 0.332588
0.379386 0.0981903 0.331061
0.380387 0.0974713 0.329536
0.381388 0.0967576 0.328013
0.382389 0.0960492 0.326493
0.38339 0.095346 0.324974
0.384391 0.0946479 0.323459
0.385392 0.0939548 0.321946
0.386393 0.0932667 0.320436
0.387394 0.0925837 0.318928
0.388395 0.0919062 0.317422
0.389395 0.091234 0.315918
0.390396 0.0905671 0.314415
0.391397 0.0899053 0.312915
0.392398 0.0892486 0.311416
0.393399 0.0885968 0.30992
0.3944 0.0879499 0.308426
0.395401 0.0873078 0.306934
0.396402 0.0866704 0.305445
0.397403 0.0860376 0.303958
0.398404 0.0854092 0.302474
0.399405 0.0847853 0.300992
0.400406 0.0841656 0.299513
0.401407 0.0835503 0.298037
0.402408 0.082939 0.296564
0.403409 0.082332 0.295094
0.40441 0.0817295 0.293625
0.405411 0.0811316 0.292158
0.406412 0.0805381 0.290693
0.407413 0.079949 0.289231
0.408414 0.0793642 0.287771
0.409415 0.0787837 0.286313
0.410416 0.0782074 0.284858
0.411417 0.0776352 0.283405
0.412418 0.0770671 0.281956
0.413419 0.0765031 0.28051
0.41442 0.0759431 0.279067
0.415421 0.0753869 0.277627
0.416422 0.0748347 0.276191
0.417423 0.0742863 0.274759
0.418424 0.0737416 0.27333
0.419425 0.0732007 0.271905
0.420426 0.072664 0.270483
0.421427 0.0721313 0.269063
0.422428 0.0716027 0.267647
0.423429 0.0710779 0.266233
0.42443 0.0705571 0.264822
0.425431 0.07004 0.263415
0.426432 0.0695266 0.26201
0.427433 0.0690168 0.260609
0.428434 0.0685106 0.259211
0.429435 0.0680079 0.257817
0.430436 0.0675086 0.256426
0.431437 0.0670126 0.255038
0.432438 0.06652 0.253654
0.433439 0.0660305 0.252273
0.43444 0.0655442 0.250897
0.435441 0.065061 0.249524
0.436442 0.0645811 0.248153
0.437443 0.0641047 0.246786
0.438444 0.0636316 0.245421
0.439445 0.0631619 0.24406
0.440446 0.0626955 0.242701
0.441447 0.0622323 0.241346
0.442448 0.0617724 0.239994
0.443449 0.0613156 0.238646
0.44445 0.0608619 0.237301
0.445451 0.0604114 0.23596
0.446452 0.0599639 0.234623
0.447453 0.0595194 0.23329
0.448454 0.0590779 0.231961
0.449455 0.0586393 0.230636
0.450456 0.0582036 0.229316
0.451457 0.0577708 0.228
0.452458 0.057341 0.226688
0.453459 0.0569144 0.225379
0.45446 0.0564908 0.224074
0.455461 0.0560703 0.222773
0.456462 0.0556527 0.221475
0.457463 0.0552381 0.220181
0.458464 0.0548264 0.218891
0.459465 0.0544174 0.217604
0.460466 0.0540113 0.216322
0.461467 0.0536078 0.215043
0.462468 0.0532071 0.213768
0.463469 0.0528089 0.212498
0.46447 0.0524133 0.211231
0.465471 0.0520203 0.209968
0.466472 0.0516297 0.20871
0.467473 0.0512415 0.207456
0.468474 0.0508557 0.206206
0.469475 0.0504725 0.20496
0.470476 0.0500919 0.203717
0.471477 0.0497139 0.202478
0.472478 0.0493385 0.201242
0.473479 0.0489656 0.20001
0.47448 0.0485952 0.198782
0.475481 0.0482273 0.197558
0.476482 0.0478619 0.196338
0.477483 0.0474988 0.195122
0.478484 0.0471382 0.19391
0.479485 0.0467799 0.192703
0.480486 0.046424 0.1915
0.481487 0.0460704 0.190301
0.482488 0.045719 0.189107
0.483489 0.04537 0.187918
0.48449 0.0450231 0.186733
0.485491 0.0446786 0.185553
0.486492 0.0443365 0.184377
0.487493 0.0439968 0.183205
0.488494 0.0436595 0.182037
0.489495 0.0433245 0.180874
0.490496 0.0429918 0.179714
0.491497 0.0426613 0.178559
0.492498 0.042333 0.177408
0.493499 0.0420069 0.176261
0.4945 0.041683 0.175118
0.495501 0.0413611 0.17398
0.496502 0.0410412 0.172846
0.497503 0.0407234 0.171716
0.498504 0.0404075 0.170591
0.499505 0.0400935 0.16947
0.500505 0.0397814 0.168354
0.501506 0.0394712 0.167242
0.502507 0.039163 0.166134
0.503508 0.0388567 0.16503
0.504509 0.0385525 0.16393
0.50551 0.0382503 0.162834
0.506511 0.03795 0.161742
0.507512 0.0376517 0.160654
0.508513 0.0373554 0.15957
0.509514 0.037061 0.158491
0.510515 0.0367685 0.157415
0.511516 0.0364778 0.156345
0.512517 0.036189 0.155278
0.513518 0.0359021 0.154216
0.514519 0.035617 0.153159
0.51552 0.0353337 0.152107
0.516521 0.0350521 0.151059
0.517522 0.0347724 0.150016
0.518523 0.0344944 0.148978
0.519524 0.0342182 0.147944
0.520525 0.033944 0.146915
0.521526 0.0336716 0.14589
0.522527 0.0334011 0.144869
0.523528 0.0331324 0.143853
0.524529 0.0328655 0.142841
0.52553 0.0326003 0.141833
0.526531 0.0323368 0.14083
0.527532 0.032075 0.139831
0.528533 0.0318149 0.138837
0.529534 0.0315565 0.137847
0.530535 0.0312996 0.136861
0.531536 0.0310443 0.13588
0.532537 0.0307906 0.134903
0.533538 0.0305384 0.133931
0.534539 0.0302877 0.132963
0.53554 0.0300385 0.132
0.536541 0.0297908 0.131041
0.537542 0.0295448 0.130085
0.538543 0.0293003 0.129134
0.539544 0.0290574 0.128187
0.540545 0.0288161 0.127244
0.541546 0.0285763 0.126306
0.542547 0.0283381 0.125372
0.543548 0.0281014 0.124442
0.544549 0.0278662 0.123516
0.54555 0.0276325 0.122595
0.546551 0.0274003 0.121678
0.547552 0.0271696 0.120766
0.548553 0.0269403 0.119858
0.549554 0.0267125 0.118955
0.550555 0.0264862 0.118057
0.551556 0.0262613 0.117163
0.552557 0.0260378 0.116274
0.553558 0.0258158 0.11539
0.554559 0.0255953 0.114509
0.55556 0.0253764 0.113633
0.556561 0.0251589 0.112762
0.557562 0.0249428 0.111895
0.558563 0.0247282 0.111032
0.559564 0.0245151 0.110173
0.560565 0.0243033 0.109319
0.561566 0.0240928 0.108469
0.562567 0.0238837 0.107624
0.563568 0.023676 0.106782
0.564569 0.0234695 0.105945
0.56557 0.0232643 0.105113
0.566571 0.0230604 0.104284
0.567572 0.0228578 0.10346
0.568573 0.0226563 0.102641
0.569574 0.022456 0.101825
0.570575 0.022257 0.101014
0.571576 0.0220593 0.100206
0.572577 0.0218629 0.0994032
0.573578 0.0216677 0.098604
0.574579 0.0214738 0.0978089
0.57558 0.0212811 0.097018
0.576581 0.0210897 0.0962312
0.577582 0.0208996 0.0954486
0.578583 0.0207107 0.0946702
0.579584 0.020523 0.0938961
0.580585 0.0203365 0.0931262
0.581586 0.0201513 0.0923606
0.582587 0.0199672 0.0915993
0.583588 0.0197844 0.0908424
0.584589 0.0196027 0.0900898
0.58559 0.0194222 0.0893416
0.586591 0.0192429 0.0885979
0.587592 0.0190649 0.0878584
0.588593 0.018888 0.0871232
0.589594 0.0187124 0.0863923
0.590595 0.018538 0.0856655
0.591596 0.0183648 0.0849429
0.592597 0.0181928 0.0842244
0.593598 0.018022 0.0835101
0.594599 0.0178523 0.0827999
0.5956 0.0176837 0.0820939
0.596601 0.0175163 0.0813919
0.597602 0.0173499 0.080694
0.598603 0.0171847 0.0800001
0.599604 0.0170205 0.0793103
0.600605 0.0168574 0.0786245
0.601606 0.0166953 0.0779427
0.602607 0.0165342 0.0772649
0.603608 0.0163742 0.076591
0.604609 0.0162152 0.0759211
0.60561 0.0160573 0.0752551
0.606611 0.0159004 0.0745929
0.607612 0.0157446 0.0739346
0.608613 0.0155898 0.0732802
0.609614 0.0154361 0.0726297
0.610615 0.0152834 0.0719831
0.611615 0.0151318 0.0713404
0.612616 0.0149812 0.0707016
0.613617 0.0148316 0.0700668
0.614618 0.0146831 0.0694359
0.615619 0.0145355 0.068809
0.61662 0.014389 0.068186
0.617621 0.0142435 0.067567
0.618622 0.0140991 0.066952
0.619623 0.0139556 0.0663409
0.620624 0.0138131 0.0657339
0.621625 0.0136716 0.0651309
0.622626 0.0135311 0.0645318
0.623627 0.0133917 0.0639367
0.624628 0.0132533 0.0633455
0.625629 0.0131159 0.0627583
0.62663 0.0129796 0.0621749
0.627631 0.0128442 0.0615953
0.628632 0.0127097 0.0610195
0.629633 0.0125763 0.0604476
0.630634 0.0124438 0.0598794
0.631635 0.0123122 0.0593149
0.632636 0.0121816 0.0587542
0.633637 0.0120519 0.0581971
0.634638 0.0119232 0.0576437
0.635639 0.0117953 0.0570939
0.63664 0.0116683 0.0565477
0.637641 0.0115422 0.0560052
0.638642 0.0114169 0.0554661
0.639643 0.0112926 0.0549306
0.640644 0.0111691 0.0543988
0.641645 0.0110466 0.0538705
0.642646 0.0109249 0.0533457
0.643647 0.0108042 0.0528246
0.644648 0.0106843 0.052307
0.645649 0.0105654 0.0517929
0.64665 0.0104473 0.0512825
0.647651 0.0103301 0.0507755
0.648652 0.0102138 0.0502721
0.649653 0.0100984 0.0497723
0.650654 0.00998381 0.0492759
0.651655 0.00987012 0.0487831
0.652656 0.00975729 0.0482939
0.653657 0.00964533 0.0478081
0.654658 0.00953423 0.0473258
0.655659 0.00942398 0.0468471
0.65666 0.00931459 0.0463718
0.657661 0.00920609 0.0459001
0.658662 0.00909847 0.045432
0.659663 0.00899172 0.0449675
0.660664 0.00888584 0.0445064
0.661665 0.00878081 0.0440487
0.662666 0.00867663 0.0435945
0.663667 0.00857329 0.0431437
0.664668 0.00847077 0.0426963
0.665669 0.00836908 0.0422522
0.66667 0.0082682 0.0418113
0.667671 0.00816811 0.0413738
0.668672 0.00806883 0.0409395
0.669673 0.00797033 0.0405083
0.670674 0.0078726 0.0400804
0.671675 0.00777565 0.0396556
0.672676 0.00767945 0.0392339
0.673677 0.00758401 0.0388152
0.674678 0.00748933 0.0383997
0.675679 0.00739543 0.0379874
0.67668 0.00730231 0.0375783
0.677681 0.00720997 0.0371724
0.678682 0.00711841 0.0367696
0.679683 0.00702761 0.03637
0.680684 0.00693759 0.0359735
0.681685 0.00684833 0.0355801
0.682686 0.00675983 0.0351898
0.683687 0.0066721 0.0348026
0.684688 0.00658512 0.0344184
0.685689 0.00649889 0.0340374
0.68669 0.00641342 0.0336593
0.687691 0.0063287 0.0332843
0.688692 0.00624473 0.0329123
0.689693 0.00616149 0.0325432
0.690694 0.00607901 0.0321772
0.691695 0.00599726 0.0318141
0.692696 0.00591628 0.0314542
0.693697 0.00583607 0.0310974
0.694698 0.00575662 0.0307437
0.695699 0.00567793 0.030393
0.6967 0.00559997 0.0300453
0.697701 0.00552276 0.0297006
0.698702 0.00544626 0.0293588
0.699703 0.00537049 0.0290199
0.700704 0.00529542 0.0286839
0.701705 0.00522106 0.0283507
0.702706 0.00514739 0.0280203
0.703707 0.00507441 0.0276926
0.704708 0.0050021 0.0273677
0.705709 0.00493047 0.0270454
0.70671 0.0048595 0.0267258
0.707711 0.00478918 0.0264088
0.708712 0.0047195 0.0260943
0.709713 0.00465048 0.0257825
0.710714 0.00458214 0.0254734
0.711715 0.00451449 0.0251671
0.712716 0.00444751 0.0248635
0.713717 0.0043812 0.0245627
0.714718 0.00431556 0.0242645
0.715719 0.00425058 0.023969
0.71672 0.00418626 0.0236761
0.717721 0.0041226 0.0233858
0.718722 0.00405959 0.0230982
0.719723 0.00399724 0.0228131
0.720724 0.00393552 0.0225305
0.721725 0.00387445 0.0222506
0.722725 0.00381401 0.0219731
0.723726 0.00375421 0.0216981
0.724727 0.00369503 0.0214256
0.725728 0.00363648 0.0211555
0.726729 0.00357855 0.0208879
0.72773 0.00352127 0.0206228
0.728731 0.00346466 0.0203604
0.729732 0.0034087 0.0201006
0.730733 0.0033534 0.0198433
0.731734 0.00329873 0.0195886
0.732735 0.00324469 0.0193364
0.733736 0.00319127 0.0190867
0.734737 0.00313846 0.0188394
0.735738 0.00308626 0.0185944
0.736739 0.00303465 0.0183518
0.73774 0.00298363 0.0181115
0.738741 0.00293319 0.0178735
0.739742 0.00288332 0.0176377
0.740743 0.00283401 0.0174041
0.741744 0.00278525 0.0171727
0.742745 0.00273704 0.0169434
0.743746 0.00268936 0.0167161
0.744747 0.00264222 0.016491
0.745748 0.00259565 0.0162681
0.746749 0.00254967 0.0160475
0.74775 0.00250427 0.0158291
0.748751 0.00245945 0.0156131
0.749752 0.00241519 0.0153992
0.750753 0.00237149 0.0151876
0.751754 0.00232835 0.0149781
0.752755 0.00228575 0.0147707
0.753756 0.0022437 0.0145655
0.754757 0.00220218 0.0143624
0.755758 0.00216119 0.0141613
0.756759 0.00212072 0.0139623
0.75776 0.00208077 0.0137653
0.758761 0.00204132 0.0135703
0.759762 0.00200239 0.0133773
0.760763 0.00196394 0.0131862
0.761764 0.00192599 0.012997
0.762765 0.00188854 0.0128097
0.763766 0.00185163 0.0126246
0.764767 0.00181528 0.0124417
0.765768 0.00177946 0.0122608
0.766769 0.00174417 0.012082
0.76777 0.0017094 0.0119052
0.768771 0.00167513 0.0117304
0.769772 0.00164137 0.0115576
0.770773 0.0016081 0.0113867
0.771774 0.00157531 0.0112176
0.772775 0.00154299 0.0110504
0.773776 0.00151113 0.0108851
0.774777 0.00147972 0.0107215
0.775778 0.00144876 0.0105596
0.776779 0.00141823 0.0103994
0.77778 0.00138813 0.010241
0.778781 0.00135845 0.0100841
0.779782 0.00132917 0.00992887
0.780783 0.00130031 0.00977527
0.781784 0.00127193 0.00962351
0.782785 0.00124402 0.00947358
0.783786 0.00121658 0.00932547
0.784787 0.0011896 0.00917914
0.785788 0.00116307 0.00903455
0.786789 0.00113698 0.0088917
0.78779 0.00111132 0.00875054
0.788791 0.00108609 0.00861105
0.789792 0.00106126 0.00847321
0.790793 0.00103685 0.00833699
0.791794 0.00101283 0.00820236
0.792795 0.000989203 0.0080693
0.793796 0.000965956 0.00793777
0.794797 0.000943082 0.00780776
0.795798 0.000920573 0.00767924
0.796799 0.00089842 0.00755218
0.7978 0.000876616 0.00742656
0.798801 0.000855184 0.00730245
0.799802 0.000834183 0.00718002
0.800803 0.000813605 0.00705925
0.801804 0.00079344 0.00694012
0.802805 0.000773676 0.00682257
0.803806 0.000754303 0.00670658
0.804807 0.000735309 0.00659212
0.805808 0.000716684 0.00647916
0.806809 0.000698417 0.00636765
0.80781 0.000680499 0.00625758
0.808811 0.000662917 0.00614889
0.809812 0.000645663 0.00604157
0.810813 0.000628725 0.00593559
0.811814 0.000612094 0.0058309
0.812815 0.000595758 0.00572748
0.813816 0.000579709 0.00562529
0.814817 0.000563936 0.00552432
0.815818 0.000548429 0.00542451
0.816819 0.000533219 0.00532597
0.81782 0.000518367 0.00522885
0.818821 0.000503864 0.00513313
0.819822 0.000489699 0.0050388
0.820823 0.000475864 0.00494581
0.821824 0.000462347 0.00485414
0.822825 0.000449139 0.00476378
0.823826 0.00043623 0.00467468
0.824827 0.000423609 0.00458683
0.825828 0.000411268 0.00450021
0.826829 0.000399195 0.00441477
0.82783 0.000387382 0.0043305
0.828831 0.00037582 0.00424738
0.829832 0.000364497 0.00416537
0.830833 0.000353406 0.00408446
0.831834 0.000342536 0.00400461
0.832835 0.000331879 0.00392581
0.833835 0.000321424 0.00384803
0.834836 0.000311208 0.00377136
0.835837 0.000301288 0.00369595
0.836838 0.000291655 0.00362178
0.837839 0.000282297 0.00354881
0.83884 0.000273204 0.00347701
0.839841 0.000264366 0.00340636
0.840842 0.000255772 0.00333682
0.841843 0.000247411 0.00326838
0.842844 0.000239274 0.00320099
0.843845 0.00023135 0.00313463
0.844846 0.000223629 0.00306927
0.845847 0.000216102 0.00300489
0.846848 0.000208757 0.00294145
0.847849 0.000201584 0.00287893
0.84885 0.000194575 0.0028173
0.849851 0.00018772 0.00275653
0.850852 0.000181007 0.0026966
0.851853 0.000174429 0.00263748
0.852854 0.000168019 0.00257926
0.853855 0.000161832 0.00252207
0.854856 0.000155861 0.00246591
0.855857 0.000150095 0.00241075
0.856858 0.000144527 0.00235655
0.857859 0.000139146 0.00230331
0.85886 0.000133944 0.00225098
0.859861 0.000128912 0.00219956
0.860862 0.000124041 0.00214902
0.861863 0.000119322 0.00209933
0.862864 0.000114746 0.00205047
0.863865 0.000110305 0.00200242
0.864866 0.00010599 0.00195515
0.865867 0.000101793 0.00190864
0.866868 9.77042e-05 0.00186288
0.867869 9.37162e-05 0.00181783
0.86887 8.98202e-05 0.00177348
0.869871 8.6008e-05 0.0017298
0.870872 8.23082e-05 0.00168688
0.871873 7.87709e-05 0.00164484
0.872874 7.53885e-05 0.00160367
0.873875 7.21532e-05 0.00156335
0.874876 6.9057e-05 0.00152384
0.875877 6.6092e-05 0.00148512
0.876878 6.32504e-05 0.00144718
0.877879 6.05245e-05 0.00140997
0.87888 5.79065e-05 0.00137349
0.879881 5.53887e-05 0.0013377
0.880882 5.29636e-05 0.00130259
0.881883 5.06235e-05 0.00126812
0.882884 4.8361e-05 0.00123428
0.883885 4.61686e-05 0.00120104
0.884886 4.40388e-05 0.00116838
0.885887 4.19644e-05 0.00113627
0.886888 3.9938e-05 0.0011047
0.887889 3.79523e-05 0.00107364
0.88889 3.60279e-05 0.00104316
0.889891 3.42074e-05 0.00101338
0.890892 3.24857e-05 0.000984306
0.891893 3.08572e-05 0.000955902
0.892894 2.93161e-05 0.000928152
0.893895 2.78567e-05 0.000901035
0.894896 2.64733e-05 0.000874531
0.895897 2.51602e-05 0.00084862
0.896898 2.39119e-05 0.000823282
0.897899 2.27228e-05 0.000798496
0.8989 2.15873e-05 0.000774244
0.899901 2.05001e-05 0.000750506
0.900902 1.94556e-05 0.000727262
0.901903 1.84484e-05 0.000704493
0.902904 1.74732e-05 0.00068218
0.903905 1.65245e-05 0.000660304
0.904906 1.55972e-05 0.000638845
0.905907 1.46858e-05 0.000617785
0.906908 1.38036e-05 0.000597181
0.907909 1.29816e-05 0.000577159
0.90891 1.22168e-05 0.000557703
0.909911 1.15052e-05 0.000538792
0.910912 1.0843e-05 0.000520406
0.911913 1.02265e-05 0.000502525
0.912914 9.6517e-06 0.00048513
0.913915 9.115e-06 0.0004682
0.914916 8.61261e-06 0.000451717
0.915917 8.1408e-06 0.00043566
0.916918 7.69589e-06 0.000420011
0.917919 7.2742e-06 0.00040475
0.91892 6.87209e-06 0.000389858
0.919921 6.48593e-06 0.000375316
0.920922 6.11213e-06 0.000361106
0.921923 5.7471e-06 0.000347208
0.922924 5.3873e-06 0.000333605
0.923925 5.02919e-06 0.000320277
0.924926 4.68077e-06 0.000307277
0.925927 4.36097e-06 0.000294724
0.926928 4.06825e-06 0.000282602
0.927929 3.80058e-06 0.000270894
0.92893 3.55595e-06 0.000259584
0.929931 3.33235e-06 0.000248653
0.930932 3.1278e-06 0.000238085
0.931933 2.94031e-06 0.000227864
0.932934 2.76793e-06 0.000217972
0.933935 2.60871e-06 0.000208393
0.934936 2.46069e-06 0.00019911
0.935937 2.32197e-06 0.000190107
0.936938 2.19062e-06 0.000181367
0.937939 2.06474e-06 0.000172875
0.93894 1.94243e-06 0.000164614
0.939941 1.82184e-06 0.000156568
0.940942 1.70107e-06 0.000148721
0.941943 1.57829e-06 0.000141057
0.942944 1.45886e-06 0.000133642
0.943945 1.35091e-06 0.000126565
0.944945 1.25362e-06 0.000119809
0.945946 1.16609e-06 0.000113361
0.946947 1.08746e-06 0.000107203
0.947948 1.01685e-06 0.00010132
0.948949 9.53394e-07 9.56971e-05
0.94995 8.9624e-07 9.03188e-05
0.950951 8.44532e-07 8.51697e-05
0.951952 7.97423e-07 8.02346e-05
0.952953 7.54069e-07 7.54986e-05
0.953954 7.13634e-07 7.09466e-05
0.954955 6.75285e-07 6.65637e-05
0.955956 6.38195e-07 6.23351e-05
0.956957 6.01542e-07 5.82462e-05
0.957958 5.6451e-07 5.42823e-05
0.958959 5.26287e-07 5.04289e-05
0.95996 4.86357e-07 4.66794e-05
0.960961 4.48726e-07 4.31438e-05
0.961962 4.14683e-07 3.98505e-05
0.962963 3.83931e-07 3.6784e-05
0.963964 3.56178e-07 3.3929e-05
0.964965 3.31132e-07 3.12705e-05
0.965966 3.08504e-07 2.87934e-05
0.966967 2.88003e-07 2.64827e-05
0.967968 2.69346e-07 2.43234e-05
0.968969 2.52247e-07 2.2301e-05
0.96997 2.36422e-07 2.04005e-05
0.970971 2.21592e-07 1.86075e-05
0.971972 2.07477e-07 1.69074e-05
0.972973 1.93798e-07 1.52858e-05
0.973974 1.80281e-07 1.37283e-05
0.974975 1.66651e-07 1.22208e-05
0.975976 1.52635e-07 1.07489e-05
0.976977 1.38225e-07 9.31875e-06
0.977978 1.24927e-07 8.04693e-06
0.978979 1.12922e-07 6.94059e-06
0.97998 1.02081e-07 5.98291e-06
0.980981 9.22779e-08 5.15715e-06
0.981982 8.33879e-08 4.44668e-06
0.982983 7.52858e-08 3.83496e-06
0.983984 6.78474e-08 3.30556e-06
0.984985 6.09494e-08 2.84214e-06
0.985986 5.44692e-08 2.42847e-06
0.986987 4.8285e-08 2.04842e-06
0.987988 4.22756e-08 1.68593e-06
0.988989 3.63206e-08 1.32507e-06
0.98999 3.03003e-08 9.49998e-07
0.990991 2.45193e-08 6.03089e-07
0.991992 1.96898e-08 3.79363e-07
0.992993 1.56447e-08 2.50209e-07
0.993994 1.21911e-08 1.83478e-07
0.994995 9.13697e-09 1.47216e-07
0.995996 6.29178e-09 1.09657e-07
0.996997 3.61718e-09 5.28694e-08
0.997998 1.86226e-09 3.96162e-08
0.998999 5.6125e-10 3.40754e-08
1 2.84543e-26 2.91872e-24
