1.5 1.98512 0.378912
1.5986 2.50009 0.395378
1.6972 2.99214 0.411274
1.7958 3.46053 0.426547
1.89439 3.90828 0.441262
1.99299 4.33615 0.455428
2.09159 4.7444 0.469039
2.19019 5.13518 0.48215
2.28879 5.51003 0.494797
2.38739 5.86947 0.506992
2.48599 6.21406 0.518747
2.58458 6.54506 0.530094
2.68318 6.86393 0.541075
2.78178 7.17121 0.551702
2.88038 7.4674 0.56199
2.97898 7.75298 0.57195
3.07758 8.02847 0.581598
3.17618 8.29497 0.590965
3.27477 8.55303 0.600067
3.37337 8.80303 0.608914
3.47197 9.04532 0.617517
3.57057 9.28023 0.625885
3.66917 9.50808 0.634027
3.76777 9.72916 0.641953
3.86637 9.94479 0.649677
3.96496 10.1558 0.657214
4.06356 10.3617 0.664571
4.16216 10.5624 0.671755
4.26076 10.7574 0.678773
4.35936 10.9467 0.68563
4.45796 11.1301 0.692333
4.55656 11.3074 0.698888
4.65516 11.4786 0.705299
4.75375 11.6436 0.711572
4.85235 11.8027 0.717715
4.95095 11.9565 0.723736
5.04955 12.1055 0.72964
5.14815 12.25 0.735429
5.24675 12.3906 0.741108
5.34535 12.5275 0.746679
5.44394 12.6612 0.752147
5.54254 12.7918 0.757515
5.64114 12.9196 0.762784
5.73974 13.045 0.76796
5.83834 13.1682 0.773043
5.93694 13.2893 0.778037
6.03554 13.4086 0.782945
6.13413 13.5262 0.787768
6.23273 13.642 0.792511
6.33133 13.7558 0.797179
6.42993 13.8677 0.801773
6.52853 13.9777 0.806296
6.62713 14.0859 0.810749
6.72573 14.1923 0.815134
6.82432 14.297 0.819453
6.92292 14.4 0.823708
7.02152 14.5013 0.8279
7.12012 14.6011 0.832032
7.21872 14.6993 0.836104
7.31732 14.796 0.840118
7.41592 14.8912 0.844076
7.51451 14.985 0.847979
7.61311 15.0774 0.851827
7.71171 15.1685 0.855624
7.81031 15.2582 0.859369
7.90891 15.3466 0.863064
8.00751 15.4337 0.86671
8.10611 15.5196 0.870308
8.2047 15.6043 0.873861
8.3033 15.6879 0.87737
8.4019 15.7704 0.880836
8.5005 15.8518 0.88426
8.5991 15.9321 0.887643
8.6977 16.0114 0.890985
8.7963 16.0897 0.894288
8.89489 16.1671 0.897553
8.99349 16.2434 0.900779
9.09209 16.3188 0.903969
9.19069 16.3933 0.907123
9.28929 16.4669 0.910241
9.38789 16.5396 0.913325
9.48649 16.6114 0.916374
9.58509 16.6824 0.91939
9.68368 16.7526 0.922373
9.78228 16.8219 0.925324
9.88088 16.8905 0.928244
9.97948 16.9582 0.931133
10.0781 17.0252 0.933991
10.1767 17.0914 0.93682
10.2753 17.1569 0.93962
10.3739 17.2217 0.942391
10.4725 17.2858 0.945134
10.5711 17.3491 0.947849
10.6697 17.4118 0.950537
10.7683 17.4738 0.953198
10.8669 17.5352 0.955833
10.9655 17.5959 0.958443
11.0641 17.6559 0.961028
11.1627 17.7154 0.963589
11.2613 17.7743 0.966126
11.3599 17.8326 0.96864
11.4585 17.8903 0.971131
11.5571 17.9475 0.9736
11.6557 18.0041 0.976047
11.7543 18.0602 0.978471
11.8529 18.1158 0.980875
11.9515 18.1708 0.983257
12.0501 18.2253 0.985619
12.1486 18.2793 0.98796
12.2472 18.3328 0.990281
12.3458 18.3858 0.992582
12.4444 18.4383 0.994864
12.543 18.4904 0.997127
12.6416 18.5419 0.999371
12.7402 18.5931 1.0016
12.8388 18.6437 1.0038
12.9374 18.6939 1.00599
13.036 18.7437 1.00816
13.1346 18.7931 1.01032
13.2332 18.842 1.01245
13.3318 18.8905 1.01457
13.4304 18.9386 1.01668
13.529 18.9863 1.01876
13.6276 19.0335 1.02083
13.7262 19.0804 1.02289
13.8248 19.1269 1.02492
13.9234 19.173 1.02695
14.022 19.2188 1.02895
14.1206 19.2641 1.03094
14.2192 19.3091 1.03292
14.3178 19.3537 1.03488
14.4164 19.398 1.03683
14.515 19.4419 1.03876
14.6136 19.4855 1.04068
14.7122 19.5287 1.04259
14.8108 19.5716 1.04448
14.9094 19.6141 1.04636
15.008 19.6564 1.04822
15.1066 19.6983 1.05007
15.2052 19.7398 1.05191
15.3038 19.7811 1.05373
15.4024 19.8221 1.05555
15.501 19.8628 1.05735
15.5996 19.9031 1.05914
15.6982 19.9432 1.06091
15.7968 19.983 1.06268
15.8954 20.0225 1.06443
15.994 20.0618 1.06617
16.0926 20.1007 1.0679
16.1912 20.1394 1.06962
16.2898 20.1778 1.07133
16.3884 20.216 1.07302
16.487 20.2538 1.07471
16.5856 20.2915 1.07638
16.6842 20.3288 1.07805
16.7828 20.366 1.0797
16.8814 20.4028 1.08135
16.98 20.4394 1.08298
17.0786 20.4758 1.0846
17.1772 20.5119 1.08622
17.2758 20.5478 1.08782
17.3744 20.5835 1.08941
17.473 20.6189 1.091
17.5716 20.6541 1.09257
17.6702 20.6891 1.09414
17.7688 20.7238 1.09569
17.8674 20.7583 1.09724
17.966 20.7926 1.09877
18.0646 20.8267 1.1003
18.1632 20.8606 1.10182
18.2618 20.8942 1.10333
18.3604 20.9277 1.10483
18.459 20.9609 1.10633
18.5576 20.9939 1.10781
18.6562 21.0268 1.10929
18.7548 21.0594 1.11075
18.8534 21.0918 1.11221
18.952 21.124 1.11366
19.0506 21.1561 1.1151
19.1491 21.1879 1.11654
19.2477 21.2196 1.11797
19.3463 21.251 1.11938
19.4449 21.2823 1.1208
19.5435 21.3134 1.1222
19.6421 21.3443 1.12359
19.7407 21.375 1.12498
19.8393 21.4056 1.12636
19.9379 21.436 1.12774
20.0365 21.4662 1.1291
20.1351 21.4962 1.13046
20.2337 21.526 1.13181
20.3323 21.5557 1.13315
20.4309 21.5852 1.13449
20.5295 21.6146 1.13582
20.6281 21.6438 1.13714
20.7267 21.6728 1.13846
20.8253 21.7016 1.13977
20.9239 21.7303 1.14107
21.0225 21.7589 1.14237
21.1211 21.7873 1.14366
21.2197 21.8155 1.14494
21.3183 21.8436 1.14621
21.4169 21.8715 1.14748
21.5155 21.8992 1.14875
21.6141 21.9269 1.15
21.7127 21.9543 1.15126
21.8113 21.9817 1.1525
21.9099 22.0089 1.15374
22.0085 22.0359 1.15497
22.1071 22.0628 1.1562
22.2057 22.0896 1.15742
22.3043 22.1162 1.15863
22.4029 22.1427 1.15984
22.5015 22.1691 1.16105
22.6001 22.1953 1.16225
22.6987 22.2214 1.16344
22.7973 22.2474 1.16463
22.8959 22.2733 1.16581
22.9945 22.299 1.16698
23.0931 22.3246 1.16815
23.1917 22.35 1.16932
23.2903 22.3754 1.17048
23.3889 22.4006 1.17164
23.4875 22.4257 1.17278
23.5861 22.4506 1.17393
23.6847 22.4755 1.17507
23.7833 22.5002 1.1762
23.8819 22.5248 1.17733
23.9805 22.5493 1.17846
24.0791 22.5737 1.17958
24.1777 22.598 1.18069
24.2763 22.6221 1.1818
24.3749 22.6462 1.1829
24.4735 22.6701 1.184
24.5721 22.6939 1.1851
24.6707 22.7176 1.18619
24.7693 22.7412 1.18727
24.8679 22.7647 1.18836
24.9665 22.788 1.18943
25.0651 22.8113 1.1905
25.1637 22.8345 1.19157
25.2623 22.8575 1.19263
25.3609 22.8805 1.19369
25.4595 22.9033 1.19474
25.5581 22.9261 1.19579
25.6567 22.9487 1.19684
25.7553 22.9713 1.19788
25.8539 22.9937 1.19892
25.9525 23.0161 1.19995
26.0511 23.0383 1.20098
26.1496 23.0605 1.202
26.2482 23.0825 1.20302
26.3468 23.1045 1.20403
26.4454 23.1263 1.20505
26.544 23.1481 1.20605
26.6426 23.1698 1.20706
26.7412 23.1913 1.20806
26.8398 23.2128 1.20905
26.9384 23.2342 1.21004
27.037 23.2555 1.21103
27.1356 23.2767 1.21201
27.2342 23.2978 1.21299
27.3328 23.3189 1.21397
27.4314 23.3398 1.21494
27.53 23.3607 1.21591
27.6286 23.3815 1.21687
27.7272 23.4021 1.21783
27.8258 23.4227 1.21879
27.9244 23.4432 1.21974
28.023 23.4637 1.22069
28.1216 23.484 1.22164
28.2202 23.5043 1.22258
28.3188 23.5245 1.22352
28.4174 23.5446 1.22445
28.516 23.5646 1.22538
28.6146 23.5845 1.22631
28.7132 23.6044 1.22724
28.8118 23.6241 1.22816
28.9104 23.6438 1.22908
29.009 23.6634 1.22999
29.1076 23.683 1.2309
29.2062 23.7024 1.23181
29.3048 23.7218 1.23271
29.4034 23.7411 1.23361
29.502 23.7604 1.23451
29.6006 23.7795 1.23541
29.6992 23.7986 1.2363
29.7978 23.8176 1.23718
29.8964 23.8366 1.23807
29.995 23.8554 1.23895
30.0936 23.8742 1.23983
30.1922 23.8929 1.2407
30.2908 23.9116 1.24158
30.3894 23.9301 1.24244
30.488 23.9486 1.24331
30.5866 23.9671 1.24417
30.6852 23.9854 1.24503
30.7838 24.0037 1.24589
30.8824 24.022 1.24674
30.981 24.0401 1.24759
31.0796 24.0582 1.24844
31.1782 24.0762 1.24929
31.2768 24.0942 1.25013
31.3754 24.1121 1.25097
31.474 24.1299 1.2518
31.5726 24.1476 1.25264
31.6712 24.1653 1.25347
31.7698 24.183 1.2543
31.8684 24.2005 1.25512
31.967 24.218 1.25594
32.0656 24.2355 1.25676
32.1642 24.2529 1.25758
32.2628 24.2702 1.25839
32.3614 24.2874 1.2592
32.46 24.3046 1.26001
32.5586 24.3218 1.26082
32.6572 24.3388 1.26162
32.7558 24.3558 1.26242
32.8544 24.3728 1.26322
32.953 24.3897 1.26402
33.0516 24.4065 1.26481
33.1502 24.4233 1.2656
33.2487 24.44 1.26639
33.3473 24.4567 1.26717
33.4459 24.4733 1.26796
33.5445 24.4899 1.26874
33.6431 24.5064 1.26952
33.7417 24.5228 1.27029
33.8403 24.5392 1.27106
33.9389 24.5555 1.27184
34.0375 24.5718 1.2726
34.1361 24.588 1.27337
34.2347 24.6042 1.27413
34.3333 24.6203 1.27489
34.4319 24.6363 1.27565
34.5305 24.6523 1.27641
34.6291 24.6683 1.27716
34.7277 24.6842 1.27792
34.8263 24.7 1.27866
34.9249 24.7158 1.27941
35.0235 24.7316 1.28016
35.1221 24.7473 1.2809
35.2207 24.7629 1.28164
35.3193 24.7785 1.28238
35.4179 24.794 1.28311
35.5165 24.8095 1.28385
35.6151 24.825 1.28458
35.7137 24.8404 1.28531
35.8123 24.8557 1.28604
35.9109 24.871 1.28676
36.0095 24.8862 1.28748
36.1081 24.9014 1.28821
36.2067 24.9166 1.28892
36.3053 24.9317 1.28964
36.4039 24.9467 1.29035
36.5025 24.9617 1.29107
36.6011 24.9767 1.29178
36.6997 24.9916 1.29249
36.7983 25.0064 1.29319
36.8969 25.0213 1.2939
36.9955 25.036 1.2946
37.0941 25.0508 1.2953
37.1927 25.0654 1.296
37.2913 25.0801 1.29669
37.3899 25.0947 1.29739
37.4885 25.1092 1.29808
37.5871 25.1237 1.29877
37.6857 25.1382 1.29946
37.7843 25.1526 1.30014
37.8829 25.1669 1.30083
37.9815 25.1813 1.30151
38.0801 25.1956 1.30219
38.1787 25.2098 1.30287
38.2773 25.224 1.30354
38.3759 25.2381 1.30422
38.4745 25.2523 1.30489
38.5731 25.2663 1.30556
38.6717 25.2803 1.30623
38.7703 25.2943 1.3069
38.8689 25.3083 1.30756
38.9675 25.3222 1.30823
39.0661 25.336 1.30889
39.1647 25.3499 1.30955
39.2633 25.3636 1.31021
39.3619 25.3774 1.31086
39.4605 25.3911 1.31152
39.5591 25.4047 1.31217
39.6577 25.4184 1.31282
39.7563 25.4319 1.31347
39.8549 25.4455 1.31412
39.9535 25.459 1.31476
40.0521 25.4725 1.31541
40.1507 25.4859 1.31605
40.2492 25.4993 1.31669
40.3478 25.5126 1.31733
40.4464 25.5259 1.31797
40.545 25.5392 1.3186
40.6436 25.5524 1.31924
40.7422 25.5656 1.31987
40.8408 25.5788 1.3205
40.9394 25.5919 1.32113
41.038 25.605 1.32175
41.1366 25.6181 1.32238
41.2352 25.6311 1.323
41.3338 25.6441 1.32363
41.4324 25.657 1.32425
41.531 25.6699 1.32486
41.6296 25.6828 1.32548
41.7282 25.6956 1.3261
41.8268 25.7084 1.32671
41.9254 25.7212 1.32732
42.024 25.7339 1.32794
42.1226 25.7466 1.32855
42.2212 25.7592 1.32915
42.3198 25.7719 1.32976
42.4184 25.7845 1.33036
42.517 25.797 1.33097
42.6156 25.8095 1.33157
42.7142 25.822 1.33217
42.8128 25.8345 1.33277
42.9114 25.8469 1.33337
43.01 25.8593 1.33396
43.1086 25.8716 1.33456
43.2072 25.884 1.33515
43.3058 25.8962 1.33574
43.4044 25.9085 1.33633
43.503 25.9207 1.33692
43.6016 25.9329 1.33751
43.7002 25.9451 1.33809
43.7988 25.9572 1.33867
43.8974 25.9693 1.33926
43.996 25.9814 1.33984
44.0946 25.9934 1.34042
44.1932 26.0054 1.341
44.2918 26.0174 1.34157
44.3904 26.0293 1.34215
44.489 26.0412 1.34272
44.5876 26.0531 1.3433
44.6862 26.0649 1.34387
44.7848 26.0767 1.34444
44.8834 26.0885 1.34501
44.982 26.1003 1.34557
45.0806 26.112 1.34614
45.1792 26.1237 1.3467
45.2778 26.1353 1.34727
45.3764 26.147 1.34783
45.475 26.1586 1.34839
45.5736 26.1701 1.34895
45.6722 26.1817 1.34951
45.7708 26.1932 1.35006
45.8694 26.2047 1.35062
45.968 26.2162 1.35117
46.0666 26.2276 1.35172
46.1652 26.239 1.35227
46.2638 26.2503 1.35282
46.3624 26.2617 1.35337
46.461 26.273 1.35392
46.5596 26.2843 1.35447
46.6582 26.2955 1.35501
46.7568 26.3068 1.35556
46.8554 26.318 1.3561
46.954 26.3292 1.35664
47.0526 26.3403 1.35718
47.1512 26.3514 1.35772
47.2497 26.3625 1.35825
47.3483 26.3736 1.35879
47.4469 26.3846 1.35933
47.5455 26.3956 1.35986
47.6441 26.4066 1.36039
47.7427 26.4176 1.36092
47.8413 26.4285 1.36145
47.9399 26.4394 1.36198
48.0385 26.4503 1.36251
48.1371 26.4611 1.36304
48.2357 26.472 1.36356
48.3343 26.4828 1.36409
48.4329 26.4935 1.36461
48.5315 26.5043 1.36513
48.6301 26.515 1.36565
48.7287 26.5257 1.36617
48.8273 26.5364 1.36669
48.9259 26.547 1.36721
49.0245 26.5577 1.36772
49.1231 26.5683 1.36824
49.2217 26.5788 1.36875
49.3203 26.5894 1.36927
49.4189 26.5999 1.36978
49.5175 26.6104 1.37029
49.6161 26.6209 1.3708
49.7147 26.6314 1.37131
49.8133 26.6418 1.37181
49.9119 26.6522 1.37232
50.0105 26.6626 1.37283
50.1091 26.6729 1.37333
50.2077 26.6833 1.37383
50.3063 26.6936 1.37433
50.4049 26.7039 1.37484
50.5035 26.7141 1.37534
50.6021 26.7244 1.37583
50.7007 26.7346 1.37633
50.7993 26.7448 1.37683
50.8979 26.755 1.37732
50.9965 26.7651 1.37782
51.0951 26.7752 1.37831
51.1937 26.7854 1.37881
51.2923 26.7954 1.3793
51.3909 26.8055 1.37979
51.4895 26.8155 1.38028
51.5881 26.8255 1.38077
51.6867 26.8355 1.38125
51.7853 26.8455 1.38174
51.8839 26.8555 1.38223
51.9825 26.8654 1.38271
52.0811 26.8753 1.38319
52.1797 26.8852 1.38368
52.2783 26.895 1.38416
52.3769 26.9049 1.38464
52.4755 26.9147 1.38512
52.5741 26.9245 1.3856
52.6727 26.9343 1.38607
52.7713 26.944 1.38655
52.8699 26.9537 1.38703
52.9685 26.9635 1.3875
53.0671 26.9731 1.38797
53.1657 26.9828 1.38845
53.2643 26.9925 1.38892
53.3629 27.0021 1.38939
53.4615 27.0117 1.38986
53.5601 27.0213 1.39033
53.6587 27.0309 1.3908
53.7573 27.0404 1.39126
53.8559 27.0499 1.39173
53.9545 27.0594 1.3922
54.0531 27.0689 1.39266
54.1517 27.0784 1.39312
54.2503 27.0878 1.39359
54.3488 27.0973 1.39405
54.4474 27.1067 1.39451
54.546 27.116 1.39497
54.6446 27.1254 1.39543
54.7432 27.1348 1.39589
54.8418 27.1441 1.39634
54.9404 27.1534 1.3968
55.039 27.1627 1.39726
55.1376 27.172 1.39771
55.2362 27.1812 1.39816
55.3348 27.1904 1.39862
55.4334 27.1996 1.39907
55.532 27.2088 1.39952
55.6306 27.218 1.39997
55.7292 27.2272 1.40042
55.8278 27.2363 1.40087
55.9264 27.2454 1.40131
56.025 27.2545 1.40176
56.1236 27.2636 1.40221
56.2222 27.2726 1.40265
56.3208 27.2817 1.4031
56.4194 27.2907 1.40354
56.518 27.2997 1.40398
56.6166 27.3087 1.40442
56.7152 27.3177 1.40486
56.8138 27.3266 1.4053
56.9124 27.3356 1.40574
57.011 27.3445 1.40618
57.1096 27.3534 1.40662
57.2082 27.3623 1.40706
57.3068 27.3711 1.40749
57.4054 27.38 1.40793
57.504 27.3888 1.40836
57.6026 27.3976 1.40879
57.7012 27.4064 1.40923
57.7998 27.4152 1.40966
57.8984 27.4239 1.41009
57.997 27.4326 1.41052
58.0956 27.4414 1.41095
58.1942 27.4501 1.41138
58.2928 27.4588 1.41181
58.3914 27.4674 1.41223
58.49 27.4761 1.41266
58.5886 27.4847 1.41308
58.6872 27.4933 1.41351
58.7858 27.5019 1.41393
58.8844 27.5105 1.41436
58.983 27.5191 1.41478
59.0816 27.5276 1.4152
59.1802 27.5362 1.41562
59.2788 27.5447 1.41604
59.3774 27.5532 1.41646
59.476 27.5617 1.41688
59.5746 27.5702 1.4173
59.6732 27.5786 1.41771
59.7718 27.587 1.41813
59.8704 27.5955 1.41854
59.969 27.6039 1.41896
60.0676 27.6123 1.41937
60.1662 27.6206 1.41979
60.2648 27.629 1.4202
60.3634 27.6373 1.42061
60.462 27.6456 1.42102
60.5606 27.654 1.42143
60.6592 27.6622 1.42184
60.7578 27.6705 1.42225
60.8564 27.6788 1.42266
60.955 27.687 1.42307
61.0536 27.6953 1.42347
61.1522 27.7035 1.42388
61.2508 27.7117 1.42429
61.3493 27.7199 1.42469
61.4479 27.728 1.42509
61.5465 27.7362 1.4255
61.6451 27.7443 1.4259
61.7437 27.7524 1.4263
61.8423 27.7605 1.4267
61.9409 27.7686 1.4271
62.0395 27.7767 1.4275
62.1381 27.7848 1.4279
62.2367 27.7928 1.4283
62.3353 27.8009 1.4287
62.4339 27.8089 1.42909
62.5325 27.8169 1.42949
62.6311 27.8249 1.42989
62.7297 27.8328 1.43028
62.8283 27.8408 1.43068
62.9269 27.8487 1.43107
63.0255 27.8567 1.43146
63.1241 27.8646 1.43185
63.2227 27.8725 1.43225
63.3213 27.8804 1.43264
63.4199 27.8883 1.43303
63.5185 27.8961 1.43342
63.6171 27.904 1.43381
63.7157 27.9118 1.43419
63.8143 27.9196 1.43458
63.9129 27.9274 1.43497
64.0115 27.9352 1.43535
64.1101 27.943 1.43574
64.2087 27.9507 1.43612
64.3073 27.9585 1.43651
64.4059 27.9662 1.43689
64.5045 27.9739 1.43728
64.6031 27.9816 1.43766
64.7017 27.9893 1.43804
64.8003 27.997 1.43842
64.8989 28.0047 1.4388
64.9975 28.0123 1.43918
65.0961 28.0199 1.43956
65.1947 28.0276 1.43994
65.2933 28.0352 1.44032
65.3919 28.0428 1.44069
65.4905 28.0503 1.44107
65.5891 28.0579 1.44145
65.6877 28.0655 1.44182
65.7863 28.073 1.4422
65.8849 28.0805 1.44257
65.9835 28.0881 1.44295
66.0821 28.0956 1.44332
66.1807 28.1031 1.44369
66.2793 28.1105 1.44406
66.3779 28.118 1.44443
66.4765 28.1254 1.4448
66.5751 28.1329 1.44517
66.6737 28.1403 1.44554
66.7723 28.1477 1.44591
66.8709 28.1551 1.44628
66.9695 28.1625 1.44665
67.0681 28.1699 1.44702
67.1667 28.1772 1.44738
67.2653 28.1846 1.44775
67.3639 28.1919 1.44811
67.4625 28.1992 1.44848
67.5611 28.2066 1.44884
67.6597 28.2139 1.44921
67.7583 28.2211 1.44957
67.8569 28.2284 1.44993
67.9555 28.2357 1.45029
68.0541 28.2429 1.45065
68.1527 28.2502 1.45101
68.2513 28.2574 1.45137
68.3498 28.2646 1.45173
68.4484 28.2718 1.45209
68.547 28.279 1.45245
68.6456 28.2862 1.45281
68.7442 28.2933 1.45317
68.8428 28.3005 1.45352
68.9414 28.3076 1.45388
69.04 28.3147 1.45423
69.1386 28.3219 1.45459
69.2372 28.329 1.45494
69.3358 28.3361 1.4553
69.4344 28.3431 1.45565
69.533 28.3502 1.456
69.6316 28.3573 1.45636
69.7302 28.3643 1.45671
69.8288 28.3713 1.45706
69.9274 28.3784 1.45741
70.026 28.3854 1.45776
70.1246 28.3924 1.45811
70.2232 28.3994 1.45846
70.3218 28.4063 1.45881
70.4204 28.4133 1.45916
70.519 28.4203 1.4595
70.6176 28.4272 1.45985
70.7162 28.4341 1.4602
70.8148 28.441 1.46054
70.9134 28.448 1.46089
71.012 28.4548 1.46123
71.1106 28.4617 1.46158
71.2092 28.4686 1.46192
71.3078 28.4755 1.46226
71.4064 28.4823 1.46261
71.505 28.4892 1.46295
71.6036 28.496 1.46329
71.7022 28.5028 1.46363
71.8008 28.5096 1.46397
71.8994 28.5164 1.46431
71.998 28.5232 1.46465
72.0966 28.53 1.46499
72.1952 28.5367 1.46533
72.2938 28.5435 1.46567
72.3924 28.5502 1.466
72.491 28.557 1.46634
72.5896 28.5637 1.46668
72.6882 28.5704 1.46701
72.7868 28.5771 1.46735
72.8854 28.5838 1.46768
72.984 28.5905 1.46802
73.0826 28.5971 1.46835
73.1812 28.6038 1.46869
73.2798 28.6104 1.46902
73.3784 28.6171 1.46935
73.477 28.6237 1.46968
73.5756 28.6303 1.47001
73.6742 28.6369 1.47035
73.7728 28.6435 1.47068
73.8714 28.6501 1.47101
73.97 28.6567 1.47134
74.0686 28.6632 1.47166
74.1672 28.6698 1.47199
74.2658 28.6763 1.47232
74.3644 28.6829 1.47265
74.463 28.6894 1.47298
74.5616 28.6959 1.4733
74.6602 28.7024 1.47363
74.7588 28.7089 1.47396
74.8574 28.7154 1.47428
74.956 28.7219 1.47461
75.0546 28.7283 1.47493
75.1532 28.7348 1.47525
75.2518 28.7412 1.47558
75.3504 28.7476 1.4759
75.4489 28.7541 1.47622
75.5475 28.7605 1.47654
75.6461 28.7669 1.47687
75.7447 28.7733 1.47719
75.8433 28.7797 1.47751
75.9419 28.786 1.47783
76.0405 28.7924 1.47815
76.1391 28.7988 1.47847
76.2377 28.8051 1.47879
76.3363 28.8114 1.47911
76.4349 28.8178 1.47942
76.5335 28.8241 1.47974
76.6321 28.8304 1.48006
76.7307 28.8367 1.48037
76.8293 28.843 1.48069
76.9279 28.8493 1.48101
77.0265 28.8555 1.48132
77.1251 28.8618 1.48164
77.2237 28.868 1.48195
77.3223 28.8743 1.48227
77.4209 28.8805 1.48258
77.5195 28.8867 1.48289
77.6181 28.893 1.48321
77.7167 28.8992 1.48352
77.8153 28.9054 1.48383
77.9139 28.9116 1.48414
78.0125 28.9177 1.48445
78.1111 28.9239 1.48476
78.2097 28.9301 1.48507
78.3083 28.9362 1.48538
78.4069 28.9424 1.48569
78.5055 28.9485 1.486
78.6041 28.9546 1.48631
78.7027 28.9607 1.48662
78.8013 28.9668 1.48693
78.8999 28.9729 1.48723
78.9985 28.979 1.48754
79.0971 28.9851 1.48785
79.1957 28.9912 1.48815
79.2943 28.9972 1.48846
79.3929 29.0033 1.48876
79.4915 29.0093 1.48907
79.5901 29.0154 1.48937
79.6887 29.0214 1.48968
79.7873 29.0274 1.48998
79.8859 29.0334 1.49028
79.9845 29.0394 1.49058
80.0831 29.0454 1.49089
80.1817 29.0514 1.49119
80.2803 29.0574 1.49149
80.3789 29.0634 1.49179
80.4775 29.0693 1.49209
80.5761 29.0753 1.49239
80.6747 29.0812 1.49269
80.7733 29.0871 1.49299
80.8719 29.0931 1.49329
80.9705 29.099 1.49359
81.0691 29.1049 1.49389
81.1677 29.1108 1.49419
81.2663 29.1167 1.49448
81.3649 29.1226 1.49478
81.4635 29.1284 1.49508
81.5621 29.1343 1.49537
81.6607 29.1402 1.49567
81.7593 29.146 1.49597
81.8579 29.1519 1.49626
81.9565 29.1577 1.49656
82.0551 29.1635 1.49685
82.1537 29.1693 1.49714
82.2523 29.1752 1.49744
82.3509 29.181 1.49773
82.4494 29.1867 1.49802
82.548 29.1925 1.49832
82.6466 29.1983 1.49861
82.7452 29.2041 1.4989
82.8438 29.2098 1.49919
82.9424 29.2156 1.49948
83.041 29.2213 1.49977
83.1396 29.2271 1.50006
83.2382 29.2328 1.50035
83.3368 29.2385 1.50064
83.4354 29.2442 1.50093
83.534 29.25 1.50122
83.6326 29.2557 1.50151
83.7312 29.2613 1.5018
83.8298 29.267 1.50209
83.9284 29.2727 1.50237
84.027 29.2784 1.50266
84.1256 29.284 1.50295
84.2242 29.2897 1.50323
84.3228 29.2953 1.50352
84.4214 29.301 1.5038
84.52 29.3066 1.50409
84.6186 29.3122 1.50437
84.7172 29.3178 1.50466
84.8158 29.3234 1.50494
84.9144 29.329 1.50523
85.013 29.3346 1.50551
85.1116 29.3402 1.50579
85.2102 29.3458 1.50607
85.3088 29.3513 1.50636
85.4074 29.3569 1.50664
85.506 29.3625 1.50692
85.6046 29.368 1.5072
85.7032 29.3735 1.50748
85.8018 29.3791 1.50776
85.9004 29.3846 1.50804
85.999 29.3901 1.50832
86.0976 29.3956 1.5086
86.1962 29.4011 1.50888
86.2948 29.4066 1.50916
86.3934 29.4121 1.50944
86.492 29.4176 1.50972
86.5906 29.4231 1.50999
86.6892 29.4285 1.51027
86.7878 29.434 1.51055
86.8864 29.4394 1.51083
86.985 29.4449 1.5111
87.0836 29.4503 1.51138
87.1822 29.4557 1.51165
87.2808 29.4612 1.51193
87.3794 29.4666 1.5122
87.478 29.472 1.51248
87.5766 29.4774 1.51275
87.6752 29.4828 1.51303
87.7738 29.4882 1.5133
87.8724 29.4935 1.51357
87.971 29.4989 1.51385
88.0696 29.5043 1.51412
88.1682 29.5096 1.51439
88.2668 29.515 1.51466
88.3654 29.5203 1.51494
88.464 29.5257 1.51521
88.5626 29.531 1.51548
88.6612 29.5363 1.51575
88.7598 29.5417 1.51602
88.8584 29.547 1.51629
88.957 29.5523 1.51656
89.0556 29.5576 1.51683
89.1542 29.5629 1.5171
89.2528 29.5681 1.51737
89.3514 29.5734 1.51763
89.4499 29.5787 1.5179
89.5485 29.5839 1.51817
89.6471 29.5892 1.51844
89.7457 29.5944 1.5187
89.8443 29.5997 1.51897
89.9429 29.6049 1.51924
90.0415 29.6102 1.5195
90.1401 29.6154 1.51977
90.2387 29.6206 1.52003
90.3373 29.6258 1.5203
90.4359 29.631 1.52056
90.5345 29.6362 1.52083
90.6331 29.6414 1.52109
90.7317 29.6466 1.52136
90.8303 29.6518 1.52162
90.9289 29.6569 1.52188
91.0275 29.6621 1.52215
91.1261 29.6672 1.52241
91.2247 29.6724 1.52267
91.3233 29.6775 1.52293
91.4219 29.6827 1.5232
91.5205 29.6878 1.52346
91.6191 29.6929 1.52372
91.7177 29.698 1.52398
91.8163 29.7032 1.52424
91.9149 29.7083 1.5245
92.0135 29.7134 1.52476
92.1121 29.7185 1.52502
92.2107 29.7235 1.52528
92.3093 29.7286 1.52554
92.4079 29.7337 1.5258
92.5065 29.7388 1.52606
92.6051 29.7438 1.52631
92.7037 29.7489 1.52657
92.8023 29.7539 1.52683
92.9009 29.759 1.52709
92.9995 29.764 1.52734
93.0981 29.769 1.5276
93.1967 29.7741 1.52786
93.2953 29.7791 1.52811
93.3939 29.7841 1.52837
93.4925 29.7891 1.52862
93.5911 29.7941 1.52888
93.6897 29.7991 1.52913
93.7883 29.8041 1.52939
93.8869 29.809 1.52964
93.9855 29.814 1.5299
94.0841 29.819 1.53015
94.1827 29.8239 1.5304
94.2813 29.8289 1.53066
94.3799 29.8339 1.53091
94.4785 29.8388 1.53116
94.5771 29.8437 1.53141
94.6757 29.8487 1.53167
94.7743 29.8536 1.53192
94.8729 29.8585 1.53217
94.9715 29.8634 1.53242
95.0701 29.8683 1.53267
95.1687 29.8732 1.53292
95.2673 29.8781 1.53317
95.3659 29.883 1.53342
95.4645 29.8879 1.53367
95.5631 29.8928 1.53392
95.6617 29.8977 1.53417
95.7603 29.9025 1.53442
95.8589 29.9074 1.53467
95.9575 29.9122 1.53492
96.0561 29.9171 1.53516
96.1547 29.9219 1.53541
96.2533 29.9268 1.53566
96.3519 29.9316 1.53591
96.4505 29.9364 1.53615
96.549 29.9413 1.5364
96.6476 29.9461 1.53665
96.7462 29.9509 1.53689
96.8448 29.9557 1.53714
96.9434 29.9605 1.53738
97.042 29.9653 1.53763
97.1406 29.9701 1.53787
97.2392 29.9748 1.53812
97.3378 29.9796 1.53836
97.4364 29.9844 1.53861
97.535 29.9892 1.53885
97.6336 29.9939 1.53909
97.7322 29.9987 1.53934
97.8308 30.0034 1.53958
97.9294 30.0082 1.53982
98.028 30.0129 1.54007
98.1266 30.0176 1.54031
98.2252 30.0223 1.54055
98.3238 30.0271 1.54079
98.4224 30.0318 1.54103
98.521 30.0365 1.54127
98.6196 30.0412 1.54152
98.7182 30.0459 1.54176
98.8168 30.0506 1.542
98.9154 30.0553 1.54224
99.014 30.0599 1.54248
99.1126 30.0646 1.54272
99.2112 30.0693 1.54296
99.3098 30.074 1.5432
99.4084 30.0786 1.54343
99.507 30.0833 1.54367
99.6056 30.0879 1.54391
99.7042 30.0926 1.54415
99.8028 30.0972 1.54439
99.9014 30.1018 1.54462
100 30.1065 1.54486
