1.5 2.03864 0.3941
1.5986 2.5516 0.410589
1.6972 3.04182 0.426501
1.7958 3.50854 0.441785
1.89439 3.95474 0.456507
1.99299 4.38117 0.470677
2.09159 4.7881 0.484291
2.19019 5.17766 0.497402
2.28879 5.55136 0.510049
2.38739 5.90973 0.522241
2.48599 6.25332 0.533993
2.58458 6.58337 0.545337
2.68318 6.90136 0.556313
2.78178 7.2078 0.566936
2.88038 7.5032 0.577218
2.97898 7.78803 0.587173
3.07758 8.06281 0.596816
3.17618 8.32863 0.606177
3.27477 8.58605 0.615273
3.37337 8.83544 0.624114
3.47197 9.07715 0.632711
3.57057 9.3115 0.641073
3.66917 9.53882 0.64921
3.76777 9.75938 0.65713
3.86637 9.97452 0.664848
3.96496 10.185 0.672379
4.06356 10.3905 0.67973
4.16216 10.5907 0.686907
4.26076 10.7854 0.693919
4.35936 10.9743 0.70077
4.45796 11.1572 0.707467
4.55656 11.3342 0.714016
4.65516 11.505 0.720421
4.75375 11.6696 0.726689
4.85235 11.8284 0.732826
4.95095 11.9819 0.738842
5.04955 12.1305 0.74474
5.14815 12.2748 0.750524
5.24675 12.415 0.756198
5.34535 12.5517 0.761764
5.44394 12.685 0.767227
5.54254 12.8153 0.772589
5.64114 12.9429 0.777854
5.73974 13.068 0.783024
5.83834 13.1909 0.788102
5.93694 13.3118 0.793091
6.03554 13.4308 0.797994
6.13413 13.5482 0.802813
6.23273 13.6638 0.807551
6.33133 13.7773 0.812215
6.42993 13.889 0.816804
6.52853 13.9988 0.821322
6.62713 14.1068 0.82577
6.72573 14.213 0.830151
6.82432 14.3174 0.834466
6.92292 14.4202 0.838717
7.02152 14.5214 0.842905
7.12012 14.621 0.847032
7.21872 14.719 0.8511
7.31732 14.8155 0.85511
7.41592 14.9106 0.859063
7.51451 15.0042 0.862962
7.61311 15.0964 0.866807
7.71171 15.1873 0.870599
7.81031 15.2768 0.87434
7.90891 15.365 0.878031
8.00751 15.452 0.881673
8.10611 15.5377 0.885268
8.2047 15.6223 0.888817
8.3033 15.7057 0.892322
8.4019 15.7881 0.895784
8.5005 15.8693 0.899204
8.5991 15.9495 0.902582
8.6977 16.0287 0.905921
8.7963 16.1069 0.90922
8.89489 16.1841 0.912481
8.99349 16.2603 0.915704
9.09209 16.3356 0.91889
9.19069 16.41 0.92204
9.28929 16.4834 0.925155
9.38789 16.556 0.928235
9.48649 16.6277 0.93128
9.58509 16.6986 0.934293
9.68368 16.7686 0.937273
9.78228 16.8378 0.94022
9.88088 16.9063 0.943137
9.97948 16.9739 0.946022
10.0781 17.0408 0.948877
10.1767 17.1069 0.951703
10.2753 17.1723 0.954499
10.3739 17.237 0.957267
10.4725 17.3009 0.960006
10.5711 17.3642 0.962718
10.6697 17.4268 0.965403
10.7683 17.4887 0.968062
10.8669 17.5499 0.970694
10.9655 17.6105 0.9733
11.0641 17.6705 0.975882
11.1627 17.7299 0.97844
11.2613 17.7887 0.980975
11.3599 17.8469 0.983486
11.4585 17.9046 0.985974
11.5571 17.9616 0.98844
11.6557 18.0182 0.990884
11.7543 18.0742 0.993306
11.8529 18.1296 0.995707
11.9515 18.1845 0.998087
12.0501 18.239 1.00045
12.1486 18.2929 1.00278
12.2472 18.3463 1.0051
12.3458 18.3992 1.0074
12.4444 18.4517 1.00968
12.543 18.5036 1.01194
12.6416 18.5551 1.01418
12.7402 18.6062 1.01641
12.8388 18.6568 1.01861
12.9374 18.7069 1.0208
13.036 18.7566 1.02297
13.1346 18.8059 1.02512
13.2332 18.8547 1.02725
13.3318 18.9032 1.02937
13.4304 18.9512 1.03147
13.529 18.9988 1.03355
13.6276 19.046 1.03562
13.7262 19.0928 1.03767
13.8248 19.1392 1.03971
13.9234 19.1853 1.04173
14.022 19.2309 1.04373
14.1206 19.2762 1.04572
14.2192 19.3211 1.0477
14.3178 19.3657 1.04966
14.4164 19.4099 1.0516
14.515 19.4538 1.05353
14.6136 19.4973 1.05545
14.7122 19.5404 1.05735
14.8108 19.5833 1.05924
14.9094 19.6257 1.06112
15.008 19.6679 1.06298
15.1066 19.7097 1.06483
15.2052 19.7513 1.06666
15.3038 19.7925 1.06849
15.4024 19.8334 1.0703
15.501 19.874 1.07209
15.5996 19.9143 1.07388
15.6982 19.9544 1.07566
15.7968 19.9941 1.07742
15.8954 20.0336 1.07917
15.994 20.0728 1.08091
16.0926 20.1117 1.08264
16.1912 20.1503 1.08435
16.2898 20.1887 1.08606
16.3884 20.2267 1.08775
16.487 20.2646 1.08944
16.5856 20.3022 1.09111
16.6842 20.3395 1.09277
16.7828 20.3765 1.09442
16.8814 20.4134 1.09607
16.98 20.4499 1.0977
17.0786 20.4863 1.09932
17.1772 20.5223 1.10093
17.2758 20.5582 1.10253
17.3744 20.5938 1.10412
17.473 20.6292 1.10571
17.5716 20.6643 1.10728
17.6702 20.6993 1.10884
17.7688 20.7339 1.1104
17.8674 20.7684 1.11194
17.966 20.8027 1.11348
18.0646 20.8367 1.115
18.1632 20.8705 1.11652
18.2618 20.9042 1.11803
18.3604 20.9376 1.11953
18.459 20.9707 1.12102
18.5576 21.0037 1.1225
18.6562 21.0365 1.12397
18.7548 21.0691 1.12544
18.8534 21.1015 1.1269
18.952 21.1337 1.12835
19.0506 21.1657 1.12979
19.1491 21.1975 1.13122
19.2477 21.2291 1.13265
19.3463 21.2605 1.13406
19.4449 21.2918 1.13547
19.5435 21.3228 1.13687
19.6421 21.3537 1.13827
19.7407 21.3844 1.13965
19.8393 21.4149 1.14103
19.9379 21.4452 1.1424
20.0365 21.4754 1.14377
20.1351 21.5054 1.14512
20.2337 21.5352 1.14647
20.3323 21.5648 1.14782
20.4309 21.5943 1.14915
20.5295 21.6236 1.15048
20.6281 21.6528 1.1518
20.7267 21.6818 1.15312
20.8253 21.7106 1.15442
20.9239 21.7392 1.15572
21.0225 21.7677 1.15702
21.1211 21.7961 1.15831
21.2197 21.8243 1.15959
21.3183 21.8523 1.16086
21.4169 21.8802 1.16213
21.5155 21.908 1.16339
21.6141 21.9355 1.16465
21.7127 21.963 1.1659
21.8113 21.9903 1.16714
21.9099 22.0175 1.16838
22.0085 22.0445 1.16961
22.1071 22.0714 1.17083
22.2057 22.0981 1.17205
22.3043 22.1247 1.17327
22.4029 22.1512 1.17448
22.5015 22.1775 1.17568
22.6001 22.2037 1.17688
22.6987 22.2298 1.17807
22.7973 22.2557 1.17925
22.8959 22.2815 1.18043
22.9945 22.3072 1.18161
23.0931 22.3328 1.18278
23.1917 22.3582 1.18394
23.2903 22.3835 1.1851
23.3889 22.4087 1.18625
23.4875 22.4338 1.1874
23.5861 22.4587 1.18854
23.6847 22.4835 1.18968
23.7833 22.5082 1.19082
23.8819 22.5328 1.19194
23.9805 22.5573 1.19307
24.0791 22.5816 1.19418
24.1777 22.6059 1.1953
24.2763 22.63 1.19641
24.3749 22.654 1.19751
24.4735 22.6779 1.19861
24.5721 22.7017 1.1997
24.6707 22.7254 1.20079
24.7693 22.7489 1.20187
24.8679 22.7724 1.20295
24.9665 22.7957 1.20403
25.0651 22.819 1.2051
25.1637 22.8421 1.20616
25.2623 22.8652 1.20723
25.3609 22.8881 1.20828
25.4595 22.9109 1.20934
25.5581 22.9336 1.21038
25.6567 22.9562 1.21143
25.7553 22.9788 1.21247
25.8539 23.0012 1.2135
25.9525 23.0235 1.21453
26.0511 23.0457 1.21556
26.1496 23.0679 1.21658
26.2482 23.0899 1.2176
26.3468 23.1118 1.21861
26.4454 23.1336 1.21962
26.544 23.1554 1.22063
26.6426 23.177 1.22163
26.7412 23.1986 1.22263
26.8398 23.2201 1.22362
26.9384 23.2414 1.22461
27.037 23.2627 1.2256
27.1356 23.2839 1.22658
27.2342 23.305 1.22756
27.3328 23.326 1.22854
27.4314 23.3469 1.22951
27.53 23.3678 1.23047
27.6286 23.3885 1.23144
27.7272 23.4092 1.2324
27.8258 23.4297 1.23335
27.9244 23.4502 1.2343
28.023 23.4706 1.23525
28.1216 23.491 1.2362
28.2202 23.5112 1.23714
28.3188 23.5314 1.23807
28.4174 23.5514 1.23901
28.516 23.5714 1.23994
28.6146 23.5913 1.24087
28.7132 23.6112 1.24179
28.8118 23.6309 1.24271
28.9104 23.6506 1.24363
29.009 23.6702 1.24454
29.1076 23.6897 1.24545
29.2062 23.7092 1.24636
29.3048 23.7285 1.24726
29.4034 23.7478 1.24816
29.502 23.767 1.24906
29.6006 23.7862 1.24995
29.6992 23.8052 1.25084
29.7978 23.8242 1.25173
29.8964 23.8431 1.25261
29.995 23.862 1.25349
30.0936 23.8808 1.25437
30.1922 23.8994 1.25524
30.2908 23.9181 1.25611
30.3894 23.9366 1.25698
30.488 23.9551 1.25785
30.5866 23.9735 1.25871
30.6852 23.9919 1.25957
30.7838 24.0101 1.26042
30.8824 24.0284 1.26127
30.981 24.0465 1.26212
31.0796 24.0646 1.26297
31.1782 24.0826 1.26381
31.2768 24.1005 1.26466
31.3754 24.1184 1.26549
31.474 24.1362 1.26633
31.5726 24.1539 1.26716
31.6712 24.1716 1.26799
31.7698 24.1892 1.26882
31.8684 24.2067 1.26964
31.967 24.2242 1.27046
32.0656 24.2417 1.27128
32.1642 24.259 1.2721
32.2628 24.2763 1.27291
32.3614 24.2936 1.27372
32.46 24.3107 1.27453
32.5586 24.3278 1.27533
32.6572 24.3449 1.27614
32.7558 24.3619 1.27694
32.8544 24.3788 1.27773
32.953 24.3957 1.27853
33.0516 24.4125 1.27932
33.1502 24.4293 1.28011
33.2487 24.446 1.2809
33.3473 24.4627 1.28168
33.4459 24.4793 1.28246
33.5445 24.4958 1.28324
33.6431 24.5123 1.28402
33.7417 24.5287 1.2848
33.8403 24.5451 1.28557
33.9389 24.5614 1.28634
34.0375 24.5776 1.28711
34.1361 24.5938 1.28787
34.2347 24.61 1.28863
34.3333 24.6261 1.28939
34.4319 24.6421 1.29015
34.5305 24.6581 1.29091
34.6291 24.6741 1.29166
34.7277 24.6899 1.29241
34.8263 24.7058 1.29316
34.9249 24.7215 1.29391
35.0235 24.7373 1.29465
35.1221 24.753 1.29539
35.2207 24.7686 1.29613
35.3193 24.7842 1.29687
35.4179 24.7997 1.29761
35.5165 24.8152 1.29834
35.6151 24.8306 1.29907
35.7137 24.846 1.2998
35.8123 24.8613 1.30052
35.9109 24.8766 1.30125
36.0095 24.8918 1.30197
36.1081 24.907 1.30269
36.2067 24.9221 1.30341
36.3053 24.9372 1.30412
36.4039 24.9522 1.30484
36.5025 24.9672 1.30555
36.6011 24.9822 1.30626
36.6997 24.997 1.30697
36.7983 25.0119 1.30767
36.8969 25.0267 1.30837
36.9955 25.0415 1.30908
37.0941 25.0562 1.30978
37.1927 25.0708 1.31047
37.2913 25.0855 1.31117
37.3899 25.1 1.31186
37.4885 25.1146 1.31255
37.5871 25.129 1.31324
37.6857 25.1435 1.31393
37.7843 25.1579 1.31461
37.8829 25.1722 1.3153
37.9815 25.1866 1.31598
38.0801 25.2008 1.31666
38.1787 25.2151 1.31734
38.2773 25.2292 1.31801
38.3759 25.2434 1.31869
38.4745 25.2575 1.31936
38.5731 25.2715 1.32003
38.6717 25.2855 1.3207
38.7703 25.2995 1.32136
38.8689 25.3135 1.32203
38.9675 25.3273 1.32269
39.0661 25.3412 1.32335
39.1647 25.355 1.32401
39.2633 25.3688 1.32467
39.3619 25.3825 1.32532
39.4605 25.3962 1.32598
39.5591 25.4098 1.32663
39.6577 25.4234 1.32728
39.7563 25.437 1.32793
39.8549 25.4505 1.32858
39.9535 25.464 1.32922
40.0521 25.4775 1.32986
40.1507 25.4909 1.33051
40.2492 25.5043 1.33114
40.3478 25.5176 1.33178
40.4464 25.5309 1.33242
40.545 25.5442 1.33305
40.6436 25.5574 1.33369
40.7422 25.5706 1.33432
40.8408 25.5837 1.33495
40.9394 25.5968 1.33558
41.038 25.6099 1.3362
41.1366 25.623 1.33683
41.2352 25.636 1.33745
41.3338 25.6489 1.33807
41.4324 25.6619 1.33869
41.531 25.6748 1.33931
41.6296 25.6876 1.33993
41.7282 25.7004 1.34054
41.8268 25.7132 1.34116
41.9254 25.726 1.34177
42.024 25.7387 1.34238
42.1226 25.7514 1.34299
42.2212 25.764 1.34359
42.3198 25.7766 1.3442
42.4184 25.7892 1.3448
42.517 25.8018 1.34541
42.6156 25.8143 1.34601
42.7142 25.8267 1.34661
42.8128 25.8392 1.34721
42.9114 25.8516 1.3478
43.01 25.864 1.3484
43.1086 25.8763 1.34899
43.2072 25.8886 1.34958
43.3058 25.9009 1.35017
43.4044 25.9131 1.35076
43.503 25.9254 1.35135
43.6016 25.9375 1.35194
43.7002 25.9497 1.35252
43.7988 25.9618 1.35311
43.8974 25.9739 1.35369
43.996 25.9859 1.35427
44.0946 25.998 1.35485
44.1932 26.0099 1.35542
44.2918 26.0219 1.356
44.3904 26.0338 1.35658
44.489 26.0457 1.35715
44.5876 26.0576 1.35772
44.6862 26.0694 1.35829
44.7848 26.0812 1.35886
44.8834 26.093 1.35943
44.982 26.1047 1.36
45.0806 26.1165 1.36056
45.1792 26.1281 1.36113
45.2778 26.1398 1.36169
45.3764 26.1514 1.36225
45.475 26.163 1.36281
45.5736 26.1746 1.36337
45.6722 26.1861 1.36392
45.7708 26.1976 1.36448
45.8694 26.2091 1.36503
45.968 26.2205 1.36559
46.0666 26.232 1.36614
46.1652 26.2433 1.36669
46.2638 26.2547 1.36724
46.3624 26.266 1.36779
46.461 26.2773 1.36834
46.5596 26.2886 1.36888
46.6582 26.2999 1.36942
46.7568 26.3111 1.36997
46.8554 26.3223 1.37051
46.954 26.3334 1.37105
47.0526 26.3446 1.37159
47.1512 26.3557 1.37213
47.2497 26.3668 1.37266
47.3483 26.3778 1.3732
47.4469 26.3889 1.37373
47.5455 26.3999 1.37427
47.6441 26.4108 1.3748
47.7427 26.4218 1.37533
47.8413 26.4327 1.37586
47.9399 26.4436 1.37639
48.0385 26.4545 1.37691
48.1371 26.4653 1.37744
48.2357 26.4761 1.37797
48.3343 26.4869 1.37849
48.4329 26.4977 1.37901
48.5315 26.5084 1.37953
48.6301 26.5192 1.38005
48.7287 26.5298 1.38057
48.8273 26.5405 1.38109
48.9259 26.5512 1.38161
49.0245 26.5618 1.38212
49.1231 26.5724 1.38264
49.2217 26.5829 1.38315
49.3203 26.5935 1.38366
49.4189 26.604 1.38417
49.5175 26.6145 1.38468
49.6161 26.625 1.38519
49.7147 26.6354 1.3857
49.8133 26.6458 1.38621
49.9119 26.6562 1.38671
50.0105 26.6666 1.38722
50.1091 26.6769 1.38772
50.2077 26.6873 1.38822
50.3063 26.6976 1.38873
50.4049 26.7079 1.38923
50.5035 26.7181 1.38973
50.6021 26.7283 1.39022
50.7007 26.7386 1.39072
50.7993 26.7487 1.39122
50.8979 26.7589 1.39171
50.9965 26.769 1.39221
51.0951 26.7792 1.3927
51.1937 26.7893 1.39319
51.2923 26.7993 1.39368
51.3909 26.8094 1.39417
51.4895 26.8194 1.39466
51.5881 26.8294 1.39515
51.6867 26.8394 1.39564
51.7853 26.8494 1.39612
51.8839 26.8593 1.39661
51.9825 26.8692 1.39709
52.0811 26.8791 1.39757
52.1797 26.889 1.39806
52.2783 26.8988 1.39854
52.3769 26.9087 1.39902
52.4755 26.9185 1.3995
52.5741 26.9283 1.39997
52.6727 26.938 1.40045
52.7713 26.9478 1.40093
52.8699 26.9575 1.4014
52.9685 26.9672 1.40188
53.0671 26.9769 1.40235
53.1657 26.9866 1.40282
53.2643 26.9962 1.40329
53.3629 27.0058 1.40376
53.4615 27.0154 1.40423
53.5601 27.025 1.4047
53.6587 27.0346 1.40517
53.7573 27.0441 1.40564
53.8559 27.0536 1.4061
53.9545 27.0631 1.40657
54.0531 27.0726 1.40703
54.1517 27.0821 1.40749
54.2503 27.0915 1.40796
54.3488 27.1009 1.40842
54.4474 27.1103 1.40888
54.546 27.1197 1.40934
54.6446 27.129 1.40979
54.7432 27.1384 1.41025
54.8418 27.1477 1.41071
54.9404 27.157 1.41116
55.039 27.1663 1.41162
55.1376 27.1755 1.41207
55.2362 27.1848 1.41253
55.3348 27.194 1.41298
55.4334 27.2032 1.41343
55.532 27.2124 1.41388
55.6306 27.2216 1.41433
55.7292 27.2307 1.41478
55.8278 27.2398 1.41523
55.9264 27.2489 1.41567
56.025 27.258 1.41612
56.1236 27.2671 1.41657
56.2222 27.2762 1.41701
56.3208 27.2852 1.41745
56.4194 27.2942 1.4179
56.518 27.3032 1.41834
56.6166 27.3122 1.41878
56.7152 27.3212 1.41922
56.8138 27.3301 1.41966
56.9124 27.339 1.4201
57.011 27.3479 1.42054
57.1096 27.3568 1.42097
57.2082 27.3657 1.42141
57.3068 27.3745 1.42184
57.4054 27.3834 1.42228
57.504 27.3922 1.42271
57.6026 27.401 1.42314
57.7012 27.4098 1.42358
57.7998 27.4186 1.42401
57.8984 27.4273 1.42444
57.997 27.436 1.42487
58.0956 27.4447 1.4253
58.1942 27.4534 1.42572
58.2928 27.4621 1.42615
58.3914 27.4708 1.42658
58.49 27.4794 1.427
58.5886 27.4881 1.42743
58.6872 27.4967 1.42785
58.7858 27.5053 1.42828
58.8844 27.5138 1.4287
58.983 27.5224 1.42912
59.0816 27.531 1.42954
59.1802 27.5395 1.42996
59.2788 27.548 1.43038
59.3774 27.5565 1.4308
59.476 27.565 1.43122
59.5746 27.5734 1.43164
59.6732 27.5819 1.43205
59.7718 27.5903 1.43247
59.8704 27.5987 1.43288
59.969 27.6071 1.4333
60.0676 27.6155 1.43371
60.1662 27.6239 1.43412
60.2648 27.6322 1.43454
60.3634 27.6405 1.43495
60.462 27.6489 1.43536
60.5606 27.6572 1.43577
60.6592 27.6655 1.43618
60.7578 27.6737 1.43659
60.8564 27.682 1.43699
60.955 27.6902 1.4374
61.0536 27.6984 1.43781
61.1522 27.7066 1.43821
61.2508 27.7148 1.43862
61.3493 27.723 1.43902
61.4479 27.7312 1.43942
61.5465 27.7393 1.43983
61.6451 27.7475 1.44023
61.7437 27.7556 1.44063
61.8423 27.7637 1.44103
61.9409 27.7718 1.44143
62.0395 27.7798 1.44183
62.1381 27.7879 1.44223
62.2367 27.7959 1.44263
62.3353 27.804 1.44302
62.4339 27.812 1.44342
62.5325 27.82 1.44382
62.6311 27.828 1.44421
62.7297 27.8359 1.44461
62.8283 27.8439 1.445
62.9269 27.8518 1.44539
63.0255 27.8597 1.44579
63.1241 27.8676 1.44618
63.2227 27.8755 1.44657
63.3213 27.8834 1.44696
63.4199 27.8913 1.44735
63.5185 27.8991 1.44774
63.6171 27.907 1.44813
63.7157 27.9148 1.44851
63.8143 27.9226 1.4489
63.9129 27.9304 1.44929
64.0115 27.9382 1.44967
64.1101 27.946 1.45006
64.2087 27.9537 1.45044
64.3073 27.9615 1.45083
64.4059 27.9692 1.45121
64.5045 27.9769 1.45159
64.6031 27.9846 1.45197
64.7017 27.9923 1.45236
64.8003 27.9999 1.45274
64.8989 28.0076 1.45312
64.9975 28.0152 1.4535
65.0961 28.0229 1.45387
65.1947 28.0305 1.45425
65.2933 28.0381 1.45463
65.3919 28.0457 1.45501
65.4905 28.0533 1.45538
65.5891 28.0608 1.45576
65.6877 28.0684 1.45613
65.7863 28.0759 1.45651
65.8849 28.0834 1.45688
65.9835 28.0909 1.45726
66.0821 28.0984 1.45763
66.1807 28.1059 1.458
66.2793 28.1134 1.45837
66.3779 28.1209 1.45874
66.4765 28.1283 1.45911
66.5751 28.1357 1.45948
66.6737 28.1432 1.45985
66.7723 28.1506 1.46022
66.8709 28.158 1.46059
66.9695 28.1653 1.46095
67.0681 28.1727 1.46132
67.1667 28.1801 1.46169
67.2653 28.1874 1.46205
67.3639 28.1947 1.46242
67.4625 28.2021 1.46278
67.5611 28.2094 1.46315
67.6597 28.2166 1.46351
67.7583 28.2239 1.46387
67.8569 28.2312 1.46423
67.9555 28.2385 1.46459
68.0541 28.2457 1.46495
68.1527 28.2529 1.46531
68.2513 28.2601 1.46567
68.3498 28.2674 1.46603
68.4484 28.2745 1.46639
68.547 28.2817 1.46675
68.6456 28.2889 1.46711
68.7442 28.2961 1.46746
68.8428 28.3032 1.46782
68.9414 28.3103 1.46818
69.04 28.3175 1.46853
69.1386 28.3246 1.46889
69.2372 28.3317 1.46924
69.3358 28.3388 1.46959
69.4344 28.3458 1.46995
69.533 28.3529 1.4703
69.6316 28.36 1.47065
69.7302 28.367 1.471
69.8288 28.374 1.47135
69.9274 28.381 1.4717
70.026 28.388 1.47205
70.1246 28.395 1.4724
70.2232 28.402 1.47275
70.3218 28.409 1.4731
70.4204 28.416 1.47345
70.519 28.4229 1.47379
70.6176 28.4298 1.47414
70.7162 28.4368 1.47449
70.8148 28.4437 1.47483
70.9134 28.4506 1.47518
71.012 28.4575 1.47552
71.1106 28.4643 1.47586
71.2092 28.4712 1.47621
71.3078 28.4781 1.47655
71.4064 28.4849 1.47689
71.505 28.4918 1.47723
71.6036 28.4986 1.47757
71.7022 28.5054 1.47792
71.8008 28.5122 1.47826
71.8994 28.519 1.4786
71.998 28.5258 1.47893
72.0966 28.5325 1.47927
72.1952 28.5393 1.47961
72.2938 28.5461 1.47995
72.3924 28.5528 1.48029
72.491 28.5595 1.48062
72.5896 28.5662 1.48096
72.6882 28.5729 1.48129
72.7868 28.5796 1.48163
72.8854 28.5863 1.48196
72.984 28.593 1.4823
73.0826 28.5997 1.48263
73.1812 28.6063 1.48296
73.2798 28.6129 1.4833
73.3784 28.6196 1.48363
73.477 28.6262 1.48396
73.5756 28.6328 1.48429
73.6742 28.6394 1.48462
73.7728 28.646 1.48495
73.8714 28.6526 1.48528
73.97 28.6591 1.48561
74.0686 28.6657 1.48594
74.1672 28.6723 1.48627
74.2658 28.6788 1.4866
74.3644 28.6853 1.48692
74.463 28.6918 1.48725
74.5616 28.6984 1.48758
74.6602 28.7049 1.4879
74.7588 28.7113 1.48823
74.8574 28.7178 1.48855
74.956 28.7243 1.48888
75.0546 28.7307 1.4892
75.1532 28.7372 1.48953
75.2518 28.7436 1.48985
75.3504 28.7501 1.49017
75.4489 28.7565 1.49049
75.5475 28.7629 1.49082
75.6461 28.7693 1.49114
75.7447 28.7757 1.49146
75.8433 28.7821 1.49178
75.9419 28.7884 1.4921
76.0405 28.7948 1.49242
76.1391 28.8011 1.49274
76.2377 28.8075 1.49305
76.3363 28.8138 1.49337
76.4349 28.8201 1.49369
76.5335 28.8264 1.49401
76.6321 28.8328 1.49432
76.7307 28.839 1.49464
76.8293 28.8453 1.49496
76.9279 28.8516 1.49527
77.0265 28.8579 1.49559
77.1251 28.8641 1.4959
77.2237 28.8704 1.49622
77.3223 28.8766 1.49653
77.4209 28.8828 1.49684
77.5195 28.8891 1.49716
77.6181 28.8953 1.49747
77.7167 28.9015 1.49778
77.8153 28.9077 1.49809
77.9139 28.9139 1.4984
78.0125 28.92 1.49871
78.1111 28.9262 1.49902
78.2097 28.9324 1.49933
78.3083 28.9385 1.49964
78.4069 28.9446 1.49995
78.5055 28.9508 1.50026
78.6041 28.9569 1.50057
78.7027 28.963 1.50088
78.8013 28.9691 1.50118
78.8999 28.9752 1.50149
78.9985 28.9813 1.5018
79.0971 28.9874 1.5021
79.1957 28.9934 1.50241
79.2943 28.9995 1.50271
79.3929 29.0055 1.50302
79.4915 29.0116 1.50332
79.5901 29.0176 1.50363
79.6887 29.0236 1.50393
79.7873 29.0296 1.50423
79.8859 29.0357 1.50454
79.9845 29.0417 1.50484
80.0831 29.0476 1.50514
80.1817 29.0536 1.50544
80.2803 29.0596 1.50574
80.3789 29.0656 1.50604
80.4775 29.0715 1.50635
80.5761 29.0775 1.50665
80.6747 29.0834 1.50694
80.7733 29.0893 1.50724
80.8719 29.0953 1.50754
80.9705 29.1012 1.50784
81.0691 29.1071 1.50814
81.1677 29.113 1.50844
81.2663 29.1189 1.50873
81.3649 29.1247 1.50903
81.4635 29.1306 1.50933
81.5621 29.1365 1.50962
81.6607 29.1423 1.50992
81.7593 29.1482 1.51021
81.8579 29.154 1.51051
81.9565 29.1598 1.5108
82.0551 29.1657 1.5111
82.1537 29.1715 1.51139
82.2523 29.1773 1.51168
82.3509 29.1831 1.51198
82.4494 29.1889 1.51227
82.548 29.1947 1.51256
82.6466 29.2004 1.51285
82.7452 29.2062 1.51315
82.8438 29.2119 1.51344
82.9424 29.2177 1.51373
83.041 29.2234 1.51402
83.1396 29.2292 1.51431
83.2382 29.2349 1.5146
83.3368 29.2406 1.51489
83.4354 29.2463 1.51518
83.534 29.252 1.51546
83.6326 29.2577 1.51575
83.7312 29.2634 1.51604
83.8298 29.2691 1.51633
83.9284 29.2748 1.51661
84.027 29.2804 1.5169
84.1256 29.2861 1.51719
84.2242 29.2917 1.51747
84.3228 29.2974 1.51776
84.4214 29.303 1.51804
84.52 29.3086 1.51833
84.6186 29.3142 1.51861
84.7172 29.3199 1.5189
84.8158 29.3255 1.51918
84.9144 29.3311 1.51946
85.013 29.3366 1.51975
85.1116 29.3422 1.52003
85.2102 29.3478 1.52031
85.3088 29.3534 1.52059
85.4074 29.3589 1.52087
85.506 29.3645 1.52116
85.6046 29.37 1.52144
85.7032 29.3755 1.52172
85.8018 29.3811 1.522
85.9004 29.3866 1.52228
85.999 29.3921 1.52256
86.0976 29.3976 1.52284
86.1962 29.4031 1.52311
86.2948 29.4086 1.52339
86.3934 29.4141 1.52367
86.492 29.4196 1.52395
86.5906 29.425 1.52423
86.6892 29.4305 1.5245
86.7878 29.4359 1.52478
86.8864 29.4414 1.52506
86.985 29.4468 1.52533
87.0836 29.4523 1.52561
87.1822 29.4577 1.52588
87.2808 29.4631 1.52616
87.3794 29.4685 1.52643
87.478 29.4739 1.52671
87.5766 29.4793 1.52698
87.6752 29.4847 1.52726
87.7738 29.4901 1.52753
87.8724 29.4955 1.5278
87.971 29.5008 1.52807
88.0696 29.5062 1.52835
88.1682 29.5116 1.52862
88.2668 29.5169 1.52889
88.3654 29.5223 1.52916
88.464 29.5276 1.52943
88.5626 29.5329 1.5297
88.6612 29.5382 1.52997
88.7598 29.5435 1.53024
88.8584 29.5489 1.53051
88.957 29.5542 1.53078
89.0556 29.5594 1.53105
89.1542 29.5647 1.53132
89.2528 29.57 1.53159
89.3514 29.5753 1.53186
89.4499 29.5806 1.53212
89.5485 29.5858 1.53239
89.6471 29.5911 1.53266
89.7457 29.5963 1.53293
89.8443 29.6015 1.53319
89.9429 29.6068 1.53346
90.0415 29.612 1.53372
90.1401 29.6172 1.53399
90.2387 29.6224 1.53426
90.3373 29.6276 1.53452
90.4359 29.6328 1.53478
90.5345 29.638 1.53505
90.6331 29.6432 1.53531
90.7317 29.6484 1.53558
90.8303 29.6536 1.53584
90.9289 29.6587 1.5361
91.0275 29.6639 1.53637
91.1261 29.6691 1.53663
91.2247 29.6742 1.53689
91.3233 29.6793 1.53715
91.4219 29.6845 1.53741
91.5205 29.6896 1.53767
91.6191 29.6947 1.53794
91.7177 29.6998 1.5382
91.8163 29.7049 1.53846
91.9149 29.7101 1.53872
92.0135 29.7151 1.53898
92.1121 29.7202 1.53923
92.2107 29.7253 1.53949
92.3093 29.7304 1.53975
92.4079 29.7355 1.54001
92.5065 29.7405 1.54027
92.6051 29.7456 1.54053
92.7037 29.7506 1.54078
92.8023 29.7557 1.54104
92.9009 29.7607 1.5413
92.9995 29.7658 1.54156
93.0981 29.7708 1.54181
93.1967 29.7758 1.54207
93.2953 29.7808 1.54232
93.3939 29.7858 1.54258
93.4925 29.7908 1.54283
93.5911 29.7958 1.54309
93.6897 29.8008 1.54334
93.7883 29.8058 1.5436
93.8869 29.8108 1.54385
93.9855 29.8157 1.54411
94.0841 29.8207 1.54436
94.1827 29.8257 1.54461
94.2813 29.8306 1.54486
94.3799 29.8356 1.54512
94.4785 29.8405 1.54537
94.5771 29.8454 1.54562
94.6757 29.8504 1.54587
94.7743 29.8553 1.54612
94.8729 29.8602 1.54638
94.9715 29.8651 1.54663
95.0701 29.87 1.54688
95.1687 29.8749 1.54713
95.2673 29.8798 1.54738
95.3659 29.8847 1.54763
95.4645 29.8896 1.54788
95.5631 29.8945 1.54813
95.6617 29.8993 1.54837
95.7603 29.9042 1.54862
95.8589 29.9091 1.54887
95.9575 29.9139 1.54912
96.0561 29.9188 1.54937
96.1547 29.9236 1.54961
96.2533 29.9284 1.54986
96.3519 29.9333 1.55011
96.4505 29.9381 1.55036
96.549 29.9429 1.5506
96.6476 29.9477 1.55085
96.7462 29.9525 1.55109
96.8448 29.9573 1.55134
96.9434 29.9621 1.55158
97.042 29.9669 1.55183
97.1406 29.9717 1.55207
97.2392 29.9765 1.55232
97.3378 29.9812 1.55256
97.4364 29.986 1.55281
97.535 29.9908 1.55305
97.6336 29.9955 1.55329
97.7322 30.0003 1.55354
97.8308 30.005 1.55378
97.9294 30.0098 1.55402
98.028 30.0145 1.55426
98.1266 30.0192 1.55451
98.2252 30.0239 1.55475
98.3238 30.0287 1.55499
98.4224 30.0334 1.55523
98.521 30.0381 1.55547
98.6196 30.0428 1.55571
98.7182 30.0475 1.55595
98.8168 30.0522 1.55619
98.9154 30.0568 1.55643
99.014 30.0615 1.55667
99.1126 30.0662 1.55691
99.2112 30.0709 1.55715
99.3098 30.0755 1.55739
99.4084 30.0802 1.55763
99.507 30.0848 1.55787
99.6056 30.0895 1.55811
99.7042 30.0941 1.55834
99.8028 30.0988 1.55858
99.9014 30.1034 1.55882
100 30.108 1.55906
