1e-05 67.3077 3.06373
0.00101099 16.3443 0.92398
0.00201198 12.8014 0.792403
0.00301297 10.992 0.731009
0.00401396 9.80788 0.694258
0.00501495 8.94053 0.669668
0.00601595 8.26382 0.65215
0.00701694 7.71166 0.639139
0.00801793 7.24847 0.629248
0.00901892 6.85136 0.62159
0.0100199 6.50426 0.615556
0.0110209 6.19744 0.610792
0.0120219 5.9235 0.607034
0.0130229 5.67619 0.604049
0.0140239 5.45116 0.60169
0.0150249 5.24529 0.599849
0.0160259 5.05604 0.598451
0.0170268 4.88113 0.597415
0.0180278 4.71857 0.596662
0.0190288 4.56688 0.596155
0.0200298 4.42494 0.595859
0.0210308 4.29182 0.595742
0.0220318 4.16667 0.595785
0.0230328 4.04868 0.595968
0.0240338 3.93712 0.596258
0.0250348 3.83136 0.596634
0.0260358 3.73093 0.597094
0.0270368 3.63541 0.597627
0.0280377 3.54444 0.598218
0.0290387 3.45767 0.598858
0.0300397 3.37482 0.59955
0.0310407 3.2956 0.600287
0.0320417 3.21972 0.601053
0.0330427 3.14695 0.601839
0.0340437 3.07707 0.60264
0.0350447 3.00992 0.603462
0.0360457 2.94534 0.6043
0.0370467 2.88317 0.605148
0.0380477 2.82327 0.606001
0.0390486 2.76552 0.606856
0.0400496 2.7098 0.607721
0.0410506 2.65602 0.608592
0.0420516 2.60404 0.609463
0.0430526 2.55377 0.610329
0.0440536 2.50511 0.611184
0.0450546 2.45799 0.612029
0.0460556 2.41234 0.612871
0.0470566 2.36809 0.613708
0.0480576 2.32518 0.614536
0.0490586 2.28354 0.615355
0.0500595 2.24312 0.61616
0.0510605 2.20385 0.616953
0.0520615 2.16571 0.61774
0.0530625 2.12865 0.618519
0.0540635 2.09261 0.619288
0.0550645 2.05754 0.620044
0.0560655 2.02341 0.620785
0.0570665 1.99017 0.621508
0.0580675 1.95779 0.622212
0.0590685 1.92624 0.622905
0.0600695 1.8955 0.623587
0.0610705 1.86553 0.624255
0.0620714 1.8363 0.624908
0.0630724 1.80778 0.625545
0.0640734 1.77995 0.626164
0.0650744 1.75277 0.626766
0.0660754 1.72624 0.627353
0.0670764 1.70034 0.627928
0.0680774 1.67504 0.628491
0.0690784 1.65032 0.629039
0.0700794 1.62616 0.629571
0.0710804 1.60254 0.630085
0.0720814 1.57943 0.630582
0.0730823 1.55682 0.631058
0.0740833 1.5347 0.631518
0.0750843 1.51307 0.631965
0.0760853 1.4919 0.632397
0.0770863 1.47117 0.632814
0.0780873 1.45088 0.633216
0.0790883 1.43101 0.633601
0.0800893 1.41155 0.63397
0.0810903 1.39247 0.634321
0.0820913 1.37377 0.634654
0.0830923 1.35544 0.634974
0.0840932 1.33749 0.635281
0.0850942 1.31989 0.635575
0.0860952 1.30264 0.635854
0.0870962 1.28572 0.636118
0.0880972 1.26912 0.636366
0.0890982 1.25284 0.636596
0.0900992 1.23685 0.63681
0.0911002 1.22116 0.637005
0.0921012 1.20576 0.637185
0.0931022 1.19066 0.637353
0.0941032 1.17583 0.637506
0.0951041 1.16128 0.637645
0.0961051 1.14698 0.63777
0.0971061 1.13295 0.637879
0.0981071 1.11916 0.637973
0.0991081 1.10561 0.638051
0.100109 1.09229 0.638113
0.10111 1.07919 0.638159
0.102111 1.06633 0.638192
0.103112 1.05369 0.638212
0.104113 1.04127 0.638219
0.105114 1.02907 0.638213
0.106115 1.01707 0.638193
0.107116 1.00527 0.638158
0.108117 0.99366 0.638109
0.109118 0.982243 0.638044
0.110119 0.971009 0.637964
0.11112 0.959953 0.637869
0.112121 0.949079 0.63776
0.113122 0.938387 0.637639
0.114123 0.927869 0.637505
0.115124 0.917522 0.637359
0.116125 0.90734 0.637199
0.117126 0.897317 0.637026
0.118127 0.88745 0.636839
0.119128 0.877733 0.636639
0.120129 0.868163 0.636424
0.12113 0.858734 0.636195
0.122131 0.849444 0.635951
0.123132 0.840299 0.635696
0.124133 0.831294 0.63543
0.125134 0.822427 0.635151
0.126135 0.813694 0.634861
0.127136 0.805092 0.634558
0.128137 0.796616 0.634242
0.129138 0.788264 0.633914
0.130139 0.780033 0.633572
0.13114 0.771919 0.633218
0.132141 0.763919 0.632849
0.133142 0.756031 0.632468
0.134143 0.74826 0.632075
0.135144 0.740604 0.631672
0.136145 0.733059 0.631257
0.137146 0.725623 0.63083
0.138147 0.718293 0.630392
0.139148 0.711065 0.629943
0.140149 0.703938 0.629481
0.14115 0.696908 0.629008
0.142151 0.689972 0.628522
0.143152 0.683129 0.628024
0.144153 0.676375 0.627513
0.145154 0.669712 0.626991
0.146155 0.663141 0.626458
0.147156 0.656662 0.625915
0.148157 0.650272 0.625361
0.149158 0.643969 0.624796
0.150159 0.637749 0.624221
0.15116 0.631613 0.623635
0.152161 0.625556 0.623037
0.153162 0.619577 0.622429
0.154163 0.613675 0.621809
0.155164 0.607848 0.621178
0.156165 0.602093 0.620535
0.157166 0.596412 0.619882
0.158167 0.590806 0.619219
0.159168 0.585276 0.618546
0.160169 0.579817 0.617864
0.16117 0.57443 0.617171
0.162171 0.56911 0.616469
0.163172 0.563858 0.615756
0.164173 0.558671 0.615033
0.165174 0.553548 0.6143
0.166175 0.548487 0.613557
0.167175 0.543486 0.612803
0.168176 0.538544 0.612038
0.169177 0.53366 0.611264
0.170178 0.528838 0.61048
0.171179 0.524076 0.609687
0.17218 0.519374 0.608884
0.173181 0.514729 0.608073
0.174182 0.510142 0.607252
0.175183 0.505609 0.606421
0.176184 0.501131 0.605582
0.177185 0.496705 0.604733
0.178186 0.492331 0.603875
0.179187 0.488007 0.603008
0.180188 0.483733 0.602131
0.181189 0.479507 0.601245
0.18219 0.475329 0.600351
0.183191 0.471203 0.599447
0.184192 0.467127 0.598536
0.185193 0.4631 0.597616
0.186194 0.45912 0.596688
0.187195 0.455187 0.595752
0.188196 0.451298 0.594807
0.189197 0.447454 0.593853
0.190198 0.443653 0.592891
0.191199 0.439893 0.591921
0.1922 0.436175 0.590942
0.193201 0.432496 0.589955
0.194202 0.428856 0.588959
0.195203 0.425255 0.587955
0.196204 0.421696 0.586943
0.197205 0.418177 0.585923
0.198206 0.414698 0.584895
0.199207 0.411258 0.583859
0.200208 0.407856 0.582816
0.201209 0.404492 0.581765
0.20221 0.401164 0.580706
0.203211 0.397872 0.57964
0.204212 0.394615 0.578567
0.205213 0.391392 0.577486
0.206214 0.388203 0.576398
0.207215 0.385047 0.575303
0.208216 0.381924 0.574201
0.209217 0.378835 0.573091
0.210218 0.375781 0.571975
0.211219 0.372761 0.570852
0.21222 0.369774 0.569722
0.213221 0.366819 0.568585
0.214222 0.363895 0.567441
0.215223 0.361002 0.566291
0.216224 0.358139 0.565134
0.217225 0.355305 0.56397
0.218226 0.3525 0.5628
0.219227 0.349723 0.561623
0.220228 0.346972 0.560439
0.221229 0.344249 0.559249
0.22223 0.341552 0.558053
0.223231 0.338884 0.55685
0.224232 0.336244 0.55564
0.225233 0.333631 0.554424
0.226234 0.331045 0.553202
0.227235 0.328486 0.551974
0.228236 0.325952 0.55074
0.229237 0.323444 0.5495
0.230238 0.320961 0.548254
0.231239 0.318503 0.547003
0.23224 0.316068 0.545746
0.233241 0.313657 0.544483
0.234242 0.311268 0.543216
0.235243 0.308903 0.541943
0.236244 0.30656 0.540664
0.237245 0.304242 0.539381
0.238246 0.301948 0.538091
0.239247 0.299677 0.536797
0.240248 0.297428 0.535497
0.241249 0.295202 0.534192
0.24225 0.292998 0.532882
0.243251 0.290815 0.531567
0.244252 0.288653 0.530247
0.245253 0.286511 0.528922
0.246254 0.284389 0.527593
0.247255 0.282286 0.526258
0.248256 0.280202 0.524919
0.249257 0.278137 0.523575
0.250258 0.27609 0.522227
0.251259 0.274063 0.520873
0.25226 0.272056 0.519514
0.253261 0.270068 0.518151
0.254262 0.2681 0.516783
0.255263 0.266149 0.51541
0.256264 0.264217 0.514033
0.257265 0.262304 0.512651
0.258266 0.260407 0.511266
0.259267 0.258528 0.509877
0.260268 0.256666 0.508484
0.261269 0.254821 0.507087
0.26227 0.252992 0.505687
0.263271 0.251179 0.504283
0.264272 0.249383 0.502877
0.265273 0.247603 0.501466
0.266274 0.24584 0.500052
0.267275 0.244094 0.498634
0.268276 0.242365 0.497212
0.269277 0.240651 0.495787
0.270278 0.238954 0.494358
0.271279 0.237271 0.492926
0.27228 0.235604 0.49149
0.273281 0.233951 0.490052
0.274282 0.232313 0.48861
0.275283 0.230689 0.487165
0.276284 0.229078 0.485717
0.277285 0.227481 0.484266
0.278285 0.225897 0.482812
0.279286 0.224326 0.481355
0.280287 0.222769 0.479895
0.281288 0.221227 0.478431
0.282289 0.219698 0.476964
0.28329 0.218183 0.475494
0.284291 0.216681 0.474021
0.285292 0.215193 0.472545
0.286293 0.213717 0.471066
0.287294 0.212254 0.469585
0.288295 0.210803 0.468101
0.289296 0.209364 0.466616
0.290297 0.207938 0.465128
0.291298 0.206523 0.463639
0.292299 0.205119 0.462148
0.2933 0.203727 0.460655
0.294301 0.202347 0.45916
0.295302 0.200978 0.457664
0.296303 0.199622 0.456164
0.297304 0.198278 0.454663
0.298305 0.196945 0.453159
0.299306 0.195624 0.451653
0.300307 0.194314 0.450146
0.301308 0.193015 0.448636
0.302309 0.191726 0.447125
0.30331 0.190448 0.445612
0.304311 0.189181 0.444098
0.305312 0.187923 0.442582
0.306313 0.186675 0.441066
0.307314 0.185437 0.439547
0.308315 0.184208 0.438028
0.309316 0.182989 0.436508
0.310317 0.18178 0.434985
0.311318 0.180581 0.433461
0.312319 0.179393 0.431934
0.31332 0.178214 0.430406
0.314321 0.177044 0.428877
0.315322 0.175885 0.427346
0.316323 0.174734 0.425814
0.317324 0.173593 0.424281
0.318325 0.172461 0.422748
0.319326 0.171337 0.421214
0.320327 0.170223 0.419679
0.321328 0.169117 0.418144
0.322329 0.168019 0.416609
0.32333 0.16693 0.415075
0.324331 0.165849 0.41354
0.325332 0.164777 0.412004
0.326333 0.163714 0.410468
0.327334 0.16266 0.408931
0.328335 0.161615 0.407393
0.329336 0.160578 0.405854
0.330337 0.159549 0.404315
0.331338 0.158528 0.402776
0.332339 0.157515 0.401236
0.33334 0.15651 0.399697
0.334341 0.155513 0.398157
0.335342 0.154523 0.396617
0.336343 0.15354 0.395078
0.337344 0.152564 0.393538
0.338345 0.151595 0.391999
0.339346 0.150633 0.390461
0.340347 0.149678 0.388922
0.341348 0.14873 0.387382
0.342349 0.14779 0.385842
0.34335 0.146857 0.384302
0.344351 0.145932 0.382761
0.345352 0.145013 0.38122
0.346353 0.144101 0.37968
0.347354 0.143196 0.37814
0.348355 0.142298 0.3766
0.349356 0.141407 0.375061
0.350357 0.140521 0.373523
0.351358 0.139643 0.371986
0.352359 0.13877 0.37045
0.35336 0.137904 0.368916
0.354361 0.137044 0.367383
0.355362 0.136189 0.365851
0.356363 0.135342 0.36432
0.357364 0.134501 0.362789
0.358365 0.133666 0.361259
0.359366 0.132838 0.359729
0.360367 0.132016 0.358201
0.361368 0.1312 0.356673
0.362369 0.13039 0.355146
0.36337 0.129586 0.35362
0.364371 0.128788 0.352095
0.365372 0.127995 0.350571
0.366373 0.127207 0.349049
0.367374 0.126425 0.347528
0.368375 0.125648 0.346009
0.369376 0.124877 0.344492
0.370377 0.12411 0.342976
0.371378 0.123349 0.341461
0.372379 0.122593 0.339947
0.37338 0.121842 0.338434
0.374381 0.121097 0.336922
0.375382 0.120357 0.33541
0.376383 0.119622 0.3339
0.377384 0.118893 0.332391
0.378385 0.118168 0.330884
0.379386 0.117449 0.329378
0.380387 0.116735 0.327874
0.381388 0.116025 0.326372
0.382389 0.11532 0.324872
0.38339 0.11462 0.323375
0.384391 0.113924 0.32188
0.385392 0.113233 0.320387
0.386393 0.112547 0.318898
0.387394 0.111865 0.31741
0.388395 0.111188 0.315924
0.389395 0.110516 0.31444
0.390396 0.109849 0.312958
0.391397 0.109186 0.311477
0.392398 0.108529 0.309999
0.393399 0.107875 0.308522
0.3944 0.107226 0.307048
0.395401 0.106581 0.305575
0.396402 0.105941 0.304105
0.397403 0.105304 0.302638
0.398404 0.104672 0.301173
0.399405 0.104044 0.29971
0.400406 0.103419 0.29825
0.401407 0.102799 0.296793
0.402408 0.102182 0.295339
0.403409 0.101568 0.293887
0.40441 0.100959 0.292437
0.405411 0.100354 0.290988
0.406412 0.0997531 0.289542
0.407413 0.099156 0.288097
0.408414 0.0985628 0.286655
0.409415 0.0979735 0.285215
0.410416 0.0973879 0.283778
0.411417 0.0968061 0.282343
0.412418 0.0962279 0.280911
0.413419 0.0956534 0.279483
0.41442 0.0950824 0.278057
0.415421 0.094515 0.276635
0.416422 0.093951 0.275215
0.417423 0.0933905 0.2738
0.418424 0.0928334 0.272388
0.419425 0.0922797 0.27098
0.420426 0.0917297 0.269574
0.421427 0.0911834 0.268171
0.422428 0.0906408 0.266771
0.423429 0.0901016 0.265374
0.42443 0.089566 0.263979
0.425431 0.0890337 0.262588
0.426432 0.0885047 0.261199
0.427433 0.087979 0.259814
0.428434 0.0874565 0.258431
0.429435 0.0869371 0.257052
0.430436 0.0864208 0.255677
0.431437 0.0859074 0.254304
0.432438 0.0853969 0.252935
0.433439 0.0848893 0.25157
0.43444 0.0843845 0.250208
0.435441 0.0838824 0.24885
0.436442 0.0833833 0.247494
0.437443 0.0828872 0.246142
0.438444 0.0823942 0.244791
0.439445 0.0819041 0.243444
0.440446 0.081417 0.2421
0.441447 0.0809328 0.240759
0.442448 0.0804514 0.239421
0.443449 0.0799728 0.238087
0.44445 0.0794971 0.236756
0.445451 0.0790241 0.235429
0.446452 0.0785538 0.234105
0.447453 0.0780862 0.232786
0.448454 0.0776213 0.23147
0.449455 0.0771589 0.230158
0.450456 0.0766992 0.228851
0.451457 0.076242 0.227548
0.452458 0.0757874 0.226249
0.453459 0.0753357 0.224953
0.45446 0.0748868 0.223661
0.455461 0.0744405 0.222372
0.456462 0.0739969 0.221086
0.457463 0.073556 0.219805
0.458464 0.0731176 0.218527
0.459465 0.0726816 0.217252
0.460466 0.0722482 0.215982
0.461467 0.0718171 0.214715
0.462468 0.0713884 0.213452
0.463469 0.070962 0.212193
0.46447 0.0705378 0.210938
0.465471 0.0701159 0.209687
0.466472 0.0696961 0.20844
0.467473 0.0692784 0.207197
0.468474 0.0688627 0.205959
0.469475 0.0684494 0.204723
0.470476 0.0680383 0.203492
0.471477 0.0676295 0.202263
0.472478 0.067223 0.201038
0.473479 0.0668186 0.199817
0.47448 0.0664165 0.1986
0.475481 0.0660166 0.197386
0.476482 0.0656188 0.196176
0.477483 0.0652231 0.194971
0.478484 0.0648296 0.193769
0.479485 0.0644381 0.192572
0.480486 0.0640487 0.191379
0.481487 0.0636613 0.19019
0.482488 0.063276 0.189006
0.483489 0.0628926 0.187826
0.48449 0.0625112 0.186651
0.485491 0.0621318 0.185481
0.486492 0.0617547 0.184314
0.487493 0.0613796 0.183152
0.488494 0.0610066 0.181993
0.489495 0.0606357 0.180839
0.490496 0.0602668 0.179688
0.491497 0.0598999 0.178542
0.492498 0.0595349 0.177399
0.493499 0.0591718 0.176261
0.4945 0.0588106 0.175127
0.495501 0.0584511 0.173998
0.496502 0.0580935 0.172872
0.497503 0.0577376 0.171751
0.498504 0.0573834 0.170634
0.499505 0.0570308 0.169522
0.500505 0.0566799 0.168413
0.501506 0.0563305 0.167309
0.502507 0.0559829 0.16621
0.503508 0.0556369 0.165113
0.504509 0.0552928 0.164021
0.50551 0.0549504 0.162933
0.506511 0.0546096 0.161848
0.507512 0.0542706 0.160768
0.508513 0.0539333 0.159692
0.509514 0.0535976 0.15862
0.510515 0.0532636 0.157552
0.511516 0.0529312 0.156488
0.512517 0.0526005 0.155429
0.513518 0.0522713 0.154374
0.514519 0.0519438 0.153324
0.51552 0.0516178 0.152278
0.516521 0.0512934 0.151238
0.517522 0.0509706 0.150201
0.518523 0.0506492 0.14917
0.519524 0.0503295 0.148143
0.520525 0.0500115 0.14712
0.521526 0.0496952 0.146101
0.522527 0.0493804 0.145087
0.523528 0.0490672 0.144077
0.524529 0.0487556 0.143071
0.52553 0.0484455 0.14207
0.526531 0.0481369 0.141073
0.527532 0.0478298 0.14008
0.528533 0.0475241 0.139091
0.529534 0.0472198 0.138107
0.530535 0.046917 0.137127
0.531536 0.0466154 0.136152
0.532537 0.0463152 0.135181
0.533538 0.0460164 0.134214
0.534539 0.0457188 0.133251
0.53554 0.0454224 0.132293
0.536541 0.0451274 0.13134
0.537542 0.0448338 0.13039
0.538543 0.0445415 0.129444
0.539544 0.0442506 0.128502
0.540545 0.043961 0.127564
0.541546 0.0436727 0.126631
0.542547 0.0433858 0.125701
0.543548 0.0431002 0.124776
0.544549 0.0428159 0.123855
0.54555 0.0425329 0.122939
0.546551 0.0422513 0.122027
0.547552 0.0419709 0.121119
0.548553 0.0416918 0.120216
0.549554 0.041414 0.119317
0.550555 0.0411374 0.118423
0.551556 0.0408621 0.117534
0.552557 0.0405881 0.116649
0.553558 0.0403154 0.115768
0.554559 0.0400441 0.114892
0.55556 0.0397741 0.11402
0.556561 0.0395053 0.113153
0.557562 0.0392379 0.112289
0.558563 0.0389717 0.11143
0.559564 0.0387067 0.110575
0.560565 0.0384429 0.109725
0.561566 0.0381804 0.108879
0.562567 0.037919 0.108037
0.563568 0.0376587 0.107199
0.564569 0.0373996 0.106365
0.56557 0.0371416 0.105536
0.566571 0.0368847 0.104711
0.567572 0.0366289 0.10389
0.568573 0.0363742 0.103073
0.569574 0.0361204 0.102261
0.570575 0.0358678 0.101453
0.571576 0.0356162 0.100648
0.572577 0.0353657 0.0998479
0.573578 0.0351163 0.0990516
0.574579 0.034868 0.0982593
0.57558 0.0346208 0.097471
0.576581 0.0343747 0.0966869
0.577582 0.0341297 0.0959069
0.578583 0.0338857 0.095131
0.579584 0.0336429 0.0943594
0.580585 0.0334011 0.0935919
0.581586 0.0331604 0.0928287
0.582587 0.0329208 0.0920697
0.583588 0.0326823 0.0913151
0.584589 0.0324449 0.0905647
0.58559 0.0322085 0.0898187
0.586591 0.0319732 0.089077
0.587592 0.0317391 0.0883396
0.588593 0.031506 0.0876064
0.589594 0.031274 0.0868773
0.590595 0.0310431 0.0861524
0.591596 0.0308133 0.0854316
0.592597 0.0305845 0.0847149
0.593598 0.0303568 0.0840023
0.594599 0.0301301 0.0832938
0.5956 0.0299044 0.0825893
0.596601 0.0296798 0.0818889
0.597602 0.0294561 0.0811925
0.598603 0.0292334 0.0805001
0.599604 0.0290116 0.0798116
0.600605 0.0287909 0.0791272
0.601606 0.028571 0.0784466
0.602607 0.0283521 0.0777701
0.603608 0.0281342 0.0770974
0.604609 0.0279171 0.0764286
0.60561 0.027701 0.0757636
0.606611 0.0274858 0.0751024
0.607612 0.0272715 0.0744451
0.608613 0.0270581 0.0737916
0.609614 0.0268457 0.0731419
0.610615 0.0266343 0.0724961
0.611615 0.0264237 0.0718541
0.612616 0.0262141 0.0712161
0.613617 0.0260055 0.0705819
0.614618 0.0257979 0.0699516
0.615619 0.0255911 0.0693252
0.61662 0.0253854 0.0687028
0.617621 0.0251806 0.0680842
0.618622 0.0249768 0.0674696
0.619623 0.0247739 0.066859
0.620624 0.0245721 0.0662523
0.621625 0.0243712 0.0656495
0.622626 0.0241712 0.0650507
0.623627 0.0239723 0.0644558
0.624628 0.0237742 0.0638648
0.625629 0.0235772 0.0632776
0.62663 0.023381 0.0626943
0.627631 0.0231858 0.0621147
0.628632 0.0229915 0.0615389
0.629633 0.0227982 0.0609669
0.630634 0.0226057 0.0603986
0.631635 0.0224142 0.059834
0.632636 0.0222235 0.059273
0.633637 0.0220338 0.0587157
0.634638 0.0218449 0.058162
0.635639 0.0216569 0.0576119
0.63664 0.0214698 0.0570654
0.637641 0.0212836 0.0565224
0.638642 0.0210982 0.055983
0.639643 0.0209137 0.055447
0.640644 0.02073 0.0549147
0.641645 0.0205471 0.0543858
0.642646 0.0203651 0.0538605
0.643647 0.020184 0.0533387
0.644648 0.0200037 0.0528205
0.645649 0.0198242 0.0523057
0.64665 0.0196457 0.0517945
0.647651 0.019468 0.0512868
0.648652 0.0192912 0.0507826
0.649653 0.0191153 0.0502819
0.650654 0.0189403 0.0497847
0.651655 0.0187661 0.049291
0.652656 0.0185929 0.0488008
0.653657 0.0184206 0.0483141
0.654658 0.0182492 0.0478308
0.655659 0.0180788 0.0473511
0.65666 0.0179092 0.0468748
0.657661 0.0177406 0.046402
0.658662 0.0175728 0.0459328
0.659663 0.0174059 0.0454671
0.660664 0.0172399 0.0450048
0.661665 0.0170748 0.044546
0.662666 0.0169105 0.0440905
0.663667 0.0167471 0.0436384
0.664668 0.0165846 0.0431897
0.665669 0.0164229 0.0427442
0.66667 0.0162621 0.0423021
0.667671 0.0161021 0.0418631
0.668672 0.015943 0.0414274
0.669673 0.0157848 0.0409948
0.670674 0.0156274 0.0405654
0.671675 0.0154709 0.0401391
0.672676 0.0153152 0.0397159
0.673677 0.0151603 0.0392958
0.674678 0.0150063 0.0388787
0.675679 0.0148531 0.0384648
0.67668 0.0147006 0.0380541
0.677681 0.014549 0.0376465
0.678682 0.0143982 0.0372421
0.679683 0.0142482 0.0368408
0.680684 0.014099 0.0364426
0.681685 0.0139507 0.0360475
0.682686 0.0138032 0.0356554
0.683687 0.0136566 0.0352664
0.684688 0.0135108 0.0348805
0.685689 0.0133659 0.0344976
0.68669 0.0132219 0.0341177
0.687691 0.0130788 0.0337408
0.688692 0.0129366 0.033367
0.689693 0.0127953 0.0329961
0.690694 0.0126549 0.0326281
0.691695 0.0125155 0.0322632
0.692696 0.0123769 0.0319013
0.693697 0.0122391 0.0315425
0.694698 0.0121022 0.0311868
0.695699 0.0119662 0.0308341
0.6967 0.011831 0.0304844
0.697701 0.0116967 0.0301377
0.698702 0.0115632 0.0297939
0.699703 0.0114306 0.0294529
0.700704 0.0112988 0.0291148
0.701705 0.0111679 0.0287795
0.702706 0.0110378 0.028447
0.703707 0.0109086 0.0281172
0.704708 0.0107802 0.0277902
0.705709 0.0106527 0.0274657
0.70671 0.010526 0.027144
0.707711 0.0104002 0.0268248
0.708712 0.0102752 0.0265082
0.709713 0.010151 0.0261942
0.710714 0.0100276 0.0258829
0.711715 0.00990506 0.0255744
0.712716 0.00978328 0.0252686
0.713717 0.0096623 0.0249655
0.714718 0.00954215 0.0246651
0.715719 0.00942281 0.0243673
0.71672 0.00930431 0.0240721
0.717721 0.00918665 0.0237796
0.718722 0.00906983 0.0234896
0.719723 0.00895386 0.0232022
0.720724 0.00883876 0.0229174
0.721725 0.00872452 0.0226351
0.722725 0.00861116 0.0223553
0.723726 0.00849868 0.022078
0.724727 0.00838709 0.0218031
0.725728 0.00827639 0.0215308
0.726729 0.0081666 0.0212608
0.72773 0.00805768 0.0209934
0.728731 0.00794962 0.0207286
0.729732 0.0078424 0.0204664
0.730733 0.00773603 0.0202068
0.731734 0.00763051 0.0199498
0.732735 0.00752583 0.0196952
0.733736 0.00742199 0.019443
0.734737 0.007319 0.0191933
0.735738 0.00721685 0.018946
0.736739 0.00711553 0.018701
0.73774 0.00701505 0.0184583
0.738741 0.00691541 0.0182178
0.739742 0.0068166 0.0179796
0.740743 0.00671862 0.0177436
0.741744 0.00662147 0.0175098
0.742745 0.00652516 0.017278
0.743746 0.00642967 0.0170484
0.744747 0.006335 0.0168208
0.745748 0.00624114 0.0165955
0.746749 0.00614808 0.0163725
0.74775 0.00605581 0.0161517
0.748751 0.00596436 0.0159333
0.749752 0.00587371 0.015717
0.750753 0.00578387 0.0155029
0.751754 0.00569484 0.015291
0.752755 0.00560663 0.0150812
0.753756 0.00551923 0.0148736
0.754757 0.00543266 0.014668
0.755758 0.00534691 0.0144645
0.756759 0.00526199 0.0142631
0.75776 0.0051779 0.0140637
0.758761 0.00509464 0.0138663
0.759762 0.00501222 0.0136708
0.760763 0.00493063 0.0134773
0.761764 0.00484988 0.0132857
0.762765 0.00476997 0.0130961
0.763766 0.0046909 0.0129086
0.764767 0.00461265 0.0127232
0.765768 0.00453522 0.0125399
0.766769 0.00445861 0.0123587
0.76777 0.00438281 0.0121796
0.768771 0.00430782 0.0120024
0.769772 0.00423363 0.0118272
0.770773 0.00416024 0.0116539
0.771774 0.00408765 0.0114825
0.772775 0.00401585 0.0113129
0.773776 0.00394483 0.0111452
0.774777 0.00387459 0.0109792
0.775778 0.00380513 0.010815
0.776779 0.00373645 0.0106525
0.77778 0.00366853 0.0104916
0.778781 0.00360138 0.0103325
0.779782 0.00353498 0.0101749
0.780783 0.00346935 0.010019
0.781784 0.0034045 0.00986489
0.782785 0.00334042 0.00971265
0.783786 0.00327711 0.00956223
0.784787 0.00321457 0.00941359
0.785788 0.0031528 0.00926671
0.786789 0.00309178 0.00912156
0.78779 0.00303153 0.00897811
0.788791 0.00297203 0.00883634
0.789792 0.00291328 0.00869623
0.790793 0.00285527 0.00855774
0.791794 0.00279801 0.00842085
0.792795 0.00274149 0.00828553
0.793796 0.0026857 0.00815177
0.794797 0.00263065 0.00801953
0.795798 0.00257633 0.00788879
0.796799 0.00252274 0.00775952
0.7978 0.00246987 0.0076317
0.798801 0.00241773 0.0075054
0.799802 0.00236638 0.0073808
0.800803 0.00231578 0.00725786
0.801804 0.00226594 0.00713656
0.802805 0.00221685 0.00701686
0.803806 0.00216848 0.00689873
0.804807 0.00212084 0.00678213
0.805808 0.00207391 0.00666703
0.806809 0.00202769 0.00655341
0.80781 0.00198215 0.00644122
0.808811 0.0019373 0.00633044
0.809812 0.00189311 0.00622103
0.810813 0.00184959 0.00611296
0.811814 0.00180672 0.00600621
0.812815 0.00176449 0.00590073
0.813816 0.00172289 0.0057965
0.814817 0.00168191 0.00569348
0.815818 0.00164154 0.00559166
0.816819 0.00160182 0.0054911
0.81782 0.0015628 0.00539198
0.818821 0.00152447 0.00529426
0.819822 0.00148682 0.00519794
0.820823 0.00144983 0.00510298
0.821824 0.00141351 0.00500934
0.822825 0.00137782 0.00491702
0.823826 0.00134278 0.00482598
0.824827 0.00130835 0.00473619
0.825828 0.00127453 0.00464764
0.826829 0.00124132 0.00456029
0.82783 0.00120869 0.00447412
0.828831 0.00117664 0.00438911
0.829832 0.00114516 0.00430522
0.830833 0.00111423 0.00422245
0.831834 0.00108384 0.00414075
0.832835 0.00105399 0.00406011
0.833835 0.00102467 0.0039805
0.834836 0.000995913 0.00390202
0.835837 0.000967804 0.00382481
0.836838 0.000940325 0.00374885
0.837839 0.00091346 0.0036741
0.83884 0.000887192 0.00360054
0.839841 0.000861503 0.00352813
0.840842 0.000836379 0.00345686
0.841843 0.000811803 0.00338668
0.842844 0.000787759 0.00331757
0.843845 0.00076423 0.00324951
0.844846 0.000741201 0.00318246
0.845847 0.000718656 0.00311639
0.846848 0.000696579 0.00305129
0.847849 0.000674955 0.00298711
0.84885 0.000653768 0.00292384
0.849851 0.000633002 0.00286145
0.850852 0.000612644 0.0027999
0.851853 0.000592676 0.00273917
0.852854 0.000573158 0.00267936
0.853855 0.000554182 0.0026206
0.854856 0.000535731 0.00256287
0.855857 0.000517789 0.00250615
0.856858 0.000500337 0.00245041
0.857859 0.000483361 0.00239563
0.85886 0.000466842 0.00234179
0.859861 0.000450765 0.00228887
0.860862 0.000435112 0.00223683
0.861863 0.000419867 0.00218566
0.862864 0.000405015 0.00213533
0.863865 0.000390538 0.00208582
0.864866 0.000376421 0.00203712
0.865867 0.000362647 0.00198919
0.866868 0.000349202 0.00194201
0.867869 0.000336069 0.00189556
0.86887 0.000323232 0.00184983
0.869871 0.000310676 0.00180478
0.870872 0.000298461 0.00176049
0.871873 0.000286687 0.00171712
0.872874 0.000275338 0.00167462
0.873875 0.000264394 0.00163297
0.874876 0.000253839 0.00159216
0.875877 0.000243654 0.00155215
0.876878 0.000233821 0.00151293
0.877879 0.000224323 0.00147446
0.87888 0.000215142 0.00143673
0.879881 0.00020626 0.0013997
0.880882 0.000197661 0.00136336
0.881883 0.000189326 0.00132768
0.882884 0.00018124 0.00129264
0.883885 0.000173384 0.00125822
0.884886 0.000165742 0.00122439
0.885887 0.000158297 0.00119112
0.886888 0.000151033 0.0011584
0.887889 0.000143932 0.00112621
0.88889 0.000137047 0.00109461
0.889891 0.00013048 0.00106373
0.890892 0.000124218 0.00103355
0.891893 0.000118246 0.00100407
0.892894 0.000112548 0.000975251
0.893895 0.000107108 0.000947078
0.894896 0.000101911 0.000919531
0.895897 9.69425e-05 0.00089259
0.896898 9.21863e-05 0.000866235
0.897899 8.76278e-05 0.000840446
0.8989 8.3252e-05 0.000815203
0.899901 7.90441e-05 0.000790487
0.900902 7.49893e-05 0.000766279
0.901903 7.10729e-05 0.000742559
0.902904 6.72805e-05 0.000719308
0.903905 6.35974e-05 0.000696507
0.904906 6.00095e-05 0.000674137
0.905907 5.65023e-05 0.000652179
0.906908 5.31153e-05 0.000630691
0.907909 4.99381e-05 0.000609799
0.90891 4.69605e-05 0.000589486
0.909911 4.41701e-05 0.000569731
0.910912 4.15545e-05 0.000550514
0.911913 3.91013e-05 0.000531816
0.912914 3.67983e-05 0.000513616
0.913915 3.46333e-05 0.000495895
0.914916 3.25942e-05 0.000478633
0.915917 3.0669e-05 0.00046181
0.916918 2.88457e-05 0.000445408
0.917919 2.71125e-05 0.000429405
0.91892 2.54575e-05 0.000413785
0.919921 2.38692e-05 0.000398526
0.920922 2.23357e-05 0.000383611
0.921923 2.08457e-05 0.000369021
0.922924 1.93875e-05 0.000354737
0.923925 1.79498e-05 0.00034074
0.924926 1.65606e-05 0.000327084
0.925927 1.52849e-05 0.000313886
0.926928 1.41164e-05 0.000301133
0.927929 1.30474e-05 0.000288807
0.92893 1.20702e-05 0.000276891
0.929931 1.1177e-05 0.000265366
0.930932 1.03603e-05 0.000254217
0.931933 9.61249e-06 0.000243426
0.932934 8.92599e-06 0.000232977
0.933935 8.29333e-06 0.000222851
0.934936 7.70708e-06 0.000213034
0.935937 7.15983e-06 0.000203508
0.936938 6.64424e-06 0.000194256
0.937939 6.15302e-06 0.000185263
0.93894 5.67891e-06 0.000176512
0.939941 5.2147e-06 0.000167987
0.940942 4.75324e-06 0.000159671
0.941943 4.2874e-06 0.00015155
0.942944 3.83906e-06 0.000143688
0.943945 3.44082e-06 0.000136176
0.944945 3.08888e-06 0.000128999
0.945946 2.77934e-06 0.00012214
0.946947 2.50828e-06 0.000115583
0.947948 2.27184e-06 0.000109313
0.948949 2.06617e-06 0.000103315
0.94995 1.88745e-06 9.7571e-05
0.950951 1.73187e-06 9.20674e-05
0.951952 1.59565e-06 8.67881e-05
0.952953 1.47506e-06 8.17179e-05
0.953954 1.36635e-06 7.68415e-05
0.954955 1.26581e-06 7.21438e-05
0.955956 1.16978e-06 6.76097e-05
0.956957 1.07458e-06 6.32243e-05
0.957958 9.76576e-07 5.89726e-05
0.958959 8.7216e-07 5.484e-05
0.95996 7.59048e-07 5.08197e-05
0.960961 6.55327e-07 4.70249e-05
0.961962 5.66756e-07 4.34845e-05
0.962963 4.91947e-07 4.01825e-05
0.963964 4.29518e-07 3.71031e-05
0.964965 3.78096e-07 3.42308e-05
0.965966 3.36316e-07 3.15498e-05
0.966967 3.02823e-07 2.90446e-05
0.967968 2.7627e-07 2.67e-05
0.968969 2.55316e-07 2.45005e-05
0.96997 2.38631e-07 2.2431e-05
0.970971 2.24891e-07 2.04762e-05
0.971972 2.12782e-07 1.86213e-05
0.972973 2.00997e-07 1.68512e-05
0.973974 1.88238e-07 1.51511e-05
0.974975 1.73214e-07 1.35063e-05
0.975976 1.54642e-07 1.1902e-05
0.976977 1.32347e-07 1.03447e-05
0.977978 1.12597e-07 8.95705e-06
0.978979 9.62589e-08 7.74631e-06
0.97998 8.29252e-08 6.69465e-06
0.980981 7.21923e-08 5.78434e-06
0.981982 6.36586e-08 4.99774e-06
0.982983 5.69247e-08 4.31731e-06
0.983984 5.15939e-08 3.72565e-06
0.984985 4.72719e-08 3.20543e-06
0.985986 4.35666e-08 2.73943e-06
0.986987 4.00885e-08 2.31056e-06
0.987988 3.64503e-08 1.90181e-06
0.988989 3.2267e-08 1.49628e-06
0.98999 2.71562e-08 1.07717e-06
0.990991 2.16143e-08 6.9046e-07
0.991992 1.71406e-08 4.38591e-07
0.992993 1.35433e-08 2.90408e-07
0.993994 1.05784e-08 2.10943e-07
0.994995 8.00346e-09 1.65436e-07
0.995996 5.57747e-09 1.19341e-07
0.996997 3.21206e-09 5.34592e-08
0.997998 1.65352e-09 3.75141e-08
0.998999 4.98471e-10 3.06365e-08
1 2.2441e-27 0
