1e-05 70.2425 3.15996
0.00101099 16.9221 0.9441
0.00201198 13.1479 0.804984
0.00301297 11.2329 0.740636
0.00401396 9.99099 0.702464
0.00501495 9.08922 0.677112
0.00601595 8.39096 0.659156
0.00701694 7.82492 0.645867
0.00801793 7.35264 0.635787
0.00901892 6.94955 0.627989
0.0100199 6.59857 0.621839
0.0110209 6.28925 0.616969
0.0120219 6.01384 0.613111
0.0130229 5.76566 0.610023
0.0140239 5.54024 0.607559
0.0150249 5.33426 0.605609
0.0160259 5.1451 0.604093
0.0170268 4.97042 0.602936
0.0180278 4.80812 0.602058
0.0190288 4.65672 0.601421
0.0200298 4.5151 0.600993
0.0210308 4.38223 0.600738
0.0220318 4.2573 0.600642
0.0230328 4.1395 0.600683
0.0240338 4.02807 0.60083
0.0250348 3.92236 0.60106
0.0260358 3.82193 0.601373
0.0270368 3.72635 0.601758
0.0280377 3.63526 0.602201
0.0290387 3.54831 0.602692
0.0300397 3.46522 0.603236
0.0310407 3.38571 0.603823
0.0320417 3.3095 0.604441
0.0330427 3.23634 0.605079
0.0340437 3.16601 0.605734
0.0350447 3.09837 0.60641
0.0360457 3.03326 0.607103
0.0370467 2.97051 0.607808
0.0380477 2.91 0.608519
0.0390486 2.8516 0.609234
0.0400496 2.79521 0.609961
0.0410506 2.74072 0.610696
0.0420516 2.688 0.611431
0.0430526 2.63697 0.612164
0.0440536 2.58753 0.612888
0.0450546 2.5396 0.613605
0.0460556 2.49313 0.61432
0.0470566 2.44803 0.615031
0.0480576 2.40425 0.615736
0.0490586 2.36173 0.616433
0.0500595 2.32042 0.61712
0.0510605 2.28025 0.617797
0.0520615 2.2412 0.618468
0.0530625 2.20321 0.619135
0.0540635 2.16624 0.619793
0.0550645 2.13024 0.62044
0.0560655 2.09516 0.621074
0.0570665 2.06098 0.621693
0.0580675 2.02764 0.622296
0.0590685 1.99514 0.622889
0.0600695 1.96344 0.623473
0.0610705 1.93251 0.624045
0.0620714 1.90231 0.624605
0.0630724 1.87283 0.62515
0.0640734 1.84404 0.625681
0.0650744 1.81591 0.626195
0.0660754 1.78842 0.626697
0.0670764 1.76156 0.627188
0.0680774 1.7353 0.627669
0.0690784 1.70963 0.628137
0.0700794 1.68452 0.62859
0.0710804 1.65995 0.629029
0.0720814 1.63591 0.629451
0.0730823 1.61237 0.629856
0.0740833 1.58932 0.630246
0.0750843 1.56676 0.630624
0.0760853 1.54467 0.630989
0.0770863 1.52304 0.631342
0.0780873 1.50184 0.63168
0.0790883 1.48107 0.632004
0.0800893 1.46071 0.632313
0.0810903 1.44074 0.632606
0.0820913 1.42116 0.632883
0.0830923 1.40197 0.633149
0.0840932 1.38315 0.633403
0.0850942 1.36469 0.633645
0.0860952 1.34658 0.633874
0.0870962 1.32881 0.63409
0.0880972 1.31138 0.63429
0.0890982 1.29426 0.634476
0.0900992 1.27745 0.634645
0.0911002 1.26095 0.634798
0.0921012 1.24475 0.634938
0.0931022 1.22884 0.635066
0.0941032 1.21323 0.635181
0.0951041 1.19789 0.635284
0.0961051 1.18282 0.635373
0.0971061 1.16801 0.635448
0.0981071 1.15346 0.635509
0.0991081 1.13916 0.635556
0.100109 1.1251 0.635588
0.10111 1.11127 0.635605
0.102111 1.09768 0.63561
0.103112 1.08432 0.635604
0.104113 1.07119 0.635586
0.105114 1.05828 0.635556
0.106115 1.04558 0.635513
0.107116 1.03308 0.635456
0.108117 1.02079 0.635386
0.109118 1.0087 0.635302
0.110119 0.996801 0.635204
0.11112 0.985088 0.635091
0.112121 0.973564 0.634966
0.113122 0.962229 0.63483
0.114123 0.951076 0.634682
0.115124 0.9401 0.634523
0.116125 0.929296 0.634351
0.117126 0.91866 0.634167
0.118127 0.908186 0.63397
0.119128 0.89787 0.63376
0.120129 0.887707 0.633537
0.12113 0.877694 0.6333
0.122131 0.867828 0.63305
0.123132 0.858112 0.63279
0.124133 0.848543 0.632518
0.125134 0.839119 0.632236
0.126135 0.829835 0.631942
0.127136 0.820688 0.631637
0.128137 0.811675 0.631319
0.129138 0.802792 0.63099
0.130139 0.794037 0.630648
0.13114 0.785405 0.630294
0.132141 0.776895 0.629928
0.133142 0.768504 0.629548
0.134143 0.760236 0.629158
0.135144 0.752088 0.628758
0.136145 0.744059 0.628347
0.137146 0.736144 0.627925
0.138147 0.72834 0.627493
0.139148 0.720646 0.627049
0.140149 0.713057 0.626594
0.14115 0.705572 0.626128
0.142151 0.698187 0.62565
0.143152 0.6909 0.62516
0.144153 0.683709 0.624659
0.145154 0.676613 0.624146
0.146155 0.669617 0.623623
0.147156 0.662717 0.623091
0.148157 0.655911 0.622548
0.149158 0.649196 0.621995
0.150159 0.642572 0.621432
0.15116 0.636035 0.620858
0.152161 0.629583 0.620274
0.153162 0.623216 0.619679
0.154163 0.616929 0.619073
0.155164 0.610722 0.618457
0.156165 0.604593 0.617829
0.157166 0.598543 0.617191
0.158167 0.592574 0.616544
0.159168 0.586683 0.615888
0.160169 0.580871 0.615222
0.16117 0.575133 0.614546
0.162171 0.569468 0.613861
0.163172 0.563876 0.613166
0.164173 0.558353 0.612461
0.165174 0.552898 0.611747
0.166175 0.547509 0.611022
0.167175 0.542185 0.610287
0.168176 0.536924 0.609542
0.169177 0.531726 0.608787
0.170178 0.526593 0.608023
0.171179 0.521525 0.60725
0.17218 0.516521 0.606468
0.173181 0.511578 0.605677
0.174182 0.506697 0.604878
0.175183 0.501874 0.604069
0.176184 0.497109 0.603251
0.177185 0.492401 0.602424
0.178186 0.487749 0.601588
0.179187 0.48315 0.600743
0.180188 0.478605 0.599889
0.181189 0.474111 0.599025
0.18219 0.46967 0.598153
0.183191 0.465284 0.597273
0.184192 0.460952 0.596385
0.185193 0.456672 0.595489
0.186194 0.452443 0.594584
0.187195 0.448263 0.593671
0.188196 0.444133 0.59275
0.189197 0.440049 0.591821
0.190198 0.436012 0.590883
0.191199 0.43202 0.589937
0.1922 0.428072 0.588982
0.193201 0.424167 0.588019
0.194202 0.420303 0.587048
0.195203 0.416482 0.586068
0.196204 0.412706 0.585081
0.197205 0.408973 0.584086
0.198206 0.405283 0.583083
0.199207 0.401634 0.582072
0.200208 0.398027 0.581054
0.201209 0.39446 0.580028
0.20221 0.390932 0.578995
0.203211 0.387443 0.577954
0.204212 0.383992 0.576906
0.205213 0.380578 0.575851
0.206214 0.3772 0.574788
0.207215 0.373857 0.573718
0.208216 0.37055 0.572641
0.209217 0.367281 0.571557
0.210218 0.364049 0.570466
0.211219 0.360853 0.569368
0.21222 0.357692 0.568264
0.213221 0.354566 0.567152
0.214222 0.351474 0.566034
0.215223 0.348416 0.564909
0.216224 0.345389 0.563778
0.217225 0.342394 0.56264
0.218226 0.33943 0.561495
0.219227 0.336496 0.560343
0.220228 0.333591 0.559185
0.221229 0.330715 0.55802
0.22223 0.327868 0.556848
0.223231 0.325052 0.55567
0.224232 0.322266 0.554486
0.225233 0.31951 0.553295
0.226234 0.316783 0.552097
0.227235 0.314085 0.550894
0.228236 0.311414 0.549685
0.229237 0.308771 0.548469
0.230238 0.306155 0.547248
0.231239 0.303565 0.546021
0.23224 0.301001 0.544789
0.233241 0.298462 0.543551
0.234242 0.295948 0.542307
0.235243 0.293459 0.541058
0.236244 0.290994 0.539804
0.237245 0.288556 0.538544
0.238246 0.286143 0.537279
0.239247 0.283755 0.536008
0.240248 0.281392 0.534732
0.241249 0.279053 0.533451
0.24225 0.276738 0.532164
0.243251 0.274445 0.530873
0.244252 0.272175 0.529576
0.245253 0.269927 0.528274
0.246254 0.2677 0.526968
0.247255 0.265494 0.525656
0.248256 0.263309 0.524339
0.249257 0.261144 0.523018
0.250258 0.258999 0.521692
0.251259 0.256876 0.52036
0.25226 0.254774 0.519024
0.253261 0.252693 0.517682
0.254262 0.250632 0.516336
0.255263 0.248592 0.514985
0.256264 0.246571 0.513629
0.257265 0.24457 0.51227
0.258266 0.242588 0.510905
0.259267 0.240624 0.509537
0.260268 0.238679 0.508165
0.261269 0.236752 0.506789
0.26227 0.234843 0.50541
0.263271 0.232951 0.504027
0.264272 0.231076 0.50264
0.265273 0.22922 0.50125
0.266274 0.227382 0.499855
0.267275 0.225562 0.498457
0.268276 0.22376 0.497054
0.269277 0.221975 0.495649
0.270278 0.220207 0.494239
0.271279 0.218456 0.492826
0.27228 0.216721 0.491409
0.273281 0.215002 0.489989
0.274282 0.213299 0.488565
0.275283 0.21161 0.487139
0.276284 0.209937 0.485709
0.277285 0.208278 0.484276
0.278285 0.206633 0.482839
0.279286 0.205002 0.4814
0.280287 0.203387 0.479957
0.281288 0.201787 0.47851
0.282289 0.200202 0.47706
0.28329 0.198631 0.475607
0.284291 0.197075 0.47415
0.285292 0.195533 0.47269
0.286293 0.194006 0.471228
0.287294 0.192491 0.469763
0.288295 0.19099 0.468295
0.289296 0.189503 0.466825
0.290297 0.188028 0.465353
0.291298 0.186566 0.463878
0.292299 0.185116 0.462402
0.2933 0.183678 0.460924
0.294301 0.182253 0.459444
0.295302 0.180842 0.457961
0.296303 0.179443 0.456476
0.297304 0.178057 0.454988
0.298305 0.176684 0.453498
0.299306 0.175323 0.452006
0.300307 0.173974 0.450512
0.301308 0.172636 0.449015
0.302309 0.171311 0.447517
0.30331 0.169997 0.446017
0.304311 0.168693 0.444515
0.305312 0.167401 0.443012
0.306313 0.16612 0.441507
0.307314 0.164848 0.44
0.308315 0.163587 0.438493
0.309316 0.162337 0.436983
0.310317 0.161097 0.435472
0.311318 0.159869 0.433958
0.312319 0.158651 0.432442
0.31332 0.157444 0.430924
0.314321 0.156247 0.429405
0.315322 0.155061 0.427884
0.316323 0.153885 0.426362
0.317324 0.152718 0.424838
0.318325 0.151562 0.423314
0.319326 0.150415 0.421789
0.320327 0.149277 0.420263
0.321328 0.148149 0.418737
0.322329 0.14703 0.417211
0.32333 0.14592 0.415685
0.324331 0.144819 0.414158
0.325332 0.143727 0.412631
0.326333 0.142646 0.411102
0.327334 0.141573 0.409572
0.328335 0.14051 0.408042
0.329336 0.139457 0.406511
0.330337 0.138412 0.404979
0.331338 0.137376 0.403446
0.332339 0.136348 0.401914
0.33334 0.135329 0.40038
0.334341 0.134318 0.398847
0.335342 0.133315 0.397313
0.336343 0.132319 0.39578
0.337344 0.131332 0.394246
0.338345 0.130352 0.392713
0.339346 0.129379 0.39118
0.340347 0.128414 0.389646
0.341348 0.127457 0.388111
0.342349 0.126508 0.386576
0.34335 0.125568 0.38504
0.344351 0.124634 0.383504
0.345352 0.123709 0.381967
0.346353 0.122791 0.380431
0.347354 0.12188 0.378895
0.348355 0.120976 0.377359
0.349356 0.12008 0.375823
0.350357 0.119191 0.374288
0.351358 0.118308 0.372754
0.352359 0.117433 0.371221
0.35336 0.116564 0.369689
0.354361 0.115701 0.368159
0.355362 0.114845 0.36663
0.356363 0.113997 0.365101
0.357364 0.113155 0.363572
0.358365 0.112321 0.362043
0.359366 0.111493 0.360515
0.360367 0.110672 0.358988
0.361368 0.109857 0.357461
0.362369 0.109049 0.355935
0.36337 0.108248 0.35441
0.364371 0.107452 0.352886
0.365372 0.106663 0.351363
0.366373 0.105879 0.349841
0.367374 0.105102 0.348321
0.368375 0.10433 0.346802
0.369376 0.103563 0.345284
0.370377 0.102802 0.343768
0.371378 0.102047 0.342253
0.372379 0.101298 0.340739
0.37338 0.100554 0.339225
0.374381 0.0998166 0.337711
0.375382 0.0990848 0.336199
0.376383 0.0983587 0.334688
0.377384 0.0976381 0.333177
0.378385 0.0969231 0.331669
0.379386 0.0962135 0.330161
0.380387 0.0955093 0.328656
0.381388 0.0948103 0.327152
0.382389 0.0941165 0.32565
0.38339 0.0934278 0.324151
0.384391 0.0927441 0.322653
0.385392 0.0920655 0.321158
0.386393 0.0913916 0.319666
0.387394 0.0907229 0.318176
0.388395 0.0900595 0.316688
0.389395 0.0894013 0.315201
0.390396 0.0887484 0.313715
0.391397 0.0881005 0.312232
0.392398 0.0874577 0.31075
0.393399 0.0868197 0.30927
0.3944 0.0861865 0.307792
0.395401 0.085558 0.306316
0.396402 0.0849341 0.304842
0.397403 0.0843147 0.303371
0.398404 0.0836998 0.301902
0.399405 0.0830891 0.300435
0.400406 0.0824827 0.298971
0.401407 0.0818805 0.29751
0.402408 0.0812823 0.296051
0.403409 0.0806883 0.294594
0.40441 0.0800988 0.29314
0.405411 0.0795137 0.291686
0.406412 0.078933 0.290235
0.407413 0.0783566 0.288786
0.408414 0.0777845 0.287338
0.409415 0.0772165 0.285894
0.410416 0.0766527 0.284451
0.411417 0.076093 0.283011
0.412418 0.0755373 0.281574
0.413419 0.0749855 0.28014
0.41442 0.0744377 0.278709
0.415421 0.0738937 0.27728
0.416422 0.0733535 0.275856
0.417423 0.0728171 0.274434
0.418424 0.0722844 0.273017
0.419425 0.0717553 0.271603
0.420426 0.0712304 0.270191
0.421427 0.0707094 0.268782
0.422428 0.0701924 0.267375
0.423429 0.0696793 0.265972
0.42443 0.0691699 0.264571
0.425431 0.0686642 0.263173
0.426432 0.0681622 0.261778
0.427433 0.0676638 0.260386
0.428434 0.0671688 0.258997
0.429435 0.0666773 0.257611
0.430436 0.0661891 0.256229
0.431437 0.0657042 0.25485
0.432438 0.0652225 0.253474
0.433439 0.064744 0.252102
0.43444 0.0642685 0.250733
0.435441 0.0637961 0.249368
0.436442 0.063327 0.248005
0.437443 0.0628613 0.246645
0.438444 0.0623989 0.245288
0.439445 0.0619397 0.243934
0.440446 0.0614838 0.242582
0.441447 0.0610311 0.241234
0.442448 0.0605815 0.239889
0.443449 0.0601351 0.238547
0.44445 0.0596917 0.237209
0.445451 0.0592514 0.235874
0.446452 0.058814 0.234543
0.447453 0.0583796 0.233216
0.448454 0.0579482 0.231893
0.449455 0.0575196 0.230574
0.450456 0.0570938 0.229259
0.451457 0.0566709 0.227948
0.452458 0.0562509 0.226641
0.453459 0.0558339 0.225338
0.45446 0.05542 0.224038
0.455461 0.0550091 0.222741
0.456462 0.0546011 0.221448
0.457463 0.054196 0.220159
0.458464 0.0537937 0.218873
0.459465 0.0533942 0.217591
0.460466 0.0529973 0.216312
0.461467 0.0526032 0.215038
0.462468 0.0522116 0.213767
0.463469 0.0518226 0.2125
0.46447 0.0514361 0.211237
0.465471 0.0510521 0.209978
0.466472 0.0506705 0.208724
0.467473 0.0502912 0.207473
0.468474 0.0499143 0.206226
0.469475 0.0495399 0.204983
0.470476 0.0491681 0.203743
0.471477 0.0487988 0.202507
0.472478 0.048432 0.201274
0.473479 0.0480677 0.200045
0.47448 0.0477059 0.19882
0.475481 0.0473464 0.197598
0.476482 0.0469894 0.196381
0.477483 0.0466347 0.195167
0.478484 0.0462824 0.193957
0.479485 0.0459324 0.192752
0.480486 0.0455847 0.191551
0.481487 0.0452392 0.190355
0.482488 0.044896 0.189162
0.483489 0.044555 0.187975
0.48449 0.0442162 0.186792
0.485491 0.0438796 0.185614
0.486492 0.0435454 0.184439
0.487493 0.0432136 0.183269
0.488494 0.0428841 0.182102
0.489495 0.0425569 0.18094
0.490496 0.0422319 0.179782
0.491497 0.0419091 0.178627
0.492498 0.0415885 0.177477
0.493499 0.04127 0.176331
0.4945 0.0409535 0.17519
0.495501 0.0406391 0.174052
0.496502 0.0403267 0.172919
0.497503 0.0400162 0.17179
0.498504 0.0397076 0.170665
0.499505 0.039401 0.169545
0.500505 0.0390962 0.168429
0.501506 0.0387931 0.167318
0.502507 0.038492 0.16621
0.503508 0.0381929 0.165107
0.504509 0.0378957 0.164007
0.50551 0.0376005 0.162911
0.506511 0.0373072 0.161819
0.507512 0.0370158 0.160731
0.508513 0.0367264 0.159648
0.509514 0.0364388 0.158568
0.510515 0.036153 0.157493
0.511516 0.0358691 0.156422
0.512517 0.035587 0.155356
0.513518 0.0353067 0.154294
0.514519 0.0350282 0.153236
0.51552 0.0347514 0.152183
0.516521 0.0344764 0.151135
0.517522 0.0342031 0.150092
0.518523 0.0339315 0.149053
0.519524 0.0336618 0.148019
0.520525 0.0333938 0.14699
0.521526 0.0331278 0.145964
0.522527 0.0328635 0.144943
0.523528 0.0326009 0.143926
0.524529 0.0323401 0.142913
0.52553 0.032081 0.141905
0.526531 0.0318236 0.140901
0.527532 0.0315679 0.139902
0.528533 0.0313137 0.138906
0.529534 0.0310612 0.137915
0.530535 0.0308102 0.136929
0.531536 0.0305608 0.135947
0.532537 0.0303129 0.134969
0.533538 0.0300664 0.133996
0.534539 0.0298214 0.133027
0.53554 0.0295779 0.132063
0.536541 0.0293359 0.131103
0.537542 0.0290954 0.130146
0.538543 0.0288565 0.129194
0.539544 0.0286191 0.128246
0.540545 0.0283833 0.127302
0.541546 0.0281489 0.126363
0.542547 0.0279161 0.125427
0.543548 0.0276847 0.124496
0.544549 0.0274549 0.123569
0.54555 0.0272264 0.122647
0.546551 0.0269995 0.121729
0.547552 0.0267739 0.120815
0.548553 0.0265498 0.119906
0.549554 0.0263272 0.119002
0.550555 0.0261059 0.118102
0.551556 0.025886 0.117207
0.552557 0.0256675 0.116316
0.553558 0.0254504 0.11543
0.554559 0.0252349 0.114549
0.55556 0.0250208 0.113671
0.556561 0.0248082 0.112798
0.557562 0.0245969 0.11193
0.558563 0.0243871 0.111065
0.559564 0.0241786 0.110205
0.560565 0.0239715 0.109349
0.561566 0.0237657 0.108498
0.562567 0.0235612 0.107651
0.563568 0.0233581 0.106808
0.564569 0.0231561 0.10597
0.56557 0.0229554 0.105135
0.566571 0.022756 0.104306
0.567572 0.0225577 0.10348
0.568573 0.0223607 0.102659
0.569574 0.0221647 0.101842
0.570575 0.02197 0.101029
0.571576 0.0217766 0.10022
0.572577 0.0215844 0.0994147
0.573578 0.0213934 0.0986139
0.574579 0.0212037 0.0978172
0.57558 0.0210152 0.0970247
0.576581 0.0208279 0.0962363
0.577582 0.0206418 0.095452
0.578583 0.0204569 0.094672
0.579584 0.0202732 0.0938962
0.580585 0.0200907 0.0931247
0.581586 0.0199093 0.0923575
0.582587 0.0197292 0.0915946
0.583588 0.0195502 0.090836
0.584589 0.0193723 0.0900818
0.58559 0.0191956 0.089332
0.586591 0.0190201 0.0885866
0.587592 0.0188457 0.0878455
0.588593 0.0186725 0.0871087
0.589594 0.0185006 0.0863761
0.590595 0.0183298 0.0856477
0.591596 0.0181602 0.0849234
0.592597 0.0179917 0.0842033
0.593598 0.0178243 0.0834874
0.594599 0.0176581 0.0827756
0.5956 0.017493 0.0820678
0.596601 0.0173289 0.0813642
0.597602 0.0171659 0.0806647
0.598603 0.017004 0.0799692
0.599604 0.0168431 0.0792777
0.600605 0.0166833 0.0785903
0.601606 0.0165245 0.0779069
0.602607 0.0163666 0.0772274
0.603608 0.0162098 0.076552
0.604609 0.0160539 0.0758805
0.60561 0.015899 0.0752128
0.606611 0.0157452 0.0745491
0.607612 0.0155925 0.0738892
0.608613 0.0154407 0.0732332
0.609614 0.01529 0.072581
0.610615 0.0151402 0.0719329
0.611615 0.0149915 0.0712886
0.612616 0.0148438 0.0706482
0.613617 0.0146971 0.0700118
0.614618 0.0145514 0.0693794
0.615619 0.0144066 0.0687509
0.61662 0.0142629 0.0681264
0.617621 0.0141201 0.0675059
0.618622 0.0139784 0.0668893
0.619623 0.0138376 0.0662768
0.620624 0.0136977 0.0656683
0.621625 0.0135588 0.0650638
0.622626 0.013421 0.0644632
0.623627 0.0132841 0.0638667
0.624628 0.0131482 0.063274
0.625629 0.0130133 0.0626853
0.62663 0.0128794 0.0621005
0.627631 0.0127465 0.0615195
0.628632 0.0126145 0.0609423
0.629633 0.0124834 0.0603689
0.630634 0.0123532 0.0597993
0.631635 0.012224 0.0592335
0.632636 0.0120957 0.0586714
0.633637 0.0119683 0.058113
0.634638 0.0118417 0.0575582
0.635639 0.011716 0.0570071
0.63664 0.0115912 0.0564596
0.637641 0.0114673 0.0559157
0.638642 0.0113441 0.0553754
0.639643 0.0112219 0.0548387
0.640644 0.0111005 0.0543055
0.641645 0.01098 0.053776
0.642646 0.0108604 0.05325
0.643647 0.0107416 0.0527276
0.644648 0.0106237 0.0522088
0.645649 0.0105067 0.0516936
0.64665 0.0103905 0.0511819
0.647651 0.0102752 0.0506738
0.648652 0.0101607 0.0501693
0.649653 0.0100471 0.0496683
0.650654 0.00993435 0.0491708
0.651655 0.00982243 0.0486769
0.652656 0.00971135 0.0481866
0.653657 0.00960111 0.0476997
0.654658 0.0094917 0.0472164
0.655659 0.00938313 0.0467366
0.65666 0.00927539 0.0462603
0.657661 0.00916851 0.0457876
0.658662 0.00906248 0.0453185
0.659663 0.00895731 0.044853
0.660664 0.00885297 0.0443909
0.661665 0.00874946 0.0439324
0.662666 0.00864678 0.0434772
0.663667 0.00854491 0.0430255
0.664668 0.00844384 0.0425772
0.665669 0.00834357 0.0421321
0.66667 0.00824408 0.0416905
0.667671 0.00814538 0.041252
0.668672 0.00804745 0.0408169
0.669673 0.00795028 0.0403849
0.670674 0.00785386 0.0399562
0.671675 0.00775819 0.0395306
0.672676 0.00766326 0.0391081
0.673677 0.00756906 0.0386887
0.674678 0.00747561 0.0382724
0.675679 0.00738291 0.0378594
0.67668 0.00729097 0.0374496
0.677681 0.00719978 0.037043
0.678682 0.00710935 0.0366395
0.679683 0.00701966 0.0362392
0.680684 0.00693072 0.0358421
0.681685 0.00684252 0.0354481
0.682686 0.00675507 0.0350572
0.683687 0.00666836 0.0346694
0.684688 0.00658238 0.0342846
0.685689 0.00649714 0.033903
0.68669 0.00641263 0.0335244
0.687691 0.00632885 0.0331488
0.688692 0.0062458 0.0327763
0.689693 0.00616347 0.0324068
0.690694 0.00608187 0.0320403
0.691695 0.00600099 0.0316768
0.692696 0.00592085 0.0313164
0.693697 0.00584147 0.0309591
0.694698 0.00576282 0.030605
0.695699 0.00568491 0.0302539
0.6967 0.00560772 0.0299058
0.697701 0.00553124 0.0295608
0.698702 0.00545547 0.0292186
0.699703 0.0053804 0.0288794
0.700704 0.00530602 0.0285431
0.701705 0.00523233 0.0282096
0.702706 0.00515931 0.0278789
0.703707 0.00508696 0.027551
0.704708 0.00501528 0.0272258
0.705709 0.00494424 0.0269033
0.70671 0.00487385 0.0265834
0.707711 0.0048041 0.0262662
0.708712 0.00473499 0.0259516
0.709713 0.00466651 0.0256396
0.710714 0.00459869 0.0253304
0.711715 0.00453154 0.0250239
0.712716 0.00446504 0.0247202
0.713717 0.0043992 0.0244193
0.714718 0.00433401 0.024121
0.715719 0.00426947 0.0238254
0.71672 0.00420557 0.0235325
0.717721 0.00414231 0.0232422
0.718722 0.00407969 0.0229545
0.719723 0.00401771 0.0226694
0.720724 0.00395635 0.0223869
0.721725 0.00389562 0.0221069
0.722725 0.00383552 0.0218295
0.723726 0.00377604 0.0215545
0.724727 0.00371717 0.0212821
0.725728 0.00365891 0.0210121
0.726729 0.00360127 0.0207446
0.72773 0.00354426 0.0204796
0.728731 0.0034879 0.0202173
0.729732 0.00343219 0.0199576
0.730733 0.0033771 0.0197005
0.731734 0.00332264 0.019446
0.732735 0.0032688 0.019194
0.733736 0.00321556 0.0189444
0.734737 0.00316293 0.0186973
0.735738 0.00311088 0.0184526
0.736739 0.00305942 0.0182102
0.73774 0.00300854 0.0179702
0.738741 0.00295822 0.0177324
0.739742 0.00290846 0.0174969
0.740743 0.00285926 0.0172636
0.741744 0.0028106 0.0170324
0.742745 0.00276247 0.0168034
0.743746 0.00271487 0.0165765
0.744747 0.0026678 0.0163517
0.745748 0.00262129 0.0161291
0.746749 0.00257536 0.0159089
0.74775 0.00252999 0.0156909
0.748751 0.00248519 0.0154752
0.749752 0.00244094 0.0152618
0.750753 0.00239725 0.0150505
0.751754 0.00235409 0.0148415
0.752755 0.00231148 0.0146346
0.753756 0.0022694 0.0144298
0.754757 0.00222784 0.0142271
0.755758 0.00218681 0.0140266
0.756759 0.00214629 0.013828
0.75776 0.00210628 0.0136315
0.758761 0.00206677 0.013437
0.759762 0.00202776 0.0132445
0.760763 0.00198924 0.0130539
0.761764 0.00195121 0.0128653
0.762765 0.00191367 0.0126785
0.763766 0.00187667 0.012494
0.764767 0.00184021 0.0123116
0.765768 0.00180428 0.0121313
0.766769 0.00176887 0.0119531
0.76777 0.00173397 0.0117769
0.768771 0.00169957 0.0116027
0.769772 0.00166566 0.0114305
0.770773 0.00163224 0.0112602
0.771774 0.00159929 0.0110918
0.772775 0.00156681 0.0109252
0.773776 0.00153479 0.0107605
0.774777 0.00150321 0.0105975
0.775778 0.00147208 0.0104363
0.776779 0.00144137 0.0102768
0.77778 0.00141109 0.010119
0.778781 0.00138122 0.00996286
0.779782 0.00135176 0.0098083
0.780783 0.00132271 0.00965539
0.781784 0.00129414 0.00950433
0.782785 0.00126603 0.00935512
0.783786 0.00123839 0.00920772
0.784787 0.0012112 0.00906211
0.785788 0.00118445 0.00891826
0.786789 0.00115814 0.00877615
0.78779 0.00113226 0.00863574
0.788791 0.0011068 0.00849701
0.789792 0.00108175 0.00835993
0.790793 0.0010571 0.00822447
0.791794 0.00103285 0.00809061
0.792795 0.00100898 0.00795832
0.793796 0.0009855 0.00782757
0.794797 0.000962389 0.00769835
0.795798 0.000939642 0.00757061
0.796799 0.000917251 0.00744435
0.7978 0.00089521 0.00731952
0.798801 0.00087354 0.0071962
0.799802 0.000852298 0.00707458
0.800803 0.000831477 0.00695463
0.801804 0.000811065 0.0068363
0.802805 0.000791052 0.00671958
0.803806 0.000771428 0.00660442
0.804807 0.000752181 0.0064908
0.805808 0.000733303 0.00637867
0.806809 0.000714782 0.006268
0.80781 0.000696608 0.00615877
0.808811 0.000678772 0.00605093
0.809812 0.000661263 0.00594447
0.810813 0.000644071 0.00583933
0.811814 0.000627186 0.00573549
0.812815 0.000610598 0.00563293
0.813816 0.000594298 0.0055316
0.814817 0.000578276 0.00543148
0.815818 0.000562523 0.00533253
0.816819 0.000547067 0.00523484
0.81782 0.000531969 0.00513858
0.818821 0.000517219 0.00504373
0.819822 0.000502808 0.00495026
0.820823 0.000488725 0.00485814
0.821824 0.000474962 0.00476735
0.822825 0.000461508 0.00467786
0.823826 0.000448353 0.00458964
0.824827 0.000435488 0.00450267
0.825828 0.000422903 0.00441692
0.826829 0.000410589 0.00433236
0.82783 0.000398537 0.00424898
0.828831 0.000386737 0.00416673
0.829832 0.000375179 0.0040856
0.830833 0.000363855 0.00400556
0.831834 0.000352756 0.00392659
0.832835 0.000341872 0.00384866
0.833835 0.000331194 0.00377174
0.834836 0.000320757 0.00369594
0.835837 0.000310618 0.0036214
0.836838 0.000300767 0.00354809
0.837839 0.000291193 0.00347599
0.83884 0.000281886 0.00340506
0.839841 0.000272835 0.00333528
0.840842 0.00026403 0.00326661
0.841843 0.000255462 0.00319903
0.842844 0.000247119 0.0031325
0.843845 0.000238992 0.00306701
0.844846 0.00023107 0.00300251
0.845847 0.000223344 0.00293899
0.846848 0.000215804 0.0028764
0.847849 0.00020844 0.00281474
0.84885 0.000201241 0.00275396
0.849851 0.0001942 0.00269404
0.850852 0.000187305 0.00263495
0.851853 0.000180547 0.00257666
0.852854 0.000173961 0.00251927
0.853855 0.000167601 0.00246292
0.854856 0.000161459 0.00240759
0.855857 0.000155526 0.00235325
0.856858 0.000149792 0.00229989
0.857859 0.000144249 0.00224746
0.85886 0.000138888 0.00219596
0.859861 0.000133699 0.00214536
0.860862 0.000128674 0.00209563
0.861863 0.000123804 0.00204676
0.862864 0.00011908 0.0019987
0.863865 0.000114494 0.00195146
0.864866 0.000110036 0.00190499
0.865867 0.0001057 0.00185928
0.866868 0.000101475 0.0018143
0.867869 9.73537e-05 0.00177003
0.86887 9.33276e-05 0.00172646
0.869871 8.93883e-05 0.00168355
0.870872 8.55647e-05 0.00164139
0.871873 8.19068e-05 0.00160011
0.872874 7.84071e-05 0.0015597
0.873875 7.50575e-05 0.00152013
0.874876 7.18501e-05 0.00148137
0.875877 6.87768e-05 0.0014434
0.876878 6.58299e-05 0.00140619
0.877879 6.30015e-05 0.00136972
0.87888 6.02837e-05 0.00133397
0.879881 5.76689e-05 0.0012989
0.880882 5.51493e-05 0.00126451
0.881883 5.27174e-05 0.00123075
0.882884 5.03654e-05 0.00119762
0.883885 4.8086e-05 0.00116508
0.884886 4.58716e-05 0.00113311
0.885887 4.37148e-05 0.00110169
0.886888 4.16082e-05 0.0010708
0.887889 3.95444e-05 0.00104041
0.88889 3.75444e-05 0.00101059
0.889891 3.56513e-05 0.000981484
0.890892 3.386e-05 0.000953062
0.891893 3.21647e-05 0.000925309
0.892894 3.05594e-05 0.000898204
0.893895 2.90383e-05 0.000871727
0.894896 2.75957e-05 0.000845856
0.895897 2.62257e-05 0.000820572
0.896898 2.49227e-05 0.000795855
0.897899 2.3681e-05 0.000771684
0.8989 2.2495e-05 0.00074804
0.899901 2.13589e-05 0.000724903
0.900902 2.02674e-05 0.000702252
0.901903 1.92147e-05 0.00068007
0.902904 1.81955e-05 0.000658336
0.903905 1.72043e-05 0.000637031
0.904906 1.62357e-05 0.000616136
0.905907 1.52842e-05 0.000595632
0.906908 1.43635e-05 0.000575576
0.907909 1.35052e-05 0.000556096
0.90891 1.27063e-05 0.000537174
0.909911 1.19628e-05 0.000518791
0.910912 1.12706e-05 0.000500927
0.911913 1.06259e-05 0.00048356
0.912914 1.00247e-05 0.000466673
0.913915 9.46316e-06 0.000450244
0.914916 8.93734e-06 0.000434254
0.915917 8.44342e-06 0.000418683
0.916918 7.97759e-06 0.000403513
0.917919 7.53605e-06 0.000388724
0.91892 7.11502e-06 0.000374297
0.919921 6.71076e-06 0.000360212
0.920922 6.31955e-06 0.000346452
0.921923 5.93768e-06 0.000332997
0.922924 5.56149e-06 0.000319828
0.923925 5.18732e-06 0.000306927
0.924926 4.82349e-06 0.000294348
0.925927 4.48965e-06 0.000282207
0.926928 4.18419e-06 0.00027049
0.927929 3.90498e-06 0.000259181
0.92893 3.64992e-06 0.000248261
0.929931 3.41691e-06 0.000237714
0.930932 3.20386e-06 0.000227523
0.931933 3.0087e-06 0.00021767
0.932934 2.82939e-06 0.00020814
0.933935 2.66387e-06 0.000198916
0.934936 2.51011e-06 0.000189981
0.935937 2.36611e-06 0.000181319
0.936938 2.22984e-06 0.000172913
0.937939 2.09933e-06 0.000164747
0.93894 1.97259e-06 0.000156806
0.939941 1.84765e-06 0.000149072
0.940942 1.72256e-06 0.000141531
0.941943 1.59539e-06 0.000134166
0.942944 1.47176e-06 0.000127042
0.943945 1.36023e-06 0.000120248
0.944945 1.2599e-06 0.000113769
0.945946 1.16985e-06 0.000107589
0.946947 1.08915e-06 0.000101692
0.947948 1.01688e-06 9.60634e-05
0.948949 9.52121e-07 9.06877e-05
0.94995 8.93977e-07 8.55496e-05
0.950951 8.4154e-07 8.06339e-05
0.951952 7.93915e-07 7.59257e-05
0.952953 7.50212e-07 7.14099e-05
0.953954 7.09545e-07 6.70718e-05
0.954955 6.71035e-07 6.28966e-05
0.955956 6.33808e-07 5.88695e-05
0.956957 5.96995e-07 5.49761e-05
0.957958 5.59734e-07 5.12018e-05
0.958959 5.21167e-07 4.75323e-05
0.95996 4.80748e-07 4.39609e-05
0.960961 4.42706e-07 4.05959e-05
0.961962 4.08402e-07 3.74651e-05
0.962963 3.77524e-07 3.45537e-05
0.963964 3.49763e-07 3.18465e-05
0.964965 3.24813e-07 2.9329e-05
0.965966 3.02368e-07 2.69862e-05
0.966967 2.82125e-07 2.48036e-05
0.967968 2.63781e-07 2.27667e-05
0.968969 2.47038e-07 2.08609e-05
0.96997 2.31598e-07 1.9072e-05
0.970971 2.17165e-07 1.73856e-05
0.971972 2.03443e-07 1.57876e-05
0.972973 1.90142e-07 1.42638e-05
0.973974 1.76971e-07 1.28002e-05
0.974975 1.6364e-07 1.13829e-05
0.975976 1.49862e-07 9.99809e-06
0.976977 1.35627e-07 8.65136e-06
0.977978 1.22497e-07 7.45546e-06
0.978979 1.10663e-07 6.41745e-06
0.97998 9.99967e-08 5.52117e-06
0.980981 9.03697e-08 4.75056e-06
0.981982 8.16552e-08 4.08964e-06
0.982983 7.37268e-08 3.52255e-06
0.983984 6.64589e-08 3.03351e-06
0.984985 5.97267e-08 2.60685e-06
0.985986 5.34063e-08 2.22699e-06
0.986987 4.73742e-08 1.87843e-06
0.987988 4.1508e-08 1.54577e-06
0.988989 3.56858e-08 1.21373e-06
0.98999 2.97867e-08 8.67088e-07
0.990991 2.41107e-08 5.45829e-07
0.991992 1.93661e-08 3.40049e-07
0.992993 1.53899e-08 2.22836e-07
0.993994 1.19933e-08 1.63924e-07
0.994995 8.98873e-09 1.33232e-07
0.995996 6.18983e-09 1.00857e-07
0.996997 3.55952e-09 4.97388e-08
0.997998 1.83258e-09 3.8141e-08
0.998999 5.52276e-10 3.3398e-08
1 2.01956e-28 0
