1.5 1.97192 0.386467
1.5986 2.48753 0.402912
1.6972 2.98028 0.418793
1.7958 3.44941 0.434053
1.89439 3.89791 0.448759
1.99299 4.32654 0.462919
2.09159 4.73554 0.476526
2.19019 5.12707 0.489633
2.28879 5.50267 0.50228
2.38739 5.86284 0.514474
2.48599 6.20814 0.526229
2.58458 6.53984 0.537578
2.68318 6.85939 0.548561
2.78178 7.16734 0.559191
2.88038 7.46418 0.569481
2.97898 7.75039 0.579445
3.07758 8.0265 0.589097
3.17618 8.29359 0.598468
3.27477 8.55224 0.607574
3.37337 8.80282 0.616425
3.47197 9.04567 0.625033
3.57057 9.28113 0.633406
3.66917 9.5095 0.641554
3.76777 9.7311 0.649484
3.86637 9.94723 0.657214
3.96496 10.1587 0.664755
4.06356 10.3651 0.672117
4.16216 10.5662 0.679306
4.26076 10.7617 0.686329
4.35936 10.9515 0.693191
4.45796 11.1353 0.699899
4.55656 11.313 0.706459
4.65516 11.4846 0.712875
4.75375 11.65 0.719153
4.85235 11.8095 0.725301
4.95095 11.9637 0.731328
5.04955 12.113 0.737236
5.14815 12.2579 0.74303
5.24675 12.3988 0.748714
5.34535 12.5361 0.75429
5.44394 12.67 0.759763
5.54254 12.801 0.765135
5.64114 12.9291 0.77041
5.73974 13.0548 0.77559
5.83834 13.1783 0.780678
5.93694 13.2997 0.785677
6.03554 13.4192 0.790589
6.13413 13.5372 0.795417
6.23273 13.6533 0.800165
6.33133 13.7674 0.804837
6.42993 13.8795 0.809436
6.52853 13.9898 0.813963
6.62713 14.0982 0.81842
6.72573 14.2049 0.82281
6.82432 14.3098 0.827133
6.92292 14.4131 0.831393
7.02152 14.5147 0.835589
7.12012 14.6147 0.839725
7.21872 14.7131 0.843801
7.31732 14.8101 0.84782
7.41592 14.9055 0.851782
7.51451 14.9995 0.855688
7.61311 15.0922 0.859541
7.71171 15.1834 0.863342
7.81031 15.2733 0.867091
7.90891 15.3619 0.870789
8.00751 15.4493 0.874439
8.10611 15.5354 0.878042
8.2047 15.6203 0.881598
8.3033 15.7041 0.88511
8.4019 15.7868 0.88858
8.5005 15.8684 0.892007
8.5991 15.9489 0.895393
8.6977 16.0284 0.898739
8.7963 16.1069 0.902045
8.89489 16.1844 0.905313
8.99349 16.261 0.908543
9.09209 16.3365 0.911736
9.19069 16.4112 0.914893
9.28929 16.485 0.918015
9.38789 16.5579 0.921101
9.48649 16.6299 0.924154
9.58509 16.701 0.927173
9.68368 16.7713 0.930159
9.78228 16.8408 0.933113
9.88088 16.9095 0.936036
9.97948 16.9775 0.938928
10.0781 17.0446 0.94179
10.1767 17.111 0.944621
10.2753 17.1767 0.947424
10.3739 17.2416 0.950198
10.4725 17.3058 0.952944
10.5711 17.3693 0.955662
10.6697 17.4321 0.958353
10.7683 17.4943 0.961017
10.8669 17.5558 0.963656
10.9655 17.6166 0.966268
11.0641 17.6768 0.968856
11.1627 17.7364 0.97142
11.2613 17.7955 0.97396
11.3599 17.8539 0.976477
11.4585 17.9118 0.978971
11.5571 17.9691 0.981443
11.6557 18.0258 0.983893
11.7543 18.082 0.986321
11.8529 18.1377 0.988727
11.9515 18.1929 0.991112
12.0501 18.2475 0.993477
12.1486 18.3016 0.995821
12.2472 18.3552 0.998145
12.3458 18.4084 1.00045
12.4444 18.461 1.00273
12.543 18.5132 1.005
12.6416 18.5649 1.00725
12.7402 18.6161 1.00947
12.8388 18.6669 1.01168
12.9374 18.7172 1.01388
13.036 18.7671 1.01605
13.1346 18.8166 1.01821
13.2332 18.8656 1.02035
13.3318 18.9142 1.02247
13.4304 18.9624 1.02457
13.529 19.0102 1.02666
13.6276 19.0576 1.02874
13.7262 19.1046 1.03079
13.8248 19.1512 1.03283
13.9234 19.1974 1.03486
14.022 19.2432 1.03687
14.1206 19.2887 1.03886
14.2192 19.3338 1.04084
14.3178 19.3785 1.04281
14.4164 19.4229 1.04476
14.515 19.4669 1.04669
14.6136 19.5106 1.04861
14.7122 19.5539 1.05052
14.8108 19.5969 1.05241
14.9094 19.6395 1.05429
15.008 19.6818 1.05616
15.1066 19.7238 1.05801
15.2052 19.7655 1.05985
15.3038 19.8069 1.06168
15.4024 19.8479 1.06349
15.501 19.8887 1.0653
15.5996 19.9291 1.06709
15.6982 19.9693 1.06887
15.7968 20.0092 1.07063
15.8954 20.0488 1.07239
15.994 20.0881 1.07413
16.0926 20.1272 1.07586
16.1912 20.166 1.07758
16.2898 20.2045 1.07929
16.3884 20.2427 1.08099
16.487 20.2807 1.08268
16.5856 20.3184 1.08436
16.6842 20.3558 1.08602
16.7828 20.393 1.08768
16.8814 20.43 1.08932
16.98 20.4667 1.09096
17.0786 20.5031 1.09258
17.1772 20.5393 1.0942
17.2758 20.5753 1.0958
17.3744 20.611 1.0974
17.473 20.6466 1.09898
17.5716 20.6818 1.10056
17.6702 20.7169 1.10213
17.7688 20.7517 1.10368
17.8674 20.7863 1.10523
17.966 20.8207 1.10677
18.0646 20.8548 1.1083
18.1632 20.8888 1.10982
18.2618 20.9225 1.11133
18.3604 20.956 1.11284
18.459 20.9893 1.11433
18.5576 21.0224 1.11582
18.6562 21.0553 1.11729
18.7548 21.088 1.11876
18.8534 21.1205 1.12022
18.952 21.1528 1.12167
19.0506 21.1849 1.12312
19.1491 21.2168 1.12455
19.2477 21.2486 1.12598
19.3463 21.2801 1.1274
19.4449 21.3114 1.12882
19.5435 21.3426 1.13022
19.6421 21.3736 1.13162
19.7407 21.4044 1.13301
19.8393 21.435 1.13439
19.9379 21.4654 1.13576
20.0365 21.4957 1.13713
20.1351 21.5258 1.13849
20.2337 21.5557 1.13984
20.3323 21.5854 1.14119
20.4309 21.615 1.14253
20.5295 21.6444 1.14386
20.6281 21.6737 1.14518
20.7267 21.7028 1.1465
20.8253 21.7317 1.14781
20.9239 21.7604 1.14911
21.0225 21.789 1.15041
21.1211 21.8175 1.1517
21.2197 21.8458 1.15299
21.3183 21.8739 1.15426
21.4169 21.9019 1.15554
21.5155 21.9297 1.1568
21.6141 21.9574 1.15806
21.7127 21.9849 1.15931
21.8113 22.0123 1.16056
21.9099 22.0396 1.1618
22.0085 22.0667 1.16303
22.1071 22.0937 1.16426
22.2057 22.1205 1.16548
22.3043 22.1472 1.1667
22.4029 22.1738 1.16791
22.5015 22.2002 1.16912
22.6001 22.2265 1.17032
22.6987 22.2526 1.17151
22.7973 22.2787 1.1727
22.8959 22.3046 1.17388
22.9945 22.3303 1.17506
23.0931 22.356 1.17623
23.1917 22.3815 1.1774
23.2903 22.4069 1.17856
23.3889 22.4321 1.17972
23.4875 22.4573 1.18087
23.5861 22.4823 1.18201
23.6847 22.5072 1.18316
23.7833 22.532 1.18429
23.8819 22.5567 1.18542
23.9805 22.5812 1.18655
24.0791 22.6056 1.18767
24.1777 22.63 1.18878
24.2763 22.6542 1.18989
24.3749 22.6782 1.191
24.4735 22.7022 1.1921
24.5721 22.7261 1.1932
24.6707 22.7498 1.19429
24.7693 22.7735 1.19538
24.8679 22.797 1.19646
24.9665 22.8204 1.19754
25.0651 22.8438 1.19861
25.1637 22.867 1.19968
25.2623 22.8901 1.20074
25.3609 22.9131 1.2018
25.4595 22.936 1.20286
25.5581 22.9588 1.20391
25.6567 22.9815 1.20495
25.7553 23.004 1.206
25.8539 23.0265 1.20703
25.9525 23.0489 1.20807
26.0511 23.0712 1.2091
26.1496 23.0934 1.21012
26.2482 23.1155 1.21114
26.3468 23.1375 1.21216
26.4454 23.1594 1.21317
26.544 23.1812 1.21418
26.6426 23.2029 1.21519
26.7412 23.2246 1.21619
26.8398 23.2461 1.21718
26.9384 23.2675 1.21817
27.037 23.2889 1.21916
27.1356 23.3101 1.22015
27.2342 23.3313 1.22113
27.3328 23.3524 1.22211
27.4314 23.3734 1.22308
27.53 23.3943 1.22405
27.6286 23.4151 1.22501
27.7272 23.4358 1.22597
27.8258 23.4565 1.22693
27.9244 23.477 1.22789
28.023 23.4975 1.22884
28.1216 23.5179 1.22979
28.2202 23.5382 1.23073
28.3188 23.5584 1.23167
28.4174 23.5785 1.2326
28.516 23.5986 1.23354
28.6146 23.6186 1.23447
28.7132 23.6385 1.23539
28.8118 23.6583 1.23632
28.9104 23.678 1.23723
29.009 23.6977 1.23815
29.1076 23.7173 1.23906
29.2062 23.7368 1.23997
29.3048 23.7562 1.24088
29.4034 23.7755 1.24178
29.502 23.7948 1.24268
29.6006 23.814 1.24357
29.6992 23.8331 1.24446
29.7978 23.8522 1.24535
29.8964 23.8711 1.24624
29.995 23.89 1.24712
30.0936 23.9089 1.248
30.1922 23.9276 1.24888
30.2908 23.9463 1.24975
30.3894 23.9649 1.25062
30.488 23.9835 1.25149
30.5866 24.0019 1.25235
30.6852 24.0203 1.25321
30.7838 24.0387 1.25407
30.8824 24.0569 1.25493
30.981 24.0751 1.25578
31.0796 24.0933 1.25663
31.1782 24.1113 1.25747
31.2768 24.1293 1.25831
31.3754 24.1472 1.25915
31.474 24.1651 1.25999
31.5726 24.1829 1.26083
31.6712 24.2006 1.26166
31.7698 24.2183 1.26249
31.8684 24.2359 1.26331
31.967 24.2534 1.26414
32.0656 24.2709 1.26496
32.1642 24.2883 1.26577
32.2628 24.3057 1.26659
32.3614 24.323 1.2674
32.46 24.3402 1.26821
32.5586 24.3574 1.26902
32.6572 24.3745 1.26982
32.7558 24.3915 1.27062
32.8544 24.4085 1.27142
32.953 24.4254 1.27222
33.0516 24.4423 1.27301
33.1502 24.4591 1.27381
33.2487 24.4759 1.2746
33.3473 24.4926 1.27538
33.4459 24.5092 1.27617
33.5445 24.5258 1.27695
33.6431 24.5423 1.27773
33.7417 24.5588 1.2785
33.8403 24.5752 1.27928
33.9389 24.5916 1.28005
34.0375 24.6079 1.28082
34.1361 24.6242 1.28159
34.2347 24.6404 1.28235
34.3333 24.6565 1.28311
34.4319 24.6726 1.28387
34.5305 24.6886 1.28463
34.6291 24.7046 1.28538
34.7277 24.7205 1.28614
34.8263 24.7364 1.28689
34.9249 24.7523 1.28764
35.0235 24.768 1.28838
35.1221 24.7838 1.28913
35.2207 24.7994 1.28987
35.3193 24.8151 1.29061
35.4179 24.8306 1.29134
35.5165 24.8461 1.29208
35.6151 24.8616 1.29281
35.7137 24.877 1.29354
35.8123 24.8924 1.29427
35.9109 24.9077 1.29499
36.0095 24.923 1.29572
36.1081 24.9382 1.29644
36.2067 24.9534 1.29716
36.3053 24.9685 1.29788
36.4039 24.9836 1.29859
36.5025 24.9987 1.29931
36.6011 25.0136 1.30002
36.6997 25.0286 1.30073
36.7983 25.0435 1.30143
36.8969 25.0583 1.30214
36.9955 25.0731 1.30284
37.0941 25.0879 1.30354
37.1927 25.1026 1.30424
37.2913 25.1173 1.30494
37.3899 25.1319 1.30563
37.4885 25.1465 1.30632
37.5871 25.161 1.30702
37.6857 25.1755 1.3077
37.7843 25.1899 1.30839
37.8829 25.2043 1.30908
37.9815 25.2187 1.30976
38.0801 25.233 1.31044
38.1787 25.2472 1.31112
38.2773 25.2615 1.3118
38.3759 25.2757 1.31247
38.4745 25.2898 1.31315
38.5731 25.3039 1.31382
38.6717 25.3179 1.31449
38.7703 25.332 1.31516
38.8689 25.3459 1.31582
38.9675 25.3599 1.31649
39.0661 25.3738 1.31715
39.1647 25.3876 1.31781
39.2633 25.4014 1.31847
39.3619 25.4152 1.31913
39.4605 25.4289 1.31978
39.5591 25.4426 1.32043
39.6577 25.4563 1.32109
39.7563 25.4699 1.32174
39.8549 25.4834 1.32238
39.9535 25.497 1.32303
40.0521 25.5105 1.32368
40.1507 25.5239 1.32432
40.2492 25.5373 1.32496
40.3478 25.5507 1.3256
40.4464 25.564 1.32624
40.545 25.5773 1.32687
40.6436 25.5906 1.32751
40.7422 25.6038 1.32814
40.8408 25.617 1.32877
40.9394 25.6302 1.3294
41.038 25.6433 1.33003
41.1366 25.6564 1.33066
41.2352 25.6694 1.33128
41.3338 25.6824 1.3319
41.4324 25.6954 1.33253
41.531 25.7083 1.33315
41.6296 25.7212 1.33376
41.7282 25.7341 1.33438
41.8268 25.7469 1.33499
41.9254 25.7597 1.33561
42.024 25.7724 1.33622
42.1226 25.7851 1.33683
42.2212 25.7978 1.33744
42.3198 25.8105 1.33805
42.4184 25.8231 1.33865
42.517 25.8357 1.33926
42.6156 25.8482 1.33986
42.7142 25.8607 1.34046
42.8128 25.8732 1.34106
42.9114 25.8857 1.34166
43.01 25.8981 1.34225
43.1086 25.9105 1.34285
43.2072 25.9228 1.34344
43.3058 25.9351 1.34403
43.4044 25.9474 1.34462
43.503 25.9596 1.34521
43.6016 25.9719 1.3458
43.7002 25.984 1.34639
43.7988 25.9962 1.34697
43.8974 26.0083 1.34756
43.996 26.0204 1.34814
44.0946 26.0324 1.34872
44.1932 26.0445 1.3493
44.2918 26.0565 1.34987
44.3904 26.0684 1.35045
44.489 26.0804 1.35103
44.5876 26.0923 1.3516
44.6862 26.1041 1.35217
44.7848 26.116 1.35274
44.8834 26.1278 1.35331
44.982 26.1395 1.35388
45.0806 26.1513 1.35445
45.1792 26.163 1.35501
45.2778 26.1747 1.35557
45.3764 26.1863 1.35614
45.475 26.198 1.3567
45.5736 26.2096 1.35726
45.6722 26.2211 1.35782
45.7708 26.2327 1.35837
45.8694 26.2442 1.35893
45.968 26.2557 1.35948
46.0666 26.2671 1.36004
46.1652 26.2785 1.36059
46.2638 26.2899 1.36114
46.3624 26.3013 1.36169
46.461 26.3126 1.36224
46.5596 26.3239 1.36278
46.6582 26.3352 1.36333
46.7568 26.3465 1.36387
46.8554 26.3577 1.36442
46.954 26.3689 1.36496
47.0526 26.3801 1.3655
47.1512 26.3912 1.36604
47.2497 26.4023 1.36658
47.3483 26.4134 1.36711
47.4469 26.4245 1.36765
47.5455 26.4355 1.36818
47.6441 26.4465 1.36872
47.7427 26.4575 1.36925
47.8413 26.4684 1.36978
47.9399 26.4794 1.37031
48.0385 26.4903 1.37084
48.1371 26.5011 1.37136
48.2357 26.512 1.37189
48.3343 26.5228 1.37241
48.4329 26.5336 1.37294
48.5315 26.5444 1.37346
48.6301 26.5551 1.37398
48.7287 26.5658 1.3745
48.8273 26.5765 1.37502
48.9259 26.5872 1.37554
49.0245 26.5979 1.37606
49.1231 26.6085 1.37657
49.2217 26.6191 1.37709
49.3203 26.6297 1.3776
49.4189 26.6402 1.37811
49.5175 26.6507 1.37862
49.6161 26.6612 1.37913
49.7147 26.6717 1.37964
49.8133 26.6821 1.38015
49.9119 26.6926 1.38066
50.0105 26.703 1.38116
50.1091 26.7134 1.38167
50.2077 26.7237 1.38217
50.3063 26.734 1.38268
50.4049 26.7444 1.38318
50.5035 26.7546 1.38368
50.6021 26.7649 1.38418
50.7007 26.7751 1.38468
50.7993 26.7854 1.38517
50.8979 26.7955 1.38567
50.9965 26.8057 1.38616
51.0951 26.8159 1.38666
51.1937 26.826 1.38715
51.2923 26.8361 1.38764
51.3909 26.8462 1.38814
51.4895 26.8562 1.38863
51.5881 26.8663 1.38911
51.6867 26.8763 1.3896
51.7853 26.8863 1.39009
51.8839 26.8962 1.39058
51.9825 26.9062 1.39106
52.0811 26.9161 1.39155
52.1797 26.926 1.39203
52.2783 26.9359 1.39251
52.3769 26.9457 1.39299
52.4755 26.9556 1.39347
52.5741 26.9654 1.39395
52.6727 26.9752 1.39443
52.7713 26.985 1.39491
52.8699 26.9947 1.39538
52.9685 27.0044 1.39586
53.0671 27.0141 1.39633
53.1657 27.0238 1.39681
53.2643 27.0335 1.39728
53.3629 27.0431 1.39775
53.4615 27.0528 1.39822
53.5601 27.0624 1.39869
53.6587 27.072 1.39916
53.7573 27.0815 1.39963
53.8559 27.0911 1.40009
53.9545 27.1006 1.40056
54.0531 27.1101 1.40102
54.1517 27.1196 1.40149
54.2503 27.129 1.40195
54.3488 27.1385 1.40241
54.4474 27.1479 1.40287
54.546 27.1573 1.40334
54.6446 27.1667 1.40379
54.7432 27.1761 1.40425
54.8418 27.1854 1.40471
54.9404 27.1947 1.40517
55.039 27.204 1.40562
55.1376 27.2133 1.40608
55.2362 27.2226 1.40653
55.3348 27.2318 1.40699
55.4334 27.2411 1.40744
55.532 27.2503 1.40789
55.6306 27.2595 1.40834
55.7292 27.2686 1.40879
55.8278 27.2778 1.40924
55.9264 27.2869 1.40969
56.025 27.296 1.41013
56.1236 27.3051 1.41058
56.2222 27.3142 1.41103
56.3208 27.3233 1.41147
56.4194 27.3323 1.41192
56.518 27.3413 1.41236
56.6166 27.3504 1.4128
56.7152 27.3593 1.41324
56.8138 27.3683 1.41368
56.9124 27.3773 1.41412
57.011 27.3862 1.41456
57.1096 27.3951 1.415
57.2082 27.404 1.41544
57.3068 27.4129 1.41587
57.4054 27.4217 1.41631
57.504 27.4306 1.41674
57.6026 27.4394 1.41718
57.7012 27.4482 1.41761
57.7998 27.457 1.41804
57.8984 27.4658 1.41847
57.997 27.4745 1.4189
58.0956 27.4833 1.41933
58.1942 27.492 1.41976
58.2928 27.5007 1.42019
58.3914 27.5094 1.42062
58.49 27.518 1.42105
58.5886 27.5267 1.42147
58.6872 27.5353 1.4219
58.7858 27.5439 1.42232
58.8844 27.5525 1.42274
58.983 27.5611 1.42317
59.0816 27.5697 1.42359
59.1802 27.5783 1.42401
59.2788 27.5868 1.42443
59.3774 27.5953 1.42485
59.476 27.6038 1.42527
59.5746 27.6123 1.42569
59.6732 27.6208 1.42611
59.7718 27.6292 1.42652
59.8704 27.6376 1.42694
59.969 27.6461 1.42735
60.0676 27.6545 1.42777
60.1662 27.6629 1.42818
60.2648 27.6712 1.4286
60.3634 27.6796 1.42901
60.462 27.6879 1.42942
60.5606 27.6962 1.42983
60.6592 27.7046 1.43024
60.7578 27.7128 1.43065
60.8564 27.7211 1.43106
60.955 27.7294 1.43147
61.0536 27.7376 1.43187
61.1522 27.7459 1.43228
61.2508 27.7541 1.43269
61.3493 27.7623 1.43309
61.4479 27.7705 1.43349
61.5465 27.7786 1.4339
61.6451 27.7868 1.4343
61.7437 27.7949 1.4347
61.8423 27.803 1.43511
61.9409 27.8112 1.43551
62.0395 27.8192 1.43591
62.1381 27.8273 1.43631
62.2367 27.8354 1.4367
62.3353 27.8434 1.4371
62.4339 27.8515 1.4375
62.5325 27.8595 1.4379
62.6311 27.8675 1.43829
62.7297 27.8755 1.43869
62.8283 27.8834 1.43908
62.9269 27.8914 1.43948
63.0255 27.8994 1.43987
63.1241 27.9073 1.44026
63.2227 27.9152 1.44066
63.3213 27.9231 1.44105
63.4199 27.931 1.44144
63.5185 27.9389 1.44183
63.6171 27.9467 1.44222
63.7157 27.9546 1.44261
63.8143 27.9624 1.44299
63.9129 27.9702 1.44338
64.0115 27.978 1.44377
64.1101 27.9858 1.44415
64.2087 27.9936 1.44454
64.3073 28.0013 1.44492
64.4059 28.0091 1.44531
64.5045 28.0168 1.44569
64.6031 28.0245 1.44607
64.7017 28.0322 1.44646
64.8003 28.0399 1.44684
64.8989 28.0476 1.44722
64.9975 28.0553 1.4476
65.0961 28.0629 1.44798
65.1947 28.0706 1.44836
65.2933 28.0782 1.44874
65.3919 28.0858 1.44911
65.4905 28.0934 1.44949
65.5891 28.101 1.44987
65.6877 28.1085 1.45024
65.7863 28.1161 1.45062
65.8849 28.1236 1.45099
65.9835 28.1312 1.45137
66.0821 28.1387 1.45174
66.1807 28.1462 1.45211
66.2793 28.1537 1.45249
66.3779 28.1612 1.45286
66.4765 28.1686 1.45323
66.5751 28.1761 1.4536
66.6737 28.1835 1.45397
66.7723 28.1909 1.45434
66.8709 28.1983 1.45471
66.9695 28.2057 1.45508
67.0681 28.2131 1.45544
67.1667 28.2205 1.45581
67.2653 28.2279 1.45618
67.3639 28.2352 1.45654
67.4625 28.2426 1.45691
67.5611 28.2499 1.45727
67.6597 28.2572 1.45764
67.7583 28.2645 1.458
67.8569 28.2718 1.45836
67.9555 28.2791 1.45872
68.0541 28.2863 1.45909
68.1527 28.2936 1.45945
68.2513 28.3008 1.45981
68.3498 28.308 1.46017
68.4484 28.3152 1.46053
68.547 28.3224 1.46088
68.6456 28.3296 1.46124
68.7442 28.3368 1.4616
68.8428 28.344 1.46196
68.9414 28.3511 1.46231
69.04 28.3583 1.46267
69.1386 28.3654 1.46303
69.2372 28.3725 1.46338
69.3358 28.3796 1.46373
69.4344 28.3867 1.46409
69.533 28.3938 1.46444
69.6316 28.4009 1.46479
69.7302 28.4079 1.46515
69.8288 28.415 1.4655
69.9274 28.422 1.46585
70.026 28.429 1.4662
70.1246 28.436 1.46655
70.2232 28.443 1.4669
70.3218 28.45 1.46725
70.4204 28.457 1.4676
70.519 28.464 1.46794
70.6176 28.4709 1.46829
70.7162 28.4779 1.46864
70.8148 28.4848 1.46898
70.9134 28.4917 1.46933
71.012 28.4986 1.46968
71.1106 28.5055 1.47002
71.2092 28.5124 1.47036
71.3078 28.5193 1.47071
71.4064 28.5262 1.47105
71.505 28.533 1.47139
71.6036 28.5398 1.47173
71.7022 28.5467 1.47208
71.8008 28.5535 1.47242
71.8994 28.5603 1.47276
71.998 28.5671 1.4731
72.0966 28.5739 1.47344
72.1952 28.5807 1.47378
72.2938 28.5874 1.47411
72.3924 28.5942 1.47445
72.491 28.6009 1.47479
72.5896 28.6077 1.47513
72.6882 28.6144 1.47546
72.7868 28.6211 1.4758
72.8854 28.6278 1.47613
72.984 28.6345 1.47647
73.0826 28.6412 1.4768
73.1812 28.6478 1.47714
73.2798 28.6545 1.47747
73.3784 28.6611 1.4778
73.477 28.6678 1.47814
73.5756 28.6744 1.47847
73.6742 28.681 1.4788
73.7728 28.6876 1.47913
73.8714 28.6942 1.47946
73.97 28.7008 1.47979
74.0686 28.7074 1.48012
74.1672 28.714 1.48045
74.2658 28.7205 1.48078
74.3644 28.7271 1.48111
74.463 28.7336 1.48143
74.5616 28.7401 1.48176
74.6602 28.7466 1.48209
74.7588 28.7531 1.48241
74.8574 28.7596 1.48274
74.956 28.7661 1.48306
75.0546 28.7726 1.48339
75.1532 28.7791 1.48371
75.2518 28.7855 1.48404
75.3504 28.792 1.48436
75.4489 28.7984 1.48468
75.5475 28.8048 1.48501
75.6461 28.8112 1.48533
75.7447 28.8176 1.48565
75.8433 28.824 1.48597
75.9419 28.8304 1.48629
76.0405 28.8368 1.48661
76.1391 28.8432 1.48693
76.2377 28.8495 1.48725
76.3363 28.8559 1.48757
76.4349 28.8622 1.48789
76.5335 28.8685 1.48821
76.6321 28.8749 1.48852
76.7307 28.8812 1.48884
76.8293 28.8875 1.48916
76.9279 28.8938 1.48947
77.0265 28.9 1.48979
77.1251 28.9063 1.4901
77.2237 28.9126 1.49042
77.3223 28.9188 1.49073
77.4209 28.9251 1.49105
77.5195 28.9313 1.49136
77.6181 28.9375 1.49167
77.7167 28.9438 1.49199
77.8153 28.95 1.4923
77.9139 28.9562 1.49261
78.0125 28.9624 1.49292
78.1111 28.9685 1.49323
78.2097 28.9747 1.49354
78.3083 28.9809 1.49385
78.4069 28.987 1.49416
78.5055 28.9932 1.49447
78.6041 28.9993 1.49478
78.7027 29.0054 1.49509
78.8013 29.0115 1.4954
78.8999 29.0177 1.49571
78.9985 29.0238 1.49601
79.0971 29.0298 1.49632
79.1957 29.0359 1.49663
79.2943 29.042 1.49693
79.3929 29.0481 1.49724
79.4915 29.0541 1.49754
79.5901 29.0602 1.49785
79.6887 29.0662 1.49815
79.7873 29.0722 1.49846
79.8859 29.0783 1.49876
79.9845 29.0843 1.49906
80.0831 29.0903 1.49937
80.1817 29.0963 1.49967
80.2803 29.1023 1.49997
80.3789 29.1082 1.50027
80.4775 29.1142 1.50057
80.5761 29.1202 1.50087
80.6747 29.1261 1.50117
80.7733 29.1321 1.50147
80.8719 29.138 1.50177
80.9705 29.1439 1.50207
81.0691 29.1498 1.50237
81.1677 29.1558 1.50267
81.2663 29.1617 1.50297
81.3649 29.1676 1.50326
81.4635 29.1734 1.50356
81.5621 29.1793 1.50386
81.6607 29.1852 1.50415
81.7593 29.191 1.50445
81.8579 29.1969 1.50475
81.9565 29.2027 1.50504
82.0551 29.2086 1.50534
82.1537 29.2144 1.50563
82.2523 29.2202 1.50592
82.3509 29.226 1.50622
82.4494 29.2318 1.50651
82.548 29.2376 1.5068
82.6466 29.2434 1.5071
82.7452 29.2492 1.50739
82.8438 29.255 1.50768
82.9424 29.2607 1.50797
83.041 29.2665 1.50826
83.1396 29.2722 1.50855
83.2382 29.278 1.50884
83.3368 29.2837 1.50913
83.4354 29.2894 1.50942
83.534 29.2952 1.50971
83.6326 29.3009 1.51
83.7312 29.3066 1.51029
83.8298 29.3123 1.51058
83.9284 29.3179 1.51087
84.027 29.3236 1.51115
84.1256 29.3293 1.51144
84.2242 29.335 1.51173
84.3228 29.3406 1.51201
84.4214 29.3463 1.5123
84.52 29.3519 1.51258
84.6186 29.3575 1.51287
84.7172 29.3631 1.51315
84.8158 29.3688 1.51344
84.9144 29.3744 1.51372
85.013 29.38 1.51401
85.1116 29.3856 1.51429
85.2102 29.3911 1.51457
85.3088 29.3967 1.51485
85.4074 29.4023 1.51514
85.506 29.4079 1.51542
85.6046 29.4134 1.5157
85.7032 29.419 1.51598
85.8018 29.4245 1.51626
85.9004 29.43 1.51654
85.999 29.4356 1.51682
86.0976 29.4411 1.5171
86.1962 29.4466 1.51738
86.2948 29.4521 1.51766
86.3934 29.4576 1.51794
86.492 29.4631 1.51822
86.5906 29.4686 1.5185
86.6892 29.474 1.51877
86.7878 29.4795 1.51905
86.8864 29.485 1.51933
86.985 29.4904 1.5196
87.0836 29.4959 1.51988
87.1822 29.5013 1.52016
87.2808 29.5067 1.52043
87.3794 29.5122 1.52071
87.478 29.5176 1.52098
87.5766 29.523 1.52126
87.6752 29.5284 1.52153
87.7738 29.5338 1.52181
87.8724 29.5392 1.52208
87.971 29.5446 1.52235
88.0696 29.5499 1.52263
88.1682 29.5553 1.5229
88.2668 29.5607 1.52317
88.3654 29.566 1.52344
88.464 29.5714 1.52371
88.5626 29.5767 1.52399
88.6612 29.582 1.52426
88.7598 29.5874 1.52453
88.8584 29.5927 1.5248
88.957 29.598 1.52507
89.0556 29.6033 1.52534
89.1542 29.6086 1.52561
89.2528 29.6139 1.52588
89.3514 29.6192 1.52614
89.4499 29.6245 1.52641
89.5485 29.6297 1.52668
89.6471 29.635 1.52695
89.7457 29.6403 1.52722
89.8443 29.6455 1.52748
89.9429 29.6507 1.52775
90.0415 29.656 1.52802
90.1401 29.6612 1.52828
90.2387 29.6664 1.52855
90.3373 29.6717 1.52881
90.4359 29.6769 1.52908
90.5345 29.6821 1.52934
90.6331 29.6873 1.52961
90.7317 29.6925 1.52987
90.8303 29.6977 1.53014
90.9289 29.7028 1.5304
91.0275 29.708 1.53066
91.1261 29.7132 1.53093
91.2247 29.7183 1.53119
91.3233 29.7235 1.53145
91.4219 29.7286 1.53171
91.5205 29.7338 1.53198
91.6191 29.7389 1.53224
91.7177 29.744 1.5325
91.8163 29.7491 1.53276
91.9149 29.7543 1.53302
92.0135 29.7594 1.53328
92.1121 29.7645 1.53354
92.2107 29.7696 1.5338
92.3093 29.7747 1.53406
92.4079 29.7797 1.53432
92.5065 29.7848 1.53458
92.6051 29.7899 1.53483
92.7037 29.7949 1.53509
92.8023 29.8 1.53535
92.9009 29.805 1.53561
92.9995 29.8101 1.53587
93.0981 29.8151 1.53612
93.1967 29.8202 1.53638
93.2953 29.8252 1.53664
93.3939 29.8302 1.53689
93.4925 29.8352 1.53715
93.5911 29.8402 1.5374
93.6897 29.8452 1.53766
93.7883 29.8502 1.53791
93.8869 29.8552 1.53817
93.9855 29.8602 1.53842
94.0841 29.8652 1.53868
94.1827 29.8701 1.53893
94.2813 29.8751 1.53918
94.3799 29.8801 1.53944
94.4785 29.885 1.53969
94.5771 29.89 1.53994
94.6757 29.8949 1.54019
94.7743 29.8998 1.54045
94.8729 29.9048 1.5407
94.9715 29.9097 1.54095
95.0701 29.9146 1.5412
95.1687 29.9195 1.54145
95.2673 29.9244 1.5417
95.3659 29.9293 1.54195
95.4645 29.9342 1.5422
95.5631 29.9391 1.54245
95.6617 29.944 1.5427
95.7603 29.9489 1.54295
95.8589 29.9537 1.5432
95.9575 29.9586 1.54345
96.0561 29.9635 1.5437
96.1547 29.9683 1.54394
96.2533 29.9732 1.54419
96.3519 29.978 1.54444
96.4505 29.9828 1.54469
96.549 29.9877 1.54493
96.6476 29.9925 1.54518
96.7462 29.9973 1.54543
96.8448 30.0021 1.54567
96.9434 30.0069 1.54592
97.042 30.0117 1.54616
97.1406 30.0165 1.54641
97.2392 30.0213 1.54665
97.3378 30.0261 1.5469
97.4364 30.0309 1.54714
97.535 30.0356 1.54739
97.6336 30.0404 1.54763
97.7322 30.0452 1.54787
97.8308 30.0499 1.54812
97.9294 30.0547 1.54836
98.028 30.0594 1.5486
98.1266 30.0641 1.54885
98.2252 30.0689 1.54909
98.3238 30.0736 1.54933
98.4224 30.0783 1.54957
98.521 30.083 1.54981
98.6196 30.0878 1.55006
98.7182 30.0925 1.5503
98.8168 30.0972 1.55054
98.9154 30.1019 1.55078
99.014 30.1065 1.55102
99.1126 30.1112 1.55126
99.2112 30.1159 1.5515
99.3098 30.1206 1.55174
99.4084 30.1252 1.55198
99.507 30.1299 1.55222
99.6056 30.1346 1.55245
99.7042 30.1392 1.55269
99.8028 30.1439 1.55293
99.9014 30.1485 1.55317
100 30.1531 1.55341
