1.5 1.93013 0.370591
1.5986 2.44137 0.387031
1.6972 2.93027 0.402905
1.7958 3.39594 0.418157
1.89439 3.84135 0.432854
1.99299 4.26718 0.447003
2.09159 4.67364 0.460601
2.19019 5.06286 0.473699
2.28879 5.43633 0.486335
2.38739 5.79455 0.49852
2.48599 6.13806 0.510266
2.58458 6.46808 0.521606
2.68318 6.7861 0.53258
2.78178 7.09261 0.543202
2.88038 7.38811 0.553485
2.97898 7.67306 0.563441
3.07758 7.94799 0.573085
3.17618 8.21397 0.582449
3.27477 8.47158 0.591548
3.37337 8.72117 0.600393
3.47197 8.96309 0.608994
3.57057 9.19767 0.617361
3.66917 9.42522 0.625502
3.76777 9.64602 0.633428
3.86637 9.86141 0.641151
3.96496 10.0722 0.648688
4.06356 10.2779 0.656045
4.16216 10.4784 0.663229
4.26076 10.6733 0.670247
4.35936 10.8624 0.677104
4.45796 11.0457 0.683808
4.55656 11.2229 0.690364
4.65516 11.394 0.696776
4.75375 11.5589 0.70305
4.85235 11.718 0.709194
4.95095 11.8718 0.715217
5.04955 12.0207 0.721121
5.14815 12.1653 0.726912
5.24675 12.3058 0.732592
5.34535 12.4428 0.738165
5.44394 12.5764 0.743635
5.54254 12.707 0.749004
5.64114 12.8349 0.754275
5.73974 12.9604 0.759452
5.83834 13.0835 0.764538
5.93694 13.2047 0.769534
6.03554 13.324 0.774443
6.13413 13.4417 0.779269
6.23273 13.5575 0.784014
6.33133 13.6714 0.788684
6.42993 13.7834 0.79328
6.52853 13.8934 0.797805
6.62713 14.0017 0.80226
6.72573 14.1081 0.806648
6.82432 14.2129 0.810969
6.92292 14.3159 0.815227
7.02152 14.4173 0.819422
7.12012 14.5172 0.823556
7.21872 14.6154 0.82763
7.31732 14.7122 0.831647
7.41592 14.8075 0.835607
7.51451 14.9014 0.839512
7.61311 14.9938 0.843363
7.71171 15.0849 0.847162
7.81031 15.1747 0.85091
7.90891 15.2632 0.854607
8.00751 15.3504 0.858256
8.10611 15.4364 0.861857
8.2047 15.5212 0.865412
8.3033 15.6048 0.868924
8.4019 15.6874 0.872392
8.5005 15.7689 0.875818
8.5991 15.8493 0.879204
8.6977 15.9287 0.882548
8.7963 16.0071 0.885854
8.89489 16.0845 0.889121
8.99349 16.1609 0.89235
9.09209 16.2364 0.895543
9.19069 16.311 0.898699
9.28929 16.3846 0.90182
9.38789 16.4574 0.904905
9.48649 16.5293 0.907957
9.58509 16.6004 0.910976
9.68368 16.6706 0.913962
9.78228 16.7401 0.916915
9.88088 16.8087 0.919837
9.97948 16.8765 0.922729
10.0781 16.9436 0.92559
10.1767 17.0099 0.928421
10.2753 17.0755 0.931223
10.3739 17.1403 0.933997
10.4725 17.2045 0.936742
10.5711 17.2679 0.93946
10.6697 17.3307 0.94215
10.7683 17.3927 0.944814
10.8669 17.4542 0.947452
10.9655 17.5149 0.950064
11.0641 17.5751 0.952651
11.1627 17.6347 0.955215
11.2613 17.6936 0.957755
11.3599 17.752 0.960271
11.4585 17.8098 0.962765
11.5571 17.8671 0.965236
11.6557 17.9238 0.967685
11.7543 17.9799 0.970113
11.8529 18.0356 0.972519
11.9515 18.0907 0.974903
12.0501 18.1452 0.977268
12.1486 18.1993 0.979611
12.2472 18.2529 0.981935
12.3458 18.306 0.984239
12.4444 18.3586 0.986523
12.543 18.4107 0.988789
12.6416 18.4624 0.991035
12.7402 18.5135 0.993263
12.8388 18.5643 0.995472
12.9374 18.6146 0.997664
13.036 18.6644 0.999837
13.1346 18.7139 1.00199
13.2332 18.7629 1.00413
13.3318 18.8114 1.00625
13.4304 18.8596 1.00836
13.529 18.9074 1.01045
13.6276 18.9547 1.01252
13.7262 19.0017 1.01458
13.8248 19.0482 1.01662
13.9234 19.0944 1.01864
14.022 19.1402 1.02065
14.1206 19.1856 1.02265
14.2192 19.2307 1.02462
14.3178 19.2754 1.02659
14.4164 19.3197 1.02854
14.515 19.3637 1.03047
14.6136 19.4074 1.0324
14.7122 19.4507 1.0343
14.8108 19.4936 1.0362
14.9094 19.5363 1.03808
15.008 19.5785 1.03994
15.1066 19.6205 1.04179
15.2052 19.6622 1.04363
15.3038 19.7035 1.04546
15.4024 19.7445 1.04728
15.501 19.7853 1.04908
15.5996 19.8257 1.05087
15.6982 19.8659 1.05265
15.7968 19.9058 1.05442
15.8954 19.9453 1.05617
15.994 19.9846 1.05791
16.0926 20.0237 1.05965
16.1912 20.0624 1.06137
16.2898 20.1009 1.06308
16.3884 20.1391 1.06477
16.487 20.1771 1.06646
16.5856 20.2148 1.06814
16.6842 20.2522 1.06981
16.7828 20.2894 1.07146
16.8814 20.3263 1.07311
16.98 20.363 1.07474
17.0786 20.3994 1.07637
17.1772 20.4356 1.07798
17.2758 20.4716 1.07959
17.3744 20.5073 1.08118
17.473 20.5428 1.08277
17.5716 20.5781 1.08435
17.6702 20.6131 1.08591
17.7688 20.6479 1.08747
17.8674 20.6825 1.08902
17.966 20.7169 1.09056
18.0646 20.751 1.09209
18.1632 20.7849 1.09361
18.2618 20.8187 1.09512
18.3604 20.8522 1.09662
18.459 20.8855 1.09812
18.5576 20.9186 1.0996
18.6562 20.9515 1.10108
18.7548 20.9841 1.10255
18.8534 21.0166 1.10401
18.952 21.0489 1.10546
19.0506 21.081 1.10691
19.1491 21.1129 1.10834
19.2477 21.1446 1.10977
19.3463 21.1762 1.11119
19.4449 21.2075 1.11261
19.5435 21.2387 1.11401
19.6421 21.2696 1.11541
19.7407 21.3004 1.1168
19.8393 21.331 1.11818
19.9379 21.3615 1.11955
20.0365 21.3917 1.12092
20.1351 21.4218 1.12228
20.2337 21.4517 1.12364
20.3323 21.4814 1.12498
20.4309 21.511 1.12632
20.5295 21.5404 1.12765
20.6281 21.5697 1.12898
20.7267 21.5987 1.13029
20.8253 21.6277 1.1316
20.9239 21.6564 1.13291
21.0225 21.685 1.13421
21.1211 21.7135 1.1355
21.2197 21.7417 1.13678
21.3183 21.7699 1.13806
21.4169 21.7978 1.13933
21.5155 21.8257 1.1406
21.6141 21.8533 1.14185
21.7127 21.8809 1.14311
21.8113 21.9083 1.14435
21.9099 21.9355 1.14559
22.0085 21.9626 1.14683
22.1071 21.9896 1.14806
22.2057 22.0164 1.14928
22.3043 22.0431 1.1505
22.4029 22.0697 1.15171
22.5015 22.0961 1.15291
22.6001 22.1224 1.15411
22.6987 22.1485 1.15531
22.7973 22.1746 1.1565
22.8959 22.2004 1.15768
22.9945 22.2262 1.15886
23.0931 22.2519 1.16003
23.1917 22.2774 1.1612
23.2903 22.3028 1.16236
23.3889 22.328 1.16352
23.4875 22.3532 1.16467
23.5861 22.3782 1.16581
23.6847 22.4031 1.16696
23.7833 22.4279 1.16809
23.8819 22.4525 1.16922
23.9805 22.4771 1.17035
24.0791 22.5015 1.17147
24.1777 22.5258 1.17258
24.2763 22.55 1.1737
24.3749 22.5741 1.1748
24.4735 22.5981 1.1759
24.5721 22.6219 1.177
24.6707 22.6457 1.17809
24.7693 22.6693 1.17918
24.8679 22.6929 1.18026
24.9665 22.7163 1.18134
25.0651 22.7396 1.18241
25.1637 22.7628 1.18348
25.2623 22.7859 1.18455
25.3609 22.8089 1.18561
25.4595 22.8318 1.18666
25.5581 22.8546 1.18771
25.6567 22.8773 1.18876
25.7553 22.8999 1.1898
25.8539 22.9224 1.19084
25.9525 22.9448 1.19187
26.0511 22.9671 1.1929
26.1496 22.9893 1.19393
26.2482 23.0114 1.19495
26.3468 23.0334 1.19597
26.4454 23.0553 1.19698
26.544 23.0771 1.19799
26.6426 23.0988 1.19899
26.7412 23.1204 1.19999
26.8398 23.142 1.20099
26.9384 23.1634 1.20198
27.037 23.1848 1.20297
27.1356 23.206 1.20396
27.2342 23.2272 1.20494
27.3328 23.2483 1.20591
27.4314 23.2693 1.20689
27.53 23.2902 1.20786
27.6286 23.311 1.20882
27.7272 23.3317 1.20978
27.8258 23.3523 1.21074
27.9244 23.3729 1.2117
28.023 23.3934 1.21265
28.1216 23.4138 1.2136
28.2202 23.4341 1.21454
28.3188 23.4543 1.21548
28.4174 23.4744 1.21642
28.516 23.4945 1.21735
28.6146 23.5145 1.21828
28.7132 23.5344 1.21921
28.8118 23.5542 1.22013
28.9104 23.5739 1.22105
29.009 23.5936 1.22196
29.1076 23.6132 1.22288
29.2062 23.6327 1.22378
29.3048 23.6521 1.22469
29.4034 23.6715 1.22559
29.502 23.6907 1.22649
29.6006 23.7099 1.22739
29.6992 23.7291 1.22828
29.7978 23.7481 1.22917
29.8964 23.7671 1.23005
29.995 23.786 1.23094
30.0936 23.8048 1.23182
30.1922 23.8236 1.23269
30.2908 23.8423 1.23357
30.3894 23.8609 1.23444
30.488 23.8794 1.23531
30.5866 23.8979 1.23617
30.6852 23.9163 1.23703
30.7838 23.9346 1.23789
30.8824 23.9529 1.23874
30.981 23.9711 1.2396
31.0796 23.9892 1.24044
31.1782 24.0073 1.24129
31.2768 24.0253 1.24213
31.3754 24.0432 1.24297
31.474 24.0611 1.24381
31.5726 24.0789 1.24465
31.6712 24.0966 1.24548
31.7698 24.1143 1.24631
31.8684 24.1319 1.24713
31.967 24.1494 1.24796
32.0656 24.1669 1.24878
32.1642 24.1843 1.2496
32.2628 24.2017 1.25041
32.3614 24.219 1.25122
32.46 24.2362 1.25203
32.5586 24.2534 1.25284
32.6572 24.2705 1.25365
32.7558 24.2876 1.25445
32.8544 24.3046 1.25525
32.953 24.3215 1.25604
33.0516 24.3384 1.25684
33.1502 24.3552 1.25763
33.2487 24.372 1.25842
33.3473 24.3887 1.25921
33.4459 24.4053 1.25999
33.5445 24.4219 1.26077
33.6431 24.4384 1.26155
33.7417 24.4549 1.26233
33.8403 24.4713 1.2631
33.9389 24.4877 1.26388
34.0375 24.504 1.26465
34.1361 24.5203 1.26541
34.2347 24.5365 1.26618
34.3333 24.5526 1.26694
34.4319 24.5687 1.2677
34.5305 24.5848 1.26846
34.6291 24.6008 1.26921
34.7277 24.6167 1.26997
34.8263 24.6326 1.27072
34.9249 24.6484 1.27147
35.0235 24.6642 1.27221
35.1221 24.6799 1.27296
35.2207 24.6956 1.2737
35.3193 24.7112 1.27444
35.4179 24.7268 1.27517
35.5165 24.7423 1.27591
35.6151 24.7578 1.27664
35.7137 24.7732 1.27737
35.8123 24.7886 1.2781
35.9109 24.8039 1.27883
36.0095 24.8192 1.27955
36.1081 24.8344 1.28027
36.2067 24.8496 1.28099
36.3053 24.8648 1.28171
36.4039 24.8799 1.28243
36.5025 24.8949 1.28314
36.6011 24.9099 1.28385
36.6997 24.9248 1.28456
36.7983 24.9397 1.28527
36.8969 24.9546 1.28597
36.9955 24.9694 1.28668
37.0941 24.9842 1.28738
37.1927 24.9989 1.28808
37.2913 25.0135 1.28877
37.3899 25.0282 1.28947
37.4885 25.0427 1.29016
37.5871 25.0573 1.29085
37.6857 25.0718 1.29154
37.7843 25.0862 1.29223
37.8829 25.1006 1.29292
37.9815 25.115 1.2936
38.0801 25.1293 1.29428
38.1787 25.1436 1.29496
38.2773 25.1578 1.29564
38.3759 25.172 1.29631
38.4745 25.1861 1.29699
38.5731 25.2002 1.29766
38.6717 25.2143 1.29833
38.7703 25.2283 1.299
38.8689 25.2423 1.29966
38.9675 25.2562 1.30033
39.0661 25.2701 1.30099
39.1647 25.284 1.30165
39.2633 25.2978 1.30231
39.3619 25.3116 1.30297
39.4605 25.3253 1.30363
39.5591 25.339 1.30428
39.6577 25.3527 1.30493
39.7563 25.3663 1.30558
39.8549 25.3799 1.30623
39.9535 25.3934 1.30688
40.0521 25.4069 1.30752
40.1507 25.4204 1.30816
40.2492 25.4338 1.30881
40.3478 25.4472 1.30945
40.4464 25.4605 1.31008
40.545 25.4738 1.31072
40.6436 25.4871 1.31136
40.7422 25.5003 1.31199
40.8408 25.5135 1.31262
40.9394 25.5267 1.31325
41.038 25.5398 1.31388
41.1366 25.5529 1.31451
41.2352 25.5659 1.31513
41.3338 25.5789 1.31575
41.4324 25.5919 1.31638
41.531 25.6048 1.317
41.6296 25.6177 1.31761
41.7282 25.6306 1.31823
41.8268 25.6434 1.31885
41.9254 25.6562 1.31946
42.024 25.669 1.32007
42.1226 25.6817 1.32068
42.2212 25.6944 1.32129
42.3198 25.7071 1.3219
42.4184 25.7197 1.3225
42.517 25.7323 1.32311
42.6156 25.7448 1.32371
42.7142 25.7573 1.32431
42.8128 25.7698 1.32491
42.9114 25.7823 1.32551
43.01 25.7947 1.32611
43.1086 25.8071 1.3267
43.2072 25.8194 1.3273
43.3058 25.8317 1.32789
43.4044 25.844 1.32848
43.503 25.8563 1.32907
43.6016 25.8685 1.32966
43.7002 25.8807 1.33024
43.7988 25.8929 1.33083
43.8974 25.905 1.33141
43.996 25.9171 1.33199
44.0946 25.9291 1.33258
44.1932 25.9412 1.33315
44.2918 25.9532 1.33373
44.3904 25.9651 1.33431
44.489 25.9771 1.33488
44.5876 25.989 1.33546
44.6862 26.0008 1.33603
44.7848 26.0127 1.3366
44.8834 26.0245 1.33717
44.982 26.0363 1.33774
45.0806 26.048 1.33831
45.1792 26.0598 1.33887
45.2778 26.0714 1.33944
45.3764 26.0831 1.34
45.475 26.0947 1.34056
45.5736 26.1063 1.34112
45.6722 26.1179 1.34168
45.7708 26.1295 1.34224
45.8694 26.141 1.34279
45.968 26.1525 1.34335
46.0666 26.1639 1.3439
46.1652 26.1754 1.34445
46.2638 26.1868 1.345
46.3624 26.1981 1.34555
46.461 26.2095 1.3461
46.5596 26.2208 1.34665
46.6582 26.2321 1.34719
46.7568 26.2433 1.34774
46.8554 26.2546 1.34828
46.954 26.2658 1.34882
47.0526 26.2769 1.34937
47.1512 26.2881 1.34991
47.2497 26.2992 1.35044
47.3483 26.3103 1.35098
47.4469 26.3214 1.35152
47.5455 26.3324 1.35205
47.6441 26.3434 1.35258
47.7427 26.3544 1.35312
47.8413 26.3654 1.35365
47.9399 26.3763 1.35418
48.0385 26.3872 1.35471
48.1371 26.3981 1.35523
48.2357 26.4089 1.35576
48.3343 26.4198 1.35629
48.4329 26.4306 1.35681
48.5315 26.4413 1.35733
48.6301 26.4521 1.35785
48.7287 26.4628 1.35837
48.8273 26.4735 1.35889
48.9259 26.4842 1.35941
49.0245 26.4949 1.35993
49.1231 26.5055 1.36045
49.2217 26.5161 1.36096
49.3203 26.5267 1.36147
49.4189 26.5372 1.36199
49.5175 26.5478 1.3625
49.6161 26.5583 1.36301
49.7147 26.5687 1.36352
49.8133 26.5792 1.36403
49.9119 26.5896 1.36453
50.0105 26.6 1.36504
50.1091 26.6104 1.36555
50.2077 26.6208 1.36605
50.3063 26.6311 1.36655
50.4049 26.6414 1.36705
50.5035 26.6517 1.36756
50.6021 26.662 1.36805
50.7007 26.6722 1.36855
50.7993 26.6825 1.36905
50.8979 26.6927 1.36955
50.9965 26.7028 1.37004
51.0951 26.713 1.37054
51.1937 26.7231 1.37103
51.2923 26.7332 1.37152
51.3909 26.7433 1.37202
51.4895 26.7534 1.37251
51.5881 26.7634 1.373
51.6867 26.7734 1.37348
51.7853 26.7834 1.37397
51.8839 26.7934 1.37446
51.9825 26.8034 1.37494
52.0811 26.8133 1.37543
52.1797 26.8232 1.37591
52.2783 26.8331 1.37639
52.3769 26.843 1.37687
52.4755 26.8528 1.37736
52.5741 26.8626 1.37783
52.6727 26.8724 1.37831
52.7713 26.8822 1.37879
52.8699 26.892 1.37927
52.9685 26.9017 1.37974
53.0671 26.9114 1.38022
53.1657 26.9211 1.38069
53.2643 26.9308 1.38116
53.3629 26.9404 1.38164
53.4615 26.9501 1.38211
53.5601 26.9597 1.38258
53.6587 26.9693 1.38305
53.7573 26.9788 1.38351
53.8559 26.9884 1.38398
53.9545 26.9979 1.38445
54.0531 27.0074 1.38491
54.1517 27.0169 1.38538
54.2503 27.0264 1.38584
54.3488 27.0358 1.3863
54.4474 27.0453 1.38676
54.546 27.0547 1.38723
54.6446 27.0641 1.38768
54.7432 27.0734 1.38814
54.8418 27.0828 1.3886
54.9404 27.0921 1.38906
55.039 27.1014 1.38952
55.1376 27.1107 1.38997
55.2362 27.12 1.39043
55.3348 27.1293 1.39088
55.4334 27.1385 1.39133
55.532 27.1477 1.39178
55.6306 27.1569 1.39223
55.7292 27.1661 1.39268
55.8278 27.1752 1.39313
55.9264 27.1844 1.39358
56.025 27.1935 1.39403
56.1236 27.2026 1.39448
56.2222 27.2117 1.39492
56.3208 27.2208 1.39537
56.4194 27.2298 1.39581
56.518 27.2388 1.39625
56.6166 27.2478 1.3967
56.7152 27.2568 1.39714
56.8138 27.2658 1.39758
56.9124 27.2748 1.39802
57.011 27.2837 1.39846
57.1096 27.2926 1.3989
57.2082 27.3015 1.39933
57.3068 27.3104 1.39977
57.4054 27.3193 1.40021
57.504 27.3281 1.40064
57.6026 27.337 1.40108
57.7012 27.3458 1.40151
57.7998 27.3546 1.40194
57.8984 27.3633 1.40237
57.997 27.3721 1.4028
58.0956 27.3809 1.40323
58.1942 27.3896 1.40366
58.2928 27.3983 1.40409
58.3914 27.407 1.40452
58.49 27.4157 1.40495
58.5886 27.4243 1.40537
58.6872 27.433 1.4058
58.7858 27.4416 1.40622
58.8844 27.4502 1.40665
58.983 27.4588 1.40707
59.0816 27.4674 1.40749
59.1802 27.4759 1.40791
59.2788 27.4845 1.40834
59.3774 27.493 1.40876
59.476 27.5015 1.40918
59.5746 27.51 1.40959
59.6732 27.5184 1.41001
59.7718 27.5269 1.41043
59.8704 27.5354 1.41084
59.969 27.5438 1.41126
60.0676 27.5522 1.41168
60.1662 27.5606 1.41209
60.2648 27.569 1.4125
60.3634 27.5773 1.41292
60.462 27.5857 1.41333
60.5606 27.594 1.41374
60.6592 27.6023 1.41415
60.7578 27.6106 1.41456
60.8564 27.6189 1.41497
60.955 27.6272 1.41538
61.0536 27.6354 1.41578
61.1522 27.6437 1.41619
61.2508 27.6519 1.4166
61.3493 27.6601 1.417
61.4479 27.6683 1.41741
61.5465 27.6764 1.41781
61.6451 27.6846 1.41821
61.7437 27.6927 1.41862
61.8423 27.7009 1.41902
61.9409 27.709 1.41942
62.0395 27.7171 1.41982
62.1381 27.7252 1.42022
62.2367 27.7332 1.42062
62.3353 27.7413 1.42102
62.4339 27.7493 1.42141
62.5325 27.7574 1.42181
62.6311 27.7654 1.42221
62.7297 27.7734 1.4226
62.8283 27.7813 1.423
62.9269 27.7893 1.42339
63.0255 27.7973 1.42379
63.1241 27.8052 1.42418
63.2227 27.8131 1.42457
63.3213 27.821 1.42496
63.4199 27.8289 1.42535
63.5185 27.8368 1.42574
63.6171 27.8447 1.42613
63.7157 27.8525 1.42652
63.8143 27.8604 1.42691
63.9129 27.8682 1.4273
64.0115 27.876 1.42769
64.1101 27.8838 1.42807
64.2087 27.8916 1.42846
64.3073 27.8993 1.42884
64.4059 27.9071 1.42923
64.5045 27.9148 1.42961
64.6031 27.9225 1.42999
64.7017 27.9303 1.43038
64.8003 27.9379 1.43076
64.8989 27.9456 1.43114
64.9975 27.9533 1.43152
65.0961 27.961 1.4319
65.1947 27.9686 1.43228
65.2933 27.9762 1.43266
65.3919 27.9838 1.43304
65.4905 27.9915 1.43341
65.5891 27.999 1.43379
65.6877 28.0066 1.43417
65.7863 28.0142 1.43454
65.8849 28.0217 1.43492
65.9835 28.0293 1.43529
66.0821 28.0368 1.43567
66.1807 28.0443 1.43604
66.2793 28.0518 1.43641
66.3779 28.0593 1.43678
66.4765 28.0667 1.43715
66.5751 28.0742 1.43753
66.6737 28.0817 1.4379
66.7723 28.0891 1.43827
66.8709 28.0965 1.43863
66.9695 28.1039 1.439
67.0681 28.1113 1.43937
67.1667 28.1187 1.43974
67.2653 28.1261 1.4401
67.3639 28.1334 1.44047
67.4625 28.1408 1.44084
67.5611 28.1481 1.4412
67.6597 28.1554 1.44156
67.7583 28.1627 1.44193
67.8569 28.17 1.44229
67.9555 28.1773 1.44265
68.0541 28.1845 1.44302
68.1527 28.1918 1.44338
68.2513 28.199 1.44374
68.3498 28.2063 1.4441
68.4484 28.2135 1.44446
68.547 28.2207 1.44482
68.6456 28.2279 1.44517
68.7442 28.2351 1.44553
68.8428 28.2423 1.44589
68.9414 28.2494 1.44625
69.04 28.2566 1.4466
69.1386 28.2637 1.44696
69.2372 28.2708 1.44731
69.3358 28.2779 1.44767
69.4344 28.285 1.44802
69.533 28.2921 1.44838
69.6316 28.2992 1.44873
69.7302 28.3063 1.44908
69.8288 28.3133 1.44943
69.9274 28.3204 1.44978
70.026 28.3274 1.45014
70.1246 28.3344 1.45049
70.2232 28.3414 1.45084
70.3218 28.3484 1.45118
70.4204 28.3554 1.45153
70.519 28.3624 1.45188
70.6176 28.3693 1.45223
70.7162 28.3763 1.45258
70.8148 28.3832 1.45292
70.9134 28.3901 1.45327
71.012 28.397 1.45361
71.1106 28.404 1.45396
71.2092 28.4108 1.4543
71.3078 28.4177 1.45465
71.4064 28.4246 1.45499
71.505 28.4315 1.45533
71.6036 28.4383 1.45567
71.7022 28.4451 1.45602
71.8008 28.452 1.45636
71.8994 28.4588 1.4567
71.998 28.4656 1.45704
72.0966 28.4724 1.45738
72.1952 28.4792 1.45772
72.2938 28.4859 1.45806
72.3924 28.4927 1.45839
72.491 28.4994 1.45873
72.5896 28.5062 1.45907
72.6882 28.5129 1.45941
72.7868 28.5196 1.45974
72.8854 28.5263 1.46008
72.984 28.533 1.46041
73.0826 28.5397 1.46075
73.1812 28.5464 1.46108
73.2798 28.5531 1.46142
73.3784 28.5597 1.46175
73.477 28.5664 1.46208
73.5756 28.573 1.46241
73.6742 28.5796 1.46275
73.7728 28.5862 1.46308
73.8714 28.5928 1.46341
73.97 28.5994 1.46374
74.0686 28.606 1.46407
74.1672 28.6126 1.4644
74.2658 28.6191 1.46473
74.3644 28.6257 1.46505
74.463 28.6322 1.46538
74.5616 28.6388 1.46571
74.6602 28.6453 1.46604
74.7588 28.6518 1.46636
74.8574 28.6583 1.46669
74.956 28.6648 1.46701
75.0546 28.6713 1.46734
75.1532 28.6777 1.46766
75.2518 28.6842 1.46799
75.3504 28.6906 1.46831
75.4489 28.6971 1.46863
75.5475 28.7035 1.46896
75.6461 28.7099 1.46928
75.7447 28.7164 1.4696
75.8433 28.7228 1.46992
75.9419 28.7291 1.47024
76.0405 28.7355 1.47056
76.1391 28.7419 1.47088
76.2377 28.7483 1.4712
76.3363 28.7546 1.47152
76.4349 28.761 1.47184
76.5335 28.7673 1.47216
76.6321 28.7736 1.47248
76.7307 28.7799 1.47279
76.8293 28.7862 1.47311
76.9279 28.7925 1.47343
77.0265 28.7988 1.47374
77.1251 28.8051 1.47406
77.2237 28.8114 1.47437
77.3223 28.8176 1.47469
77.4209 28.8239 1.475
77.5195 28.8301 1.47532
77.6181 28.8364 1.47563
77.7167 28.8426 1.47594
77.8153 28.8488 1.47626
77.9139 28.855 1.47657
78.0125 28.8612 1.47688
78.1111 28.8674 1.47719
78.2097 28.8736 1.4775
78.3083 28.8797 1.47781
78.4069 28.8859 1.47812
78.5055 28.892 1.47843
78.6041 28.8982 1.47874
78.7027 28.9043 1.47905
78.8013 28.9104 1.47936
78.8999 28.9166 1.47967
78.9985 28.9227 1.47997
79.0971 28.9288 1.48028
79.1957 28.9349 1.48059
79.2943 28.9409 1.48089
79.3929 28.947 1.4812
79.4915 28.9531 1.4815
79.5901 28.9591 1.48181
79.6887 28.9652 1.48211
79.7873 28.9712 1.48242
79.8859 28.9772 1.48272
79.9845 28.9832 1.48302
80.0831 28.9893 1.48333
80.1817 28.9953 1.48363
80.2803 29.0013 1.48393
80.3789 29.0072 1.48423
80.4775 29.0132 1.48453
80.5761 29.0192 1.48484
80.6747 29.0251 1.48514
80.7733 29.0311 1.48544
80.8719 29.037 1.48574
80.9705 29.043 1.48604
81.0691 29.0489 1.48633
81.1677 29.0548 1.48663
81.2663 29.0607 1.48693
81.3649 29.0666 1.48723
81.4635 29.0725 1.48753
81.5621 29.0784 1.48782
81.6607 29.0843 1.48812
81.7593 29.0901 1.48842
81.8579 29.096 1.48871
81.9565 29.1018 1.48901
82.0551 29.1077 1.4893
82.1537 29.1135 1.4896
82.2523 29.1193 1.48989
82.3509 29.1252 1.49018
82.4494 29.131 1.49048
82.548 29.1368 1.49077
82.6466 29.1426 1.49106
82.7452 29.1484 1.49136
82.8438 29.1541 1.49165
82.9424 29.1599 1.49194
83.041 29.1657 1.49223
83.1396 29.1714 1.49252
83.2382 29.1772 1.49281
83.3368 29.1829 1.4931
83.4354 29.1886 1.49339
83.534 29.1944 1.49368
83.6326 29.2001 1.49397
83.7312 29.2058 1.49426
83.8298 29.2115 1.49455
83.9284 29.2172 1.49484
84.027 29.2228 1.49512
84.1256 29.2285 1.49541
84.2242 29.2342 1.4957
84.3228 29.2399 1.49598
84.4214 29.2455 1.49627
84.52 29.2511 1.49656
84.6186 29.2568 1.49684
84.7172 29.2624 1.49713
84.8158 29.268 1.49741
84.9144 29.2736 1.49769
85.013 29.2793 1.49798
85.1116 29.2849 1.49826
85.2102 29.2904 1.49854
85.3088 29.296 1.49883
85.4074 29.3016 1.49911
85.506 29.3072 1.49939
85.6046 29.3127 1.49967
85.7032 29.3183 1.49996
85.8018 29.3238 1.50024
85.9004 29.3294 1.50052
85.999 29.3349 1.5008
86.0976 29.3404 1.50108
86.1962 29.346 1.50136
86.2948 29.3515 1.50164
86.3934 29.357 1.50192
86.492 29.3625 1.50219
86.5906 29.3679 1.50247
86.6892 29.3734 1.50275
86.7878 29.3789 1.50303
86.8864 29.3844 1.50331
86.985 29.3898 1.50358
87.0836 29.3953 1.50386
87.1822 29.4007 1.50413
87.2808 29.4062 1.50441
87.3794 29.4116 1.50469
87.478 29.417 1.50496
87.5766 29.4224 1.50524
87.6752 29.4278 1.50551
87.7738 29.4332 1.50578
87.8724 29.4386 1.50606
87.971 29.444 1.50633
88.0696 29.4494 1.50661
88.1682 29.4548 1.50688
88.2668 29.4601 1.50715
88.3654 29.4655 1.50742
88.464 29.4709 1.50769
88.5626 29.4762 1.50797
88.6612 29.4815 1.50824
88.7598 29.4869 1.50851
88.8584 29.4922 1.50878
88.957 29.4975 1.50905
89.0556 29.5028 1.50932
89.1542 29.5081 1.50959
89.2528 29.5134 1.50986
89.3514 29.5187 1.51013
89.4499 29.524 1.5104
89.5485 29.5293 1.51066
89.6471 29.5346 1.51093
89.7457 29.5398 1.5112
89.8443 29.5451 1.51147
89.9429 29.5503 1.51173
90.0415 29.5556 1.512
90.1401 29.5608 1.51227
90.2387 29.566 1.51253
90.3373 29.5713 1.5128
90.4359 29.5765 1.51306
90.5345 29.5817 1.51333
90.6331 29.5869 1.51359
90.7317 29.5921 1.51386
90.8303 29.5973 1.51412
90.9289 29.6025 1.51439
91.0275 29.6077 1.51465
91.1261 29.6128 1.51491
91.2247 29.618 1.51518
91.3233 29.6231 1.51544
91.4219 29.6283 1.5157
91.5205 29.6334 1.51596
91.6191 29.6386 1.51622
91.7177 29.6437 1.51649
91.8163 29.6488 1.51675
91.9149 29.654 1.51701
92.0135 29.6591 1.51727
92.1121 29.6642 1.51753
92.2107 29.6693 1.51779
92.3093 29.6744 1.51805
92.4079 29.6795 1.51831
92.5065 29.6845 1.51857
92.6051 29.6896 1.51882
92.7037 29.6947 1.51908
92.8023 29.6998 1.51934
92.9009 29.7048 1.5196
92.9995 29.7099 1.51986
93.0981 29.7149 1.52011
93.1967 29.7199 1.52037
93.2953 29.725 1.52063
93.3939 29.73 1.52088
93.4925 29.735 1.52114
93.5911 29.74 1.52139
93.6897 29.745 1.52165
93.7883 29.75 1.5219
93.8869 29.755 1.52216
93.9855 29.76 1.52241
94.0841 29.765 1.52267
94.1827 29.77 1.52292
94.2813 29.7749 1.52318
94.3799 29.7799 1.52343
94.4785 29.7849 1.52368
94.5771 29.7898 1.52393
94.6757 29.7948 1.52419
94.7743 29.7997 1.52444
94.8729 29.8046 1.52469
94.9715 29.8096 1.52494
95.0701 29.8145 1.52519
95.1687 29.8194 1.52545
95.2673 29.8243 1.5257
95.3659 29.8292 1.52595
95.4645 29.8341 1.5262
95.5631 29.839 1.52645
95.6617 29.8439 1.5267
95.7603 29.8488 1.52695
95.8589 29.8537 1.52719
95.9575 29.8585 1.52744
96.0561 29.8634 1.52769
96.1547 29.8683 1.52794
96.2533 29.8731 1.52819
96.3519 29.878 1.52844
96.4505 29.8828 1.52868
96.549 29.8876 1.52893
96.6476 29.8925 1.52918
96.7462 29.8973 1.52942
96.8448 29.9021 1.52967
96.9434 29.9069 1.52992
97.042 29.9117 1.53016
97.1406 29.9165 1.53041
97.2392 29.9213 1.53065
97.3378 29.9261 1.5309
97.4364 29.9309 1.53114
97.535 29.9357 1.53139
97.6336 29.9404 1.53163
97.7322 29.9452 1.53187
97.8308 29.95 1.53212
97.9294 29.9547 1.53236
98.028 29.9595 1.5326
98.1266 29.9642 1.53285
98.2252 29.9689 1.53309
98.3238 29.9737 1.53333
98.4224 29.9784 1.53357
98.521 29.9831 1.53382
98.6196 29.9878 1.53406
98.7182 29.9926 1.5343
98.8168 29.9973 1.53454
98.9154 30.002 1.53478
99.014 30.0067 1.53502
99.1126 30.0113 1.53526
99.2112 30.016 1.5355
99.3098 30.0207 1.53574
99.4084 30.0254 1.53598
99.507 30.03 1.53622
99.6056 30.0347 1.53646
99.7042 30.0394 1.5367
99.8028 30.044 1.53693
99.9014 30.0487 1.53717
100 30.0533 1.53741
