1.5 1.53624 0.392365
1.5986 2.04408 0.407803
1.6972 2.52983 0.422782
1.7958 2.99255 0.437222
1.89439 3.43517 0.451182
1.99299 3.85836 0.464656
2.09159 4.2623 0.477629
2.19019 4.6491 0.49015
2.28879 5.02026 0.502251
2.38739 5.37627 0.513936
2.48599 5.71764 0.525212
2.58458 6.04561 0.536111
2.68318 6.36163 0.546669
2.78178 6.66622 0.556898
2.88038 6.95986 0.566808
2.97898 7.24302 0.576411
3.07758 7.5162 0.585718
3.17618 7.78049 0.594761
3.27477 8.03644 0.603553
3.37337 8.28443 0.612105
3.47197 8.52479 0.620426
3.57057 8.75786 0.628523
3.66917 8.98393 0.636406
3.76777 9.2033 0.644082
3.86637 9.41726 0.651565
3.96496 9.6266 0.65887
4.06356 9.83097 0.666004
4.16216 10.0301 0.672972
4.26076 10.2236 0.679782
4.35936 10.4115 0.686438
4.45796 10.5935 0.692946
4.55656 10.7696 0.699312
4.65516 10.9396 0.70554
4.75375 11.1036 0.711635
4.85235 11.2617 0.717606
4.95095 11.4146 0.72346
5.04955 11.5627 0.7292
5.14815 11.7065 0.734831
5.24675 11.8464 0.740356
5.34535 11.9826 0.745777
5.44394 12.1156 0.751099
5.54254 12.2455 0.756324
5.64114 12.3728 0.761455
5.73974 12.4976 0.766494
5.83834 12.6202 0.771445
5.93694 12.7407 0.77631
6.03554 12.8594 0.781091
6.13413 12.9764 0.78579
6.23273 13.0917 0.790413
6.33133 13.2049 0.794962
6.42993 13.3162 0.799441
6.52853 13.4257 0.80385
6.62713 13.5334 0.808192
6.72573 13.6392 0.812468
6.82432 13.7434 0.816681
6.92292 13.8459 0.820832
7.02152 13.9467 0.824922
7.12012 14.046 0.828953
7.21872 14.1438 0.832927
7.31732 14.24 0.836845
7.41592 14.3348 0.840707
7.51451 14.4281 0.844517
7.61311 14.5201 0.848274
7.71171 14.6106 0.851981
7.81031 14.6999 0.855638
7.90891 14.7879 0.859246
8.00751 14.8746 0.862806
8.10611 14.9601 0.866321
8.2047 15.0444 0.869791
8.3033 15.1276 0.873219
8.4019 15.2097 0.876604
8.5005 15.2907 0.879949
8.5991 15.3707 0.883255
8.6977 15.4496 0.886521
8.7963 15.5276 0.889749
8.89489 15.6045 0.892939
8.99349 15.6805 0.896093
9.09209 15.7556 0.899211
9.19069 15.8297 0.902294
9.28929 15.903 0.905343
9.38789 15.9753 0.908358
9.48649 16.0468 0.911339
9.58509 16.1175 0.914288
9.68368 16.1873 0.917206
9.78228 16.2564 0.920092
9.88088 16.3246 0.922948
9.97948 16.392 0.925773
10.0781 16.4587 0.928569
10.1767 16.5246 0.931336
10.2753 16.5898 0.934075
10.3739 16.6543 0.936786
10.4725 16.7181 0.939469
10.5711 16.7812 0.942126
10.6697 16.8436 0.944756
10.7683 16.9053 0.94736
10.8669 16.9663 0.949939
10.9655 17.0268 0.952493
11.0641 17.0866 0.955022
11.1627 17.1458 0.957529
11.2613 17.2044 0.960012
11.3599 17.2625 0.962473
11.4585 17.3199 0.964912
11.5571 17.3769 0.967328
11.6557 17.4332 0.969723
11.7543 17.4891 0.972097
11.8529 17.5444 0.974451
11.9515 17.5991 0.976783
12.0501 17.6534 0.979096
12.1486 17.7072 0.981388
12.2472 17.7604 0.983661
12.3458 17.8132 0.985915
12.4444 17.8655 0.98815
12.543 17.9173 0.990366
12.6416 17.9687 0.992564
12.7402 18.0196 0.994744
12.8388 18.07 0.996905
12.9374 18.12 0.99905
13.036 18.1696 1.00118
13.1346 18.2187 1.00329
13.2332 18.2674 1.00538
13.3318 18.3157 1.00746
13.4304 18.3636 1.00952
13.529 18.4111 1.01156
13.6276 18.4581 1.01359
13.7262 18.5048 1.0156
13.8248 18.5511 1.0176
13.9234 18.597 1.01958
14.022 18.6426 1.02155
14.1206 18.6877 1.0235
14.2192 18.7325 1.02544
14.3178 18.777 1.02736
14.4164 18.821 1.02927
14.515 18.8648 1.03116
14.6136 18.9081 1.03304
14.7122 18.9512 1.03491
14.8108 18.9939 1.03676
14.9094 19.0363 1.0386
15.008 19.0783 1.04043
15.1066 19.12 1.04225
15.2052 19.1614 1.04405
15.3038 19.2025 1.04584
15.4024 19.2433 1.04761
15.501 19.2838 1.04938
15.5996 19.324 1.05113
15.6982 19.364 1.05287
15.7968 19.4036 1.0546
15.8954 19.4429 1.05632
15.994 19.482 1.05803
16.0926 19.5208 1.05973
16.1912 19.5593 1.06141
16.2898 19.5976 1.06308
16.3884 19.6356 1.06475
16.487 19.6733 1.0664
16.5856 19.7108 1.06804
16.6842 19.748 1.06968
16.7828 19.785 1.0713
16.8814 19.8217 1.07291
16.98 19.8582 1.07451
17.0786 19.8944 1.0761
17.1772 19.9304 1.07769
17.2758 19.9661 1.07926
17.3744 20.0016 1.08082
17.473 20.0369 1.08238
17.5716 20.072 1.08392
17.6702 20.1068 1.08545
17.7688 20.1414 1.08698
17.8674 20.1758 1.0885
17.966 20.2099 1.09001
18.0646 20.2439 1.0915
18.1632 20.2776 1.09299
18.2618 20.3111 1.09448
18.3604 20.3444 1.09595
18.459 20.3775 1.09741
18.5576 20.4104 1.09887
18.6562 20.4431 1.10032
18.7548 20.4756 1.10176
18.8534 20.5079 1.10319
18.952 20.54 1.10461
19.0506 20.5719 1.10603
19.1491 20.6036 1.10744
19.2477 20.6352 1.10884
19.3463 20.6665 1.11023
19.4449 20.6976 1.11161
19.5435 20.7286 1.11299
19.6421 20.7594 1.11436
19.7407 20.79 1.11572
19.8393 20.8204 1.11708
19.9379 20.8507 1.11842
20.0365 20.8808 1.11976
20.1351 20.9107 1.1211
20.2337 20.9404 1.12242
20.3323 20.97 1.12374
20.4309 20.9994 1.12505
20.5295 21.0286 1.12636
20.6281 21.0577 1.12766
20.7267 21.0866 1.12895
20.8253 21.1153 1.13023
20.9239 21.1439 1.13151
21.0225 21.1723 1.13278
21.1211 21.2006 1.13405
21.2197 21.2287 1.13531
21.3183 21.2567 1.13656
21.4169 21.2845 1.13781
21.5155 21.3122 1.13905
21.6141 21.3397 1.14028
21.7127 21.3671 1.14151
21.8113 21.3943 1.14273
21.9099 21.4214 1.14395
22.0085 21.4483 1.14516
22.1071 21.4751 1.14636
22.2057 21.5018 1.14756
22.3043 21.5283 1.14876
22.4029 21.5547 1.14994
22.5015 21.581 1.15113
22.6001 21.6071 1.1523
22.6987 21.6331 1.15347
22.7973 21.659 1.15464
22.8959 21.6848 1.1558
22.9945 21.7104 1.15696
23.0931 21.7359 1.1581
23.1917 21.7612 1.15925
23.2903 21.7865 1.16039
23.3889 21.8116 1.16152
23.4875 21.8366 1.16265
23.5861 21.8615 1.16378
23.6847 21.8862 1.16489
23.7833 21.9109 1.16601
23.8819 21.9354 1.16712
23.9805 21.9598 1.16822
24.0791 21.9841 1.16932
24.1777 22.0082 1.17042
24.2763 22.0323 1.17151
24.3749 22.0562 1.17259
24.4735 22.0801 1.17367
24.5721 22.1038 1.17475
24.6707 22.1274 1.17582
24.7693 22.1509 1.17688
24.8679 22.1743 1.17795
24.9665 22.1976 1.179
25.0651 22.2208 1.18006
25.1637 22.2438 1.1811
25.2623 22.2668 1.18215
25.3609 22.2897 1.18319
25.4595 22.3124 1.18422
25.5581 22.3351 1.18525
25.6567 22.3577 1.18628
25.7553 22.3801 1.1873
25.8539 22.4025 1.18832
25.9525 22.4247 1.18934
26.0511 22.4469 1.19035
26.1496 22.469 1.19135
26.2482 22.4909 1.19235
26.3468 22.5128 1.19335
26.4454 22.5346 1.19434
26.544 22.5563 1.19533
26.6426 22.5779 1.19632
26.7412 22.5994 1.1973
26.8398 22.6208 1.19828
26.9384 22.6421 1.19925
27.037 22.6633 1.20022
27.1356 22.6844 1.20119
27.2342 22.7055 1.20215
27.3328 22.7264 1.20311
27.4314 22.7473 1.20407
27.53 22.7681 1.20502
27.6286 22.7888 1.20596
27.7272 22.8094 1.20691
27.8258 22.8299 1.20785
27.9244 22.8504 1.20878
28.023 22.8707 1.20972
28.1216 22.891 1.21065
28.2202 22.9112 1.21157
28.3188 22.9313 1.2125
28.4174 22.9513 1.21341
28.516 22.9712 1.21433
28.6146 22.9911 1.21524
28.7132 23.0109 1.21615
28.8118 23.0306 1.21706
28.9104 23.0502 1.21796
29.009 23.0698 1.21886
29.1076 23.0892 1.21975
29.2062 23.1086 1.22064
29.3048 23.1279 1.22153
29.4034 23.1472 1.22242
29.502 23.1663 1.2233
29.6006 23.1854 1.22418
29.6992 23.2044 1.22506
29.7978 23.2234 1.22593
29.8964 23.2423 1.2268
29.995 23.261 1.22766
30.0936 23.2798 1.22853
30.1922 23.2984 1.22939
30.2908 23.317 1.23025
30.3894 23.3355 1.2311
30.488 23.3539 1.23195
30.5866 23.3723 1.2328
30.6852 23.3906 1.23364
30.7838 23.4088 1.23449
30.8824 23.427 1.23533
30.981 23.4451 1.23616
31.0796 23.4631 1.23699
31.1782 23.4811 1.23783
31.2768 23.499 1.23865
31.3754 23.5168 1.23948
31.474 23.5346 1.2403
31.5726 23.5523 1.24112
31.6712 23.5699 1.24194
31.7698 23.5874 1.24275
31.8684 23.605 1.24356
31.967 23.6224 1.24437
32.0656 23.6398 1.24517
32.1642 23.6571 1.24598
32.2628 23.6743 1.24678
32.3614 23.6915 1.24757
32.46 23.7087 1.24837
32.5586 23.7258 1.24916
32.6572 23.7428 1.24995
32.7558 23.7597 1.25074
32.8544 23.7766 1.25152
32.953 23.7935 1.25231
33.0516 23.8102 1.25309
33.1502 23.827 1.25386
33.2487 23.8436 1.25464
33.3473 23.8602 1.25541
33.4459 23.8768 1.25618
33.5445 23.8933 1.25695
33.6431 23.9097 1.25771
33.7417 23.9261 1.25848
33.8403 23.9424 1.25924
33.9389 23.9587 1.25999
34.0375 23.9749 1.26075
34.1361 23.9911 1.2615
34.2347 24.0072 1.26225
34.3333 24.0233 1.263
34.4319 24.0393 1.26375
34.5305 24.0552 1.26449
34.6291 24.0711 1.26523
34.7277 24.087 1.26597
34.8263 24.1028 1.26671
34.9249 24.1185 1.26745
35.0235 24.1342 1.26818
35.1221 24.1498 1.26891
35.2207 24.1654 1.26964
35.3193 24.181 1.27036
35.4179 24.1964 1.27109
35.5165 24.2119 1.27181
35.6151 24.2273 1.27253
35.7137 24.2426 1.27325
35.8123 24.2579 1.27396
35.9109 24.2731 1.27467
36.0095 24.2883 1.27538
36.1081 24.3035 1.27609
36.2067 24.3186 1.2768
36.3053 24.3336 1.2775
36.4039 24.3486 1.27821
36.5025 24.3636 1.27891
36.6011 24.3785 1.27961
36.6997 24.3933 1.2803
36.7983 24.4082 1.281
36.8969 24.4229 1.28169
36.9955 24.4377 1.28238
37.0941 24.4523 1.28307
37.1927 24.467 1.28376
37.2913 24.4815 1.28444
37.3899 24.4961 1.28512
37.4885 24.5106 1.2858
37.5871 24.525 1.28648
37.6857 24.5394 1.28716
37.7843 24.5538 1.28783
37.8829 24.5681 1.28851
37.9815 24.5824 1.28918
38.0801 24.5967 1.28985
38.1787 24.6108 1.29052
38.2773 24.625 1.29118
38.3759 24.6391 1.29184
38.4745 24.6532 1.29251
38.5731 24.6672 1.29317
38.6717 24.6812 1.29382
38.7703 24.6951 1.29448
38.8689 24.709 1.29513
38.9675 24.7229 1.29579
39.0661 24.7367 1.29644
39.1647 24.7505 1.29709
39.2633 24.7642 1.29774
39.3619 24.7779 1.29838
39.4605 24.7916 1.29902
39.5591 24.8052 1.29967
39.6577 24.8187 1.30031
39.7563 24.8323 1.30095
39.8549 24.8458 1.30158
39.9535 24.8592 1.30222
40.0521 24.8727 1.30285
40.1507 24.8861 1.30348
40.2492 24.8994 1.30411
40.3478 24.9127 1.30474
40.4464 24.926 1.30537
40.545 24.9392 1.30599
40.6436 24.9524 1.30662
40.7422 24.9656 1.30724
40.8408 24.9787 1.30786
40.9394 24.9918 1.30848
41.038 25.0048 1.3091
41.1366 25.0178 1.30971
41.2352 25.0308 1.31032
41.3338 25.0437 1.31094
41.4324 25.0566 1.31155
41.531 25.0695 1.31216
41.6296 25.0823 1.31276
41.7282 25.0951 1.31337
41.8268 25.1079 1.31397
41.9254 25.1206 1.31458
42.024 25.1333 1.31518
42.1226 25.1459 1.31578
42.2212 25.1585 1.31638
42.3198 25.1711 1.31697
42.4184 25.1837 1.31757
42.517 25.1962 1.31816
42.6156 25.2087 1.31875
42.7142 25.2211 1.31934
42.8128 25.2335 1.31993
42.9114 25.2459 1.32052
43.01 25.2583 1.32111
43.1086 25.2706 1.32169
43.2072 25.2829 1.32228
43.3058 25.2951 1.32286
43.4044 25.3073 1.32344
43.503 25.3195 1.32402
43.6016 25.3317 1.32459
43.7002 25.3438 1.32517
43.7988 25.3559 1.32574
43.8974 25.3679 1.32632
43.996 25.38 1.32689
44.0946 25.392 1.32746
44.1932 25.4039 1.32803
44.2918 25.4159 1.3286
44.3904 25.4278 1.32916
44.489 25.4396 1.32973
44.5876 25.4515 1.33029
44.6862 25.4633 1.33085
44.7848 25.475 1.33142
44.8834 25.4868 1.33197
44.982 25.4985 1.33253
45.0806 25.5102 1.33309
45.1792 25.5219 1.33365
45.2778 25.5335 1.3342
45.3764 25.5451 1.33475
45.475 25.5566 1.3353
45.5736 25.5682 1.33585
45.6722 25.5797 1.3364
45.7708 25.5912 1.33695
45.8694 25.6026 1.3375
45.968 25.614 1.33804
46.0666 25.6254 1.33859
46.1652 25.6368 1.33913
46.2638 25.6481 1.33967
46.3624 25.6594 1.34021
46.461 25.6707 1.34075
46.5596 25.682 1.34129
46.6582 25.6932 1.34182
46.7568 25.7044 1.34236
46.8554 25.7156 1.34289
46.954 25.7267 1.34342
47.0526 25.7378 1.34396
47.1512 25.7489 1.34449
47.2497 25.76 1.34501
47.3483 25.771 1.34554
47.4469 25.782 1.34607
47.5455 25.793 1.34659
47.6441 25.8039 1.34712
47.7427 25.8148 1.34764
47.8413 25.8257 1.34816
47.9399 25.8366 1.34868
48.0385 25.8475 1.3492
48.1371 25.8583 1.34972
48.2357 25.8691 1.35024
48.3343 25.8798 1.35075
48.4329 25.8906 1.35127
48.5315 25.9013 1.35178
48.6301 25.912 1.3523
48.7287 25.9227 1.35281
48.8273 25.9333 1.35332
48.9259 25.9439 1.35383
49.0245 25.9545 1.35433
49.1231 25.9651 1.35484
49.2217 25.9756 1.35535
49.3203 25.9862 1.35585
49.4189 25.9967 1.35636
49.5175 26.0071 1.35686
49.6161 26.0176 1.35736
49.7147 26.028 1.35786
49.8133 26.0384 1.35836
49.9119 26.0488 1.35886
50.0105 26.0591 1.35936
50.1091 26.0694 1.35985
50.2077 26.0798 1.36035
50.3063 26.09 1.36084
50.4049 26.1003 1.36134
50.5035 26.1105 1.36183
50.6021 26.1207 1.36232
50.7007 26.1309 1.36281
50.7993 26.1411 1.3633
50.8979 26.1512 1.36379
50.9965 26.1613 1.36427
51.0951 26.1714 1.36476
51.1937 26.1815 1.36524
51.2923 26.1916 1.36573
51.3909 26.2016 1.36621
51.4895 26.2116 1.36669
51.5881 26.2216 1.36717
51.6867 26.2316 1.36765
51.7853 26.2415 1.36813
51.8839 26.2514 1.36861
51.9825 26.2613 1.36909
52.0811 26.2712 1.36956
52.1797 26.281 1.37004
52.2783 26.2909 1.37051
52.3769 26.3007 1.37099
52.4755 26.3105 1.37146
52.5741 26.3202 1.37193
52.6727 26.33 1.3724
52.7713 26.3397 1.37287
52.8699 26.3494 1.37334
52.9685 26.3591 1.3738
53.0671 26.3688 1.37427
53.1657 26.3784 1.37474
53.2643 26.388 1.3752
53.3629 26.3976 1.37567
53.4615 26.4072 1.37613
53.5601 26.4168 1.37659
53.6587 26.4263 1.37705
53.7573 26.4358 1.37751
53.8559 26.4453 1.37797
53.9545 26.4548 1.37843
54.0531 26.4642 1.37889
54.1517 26.4737 1.37934
54.2503 26.4831 1.3798
54.3488 26.4925 1.38025
54.4474 26.5019 1.38071
54.546 26.5112 1.38116
54.6446 26.5206 1.38161
54.7432 26.5299 1.38206
54.8418 26.5392 1.38251
54.9404 26.5485 1.38296
55.039 26.5577 1.38341
55.1376 26.567 1.38386
55.2362 26.5762 1.3843
55.3348 26.5854 1.38475
55.4334 26.5946 1.38519
55.532 26.6038 1.38564
55.6306 26.6129 1.38608
55.7292 26.622 1.38652
55.8278 26.6311 1.38697
55.9264 26.6402 1.38741
56.025 26.6493 1.38785
56.1236 26.6583 1.38828
56.2222 26.6674 1.38872
56.3208 26.6764 1.38916
56.4194 26.6854 1.3896
56.518 26.6944 1.39003
56.6166 26.7033 1.39047
56.7152 26.7123 1.3909
56.8138 26.7212 1.39133
56.9124 26.7301 1.39177
57.011 26.739 1.3922
57.1096 26.7479 1.39263
57.2082 26.7567 1.39306
57.3068 26.7656 1.39349
57.4054 26.7744 1.39392
57.504 26.7832 1.39434
57.6026 26.792 1.39477
57.7012 26.8007 1.3952
57.7998 26.8095 1.39562
57.8984 26.8182 1.39605
57.997 26.8269 1.39647
58.0956 26.8356 1.39689
58.1942 26.8443 1.39732
58.2928 26.853 1.39774
58.3914 26.8616 1.39816
58.49 26.8702 1.39858
58.5886 26.8788 1.399
58.6872 26.8874 1.39941
58.7858 26.896 1.39983
58.8844 26.9046 1.40025
58.983 26.9131 1.40066
59.0816 26.9216 1.40108
59.1802 26.9301 1.40149
59.2788 26.9386 1.40191
59.3774 26.9471 1.40232
59.476 26.9556 1.40273
59.5746 26.964 1.40314
59.6732 26.9725 1.40356
59.7718 26.9809 1.40397
59.8704 26.9893 1.40437
59.969 26.9976 1.40478
60.0676 27.006 1.40519
60.1662 27.0144 1.4056
60.2648 27.0227 1.406
60.3634 27.031 1.40641
60.462 27.0393 1.40681
60.5606 27.0476 1.40722
60.6592 27.0559 1.40762
60.7578 27.0641 1.40803
60.8564 27.0724 1.40843
60.955 27.0806 1.40883
61.0536 27.0888 1.40923
61.1522 27.097 1.40963
61.2508 27.1051 1.41003
61.3493 27.1133 1.41043
61.4479 27.1215 1.41082
61.5465 27.1296 1.41122
61.6451 27.1377 1.41162
61.7437 27.1458 1.41201
61.8423 27.1539 1.41241
61.9409 27.162 1.4128
62.0395 27.17 1.4132
62.1381 27.178 1.41359
62.2367 27.1861 1.41398
62.3353 27.1941 1.41437
62.4339 27.2021 1.41476
62.5325 27.2101 1.41516
62.6311 27.218 1.41554
62.7297 27.226 1.41593
62.8283 27.2339 1.41632
62.9269 27.2418 1.41671
63.0255 27.2497 1.4171
63.1241 27.2576 1.41748
63.2227 27.2655 1.41787
63.3213 27.2734 1.41825
63.4199 27.2812 1.41864
63.5185 27.2891 1.41902
63.6171 27.2969 1.4194
63.7157 27.3047 1.41979
63.8143 27.3125 1.42017
63.9129 27.3203 1.42055
64.0115 27.328 1.42093
64.1101 27.3358 1.42131
64.2087 27.3435 1.42169
64.3073 27.3513 1.42207
64.4059 27.359 1.42245
64.5045 27.3667 1.42282
64.6031 27.3743 1.4232
64.7017 27.382 1.42358
64.8003 27.3897 1.42395
64.8989 27.3973 1.42433
64.9975 27.4049 1.4247
65.0961 27.4126 1.42507
65.1947 27.4202 1.42545
65.2933 27.4277 1.42582
65.3919 27.4353 1.42619
65.4905 27.4429 1.42656
65.5891 27.4504 1.42693
65.6877 27.458 1.4273
65.7863 27.4655 1.42767
65.8849 27.473 1.42804
65.9835 27.4805 1.42841
66.0821 27.488 1.42878
66.1807 27.4954 1.42914
66.2793 27.5029 1.42951
66.3779 27.5103 1.42988
66.4765 27.5178 1.43024
66.5751 27.5252 1.4306
66.6737 27.5326 1.43097
66.7723 27.54 1.43133
66.8709 27.5474 1.43169
66.9695 27.5547 1.43206
67.0681 27.5621 1.43242
67.1667 27.5694 1.43278
67.2653 27.5768 1.43314
67.3639 27.5841 1.4335
67.4625 27.5914 1.43386
67.5611 27.5987 1.43422
67.6597 27.6059 1.43458
67.7583 27.6132 1.43493
67.8569 27.6205 1.43529
67.9555 27.6277 1.43565
68.0541 27.6349 1.436
68.1527 27.6422 1.43636
68.2513 27.6494 1.43671
68.3498 27.6565 1.43707
68.4484 27.6637 1.43742
68.547 27.6709 1.43777
68.6456 27.6781 1.43813
68.7442 27.6852 1.43848
68.8428 27.6923 1.43883
68.9414 27.6995 1.43918
69.04 27.7066 1.43953
69.1386 27.7137 1.43988
69.2372 27.7207 1.44023
69.3358 27.7278 1.44058
69.4344 27.7349 1.44093
69.533 27.7419 1.44127
69.6316 27.749 1.44162
69.7302 27.756 1.44197
69.8288 27.763 1.44231
69.9274 27.77 1.44266
70.026 27.777 1.443
70.1246 27.784 1.44335
70.2232 27.7909 1.44369
70.3218 27.7979 1.44403
70.4204 27.8049 1.44438
70.519 27.8118 1.44472
70.6176 27.8187 1.44506
70.7162 27.8256 1.4454
70.8148 27.8325 1.44574
70.9134 27.8394 1.44608
71.012 27.8463 1.44642
71.1106 27.8532 1.44676
71.2092 27.86 1.4471
71.3078 27.8669 1.44744
71.4064 27.8737 1.44778
71.505 27.8805 1.44811
71.6036 27.8873 1.44845
71.7022 27.8941 1.44879
71.8008 27.9009 1.44912
71.8994 27.9077 1.44946
71.998 27.9145 1.44979
72.0966 27.9212 1.45013
72.1952 27.928 1.45046
72.2938 27.9347 1.45079
72.3924 27.9414 1.45112
72.491 27.9481 1.45146
72.5896 27.9548 1.45179
72.6882 27.9615 1.45212
72.7868 27.9682 1.45245
72.8854 27.9749 1.45278
72.984 27.9816 1.45311
73.0826 27.9882 1.45344
73.1812 27.9948 1.45377
73.2798 28.0015 1.4541
73.3784 28.0081 1.45442
73.477 28.0147 1.45475
73.5756 28.0213 1.45508
73.6742 28.0279 1.4554
73.7728 28.0345 1.45573
73.8714 28.041 1.45605
73.97 28.0476 1.45638
74.0686 28.0541 1.4567
74.1672 28.0607 1.45703
74.2658 28.0672 1.45735
74.3644 28.0737 1.45767
74.463 28.0802 1.458
74.5616 28.0867 1.45832
74.6602 28.0932 1.45864
74.7588 28.0997 1.45896
74.8574 28.1061 1.45928
74.956 28.1126 1.4596
75.0546 28.119 1.45992
75.1532 28.1255 1.46024
75.2518 28.1319 1.46056
75.3504 28.1383 1.46088
75.4489 28.1447 1.46119
75.5475 28.1511 1.46151
75.6461 28.1575 1.46183
75.7447 28.1639 1.46214
75.8433 28.1703 1.46246
75.9419 28.1766 1.46278
76.0405 28.183 1.46309
76.1391 28.1893 1.46341
76.2377 28.1956 1.46372
76.3363 28.202 1.46403
76.4349 28.2083 1.46435
76.5335 28.2146 1.46466
76.6321 28.2209 1.46497
76.7307 28.2271 1.46529
76.8293 28.2334 1.4656
76.9279 28.2397 1.46591
77.0265 28.2459 1.46622
77.1251 28.2522 1.46653
77.2237 28.2584 1.46684
77.3223 28.2646 1.46715
77.4209 28.2709 1.46746
77.5195 28.2771 1.46777
77.6181 28.2833 1.46807
77.7167 28.2895 1.46838
77.8153 28.2956 1.46869
77.9139 28.3018 1.469
78.0125 28.308 1.4693
78.1111 28.3141 1.46961
78.2097 28.3203 1.46991
78.3083 28.3264 1.47022
78.4069 28.3325 1.47052
78.5055 28.3387 1.47083
78.6041 28.3448 1.47113
78.7027 28.3509 1.47144
78.8013 28.357 1.47174
78.8999 28.363 1.47204
78.9985 28.3691 1.47235
79.0971 28.3752 1.47265
79.1957 28.3812 1.47295
79.2943 28.3873 1.47325
79.3929 28.3933 1.47355
79.4915 28.3994 1.47385
79.5901 28.4054 1.47415
79.6887 28.4114 1.47445
79.7873 28.4174 1.47475
79.8859 28.4234 1.47505
79.9845 28.4294 1.47535
80.0831 28.4354 1.47564
80.1817 28.4413 1.47594
80.2803 28.4473 1.47624
80.3789 28.4532 1.47654
80.4775 28.4592 1.47683
80.5761 28.4651 1.47713
80.6747 28.471 1.47742
80.7733 28.477 1.47772
80.8719 28.4829 1.47801
80.9705 28.4888 1.47831
81.0691 28.4947 1.4786
81.1677 28.5006 1.4789
81.2663 28.5064 1.47919
81.3649 28.5123 1.47948
81.4635 28.5182 1.47977
81.5621 28.524 1.48007
81.6607 28.5299 1.48036
81.7593 28.5357 1.48065
81.8579 28.5415 1.48094
81.9565 28.5473 1.48123
82.0551 28.5532 1.48152
82.1537 28.559 1.48181
82.2523 28.5648 1.4821
82.3509 28.5705 1.48239
82.4494 28.5763 1.48268
82.548 28.5821 1.48297
82.6466 28.5879 1.48325
82.7452 28.5936 1.48354
82.8438 28.5994 1.48383
82.9424 28.6051 1.48412
83.041 28.6108 1.4844
83.1396 28.6166 1.48469
83.2382 28.6223 1.48497
83.3368 28.628 1.48526
83.4354 28.6337 1.48554
83.534 28.6394 1.48583
83.6326 28.6451 1.48611
83.7312 28.6507 1.4864
83.8298 28.6564 1.48668
83.9284 28.6621 1.48696
84.027 28.6677 1.48725
84.1256 28.6734 1.48753
84.2242 28.679 1.48781
84.3228 28.6846 1.48809
84.4214 28.6903 1.48837
84.52 28.6959 1.48866
84.6186 28.7015 1.48894
84.7172 28.7071 1.48922
84.8158 28.7127 1.4895
84.9144 28.7183 1.48978
85.013 28.7238 1.49006
85.1116 28.7294 1.49033
85.2102 28.735 1.49061
85.3088 28.7405 1.49089
85.4074 28.7461 1.49117
85.506 28.7516 1.49145
85.6046 28.7571 1.49172
85.7032 28.7627 1.492
85.8018 28.7682 1.49228
85.9004 28.7737 1.49255
85.999 28.7792 1.49283
86.0976 28.7847 1.4931
86.1962 28.7902 1.49338
86.2948 28.7957 1.49365
86.3934 28.8011 1.49393
86.492 28.8066 1.4942
86.5906 28.8121 1.49448
86.6892 28.8175 1.49475
86.7878 28.823 1.49502
86.8864 28.8284 1.49529
86.985 28.8338 1.49557
87.0836 28.8393 1.49584
87.1822 28.8447 1.49611
87.2808 28.8501 1.49638
87.3794 28.8555 1.49665
87.478 28.8609 1.49692
87.5766 28.8663 1.49719
87.6752 28.8716 1.49746
87.7738 28.877 1.49773
87.8724 28.8824 1.498
87.971 28.8877 1.49827
88.0696 28.8931 1.49854
88.1682 28.8984 1.49881
88.2668 28.9038 1.49908
88.3654 28.9091 1.49935
88.464 28.9144 1.49961
88.5626 28.9198 1.49988
88.6612 28.9251 1.50015
88.7598 28.9304 1.50041
88.8584 28.9357 1.50068
88.957 28.941 1.50095
89.0556 28.9462 1.50121
89.1542 28.9515 1.50148
89.2528 28.9568 1.50174
89.3514 28.9621 1.50201
89.4499 28.9673 1.50227
89.5485 28.9726 1.50253
89.6471 28.9778 1.5028
89.7457 28.983 1.50306
89.8443 28.9883 1.50332
89.9429 28.9935 1.50359
90.0415 28.9987 1.50385
90.1401 29.0039 1.50411
90.2387 29.0091 1.50437
90.3373 29.0143 1.50463
90.4359 29.0195 1.50489
90.5345 29.0247 1.50516
90.6331 29.0299 1.50542
90.7317 29.035 1.50568
90.8303 29.0402 1.50594
90.9289 29.0454 1.5062
91.0275 29.0505 1.50645
91.1261 29.0557 1.50671
91.2247 29.0608 1.50697
91.3233 29.0659 1.50723
91.4219 29.0711 1.50749
91.5205 29.0762 1.50775
91.6191 29.0813 1.508
91.7177 29.0864 1.50826
91.8163 29.0915 1.50852
91.9149 29.0966 1.50877
92.0135 29.1017 1.50903
92.1121 29.1068 1.50929
92.2107 29.1118 1.50954
92.3093 29.1169 1.5098
92.4079 29.122 1.51005
92.5065 29.127 1.51031
92.6051 29.1321 1.51056
92.7037 29.1371 1.51082
92.8023 29.1421 1.51107
92.9009 29.1472 1.51132
92.9995 29.1522 1.51158
93.0981 29.1572 1.51183
93.1967 29.1622 1.51208
93.2953 29.1672 1.51233
93.3939 29.1722 1.51259
93.4925 29.1772 1.51284
93.5911 29.1822 1.51309
93.6897 29.1872 1.51334
93.7883 29.1922 1.51359
93.8869 29.1971 1.51384
93.9855 29.2021 1.51409
94.0841 29.2071 1.51434
94.1827 29.212 1.51459
94.2813 29.217 1.51484
94.3799 29.2219 1.51509
94.4785 29.2268 1.51534
94.5771 29.2318 1.51559
94.6757 29.2367 1.51584
94.7743 29.2416 1.51609
94.8729 29.2465 1.51633
94.9715 29.2514 1.51658
95.0701 29.2563 1.51683
95.1687 29.2612 1.51708
95.2673 29.2661 1.51732
95.3659 29.271 1.51757
95.4645 29.2758 1.51781
95.5631 29.2807 1.51806
95.6617 29.2856 1.51831
95.7603 29.2904 1.51855
95.8589 29.2953 1.5188
95.9575 29.3001 1.51904
96.0561 29.3049 1.51929
96.1547 29.3098 1.51953
96.2533 29.3146 1.51977
96.3519 29.3194 1.52002
96.4505 29.3242 1.52026
96.549 29.329 1.5205
96.6476 29.3339 1.52075
96.7462 29.3387 1.52099
96.8448 29.3434 1.52123
96.9434 29.3482 1.52147
97.042 29.353 1.52172
97.1406 29.3578 1.52196
97.2392 29.3626 1.5222
97.3378 29.3673 1.52244
97.4364 29.3721 1.52268
97.535 29.3768 1.52292
97.6336 29.3816 1.52316
97.7322 29.3863 1.5234
97.8308 29.3911 1.52364
97.9294 29.3958 1.52388
98.028 29.4005 1.52412
98.1266 29.4052 1.52436
98.2252 29.41 1.5246
98.3238 29.4147 1.52484
98.4224 29.4194 1.52507
98.521 29.4241 1.52531
98.6196 29.4288 1.52555
98.7182 29.4334 1.52579
98.8168 29.4381 1.52602
98.9154 29.4428 1.52626
99.014 29.4475 1.5265
99.1126 29.4521 1.52673
99.2112 29.4568 1.52697
99.3098 29.4614 1.5272
99.4084 29.4661 1.52744
99.507 29.4707 1.52768
99.6056 29.4754 1.52791
99.7042 29.48 1.52815
99.8028 29.4846 1.52838
99.9014 29.4893 1.52861
100 29.4939 1.52885
