1.5 1.98614 0.396201
1.5986 2.50381 0.412642
1.6972 2.99845 0.428522
1.7958 3.46928 0.443783
1.89439 3.91935 0.458492
1.99299 4.34942 0.472654
2.09159 4.75976 0.486265
2.19019 5.15254 0.499378
2.28879 5.52929 0.51203
2.38739 5.89055 0.524231
2.48599 6.23688 0.535992
2.58458 6.56953 0.547347
2.68318 6.88999 0.558335
2.78178 7.1988 0.568972
2.88038 7.49644 0.579269
2.97898 7.78342 0.589239
3.07758 8.06026 0.598897
3.17618 8.32804 0.608274
3.27477 8.58734 0.617386
3.37337 8.83854 0.626244
3.47197 9.08199 0.634857
3.57057 9.31802 0.643236
3.66917 9.54695 0.651389
3.76777 9.76907 0.659326
3.86637 9.98572 0.66706
3.96496 10.1977 0.674608
4.06356 10.4046 0.681975
4.16216 10.6062 0.689169
4.26076 10.8022 0.696197
4.35936 10.9923 0.703065
4.45796 11.1765 0.709778
4.55656 11.3547 0.716343
4.65516 11.5266 0.722764
4.75375 11.6924 0.729047
4.85235 11.8523 0.7352
4.95095 12.0068 0.741231
5.04955 12.1564 0.747144
5.14815 12.3017 0.752943
5.24675 12.4429 0.758631
5.34535 12.5804 0.764213
5.44394 12.7146 0.76969
5.54254 12.8458 0.775067
5.64114 12.9743 0.780346
5.73974 13.1002 0.78553
5.83834 13.2239 0.790622
5.93694 13.3456 0.795625
6.03554 13.4654 0.800541
6.13413 13.5835 0.805373
6.23273 13.6998 0.810125
6.33133 13.8142 0.814801
6.42993 13.9266 0.819404
6.52853 14.037 0.823934
6.62713 14.1457 0.828395
6.72573 14.2526 0.832789
6.82432 14.3577 0.837116
6.92292 14.4611 0.841378
7.02152 14.5629 0.845579
7.12012 14.6631 0.849718
7.21872 14.7617 0.853797
7.31732 14.8589 0.857819
7.41592 14.9545 0.861784
7.51451 15.0487 0.865694
7.61311 15.1415 0.86955
7.71171 15.2329 0.873354
7.81031 15.323 0.877106
7.90891 15.4117 0.880808
8.00751 15.4992 0.884461
8.10611 15.5855 0.888066
8.2047 15.6706 0.891626
8.3033 15.7545 0.895141
8.4019 15.8373 0.898613
8.5005 15.9191 0.902044
8.5991 15.9998 0.905433
8.6977 16.0794 0.908782
8.7963 16.158 0.912091
8.89489 16.2357 0.915362
8.99349 16.3124 0.918595
9.09209 16.3881 0.921791
9.19069 16.4629 0.924951
9.28929 16.5368 0.928075
9.38789 16.6098 0.931164
9.48649 16.6819 0.934219
9.58509 16.7532 0.937241
9.68368 16.8236 0.94023
9.78228 16.8933 0.943187
9.88088 16.9621 0.946112
9.97948 17.0301 0.949007
10.0781 17.0974 0.951871
10.1767 17.1639 0.954705
10.2753 17.2296 0.95751
10.3739 17.2947 0.960287
10.4725 17.359 0.963035
10.5711 17.4226 0.965755
10.6697 17.4855 0.968449
10.7683 17.5478 0.971115
10.8669 17.6094 0.973756
10.9655 17.6703 0.97637
11.0641 17.7306 0.97896
11.1627 17.7903 0.981526
11.2613 17.8495 0.984069
11.3599 17.908 0.986588
11.4585 17.966 0.989084
11.5571 18.0234 0.991557
11.6557 18.0802 0.994009
11.7543 18.1365 0.996438
11.8529 18.1923 0.998846
11.9515 18.2475 1.00123
12.0501 18.3022 1.0036
12.1486 18.3564 1.00595
12.2472 18.4101 1.00827
12.3458 18.4634 1.01058
12.4444 18.5161 1.01286
12.543 18.5683 1.01513
12.6416 18.6201 1.01738
12.7402 18.6714 1.01961
12.8388 18.7223 1.02182
12.9374 18.7727 1.02401
13.036 18.8227 1.02619
13.1346 18.8722 1.02835
13.2332 18.9213 1.03049
13.3318 18.97 1.03261
13.4304 19.0183 1.03472
13.529 19.0661 1.03681
13.6276 19.1136 1.03888
13.7262 19.1607 1.04094
13.8248 19.2073 1.04298
13.9234 19.2536 1.04501
14.022 19.2995 1.04702
14.1206 19.345 1.04902
14.2192 19.3902 1.051
14.3178 19.435 1.05296
14.4164 19.4794 1.05492
14.515 19.5235 1.05685
14.6136 19.5673 1.05878
14.7122 19.6106 1.06068
14.8108 19.6537 1.06258
14.9094 19.6964 1.06446
15.008 19.7388 1.06633
15.1066 19.7808 1.06818
15.2052 19.8226 1.07002
15.3038 19.864 1.07185
15.4024 19.9051 1.07367
15.501 19.946 1.07547
15.5996 19.9865 1.07726
15.6982 20.0267 1.07904
15.7968 20.0667 1.08081
15.8954 20.1063 1.08257
15.994 20.1457 1.08431
16.0926 20.1848 1.08605
16.1912 20.2237 1.08777
16.2898 20.2622 1.08948
16.3884 20.3005 1.09118
16.487 20.3385 1.09287
16.5856 20.3763 1.09455
16.6842 20.4138 1.09621
16.7828 20.4511 1.09787
16.8814 20.4881 1.09952
16.98 20.5248 1.10116
17.0786 20.5613 1.10278
17.1772 20.5976 1.1044
17.2758 20.6336 1.106
17.3744 20.6694 1.1076
17.473 20.705 1.10919
17.5716 20.7403 1.11077
17.6702 20.7754 1.11233
17.7688 20.8103 1.11389
17.8674 20.8449 1.11544
17.966 20.8793 1.11698
18.0646 20.9135 1.11851
18.1632 20.9475 1.12003
18.2618 20.9813 1.12155
18.3604 21.0149 1.12305
18.459 21.0482 1.12455
18.5576 21.0814 1.12604
18.6562 21.1143 1.12751
18.7548 21.1471 1.12898
18.8534 21.1796 1.13045
18.952 21.212 1.1319
19.0506 21.2441 1.13334
19.1491 21.2761 1.13478
19.2477 21.3078 1.13621
19.3463 21.3394 1.13763
19.4449 21.3708 1.13905
19.5435 21.402 1.14045
19.6421 21.433 1.14185
19.7407 21.4639 1.14324
19.8393 21.4945 1.14462
19.9379 21.525 1.146
20.0365 21.5553 1.14737
20.1351 21.5855 1.14873
20.2337 21.6154 1.15008
20.3323 21.6452 1.15143
20.4309 21.6748 1.15277
20.5295 21.7043 1.1541
20.6281 21.7336 1.15543
20.7267 21.7627 1.15675
20.8253 21.7917 1.15806
20.9239 21.8205 1.15936
21.0225 21.8491 1.16066
21.1211 21.8776 1.16195
21.2197 21.9059 1.16324
21.3183 21.9341 1.16452
21.4169 21.9621 1.16579
21.5155 21.99 1.16705
21.6141 22.0177 1.16831
21.7127 22.0453 1.16957
21.8113 22.0727 1.17081
21.9099 22.1 1.17206
22.0085 22.1271 1.17329
22.1071 22.1541 1.17452
22.2057 22.181 1.17574
22.3043 22.2077 1.17696
22.4029 22.2343 1.17817
22.5015 22.2608 1.17938
22.6001 22.2871 1.18058
22.6987 22.3133 1.18178
22.7973 22.3394 1.18297
22.8959 22.3653 1.18415
22.9945 22.3911 1.18533
23.0931 22.4168 1.1865
23.1917 22.4424 1.18767
23.2903 22.4678 1.18883
23.3889 22.4931 1.18999
23.4875 22.5183 1.19114
23.5861 22.5433 1.19229
23.6847 22.5683 1.19343
23.7833 22.5931 1.19457
23.8819 22.6178 1.1957
23.9805 22.6423 1.19682
24.0791 22.6668 1.19794
24.1777 22.6912 1.19906
24.2763 22.7154 1.20017
24.3749 22.7395 1.20128
24.4735 22.7635 1.20238
24.5721 22.7874 1.20348
24.6707 22.8112 1.20457
24.7693 22.8349 1.20566
24.8679 22.8584 1.20674
24.9665 22.8819 1.20782
25.0651 22.9052 1.20889
25.1637 22.9285 1.20996
25.2623 22.9516 1.21103
25.3609 22.9746 1.21209
25.4595 22.9976 1.21315
25.5581 23.0204 1.2142
25.6567 23.0431 1.21524
25.7553 23.0657 1.21629
25.8539 23.0882 1.21732
25.9525 23.1107 1.21836
26.0511 23.133 1.21939
26.1496 23.1552 1.22041
26.2482 23.1773 1.22144
26.3468 23.1994 1.22245
26.4454 23.2213 1.22347
26.544 23.2431 1.22448
26.6426 23.2649 1.22548
26.7412 23.2865 1.22648
26.8398 23.3081 1.22748
26.9384 23.3296 1.22847
27.037 23.3509 1.22946
27.1356 23.3722 1.23045
27.2342 23.3934 1.23143
27.3328 23.4145 1.23241
27.4314 23.4355 1.23338
27.53 23.4565 1.23435
27.6286 23.4773 1.23532
27.7272 23.498 1.23628
27.8258 23.5187 1.23724
27.9244 23.5393 1.23819
28.023 23.5598 1.23914
28.1216 23.5802 1.24009
28.2202 23.6005 1.24104
28.3188 23.6208 1.24198
28.4174 23.6409 1.24291
28.516 23.661 1.24385
28.6146 23.681 1.24478
28.7132 23.701 1.2457
28.8118 23.7208 1.24663
28.9104 23.7406 1.24755
29.009 23.7602 1.24846
29.1076 23.7798 1.24937
29.2062 23.7994 1.25028
29.3048 23.8188 1.25119
29.4034 23.8382 1.25209
29.502 23.8575 1.25299
29.6006 23.8767 1.25389
29.6992 23.8959 1.25478
29.7978 23.9149 1.25567
29.8964 23.9339 1.25656
29.995 23.9528 1.25744
30.0936 23.9717 1.25832
30.1922 23.9905 1.2592
30.2908 24.0092 1.26007
30.3894 24.0278 1.26094
30.488 24.0464 1.26181
30.5866 24.0649 1.26267
30.6852 24.0833 1.26354
30.7838 24.1017 1.26439
30.8824 24.1199 1.26525
30.981 24.1382 1.2661
31.0796 24.1563 1.26695
31.1782 24.1744 1.2678
31.2768 24.1924 1.26864
31.3754 24.2104 1.26948
31.474 24.2282 1.27032
31.5726 24.2461 1.27115
31.6712 24.2638 1.27199
31.7698 24.2815 1.27282
31.8684 24.2991 1.27364
31.967 24.3167 1.27447
32.0656 24.3342 1.27529
32.1642 24.3516 1.27611
32.2628 24.369 1.27692
32.3614 24.3863 1.27773
32.46 24.4035 1.27854
32.5586 24.4207 1.27935
32.6572 24.4379 1.28016
32.7558 24.4549 1.28096
32.8544 24.4719 1.28176
32.953 24.4889 1.28256
33.0516 24.5058 1.28335
33.1502 24.5226 1.28414
33.2487 24.5394 1.28493
33.3473 24.5561 1.28572
33.4459 24.5728 1.2865
33.5445 24.5894 1.28729
33.6431 24.606 1.28807
33.7417 24.6224 1.28884
33.8403 24.6389 1.28962
33.9389 24.6553 1.29039
34.0375 24.6716 1.29116
34.1361 24.6879 1.29193
34.2347 24.7041 1.29269
34.3333 24.7202 1.29346
34.4319 24.7364 1.29422
34.5305 24.7524 1.29497
34.6291 24.7684 1.29573
34.7277 24.7844 1.29648
34.8263 24.8003 1.29723
34.9249 24.8161 1.29798
35.0235 24.8319 1.29873
35.1221 24.8477 1.29947
35.2207 24.8633 1.30022
35.3193 24.879 1.30095
35.4179 24.8946 1.30169
35.5165 24.9101 1.30243
35.6151 24.9256 1.30316
35.7137 24.941 1.30389
35.8123 24.9564 1.30462
35.9109 24.9718 1.30535
36.0095 24.9871 1.30607
36.1081 25.0023 1.30679
36.2067 25.0175 1.30751
36.3053 25.0327 1.30823
36.4039 25.0478 1.30895
36.5025 25.0628 1.30966
36.6011 25.0778 1.31037
36.6997 25.0928 1.31108
36.7983 25.1077 1.31179
36.8969 25.1226 1.31249
36.9955 25.1374 1.3132
37.0941 25.1521 1.3139
37.1927 25.1669 1.3146
37.2913 25.1816 1.3153
37.3899 25.1962 1.31599
37.4885 25.2108 1.31669
37.5871 25.2253 1.31738
37.6857 25.2398 1.31807
37.7843 25.2543 1.31875
37.8829 25.2687 1.31944
37.9815 25.2831 1.32012
38.0801 25.2974 1.3208
38.1787 25.3117 1.32148
38.2773 25.3259 1.32216
38.3759 25.3401 1.32284
38.4745 25.3543 1.32351
38.5731 25.3684 1.32418
38.6717 25.3825 1.32485
38.7703 25.3965 1.32552
38.8689 25.4105 1.32619
38.9675 25.4245 1.32685
39.0661 25.4384 1.32752
39.1647 25.4522 1.32818
39.2633 25.4661 1.32884
39.3619 25.4798 1.3295
39.4605 25.4936 1.33015
39.5591 25.5073 1.33081
39.6577 25.521 1.33146
39.7563 25.5346 1.33211
39.8549 25.5482 1.33276
39.9535 25.5617 1.3334
40.0521 25.5752 1.33405
40.1507 25.5887 1.33469
40.2492 25.6021 1.33533
40.3478 25.6155 1.33597
40.4464 25.6289 1.33661
40.545 25.6422 1.33725
40.6436 25.6555 1.33788
40.7422 25.6687 1.33852
40.8408 25.6819 1.33915
40.9394 25.6951 1.33978
41.038 25.7082 1.34041
41.1366 25.7213 1.34103
41.2352 25.7343 1.34166
41.3338 25.7474 1.34228
41.4324 25.7603 1.3429
41.531 25.7733 1.34352
41.6296 25.7862 1.34414
41.7282 25.7991 1.34476
41.8268 25.8119 1.34538
41.9254 25.8247 1.34599
42.024 25.8375 1.3466
42.1226 25.8502 1.34721
42.2212 25.8629 1.34782
42.3198 25.8756 1.34843
42.4184 25.8882 1.34904
42.517 25.9008 1.34964
42.6156 25.9134 1.35024
42.7142 25.9259 1.35084
42.8128 25.9384 1.35144
42.9114 25.9509 1.35204
43.01 25.9633 1.35264
43.1086 25.9757 1.35323
43.2072 25.988 1.35383
43.3058 26.0004 1.35442
43.4044 26.0127 1.35501
43.503 26.0249 1.3556
43.6016 26.0371 1.35619
43.7002 26.0493 1.35678
43.7988 26.0615 1.35736
43.8974 26.0736 1.35795
43.996 26.0857 1.35853
44.0946 26.0978 1.35911
44.1932 26.1098 1.35969
44.2918 26.1219 1.36027
44.3904 26.1338 1.36084
44.489 26.1458 1.36142
44.5876 26.1577 1.36199
44.6862 26.1696 1.36256
44.7848 26.1814 1.36314
44.8834 26.1932 1.3637
44.982 26.205 1.36427
45.0806 26.2168 1.36484
45.1792 26.2285 1.36541
45.2778 26.2402 1.36597
45.3764 26.2519 1.36653
45.475 26.2635 1.36709
45.5736 26.2751 1.36765
45.6722 26.2867 1.36821
45.7708 26.2983 1.36877
45.8694 26.3098 1.36933
45.968 26.3213 1.36988
46.0666 26.3327 1.37044
46.1652 26.3442 1.37099
46.2638 26.3556 1.37154
46.3624 26.367 1.37209
46.461 26.3783 1.37264
46.5596 26.3896 1.37318
46.6582 26.4009 1.37373
46.7568 26.4122 1.37428
46.8554 26.4234 1.37482
46.954 26.4346 1.37536
47.0526 26.4458 1.3759
47.1512 26.457 1.37644
47.2497 26.4681 1.37698
47.3483 26.4792 1.37752
47.4469 26.4903 1.37805
47.5455 26.5013 1.37859
47.6441 26.5123 1.37912
47.7427 26.5233 1.37965
47.8413 26.5343 1.38018
47.9399 26.5452 1.38071
48.0385 26.5561 1.38124
48.1371 26.567 1.38177
48.2357 26.5779 1.3823
48.3343 26.5887 1.38282
48.4329 26.5995 1.38335
48.5315 26.6103 1.38387
48.6301 26.6211 1.38439
48.7287 26.6318 1.38491
48.8273 26.6425 1.38543
48.9259 26.6532 1.38595
49.0245 26.6639 1.38647
49.1231 26.6745 1.38698
49.2217 26.6851 1.3875
49.3203 26.6957 1.38801
49.4189 26.7062 1.38852
49.5175 26.7168 1.38904
49.6161 26.7273 1.38955
49.7147 26.7378 1.39006
49.8133 26.7482 1.39056
49.9119 26.7587 1.39107
50.0105 26.7691 1.39158
50.1091 26.7795 1.39208
50.2077 26.7898 1.39259
50.3063 26.8002 1.39309
50.4049 26.8105 1.39359
50.5035 26.8208 1.39409
50.6021 26.8311 1.39459
50.7007 26.8413 1.39509
50.7993 26.8516 1.39559
50.8979 26.8618 1.39609
50.9965 26.8719 1.39658
51.0951 26.8821 1.39708
51.1937 26.8922 1.39757
51.2923 26.9023 1.39806
51.3909 26.9124 1.39855
51.4895 26.9225 1.39904
51.5881 26.9325 1.39953
51.6867 26.9426 1.40002
51.7853 26.9526 1.40051
51.8839 26.9625 1.401
51.9825 26.9725 1.40148
52.0811 26.9824 1.40197
52.1797 26.9924 1.40245
52.2783 27.0022 1.40293
52.3769 27.0121 1.40341
52.4755 27.022 1.40389
52.5741 27.0318 1.40437
52.6727 27.0416 1.40485
52.7713 27.0514 1.40533
52.8699 27.0611 1.40581
52.9685 27.0709 1.40628
53.0671 27.0806 1.40676
53.1657 27.0903 1.40723
53.2643 27.1 1.4077
53.3629 27.1096 1.40818
53.4615 27.1193 1.40865
53.5601 27.1289 1.40912
53.6587 27.1385 1.40959
53.7573 27.1481 1.41005
53.8559 27.1576 1.41052
53.9545 27.1671 1.41099
54.0531 27.1767 1.41145
54.1517 27.1862 1.41192
54.2503 27.1956 1.41238
54.3488 27.2051 1.41284
54.4474 27.2145 1.4133
54.546 27.2239 1.41377
54.6446 27.2333 1.41422
54.7432 27.2427 1.41468
54.8418 27.252 1.41514
54.9404 27.2614 1.4156
55.039 27.2707 1.41606
55.1376 27.28 1.41651
55.2362 27.2893 1.41697
55.3348 27.2985 1.41742
55.4334 27.3078 1.41787
55.532 27.317 1.41832
55.6306 27.3262 1.41877
55.7292 27.3354 1.41922
55.8278 27.3445 1.41967
55.9264 27.3537 1.42012
56.025 27.3628 1.42057
56.1236 27.3719 1.42102
56.2222 27.381 1.42146
56.3208 27.3901 1.42191
56.4194 27.3991 1.42235
56.518 27.4081 1.42279
56.6166 27.4172 1.42324
56.7152 27.4262 1.42368
56.8138 27.4351 1.42412
56.9124 27.4441 1.42456
57.011 27.453 1.425
57.1096 27.462 1.42544
57.2082 27.4709 1.42587
57.3068 27.4798 1.42631
57.4054 27.4886 1.42675
57.504 27.4975 1.42718
57.6026 27.5063 1.42762
57.7012 27.5151 1.42805
57.7998 27.5239 1.42848
57.8984 27.5327 1.42891
57.997 27.5415 1.42934
58.0956 27.5502 1.42978
58.1942 27.5589 1.4302
58.2928 27.5677 1.43063
58.3914 27.5764 1.43106
58.49 27.585 1.43149
58.5886 27.5937 1.43191
58.6872 27.6023 1.43234
58.7858 27.611 1.43276
58.8844 27.6196 1.43319
58.983 27.6282 1.43361
59.0816 27.6367 1.43403
59.1802 27.6453 1.43446
59.2788 27.6538 1.43488
59.3774 27.6624 1.4353
59.476 27.6709 1.43572
59.5746 27.6794 1.43613
59.6732 27.6879 1.43655
59.7718 27.6963 1.43697
59.8704 27.7048 1.43739
59.969 27.7132 1.4378
60.0676 27.7216 1.43822
60.1662 27.73 1.43863
60.2648 27.7384 1.43904
60.3634 27.7467 1.43946
60.462 27.7551 1.43987
60.5606 27.7634 1.44028
60.6592 27.7717 1.44069
60.7578 27.78 1.4411
60.8564 27.7883 1.44151
60.955 27.7966 1.44192
61.0536 27.8049 1.44232
61.1522 27.8131 1.44273
61.2508 27.8213 1.44314
61.3493 27.8295 1.44354
61.4479 27.8377 1.44395
61.5465 27.8459 1.44435
61.6451 27.8541 1.44475
61.7437 27.8622 1.44516
61.8423 27.8703 1.44556
61.9409 27.8784 1.44596
62.0395 27.8865 1.44636
62.1381 27.8946 1.44676
62.2367 27.9027 1.44716
62.3353 27.9108 1.44756
62.4339 27.9188 1.44796
62.5325 27.9268 1.44835
62.6311 27.9348 1.44875
62.7297 27.9428 1.44914
62.8283 27.9508 1.44954
62.9269 27.9588 1.44993
63.0255 27.9667 1.45033
63.1241 27.9747 1.45072
63.2227 27.9826 1.45111
63.3213 27.9905 1.4515
63.4199 27.9984 1.45189
63.5185 28.0063 1.45229
63.6171 28.0142 1.45267
63.7157 28.022 1.45306
63.8143 28.0298 1.45345
63.9129 28.0377 1.45384
64.0115 28.0455 1.45423
64.1101 28.0533 1.45461
64.2087 28.0611 1.455
64.3073 28.0688 1.45538
64.4059 28.0766 1.45577
64.5045 28.0843 1.45615
64.6031 28.092 1.45653
64.7017 28.0998 1.45692
64.8003 28.1075 1.4573
64.8989 28.1151 1.45768
64.9975 28.1228 1.45806
65.0961 28.1305 1.45844
65.1947 28.1381 1.45882
65.2933 28.1457 1.4592
65.3919 28.1534 1.45958
65.4905 28.161 1.45995
65.5891 28.1686 1.46033
65.6877 28.1761 1.46071
65.7863 28.1837 1.46108
65.8849 28.1913 1.46146
65.9835 28.1988 1.46183
66.0821 28.2063 1.46221
66.1807 28.2138 1.46258
66.2793 28.2213 1.46295
66.3779 28.2288 1.46332
66.4765 28.2363 1.4637
66.5751 28.2437 1.46407
66.6737 28.2512 1.46444
66.7723 28.2586 1.46481
66.8709 28.266 1.46517
66.9695 28.2734 1.46554
67.0681 28.2808 1.46591
67.1667 28.2882 1.46628
67.2653 28.2956 1.46664
67.3639 28.3029 1.46701
67.4625 28.3103 1.46738
67.5611 28.3176 1.46774
67.6597 28.3249 1.4681
67.7583 28.3323 1.46847
67.8569 28.3395 1.46883
67.9555 28.3468 1.46919
68.0541 28.3541 1.46956
68.1527 28.3614 1.46992
68.2513 28.3686 1.47028
68.3498 28.3758 1.47064
68.4484 28.3831 1.471
68.547 28.3903 1.47136
68.6456 28.3975 1.47171
68.7442 28.4046 1.47207
68.8428 28.4118 1.47243
68.9414 28.419 1.47279
69.04 28.4261 1.47314
69.1386 28.4333 1.4735
69.2372 28.4404 1.47385
69.3358 28.4475 1.47421
69.4344 28.4546 1.47456
69.533 28.4617 1.47492
69.6316 28.4688 1.47527
69.7302 28.4758 1.47562
69.8288 28.4829 1.47597
69.9274 28.4899 1.47632
70.026 28.497 1.47668
70.1246 28.504 1.47703
70.2232 28.511 1.47737
70.3218 28.518 1.47772
70.4204 28.525 1.47807
70.519 28.5319 1.47842
70.6176 28.5389 1.47877
70.7162 28.5458 1.47912
70.8148 28.5528 1.47946
70.9134 28.5597 1.47981
71.012 28.5666 1.48015
71.1106 28.5735 1.4805
71.2092 28.5804 1.48084
71.3078 28.5873 1.48119
71.4064 28.5942 1.48153
71.505 28.601 1.48187
71.6036 28.6079 1.48221
71.7022 28.6147 1.48256
71.8008 28.6215 1.4829
71.8994 28.6284 1.48324
71.998 28.6352 1.48358
72.0966 28.642 1.48392
72.1952 28.6487 1.48426
72.2938 28.6555 1.4846
72.3924 28.6623 1.48493
72.491 28.669 1.48527
72.5896 28.6758 1.48561
72.6882 28.6825 1.48595
72.7868 28.6892 1.48628
72.8854 28.6959 1.48662
72.984 28.7026 1.48695
73.0826 28.7093 1.48729
73.1812 28.716 1.48762
73.2798 28.7226 1.48795
73.3784 28.7293 1.48829
73.477 28.7359 1.48862
73.5756 28.7426 1.48895
73.6742 28.7492 1.48928
73.7728 28.7558 1.48962
73.8714 28.7624 1.48995
73.97 28.769 1.49028
74.0686 28.7756 1.49061
74.1672 28.7822 1.49094
74.2658 28.7887 1.49126
74.3644 28.7953 1.49159
74.463 28.8018 1.49192
74.5616 28.8084 1.49225
74.6602 28.8149 1.49257
74.7588 28.8214 1.4929
74.8574 28.8279 1.49323
74.956 28.8344 1.49355
75.0546 28.8409 1.49388
75.1532 28.8473 1.4942
75.2518 28.8538 1.49453
75.3504 28.8602 1.49485
75.4489 28.8667 1.49517
75.5475 28.8731 1.4955
75.6461 28.8795 1.49582
75.7447 28.8859 1.49614
75.8433 28.8923 1.49646
75.9419 28.8987 1.49678
76.0405 28.9051 1.4971
76.1391 28.9115 1.49742
76.2377 28.9179 1.49774
76.3363 28.9242 1.49806
76.4349 28.9306 1.49838
76.5335 28.9369 1.4987
76.6321 28.9432 1.49901
76.7307 28.9495 1.49933
76.8293 28.9558 1.49965
76.9279 28.9621 1.49997
77.0265 28.9684 1.50028
77.1251 28.9747 1.5006
77.2237 28.981 1.50091
77.3223 28.9872 1.50123
77.4209 28.9935 1.50154
77.5195 28.9997 1.50185
77.6181 29.006 1.50217
77.7167 29.0122 1.50248
77.8153 29.0184 1.50279
77.9139 29.0246 1.50311
78.0125 29.0308 1.50342
78.1111 29.037 1.50373
78.2097 29.0432 1.50404
78.3083 29.0493 1.50435
78.4069 29.0555 1.50466
78.5055 29.0616 1.50497
78.6041 29.0678 1.50528
78.7027 29.0739 1.50559
78.8013 29.08 1.50589
78.8999 29.0862 1.5062
78.9985 29.0923 1.50651
79.0971 29.0984 1.50682
79.1957 29.1044 1.50712
79.2943 29.1105 1.50743
79.3929 29.1166 1.50774
79.4915 29.1227 1.50804
79.5901 29.1287 1.50835
79.6887 29.1348 1.50865
79.7873 29.1408 1.50895
79.8859 29.1468 1.50926
79.9845 29.1528 1.50956
80.0831 29.1588 1.50986
80.1817 29.1648 1.51017
80.2803 29.1708 1.51047
80.3789 29.1768 1.51077
80.4775 29.1828 1.51107
80.5761 29.1888 1.51137
80.6747 29.1947 1.51167
80.7733 29.2007 1.51197
80.8719 29.2066 1.51227
80.9705 29.2126 1.51257
81.0691 29.2185 1.51287
81.1677 29.2244 1.51317
81.2663 29.2303 1.51347
81.3649 29.2362 1.51377
81.4635 29.2421 1.51406
81.5621 29.248 1.51436
81.6607 29.2538 1.51466
81.7593 29.2597 1.51495
81.8579 29.2656 1.51525
81.9565 29.2714 1.51554
82.0551 29.2773 1.51584
82.1537 29.2831 1.51613
82.2523 29.2889 1.51643
82.3509 29.2947 1.51672
82.4494 29.3006 1.51701
82.548 29.3064 1.51731
82.6466 29.3121 1.5176
82.7452 29.3179 1.51789
82.8438 29.3237 1.51819
82.9424 29.3295 1.51848
83.041 29.3352 1.51877
83.1396 29.341 1.51906
83.2382 29.3467 1.51935
83.3368 29.3525 1.51964
83.4354 29.3582 1.51993
83.534 29.3639 1.52022
83.6326 29.3696 1.52051
83.7312 29.3753 1.5208
83.8298 29.381 1.52108
83.9284 29.3867 1.52137
84.027 29.3924 1.52166
84.1256 29.3981 1.52195
84.2242 29.4038 1.52223
84.3228 29.4094 1.52252
84.4214 29.4151 1.52281
84.52 29.4207 1.52309
84.6186 29.4264 1.52338
84.7172 29.432 1.52366
84.8158 29.4376 1.52395
84.9144 29.4432 1.52423
85.013 29.4488 1.52451
85.1116 29.4544 1.5248
85.2102 29.46 1.52508
85.3088 29.4656 1.52536
85.4074 29.4712 1.52565
85.506 29.4767 1.52593
85.6046 29.4823 1.52621
85.7032 29.4879 1.52649
85.8018 29.4934 1.52677
85.9004 29.4989 1.52705
85.999 29.5045 1.52733
86.0976 29.51 1.52761
86.1962 29.5155 1.52789
86.2948 29.521 1.52817
86.3934 29.5265 1.52845
86.492 29.532 1.52873
86.5906 29.5375 1.52901
86.6892 29.543 1.52929
86.7878 29.5485 1.52956
86.8864 29.5539 1.52984
86.985 29.5594 1.53012
87.0836 29.5648 1.53039
87.1822 29.5703 1.53067
87.2808 29.5757 1.53095
87.3794 29.5811 1.53122
87.478 29.5866 1.5315
87.5766 29.592 1.53177
87.6752 29.5974 1.53205
87.7738 29.6028 1.53232
87.8724 29.6082 1.53259
87.971 29.6136 1.53287
88.0696 29.6189 1.53314
88.1682 29.6243 1.53341
88.2668 29.6297 1.53369
88.3654 29.635 1.53396
88.464 29.6404 1.53423
88.5626 29.6457 1.5345
88.6612 29.6511 1.53477
88.7598 29.6564 1.53504
88.8584 29.6617 1.53531
88.957 29.6671 1.53558
89.0556 29.6724 1.53585
89.1542 29.6777 1.53612
89.2528 29.683 1.53639
89.3514 29.6883 1.53666
89.4499 29.6935 1.53693
89.5485 29.6988 1.5372
89.6471 29.7041 1.53747
89.7457 29.7093 1.53773
89.8443 29.7146 1.538
89.9429 29.7199 1.53827
90.0415 29.7251 1.53853
90.1401 29.7303 1.5388
90.2387 29.7356 1.53907
90.3373 29.7408 1.53933
90.4359 29.746 1.5396
90.5345 29.7512 1.53986
90.6331 29.7564 1.54013
90.7317 29.7616 1.54039
90.8303 29.7668 1.54066
90.9289 29.772 1.54092
91.0275 29.7772 1.54118
91.1261 29.7823 1.54145
91.2247 29.7875 1.54171
91.3233 29.7927 1.54197
91.4219 29.7978 1.54223
91.5205 29.8029 1.5425
91.6191 29.8081 1.54276
91.7177 29.8132 1.54302
91.8163 29.8183 1.54328
91.9149 29.8235 1.54354
92.0135 29.8286 1.5438
92.1121 29.8337 1.54406
92.2107 29.8388 1.54432
92.3093 29.8439 1.54458
92.4079 29.849 1.54484
92.5065 29.854 1.5451
92.6051 29.8591 1.54536
92.7037 29.8642 1.54562
92.8023 29.8692 1.54587
92.9009 29.8743 1.54613
92.9995 29.8793 1.54639
93.0981 29.8844 1.54665
93.1967 29.8894 1.5469
93.2953 29.8945 1.54716
93.3939 29.8995 1.54742
93.4925 29.9045 1.54767
93.5911 29.9095 1.54793
93.6897 29.9145 1.54818
93.7883 29.9195 1.54844
93.8869 29.9245 1.54869
93.9855 29.9295 1.54895
94.0841 29.9345 1.5492
94.1827 29.9395 1.54945
94.2813 29.9444 1.54971
94.3799 29.9494 1.54996
94.4785 29.9543 1.55021
94.5771 29.9593 1.55047
94.6757 29.9642 1.55072
94.7743 29.9692 1.55097
94.8729 29.9741 1.55122
94.9715 29.979 1.55147
95.0701 29.984 1.55173
95.1687 29.9889 1.55198
95.2673 29.9938 1.55223
95.3659 29.9987 1.55248
95.4645 30.0036 1.55273
95.5631 30.0085 1.55298
95.6617 30.0134 1.55323
95.7603 30.0182 1.55348
95.8589 30.0231 1.55373
95.9575 30.028 1.55398
96.0561 30.0328 1.55422
96.1547 30.0377 1.55447
96.2533 30.0426 1.55472
96.3519 30.0474 1.55497
96.4505 30.0522 1.55521
96.549 30.0571 1.55546
96.6476 30.0619 1.55571
96.7462 30.0667 1.55596
96.8448 30.0715 1.5562
96.9434 30.0763 1.55645
97.042 30.0812 1.55669
97.1406 30.086 1.55694
97.2392 30.0907 1.55718
97.3378 30.0955 1.55743
97.4364 30.1003 1.55767
97.535 30.1051 1.55792
97.6336 30.1099 1.55816
97.7322 30.1146 1.55841
97.8308 30.1194 1.55865
97.9294 30.1241 1.55889
98.028 30.1289 1.55914
98.1266 30.1336 1.55938
98.2252 30.1384 1.55962
98.3238 30.1431 1.55986
98.4224 30.1478 1.5601
98.521 30.1525 1.56035
98.6196 30.1573 1.56059
98.7182 30.162 1.56083
98.8168 30.1667 1.56107
98.9154 30.1714 1.56131
99.014 30.1761 1.56155
99.1126 30.1808 1.56179
99.2112 30.1854 1.56203
99.3098 30.1901 1.56227
99.4084 30.1948 1.56251
99.507 30.1995 1.56275
99.6056 30.2041 1.56299
99.7042 30.2088 1.56323
99.8028 30.2134 1.56346
99.9014 30.2181 1.5637
100 30.2227 1.56394
