1.5 2.00967 0.375856
1.5986 2.52626 0.392437
1.6972 3.01984 0.40844
1.7958 3.48966 0.42381
1.89439 3.93876 0.438616
1.99299 4.36789 0.452865
2.09159 4.77734 0.466555
2.19019 5.16926 0.479739
2.28879 5.54519 0.492456
2.38739 5.90565 0.504716
2.48599 6.25122 0.516533
2.58458 6.58314 0.527939
2.68318 6.90291 0.538975
2.78178 7.21103 0.549655
2.88038 7.50803 0.559993
2.97898 7.79439 0.570002
3.07758 8.07062 0.579696
3.17618 8.33783 0.589107
3.27477 8.59657 0.598251
3.37337 8.84723 0.607139
3.47197 9.09016 0.615781
3.57057 9.32568 0.624187
3.66917 9.55412 0.632366
3.76777 9.77576 0.640327
3.86637 9.99195 0.648085
3.96496 10.2035 0.655655
4.06356 10.4099 0.663043
4.16216 10.6111 0.670258
4.26076 10.8066 0.677305
4.35936 10.9964 0.684191
4.45796 11.1802 0.690922
4.55656 11.3579 0.697504
4.65516 11.5295 0.703942
4.75375 11.695 0.710241
4.85235 11.8544 0.716409
4.95095 12.0086 0.722455
5.04955 12.1579 0.728382
5.14815 12.3028 0.734194
5.24675 12.4437 0.739896
5.34535 12.581 0.745489
5.44394 12.7149 0.750979
5.54254 12.8458 0.756367
5.64114 12.9739 0.761657
5.73974 13.0996 0.766853
5.83834 13.223 0.771956
5.93694 13.3444 0.776969
6.03554 13.464 0.781895
6.13413 13.5818 0.786737
6.23273 13.6979 0.791499
6.33133 13.812 0.796184
6.42993 13.9241 0.800796
6.52853 14.0344 0.805335
6.62713 14.1428 0.809805
6.72573 14.2494 0.814206
6.82432 14.3543 0.818542
6.92292 14.4575 0.822813
7.02152 14.5591 0.827021
7.12012 14.6591 0.831167
7.21872 14.7575 0.835254
7.31732 14.8544 0.839283
7.41592 14.9498 0.843256
7.51451 15.0438 0.847172
7.61311 15.1364 0.851035
7.71171 15.2276 0.854845
7.81031 15.3175 0.858604
7.90891 15.4061 0.862312
8.00751 15.4934 0.865971
8.10611 15.5794 0.869583
8.2047 15.6643 0.873148
8.3033 15.7481 0.876669
8.4019 15.8307 0.880147
8.5005 15.9123 0.883583
8.5991 15.9928 0.886978
8.6977 16.0723 0.890332
8.7963 16.1507 0.893646
8.89489 16.2282 0.896922
8.99349 16.3047 0.90016
9.09209 16.3803 0.903361
9.19069 16.4549 0.906525
9.28929 16.5287 0.909654
9.38789 16.6015 0.912748
9.48649 16.6735 0.915808
9.58509 16.7446 0.918834
9.68368 16.8149 0.921827
9.78228 16.8844 0.924789
9.88088 16.953 0.927718
9.97948 17.0209 0.930617
10.0781 17.088 0.933485
10.1767 17.1544 0.936323
10.2753 17.22 0.939132
10.3739 17.2849 0.941912
10.4725 17.3491 0.944664
10.5711 17.4126 0.947389
10.6697 17.4754 0.950086
10.7683 17.5375 0.952756
10.8669 17.5989 0.9554
10.9655 17.6598 0.958018
11.0641 17.7199 0.960612
11.1627 17.7795 0.963181
11.2613 17.8385 0.965727
11.3599 17.897 0.968249
11.4585 17.9548 0.970749
11.5571 18.0121 0.973226
11.6557 18.0688 0.97568
11.7543 18.125 0.978113
11.8529 18.1806 0.980525
11.9515 18.2358 0.982915
12.0501 18.2904 0.985284
12.1486 18.3445 0.987633
12.2472 18.398 0.989962
12.3458 18.4512 0.992271
12.4444 18.5038 0.99456
12.543 18.5559 0.996831
12.6416 18.6076 0.999082
12.7402 18.6588 1.00131
12.8388 18.7096 1.00353
12.9374 18.7599 1.00572
13.036 18.8097 1.0079
13.1346 18.8592 1.01006
13.2332 18.9082 1.01221
13.3318 18.9568 1.01433
13.4304 19.0049 1.01644
13.529 19.0527 1.01854
13.6276 19.1001 1.02061
13.7262 19.147 1.02267
13.8248 19.1936 1.02472
13.9234 19.2398 1.02675
14.022 19.2856 1.02876
14.1206 19.3311 1.03076
14.2192 19.3761 1.03274
14.3178 19.4208 1.03471
14.4164 19.4652 1.03666
14.515 19.5092 1.0386
14.6136 19.5528 1.04053
14.7122 19.5961 1.04244
14.8108 19.6391 1.04434
14.9094 19.6817 1.04622
15.008 19.724 1.04809
15.1066 19.766 1.04995
15.2052 19.8076 1.05179
15.3038 19.849 1.05362
15.4024 19.89 1.05544
15.501 19.9307 1.05724
15.5996 19.9712 1.05904
15.6982 20.0113 1.06082
15.7968 20.0512 1.06259
15.8954 20.0908 1.06435
15.994 20.1301 1.0661
16.0926 20.1691 1.06783
16.1912 20.2079 1.06955
16.2898 20.2463 1.07127
16.3884 20.2846 1.07297
16.487 20.3225 1.07466
16.5856 20.3602 1.07634
16.6842 20.3976 1.07801
16.7828 20.4348 1.07967
16.8814 20.4717 1.08132
16.98 20.5084 1.08296
17.0786 20.5449 1.08458
17.1772 20.581 1.0862
17.2758 20.617 1.08781
17.3744 20.6527 1.08941
17.473 20.6882 1.091
17.5716 20.7234 1.09258
17.6702 20.7585 1.09414
17.7688 20.7933 1.09571
17.8674 20.8278 1.09726
17.966 20.8622 1.0988
18.0646 20.8963 1.10033
18.1632 20.9303 1.10185
18.2618 20.964 1.10337
18.3604 20.9975 1.10487
18.459 21.0308 1.10637
18.5576 21.0638 1.10786
18.6562 21.0967 1.10934
18.7548 21.1294 1.11081
18.8534 21.1619 1.11228
18.952 21.1942 1.11373
19.0506 21.2262 1.11518
19.1491 21.2581 1.11662
19.2477 21.2898 1.11805
19.3463 21.3214 1.11947
19.4449 21.3527 1.12088
19.5435 21.3838 1.12229
19.6421 21.4148 1.12369
19.7407 21.4456 1.12508
19.8393 21.4762 1.12647
19.9379 21.5066 1.12784
20.0365 21.5368 1.12921
20.1351 21.5669 1.13058
20.2337 21.5968 1.13193
20.3323 21.6265 1.13328
20.4309 21.6561 1.13462
20.5295 21.6855 1.13595
20.6281 21.7147 1.13728
20.7267 21.7438 1.1386
20.8253 21.7727 1.13991
20.9239 21.8014 1.14122
21.0225 21.83 1.14252
21.1211 21.8584 1.14381
21.2197 21.8867 1.1451
21.3183 21.9148 1.14638
21.4169 21.9428 1.14765
21.5155 21.9706 1.14892
21.6141 21.9983 1.15018
21.7127 22.0258 1.15143
21.8113 22.0532 1.15268
21.9099 22.0804 1.15392
22.0085 22.1075 1.15516
22.1071 22.1344 1.15639
22.2057 22.1613 1.15762
22.3043 22.1879 1.15884
22.4029 22.2145 1.16005
22.5015 22.2409 1.16126
22.6001 22.2672 1.16246
22.6987 22.2933 1.16365
22.7973 22.3193 1.16484
22.8959 22.3452 1.16603
22.9945 22.371 1.16721
23.0931 22.3966 1.16838
23.1917 22.4221 1.16955
23.2903 22.4475 1.17072
23.3889 22.4727 1.17187
23.4875 22.4978 1.17303
23.5861 22.5228 1.17417
23.6847 22.5477 1.17532
23.7833 22.5725 1.17645
23.8819 22.5971 1.17759
23.9805 22.6217 1.17871
24.0791 22.6461 1.17984
24.1777 22.6704 1.18095
24.2763 22.6946 1.18207
24.3749 22.7186 1.18317
24.4735 22.7426 1.18428
24.5721 22.7664 1.18538
24.6707 22.7902 1.18647
24.7693 22.8138 1.18756
24.8679 22.8373 1.18864
24.9665 22.8607 1.18972
25.0651 22.884 1.1908
25.1637 22.9072 1.19187
25.2623 22.9303 1.19293
25.3609 22.9533 1.19399
25.4595 22.9762 1.19505
25.5581 22.999 1.1961
25.6567 23.0217 1.19715
25.7553 23.0442 1.19819
25.8539 23.0667 1.19923
25.9525 23.0891 1.20027
26.0511 23.1114 1.2013
26.1496 23.1335 1.20233
26.2482 23.1556 1.20335
26.3468 23.1776 1.20437
26.4454 23.1995 1.20538
26.544 23.2213 1.20639
26.6426 23.243 1.2074
26.7412 23.2646 1.2084
26.8398 23.2861 1.2094
26.9384 23.3075 1.21039
27.037 23.3289 1.21138
27.1356 23.3501 1.21237
27.2342 23.3713 1.21335
27.3328 23.3923 1.21433
27.4314 23.4133 1.2153
27.53 23.4342 1.21627
27.6286 23.455 1.21724
27.7272 23.4757 1.2182
27.8258 23.4963 1.21916
27.9244 23.5169 1.22012
28.023 23.5373 1.22107
28.1216 23.5577 1.22202
28.2202 23.578 1.22296
28.3188 23.5982 1.2239
28.4174 23.6183 1.22484
28.516 23.6384 1.22578
28.6146 23.6583 1.22671
28.7132 23.6782 1.22763
28.8118 23.698 1.22856
28.9104 23.7177 1.22948
29.009 23.7374 1.23039
29.1076 23.757 1.23131
29.2062 23.7764 1.23222
29.3048 23.7959 1.23312
29.4034 23.8152 1.23403
29.502 23.8344 1.23493
29.6006 23.8536 1.23582
29.6992 23.8727 1.23672
29.7978 23.8918 1.23761
29.8964 23.9107 1.2385
29.995 23.9296 1.23938
30.0936 23.9484 1.24026
30.1922 23.9672 1.24114
30.2908 23.9858 1.24201
30.3894 24.0044 1.24288
30.488 24.023 1.24375
30.5866 24.0414 1.24462
30.6852 24.0598 1.24548
30.7838 24.0781 1.24634
30.8824 24.0964 1.24719
30.981 24.1146 1.24805
31.0796 24.1327 1.2489
31.1782 24.1507 1.24974
31.2768 24.1687 1.25059
31.3754 24.1866 1.25143
31.474 24.2045 1.25227
31.5726 24.2223 1.2531
31.6712 24.24 1.25394
31.7698 24.2576 1.25477
31.8684 24.2752 1.25559
31.967 24.2927 1.25642
32.0656 24.3102 1.25724
32.1642 24.3276 1.25806
32.2628 24.3449 1.25888
32.3614 24.3622 1.25969
32.46 24.3794 1.2605
32.5586 24.3966 1.26131
32.6572 24.4137 1.26211
32.7558 24.4307 1.26292
32.8544 24.4477 1.26372
32.953 24.4646 1.26451
33.0516 24.4815 1.26531
33.1502 24.4983 1.2661
33.2487 24.515 1.26689
33.3473 24.5317 1.26768
33.4459 24.5484 1.26847
33.5445 24.5649 1.26925
33.6431 24.5815 1.27003
33.7417 24.5979 1.27081
33.8403 24.6143 1.27158
33.9389 24.6307 1.27235
34.0375 24.647 1.27312
34.1361 24.6632 1.27389
34.2347 24.6794 1.27466
34.3333 24.6955 1.27542
34.4319 24.7116 1.27618
34.5305 24.7276 1.27694
34.6291 24.7436 1.2777
34.7277 24.7595 1.27845
34.8263 24.7754 1.2792
34.9249 24.7912 1.27995
35.0235 24.807 1.2807
35.1221 24.8227 1.28144
35.2207 24.8383 1.28219
35.3193 24.854 1.28293
35.4179 24.8695 1.28366
35.5165 24.885 1.2844
35.6151 24.9005 1.28513
35.7137 24.9159 1.28586
35.8123 24.9313 1.28659
35.9109 24.9466 1.28732
36.0095 24.9618 1.28805
36.1081 24.977 1.28877
36.2067 24.9922 1.28949
36.3053 25.0073 1.29021
36.4039 25.0224 1.29092
36.5025 25.0374 1.29164
36.6011 25.0524 1.29235
36.6997 25.0673 1.29306
36.7983 25.0822 1.29377
36.8969 25.097 1.29447
36.9955 25.1118 1.29518
37.0941 25.1266 1.29588
37.1927 25.1413 1.29658
37.2913 25.1559 1.29728
37.3899 25.1705 1.29797
37.4885 25.1851 1.29867
37.5871 25.1996 1.29936
37.6857 25.2141 1.30005
37.7843 25.2285 1.30074
37.8829 25.2429 1.30142
37.9815 25.2573 1.30211
38.0801 25.2716 1.30279
38.1787 25.2858 1.30347
38.2773 25.3 1.30415
38.3759 25.3142 1.30482
38.4745 25.3283 1.3055
38.5731 25.3424 1.30617
38.6717 25.3565 1.30684
38.7703 25.3705 1.30751
38.8689 25.3844 1.30818
38.9675 25.3984 1.30884
39.0661 25.4122 1.30951
39.1647 25.4261 1.31017
39.2633 25.4399 1.31083
39.3619 25.4536 1.31149
39.4605 25.4674 1.31214
39.5591 25.481 1.3128
39.6577 25.4947 1.31345
39.7563 25.5083 1.3141
39.8549 25.5218 1.31475
39.9535 25.5353 1.3154
40.0521 25.5488 1.31604
40.1507 25.5623 1.31669
40.2492 25.5757 1.31733
40.3478 25.589 1.31797
40.4464 25.6024 1.31861
40.545 25.6157 1.31924
40.6436 25.6289 1.31988
40.7422 25.6421 1.32051
40.8408 25.6553 1.32115
40.9394 25.6684 1.32178
41.038 25.6815 1.32241
41.1366 25.6946 1.32303
41.2352 25.7076 1.32366
41.3338 25.7206 1.32428
41.4324 25.7336 1.3249
41.531 25.7465 1.32552
41.6296 25.7594 1.32614
41.7282 25.7723 1.32676
41.8268 25.7851 1.32738
41.9254 25.7978 1.32799
42.024 25.8106 1.3286
42.1226 25.8233 1.32921
42.2212 25.836 1.32982
42.3198 25.8486 1.33043
42.4184 25.8612 1.33104
42.517 25.8738 1.33164
42.6156 25.8863 1.33225
42.7142 25.8988 1.33285
42.8128 25.9113 1.33345
42.9114 25.9237 1.33405
43.01 25.9361 1.33464
43.1086 25.9485 1.33524
43.2072 25.9608 1.33583
43.3058 25.9732 1.33643
43.4044 25.9854 1.33702
43.503 25.9977 1.33761
43.6016 26.0099 1.3382
43.7002 26.022 1.33878
43.7988 26.0342 1.33937
43.8974 26.0463 1.33995
43.996 26.0584 1.34054
44.0946 26.0704 1.34112
44.1932 26.0824 1.3417
44.2918 26.0944 1.34228
44.3904 26.1064 1.34285
44.489 26.1183 1.34343
44.5876 26.1302 1.344
44.6862 26.142 1.34458
44.7848 26.1539 1.34515
44.8834 26.1657 1.34572
44.982 26.1774 1.34629
45.0806 26.1892 1.34685
45.1792 26.2009 1.34742
45.2778 26.2125 1.34798
45.3764 26.2242 1.34855
45.475 26.2358 1.34911
45.5736 26.2474 1.34967
45.6722 26.2589 1.35023
45.7708 26.2705 1.35079
45.8694 26.282 1.35134
45.968 26.2934 1.3519
46.0666 26.3049 1.35245
46.1652 26.3163 1.353
46.2638 26.3277 1.35356
46.3624 26.339 1.35411
46.461 26.3504 1.35466
46.5596 26.3617 1.3552
46.6582 26.3729 1.35575
46.7568 26.3842 1.35629
46.8554 26.3954 1.35684
46.954 26.4066 1.35738
47.0526 26.4178 1.35792
47.1512 26.4289 1.35846
47.2497 26.44 1.359
47.3483 26.4511 1.35954
47.4469 26.4621 1.36007
47.5455 26.4731 1.36061
47.6441 26.4841 1.36114
47.7427 26.4951 1.36168
47.8413 26.5061 1.36221
47.9399 26.517 1.36274
48.0385 26.5279 1.36327
48.1371 26.5387 1.36379
48.2357 26.5496 1.36432
48.3343 26.5604 1.36485
48.4329 26.5712 1.36537
48.5315 26.5819 1.36589
48.6301 26.5927 1.36642
48.7287 26.6034 1.36694
48.8273 26.6141 1.36746
48.9259 26.6247 1.36798
49.0245 26.6354 1.36849
49.1231 26.646 1.36901
49.2217 26.6566 1.36953
49.3203 26.6671 1.37004
49.4189 26.6777 1.37055
49.5175 26.6882 1.37106
49.6161 26.6987 1.37158
49.7147 26.7092 1.37209
49.8133 26.7196 1.37259
49.9119 26.73 1.3731
50.0105 26.7404 1.37361
50.1091 26.7508 1.37411
50.2077 26.7611 1.37462
50.3063 26.7715 1.37512
50.4049 26.7818 1.37562
50.5035 26.792 1.37612
50.6021 26.8023 1.37662
50.7007 26.8125 1.37712
50.7993 26.8227 1.37762
50.8979 26.8329 1.37812
50.9965 26.8431 1.37861
51.0951 26.8532 1.37911
51.1937 26.8633 1.3796
51.2923 26.8734 1.3801
51.3909 26.8835 1.38059
51.4895 26.8935 1.38108
51.5881 26.9036 1.38157
51.6867 26.9136 1.38206
51.7853 26.9235 1.38255
51.8839 26.9335 1.38303
51.9825 26.9434 1.38352
52.0811 26.9534 1.384
52.1797 26.9633 1.38449
52.2783 26.9731 1.38497
52.3769 26.983 1.38545
52.4755 26.9928 1.38593
52.5741 27.0026 1.38641
52.6727 27.0124 1.38689
52.7713 27.0222 1.38737
52.8699 27.0319 1.38784
52.9685 27.0416 1.38832
53.0671 27.0513 1.3888
53.1657 27.061 1.38927
53.2643 27.0707 1.38974
53.3629 27.0803 1.39022
53.4615 27.0899 1.39069
53.5601 27.0995 1.39116
53.6587 27.1091 1.39163
53.7573 27.1187 1.39209
53.8559 27.1282 1.39256
53.9545 27.1377 1.39303
54.0531 27.1472 1.39349
54.1517 27.1567 1.39396
54.2503 27.1661 1.39442
54.3488 27.1756 1.39488
54.4474 27.185 1.39535
54.546 27.1944 1.39581
54.6446 27.2038 1.39627
54.7432 27.2131 1.39673
54.8418 27.2225 1.39719
54.9404 27.2318 1.39764
55.039 27.2411 1.3981
55.1376 27.2504 1.39856
55.2362 27.2596 1.39901
55.3348 27.2689 1.39946
55.4334 27.2781 1.39992
55.532 27.2873 1.40037
55.6306 27.2965 1.40082
55.7292 27.3056 1.40127
55.8278 27.3148 1.40172
55.9264 27.3239 1.40217
56.025 27.333 1.40262
56.1236 27.3421 1.40306
56.2222 27.3512 1.40351
56.3208 27.3602 1.40395
56.4194 27.3693 1.4044
56.518 27.3783 1.40484
56.6166 27.3873 1.40529
56.7152 27.3962 1.40573
56.8138 27.4052 1.40617
56.9124 27.4141 1.40661
57.011 27.4231 1.40705
57.1096 27.432 1.40749
57.2082 27.4409 1.40792
57.3068 27.4497 1.40836
57.4054 27.4586 1.4088
57.504 27.4674 1.40923
57.6026 27.4762 1.40967
57.7012 27.485 1.4101
57.7998 27.4938 1.41053
57.8984 27.5026 1.41097
57.997 27.5113 1.4114
58.0956 27.5201 1.41183
58.1942 27.5288 1.41226
58.2928 27.5375 1.41269
58.3914 27.5462 1.41311
58.49 27.5548 1.41354
58.5886 27.5635 1.41397
58.6872 27.5721 1.41439
58.7858 27.5807 1.41482
58.8844 27.5893 1.41524
58.983 27.5979 1.41567
59.0816 27.6064 1.41609
59.1802 27.615 1.41651
59.2788 27.6235 1.41693
59.3774 27.632 1.41735
59.476 27.6405 1.41777
59.5746 27.649 1.41819
59.6732 27.6575 1.41861
59.7718 27.6659 1.41903
59.8704 27.6743 1.41944
59.969 27.6827 1.41986
60.0676 27.6911 1.42027
60.1662 27.6995 1.42069
60.2648 27.7079 1.4211
60.3634 27.7162 1.42151
60.462 27.7246 1.42193
60.5606 27.7329 1.42234
60.6592 27.7412 1.42275
60.7578 27.7495 1.42316
60.8564 27.7577 1.42357
60.955 27.766 1.42398
61.0536 27.7742 1.42438
61.1522 27.7825 1.42479
61.2508 27.7907 1.4252
61.3493 27.7989 1.4256
61.4479 27.807 1.42601
61.5465 27.8152 1.42641
61.6451 27.8233 1.42681
61.7437 27.8315 1.42722
61.8423 27.8396 1.42762
61.9409 27.8477 1.42802
62.0395 27.8558 1.42842
62.1381 27.8639 1.42882
62.2367 27.8719 1.42922
62.3353 27.8799 1.42962
62.4339 27.888 1.43002
62.5325 27.896 1.43041
62.6311 27.904 1.43081
62.7297 27.912 1.43121
62.8283 27.9199 1.4316
62.9269 27.9279 1.432
63.0255 27.9358 1.43239
63.1241 27.9437 1.43278
63.2227 27.9517 1.43318
63.3213 27.9596 1.43357
63.4199 27.9674 1.43396
63.5185 27.9753 1.43435
63.6171 27.9832 1.43474
63.7157 27.991 1.43513
63.8143 27.9988 1.43552
63.9129 28.0066 1.43591
64.0115 28.0144 1.43629
64.1101 28.0222 1.43668
64.2087 28.03 1.43706
64.3073 28.0377 1.43745
64.4059 28.0455 1.43783
64.5045 28.0532 1.43822
64.6031 28.0609 1.4386
64.7017 28.0686 1.43898
64.8003 28.0763 1.43937
64.8989 28.084 1.43975
64.9975 28.0916 1.44013
65.0961 28.0993 1.44051
65.1947 28.1069 1.44089
65.2933 28.1145 1.44127
65.3919 28.1221 1.44165
65.4905 28.1297 1.44202
65.5891 28.1373 1.4424
65.6877 28.1448 1.44278
65.7863 28.1524 1.44315
65.8849 28.1599 1.44353
65.9835 28.1674 1.4439
66.0821 28.175 1.44428
66.1807 28.1825 1.44465
66.2793 28.1899 1.44502
66.3779 28.1974 1.44539
66.4765 28.2049 1.44577
66.5751 28.2123 1.44614
66.6737 28.2197 1.44651
66.7723 28.2272 1.44688
66.8709 28.2346 1.44725
66.9695 28.242 1.44761
67.0681 28.2493 1.44798
67.1667 28.2567 1.44835
67.2653 28.2641 1.44872
67.3639 28.2714 1.44908
67.4625 28.2787 1.44945
67.5611 28.2861 1.44981
67.6597 28.2934 1.45018
67.7583 28.3007 1.45054
67.8569 28.3079 1.4509
67.9555 28.3152 1.45127
68.0541 28.3225 1.45163
68.1527 28.3297 1.45199
68.2513 28.3369 1.45235
68.3498 28.3442 1.45271
68.4484 28.3514 1.45307
68.547 28.3586 1.45343
68.6456 28.3658 1.45379
68.7442 28.3729 1.45415
68.8428 28.3801 1.45451
68.9414 28.3872 1.45486
69.04 28.3944 1.45522
69.1386 28.4015 1.45558
69.2372 28.4086 1.45593
69.3358 28.4157 1.45629
69.4344 28.4228 1.45664
69.533 28.4299 1.45699
69.6316 28.4369 1.45735
69.7302 28.444 1.4577
69.8288 28.451 1.45805
69.9274 28.4581 1.4584
70.026 28.4651 1.45875
70.1246 28.4721 1.4591
70.2232 28.4791 1.45945
70.3218 28.4861 1.4598
70.4204 28.493 1.46015
70.519 28.5 1.4605
70.6176 28.5069 1.46085
70.7162 28.5139 1.46119
70.8148 28.5208 1.46154
70.9134 28.5277 1.46189
71.012 28.5346 1.46223
71.1106 28.5415 1.46258
71.2092 28.5484 1.46292
71.3078 28.5553 1.46327
71.4064 28.5621 1.46361
71.505 28.569 1.46395
71.6036 28.5758 1.46429
71.7022 28.5826 1.46464
71.8008 28.5894 1.46498
71.8994 28.5962 1.46532
71.998 28.603 1.46566
72.0966 28.6098 1.466
72.1952 28.6166 1.46634
72.2938 28.6233 1.46668
72.3924 28.6301 1.46702
72.491 28.6368 1.46735
72.5896 28.6436 1.46769
72.6882 28.6503 1.46803
72.7868 28.657 1.46836
72.8854 28.6637 1.4687
72.984 28.6704 1.46903
73.0826 28.677 1.46937
73.1812 28.6837 1.4697
73.2798 28.6904 1.47004
73.3784 28.697 1.47037
73.477 28.7036 1.4707
73.5756 28.7103 1.47104
73.6742 28.7169 1.47137
73.7728 28.7235 1.4717
73.8714 28.7301 1.47203
73.97 28.7366 1.47236
74.0686 28.7432 1.47269
74.1672 28.7498 1.47302
74.2658 28.7563 1.47335
74.3644 28.7629 1.47368
74.463 28.7694 1.47401
74.5616 28.7759 1.47433
74.6602 28.7824 1.47466
74.7588 28.7889 1.47499
74.8574 28.7954 1.47531
74.956 28.8019 1.47564
75.0546 28.8084 1.47596
75.1532 28.8148 1.47629
75.2518 28.8213 1.47661
75.3504 28.8277 1.47694
75.4489 28.8341 1.47726
75.5475 28.8405 1.47758
75.6461 28.847 1.4779
75.7447 28.8534 1.47823
75.8433 28.8598 1.47855
75.9419 28.8661 1.47887
76.0405 28.8725 1.47919
76.1391 28.8789 1.47951
76.2377 28.8852 1.47983
76.3363 28.8916 1.48015
76.4349 28.8979 1.48047
76.5335 28.9042 1.48079
76.6321 28.9105 1.4811
76.7307 28.9168 1.48142
76.8293 28.9231 1.48174
76.9279 28.9294 1.48205
77.0265 28.9357 1.48237
77.1251 28.942 1.48269
77.2237 28.9482 1.483
77.3223 28.9545 1.48332
77.4209 28.9607 1.48363
77.5195 28.9669 1.48394
77.6181 28.9732 1.48426
77.7167 28.9794 1.48457
77.8153 28.9856 1.48488
77.9139 28.9918 1.4852
78.0125 28.998 1.48551
78.1111 29.0041 1.48582
78.2097 29.0103 1.48613
78.3083 29.0165 1.48644
78.4069 29.0226 1.48675
78.5055 29.0287 1.48706
78.6041 29.0349 1.48737
78.7027 29.041 1.48768
78.8013 29.0471 1.48799
78.8999 29.0532 1.48829
78.9985 29.0593 1.4886
79.0971 29.0654 1.48891
79.1957 29.0715 1.48922
79.2943 29.0775 1.48952
79.3929 29.0836 1.48983
79.4915 29.0897 1.49013
79.5901 29.0957 1.49044
79.6887 29.1017 1.49074
79.7873 29.1078 1.49105
79.8859 29.1138 1.49135
79.9845 29.1198 1.49166
80.0831 29.1258 1.49196
80.1817 29.1318 1.49226
80.2803 29.1377 1.49256
80.3789 29.1437 1.49286
80.4775 29.1497 1.49317
80.5761 29.1556 1.49347
80.6747 29.1616 1.49377
80.7733 29.1675 1.49407
80.8719 29.1735 1.49437
80.9705 29.1794 1.49467
81.0691 29.1853 1.49497
81.1677 29.1912 1.49527
81.2663 29.1971 1.49556
81.3649 29.203 1.49586
81.4635 29.2089 1.49616
81.5621 29.2147 1.49646
81.6607 29.2206 1.49675
81.7593 29.2265 1.49705
81.8579 29.2323 1.49734
81.9565 29.2382 1.49764
82.0551 29.244 1.49794
82.1537 29.2498 1.49823
82.2523 29.2556 1.49852
82.3509 29.2614 1.49882
82.4494 29.2672 1.49911
82.548 29.273 1.49941
82.6466 29.2788 1.4997
82.7452 29.2846 1.49999
82.8438 29.2903 1.50028
82.9424 29.2961 1.50057
83.041 29.3019 1.50087
83.1396 29.3076 1.50116
83.2382 29.3133 1.50145
83.3368 29.3191 1.50174
83.4354 29.3248 1.50203
83.534 29.3305 1.50232
83.6326 29.3362 1.50261
83.7312 29.3419 1.50289
83.8298 29.3476 1.50318
83.9284 29.3533 1.50347
84.027 29.3589 1.50376
84.1256 29.3646 1.50405
84.2242 29.3703 1.50433
84.3228 29.3759 1.50462
84.4214 29.3816 1.5049
84.52 29.3872 1.50519
84.6186 29.3928 1.50548
84.7172 29.3984 1.50576
84.8158 29.404 1.50605
84.9144 29.4096 1.50633
85.013 29.4152 1.50661
85.1116 29.4208 1.5069
85.2102 29.4264 1.50718
85.3088 29.432 1.50746
85.4074 29.4376 1.50775
85.506 29.4431 1.50803
85.6046 29.4487 1.50831
85.7032 29.4542 1.50859
85.8018 29.4597 1.50887
85.9004 29.4653 1.50915
85.999 29.4708 1.50943
86.0976 29.4763 1.50971
86.1962 29.4818 1.50999
86.2948 29.4873 1.51027
86.3934 29.4928 1.51055
86.492 29.4983 1.51083
86.5906 29.5038 1.51111
86.6892 29.5092 1.51139
86.7878 29.5147 1.51167
86.8864 29.5202 1.51194
86.985 29.5256 1.51222
87.0836 29.531 1.5125
87.1822 29.5365 1.51277
87.2808 29.5419 1.51305
87.3794 29.5473 1.51332
87.478 29.5527 1.5136
87.5766 29.5581 1.51387
87.6752 29.5635 1.51415
87.7738 29.5689 1.51442
87.8724 29.5743 1.5147
87.971 29.5797 1.51497
88.0696 29.5851 1.51524
88.1682 29.5904 1.51552
88.2668 29.5958 1.51579
88.3654 29.6011 1.51606
88.464 29.6065 1.51633
88.5626 29.6118 1.51661
88.6612 29.6172 1.51688
88.7598 29.6225 1.51715
88.8584 29.6278 1.51742
88.957 29.6331 1.51769
89.0556 29.6384 1.51796
89.1542 29.6437 1.51823
89.2528 29.649 1.5185
89.3514 29.6543 1.51877
89.4499 29.6595 1.51903
89.5485 29.6648 1.5193
89.6471 29.6701 1.51957
89.7457 29.6753 1.51984
89.8443 29.6806 1.52011
89.9429 29.6858 1.52037
90.0415 29.691 1.52064
90.1401 29.6963 1.52091
90.2387 29.7015 1.52117
90.3373 29.7067 1.52144
90.4359 29.7119 1.5217
90.5345 29.7171 1.52197
90.6331 29.7223 1.52223
90.7317 29.7275 1.5225
90.8303 29.7327 1.52276
90.9289 29.7378 1.52303
91.0275 29.743 1.52329
91.1261 29.7482 1.52355
91.2247 29.7533 1.52382
91.3233 29.7585 1.52408
91.4219 29.7636 1.52434
91.5205 29.7688 1.5246
91.6191 29.7739 1.52487
91.7177 29.779 1.52513
91.8163 29.7841 1.52539
91.9149 29.7892 1.52565
92.0135 29.7943 1.52591
92.1121 29.7994 1.52617
92.2107 29.8045 1.52643
92.3093 29.8096 1.52669
92.4079 29.8147 1.52695
92.5065 29.8198 1.52721
92.6051 29.8248 1.52747
92.7037 29.8299 1.52772
92.8023 29.8349 1.52798
92.9009 29.84 1.52824
92.9995 29.845 1.5285
93.0981 29.8501 1.52875
93.1967 29.8551 1.52901
93.2953 29.8601 1.52927
93.3939 29.8651 1.52952
93.4925 29.8701 1.52978
93.5911 29.8751 1.53004
93.6897 29.8801 1.53029
93.7883 29.8851 1.53055
93.8869 29.8901 1.5308
93.9855 29.8951 1.53106
94.0841 29.9001 1.53131
94.1827 29.905 1.53156
94.2813 29.91 1.53182
94.3799 29.9149 1.53207
94.4785 29.9199 1.53232
94.5771 29.9248 1.53258
94.6757 29.9298 1.53283
94.7743 29.9347 1.53308
94.8729 29.9396 1.53333
94.9715 29.9445 1.53359
95.0701 29.9495 1.53384
95.1687 29.9544 1.53409
95.2673 29.9593 1.53434
95.3659 29.9642 1.53459
95.4645 29.969 1.53484
95.5631 29.9739 1.53509
95.6617 29.9788 1.53534
95.7603 29.9837 1.53559
95.8589 29.9885 1.53584
95.9575 29.9934 1.53609
96.0561 29.9983 1.53634
96.1547 30.0031 1.53658
96.2533 30.008 1.53683
96.3519 30.0128 1.53708
96.4505 30.0176 1.53733
96.549 30.0224 1.53757
96.6476 30.0273 1.53782
96.7462 30.0321 1.53807
96.8448 30.0369 1.53831
96.9434 30.0417 1.53856
97.042 30.0465 1.53881
97.1406 30.0513 1.53905
97.2392 30.0561 1.5393
97.3378 30.0608 1.53954
97.4364 30.0656 1.53979
97.535 30.0704 1.54003
97.6336 30.0751 1.54028
97.7322 30.0799 1.54052
97.8308 30.0847 1.54076
97.9294 30.0894 1.54101
98.028 30.0941 1.54125
98.1266 30.0989 1.54149
98.2252 30.1036 1.54173
98.3238 30.1083 1.54198
98.4224 30.113 1.54222
98.521 30.1178 1.54246
98.6196 30.1225 1.5427
98.7182 30.1272 1.54294
98.8168 30.1319 1.54318
98.9154 30.1366 1.54343
99.014 30.1412 1.54367
99.1126 30.1459 1.54391
99.2112 30.1506 1.54415
99.3098 30.1553 1.54439
99.4084 30.1599 1.54463
99.507 30.1646 1.54486
99.6056 30.1692 1.5451
99.7042 30.1739 1.54534
99.8028 30.1785 1.54558
99.9014 30.1832 1.54582
100 30.1878 1.54606
