1e-05 71.8472 3.1565
0.00101099 17.345 0.937775
0.00201198 13.4745 0.797396
0.00301297 11.5083 0.732301
0.00401396 10.2322 0.693633
0.00501495 9.30507 0.667941
0.00601595 8.58683 0.649739
0.00701694 8.0044 0.636274
0.00801793 7.51832 0.626071
0.00901892 7.1034 0.61819
0.0100199 6.74207 0.611989
0.0110209 6.42361 0.607092
0.0120219 6.14004 0.603227
0.0130229 5.88451 0.600149
0.0140239 5.65243 0.597708
0.0150249 5.44036 0.595793
0.0160259 5.24563 0.594324
0.0170268 5.06582 0.593221
0.0180278 4.89877 0.592404
0.0190288 4.74297 0.591833
0.0200298 4.59723 0.591476
0.0210308 4.46054 0.591298
0.0220318 4.33202 0.591281
0.0230328 4.21086 0.591404
0.0240338 4.09627 0.591636
0.0250348 3.98758 0.591954
0.0260358 3.88434 0.592356
0.0270368 3.78611 0.59283
0.0280377 3.69251 0.593364
0.0290387 3.60317 0.593948
0.0300397 3.51782 0.594585
0.0310407 3.43616 0.595267
0.0320417 3.3579 0.595979
0.0330427 3.28279 0.596712
0.0340437 3.21061 0.597461
0.0350447 3.1412 0.598232
0.0360457 3.07439 0.599019
0.0370467 3.01003 0.599818
0.0380477 2.94798 0.600623
0.0390486 2.8881 0.601431
0.0400496 2.8303 0.602252
0.0410506 2.77444 0.603079
0.0420516 2.72043 0.603907
0.0430526 2.66815 0.604731
0.0440536 2.61752 0.605546
0.0450546 2.56844 0.606352
0.0460556 2.52085 0.607156
0.0470566 2.4747 0.607956
0.0480576 2.4299 0.608748
0.0490586 2.3864 0.609532
0.0500595 2.34414 0.610305
0.0510605 2.30306 0.611065
0.0520615 2.26313 0.611821
0.0530625 2.2243 0.612571
0.0540635 2.18651 0.613311
0.0550645 2.14972 0.61404
0.0560655 2.11389 0.614754
0.0570665 2.07897 0.615451
0.0580675 2.04493 0.616132
0.0590685 2.01175 0.616802
0.0600695 1.97939 0.617461
0.0610705 1.94782 0.618108
0.0620714 1.91701 0.618741
0.0630724 1.88694 0.619359
0.0640734 1.85757 0.61996
0.0650744 1.82889 0.620545
0.0660754 1.80086 0.621116
0.0670764 1.77348 0.621676
0.0680774 1.74673 0.622224
0.0690784 1.72057 0.622759
0.0700794 1.69499 0.623278
0.0710804 1.66997 0.623782
0.0720814 1.64548 0.624267
0.0730823 1.62151 0.624734
0.0740833 1.59805 0.625185
0.0750843 1.57509 0.625624
0.0760853 1.55262 0.626049
0.0770863 1.53061 0.62646
0.0780873 1.50904 0.626856
0.0790883 1.48792 0.627236
0.0800893 1.46721 0.627601
0.0810903 1.44692 0.627948
0.0820913 1.42702 0.628279
0.0830923 1.40751 0.628597
0.0840932 1.38839 0.628903
0.0850942 1.36964 0.629197
0.0860952 1.35124 0.629476
0.0870962 1.3332 0.62974
0.0880972 1.3155 0.62999
0.0890982 1.29812 0.630222
0.0900992 1.28107 0.630438
0.0911002 1.26432 0.630637
0.0921012 1.24788 0.630821
0.0931022 1.23175 0.630993
0.0941032 1.21591 0.631151
0.0951041 1.20035 0.631296
0.0961051 1.18508 0.631427
0.0971061 1.17007 0.631543
0.0981071 1.15532 0.631643
0.0991081 1.14083 0.631729
0.100109 1.12658 0.631799
0.10111 1.11257 0.631853
0.102111 1.0988 0.631895
0.103112 1.08528 0.631924
0.104113 1.07198 0.631942
0.105114 1.0589 0.631946
0.106115 1.04605 0.631936
0.107116 1.03341 0.631913
0.108117 1.02097 0.631875
0.109118 1.00874 0.631822
0.110119 0.996699 0.631755
0.11112 0.984851 0.631672
0.112121 0.973197 0.631576
0.113122 0.961736 0.631469
0.114123 0.95046 0.631349
0.115124 0.939366 0.631217
0.116125 0.928447 0.631072
0.117126 0.917699 0.630914
0.118127 0.907117 0.630743
0.119128 0.896696 0.630558
0.120129 0.886431 0.630359
0.12113 0.876319 0.630146
0.122131 0.866355 0.629919
0.123132 0.856545 0.629681
0.124133 0.846886 0.629432
0.125134 0.837374 0.629171
0.126135 0.828004 0.628898
0.127136 0.818775 0.628613
0.128137 0.809681 0.628315
0.129138 0.800721 0.628005
0.130139 0.79189 0.627682
0.13114 0.783185 0.627346
0.132141 0.774603 0.626997
0.133142 0.766143 0.626635
0.134143 0.757808 0.626262
0.135144 0.749595 0.625878
0.136145 0.741503 0.625483
0.137146 0.733527 0.625077
0.138147 0.725666 0.62466
0.139148 0.717914 0.624231
0.140149 0.710271 0.62379
0.14115 0.702732 0.623337
0.142151 0.695296 0.622873
0.143152 0.687959 0.622396
0.144153 0.680719 0.621907
0.145154 0.673576 0.621406
0.146155 0.666534 0.620895
0.147156 0.65959 0.620373
0.148157 0.652742 0.619842
0.149158 0.645987 0.619299
0.150159 0.639323 0.618746
0.15116 0.632748 0.618182
0.152161 0.62626 0.617608
0.153162 0.619856 0.617022
0.154163 0.613535 0.616425
0.155164 0.607295 0.615816
0.156165 0.601134 0.615197
0.157166 0.595052 0.614567
0.158167 0.589053 0.613927
0.159168 0.583134 0.613277
0.160169 0.577293 0.612618
0.16117 0.571529 0.611949
0.162171 0.565839 0.61127
0.163172 0.560221 0.610581
0.164173 0.554674 0.609881
0.165174 0.549196 0.609172
0.166175 0.543786 0.608452
0.167175 0.538441 0.607722
0.168176 0.53316 0.606982
0.169177 0.527942 0.606231
0.170178 0.52279 0.605472
0.171179 0.517705 0.604703
0.17218 0.512683 0.603925
0.173181 0.507725 0.603138
0.174182 0.502828 0.602341
0.175183 0.497991 0.601536
0.176184 0.493212 0.600721
0.177185 0.488491 0.599897
0.178186 0.483826 0.599063
0.179187 0.479216 0.598221
0.180188 0.474659 0.597369
0.181189 0.470154 0.596508
0.18219 0.465703 0.595637
0.183191 0.461307 0.594759
0.184192 0.456966 0.593872
0.185193 0.452678 0.592977
0.186194 0.448441 0.592074
0.187195 0.444254 0.591162
0.188196 0.440117 0.590242
0.189197 0.436027 0.589313
0.190198 0.431984 0.588376
0.191199 0.427987 0.58743
0.1922 0.424033 0.586476
0.193201 0.420124 0.585513
0.194202 0.416256 0.584542
0.195203 0.412431 0.583562
0.196204 0.408651 0.582575
0.197205 0.404915 0.581579
0.198206 0.401222 0.580576
0.199207 0.397572 0.579565
0.200208 0.393963 0.578546
0.201209 0.390395 0.577519
0.20221 0.386866 0.576485
0.203211 0.383376 0.575444
0.204212 0.379925 0.574395
0.205213 0.37651 0.573338
0.206214 0.373133 0.572275
0.207215 0.369791 0.571204
0.208216 0.366485 0.570125
0.209217 0.363217 0.56904
0.210218 0.359986 0.567948
0.211219 0.356792 0.566849
0.21222 0.353634 0.565743
0.213221 0.350511 0.564631
0.214222 0.347422 0.563511
0.215223 0.344366 0.562385
0.216224 0.341343 0.561252
0.217225 0.338352 0.560112
0.218226 0.335391 0.558966
0.219227 0.332461 0.557813
0.220228 0.329561 0.556653
0.221229 0.326689 0.555487
0.22223 0.323847 0.554314
0.223231 0.321036 0.553134
0.224232 0.318255 0.551948
0.225233 0.315504 0.550756
0.226234 0.312782 0.549557
0.227235 0.31009 0.548352
0.228236 0.307425 0.547141
0.229237 0.304788 0.545924
0.230238 0.302178 0.544702
0.231239 0.299594 0.543473
0.23224 0.297037 0.542239
0.233241 0.294505 0.541
0.234242 0.291997 0.539755
0.235243 0.289515 0.538504
0.236244 0.287057 0.537249
0.237245 0.284626 0.535988
0.238246 0.282221 0.534721
0.239247 0.27984 0.533449
0.240248 0.277485 0.532171
0.241249 0.275154 0.530889
0.24225 0.272846 0.529601
0.243251 0.270562 0.528308
0.244252 0.2683 0.52701
0.245253 0.26606 0.525707
0.246254 0.263841 0.524399
0.247255 0.261644 0.523086
0.248256 0.259467 0.521769
0.249257 0.25731 0.520446
0.250258 0.255174 0.519119
0.251259 0.253059 0.517787
0.25226 0.250966 0.516449
0.253261 0.248894 0.515107
0.254262 0.246843 0.513759
0.255263 0.244811 0.512408
0.256264 0.2428 0.511051
0.257265 0.240808 0.509691
0.258266 0.238835 0.508326
0.259267 0.236881 0.506957
0.260268 0.234946 0.505585
0.261269 0.233028 0.504208
0.26227 0.231128 0.502828
0.263271 0.229246 0.501445
0.264272 0.227381 0.500058
0.265273 0.225534 0.498667
0.266274 0.223706 0.497273
0.267275 0.221896 0.495874
0.268276 0.220104 0.494472
0.269277 0.21833 0.493066
0.270278 0.216572 0.491657
0.271279 0.214831 0.490244
0.27228 0.213106 0.488827
0.273281 0.211397 0.487407
0.274282 0.209704 0.485984
0.275283 0.208026 0.484558
0.276284 0.206363 0.483128
0.277285 0.204714 0.481696
0.278285 0.20308 0.480261
0.279286 0.201459 0.478822
0.280287 0.199854 0.47738
0.281288 0.198265 0.475934
0.282289 0.19669 0.474485
0.28329 0.195131 0.473033
0.284291 0.193585 0.471578
0.285292 0.192054 0.470119
0.286293 0.190537 0.468658
0.287294 0.189033 0.467195
0.288295 0.187543 0.465728
0.289296 0.186066 0.46426
0.290297 0.184602 0.46279
0.291298 0.18315 0.461317
0.292299 0.181711 0.459843
0.2933 0.180285 0.458367
0.294301 0.17887 0.456889
0.295302 0.177469 0.455409
0.296303 0.176081 0.453926
0.297304 0.174706 0.452441
0.298305 0.173344 0.450953
0.299306 0.171993 0.449464
0.300307 0.170655 0.447972
0.301308 0.169329 0.446478
0.302309 0.168014 0.444983
0.30331 0.166711 0.443486
0.304311 0.165419 0.441987
0.305312 0.164137 0.440487
0.306313 0.162866 0.438985
0.307314 0.161606 0.437482
0.308315 0.160356 0.435978
0.309316 0.159116 0.434472
0.310317 0.157888 0.432964
0.311318 0.15667 0.431454
0.312319 0.155463 0.429942
0.31332 0.154267 0.428429
0.314321 0.153081 0.426913
0.315322 0.151906 0.425396
0.316323 0.15074 0.423879
0.317324 0.149585 0.42236
0.318325 0.148439 0.42084
0.319326 0.147303 0.419319
0.320327 0.146176 0.417798
0.321328 0.145059 0.416277
0.322329 0.14395 0.414755
0.32333 0.142851 0.413234
0.324331 0.141761 0.411712
0.325332 0.14068 0.41019
0.326333 0.139609 0.408666
0.327334 0.138548 0.407142
0.328335 0.137496 0.405617
0.329336 0.136453 0.404091
0.330337 0.135419 0.402565
0.331338 0.134394 0.401038
0.332339 0.133377 0.39951
0.33334 0.132368 0.397983
0.334341 0.131368 0.396455
0.335342 0.130376 0.394928
0.336343 0.129391 0.3934
0.337344 0.128414 0.391872
0.338345 0.127445 0.390345
0.339346 0.126483 0.388818
0.340347 0.125529 0.38729
0.341348 0.124583 0.385762
0.342349 0.123644 0.384233
0.34335 0.122714 0.382704
0.344351 0.121791 0.381174
0.345352 0.120877 0.379644
0.346353 0.119969 0.378114
0.347354 0.119069 0.376584
0.348355 0.118176 0.375055
0.349356 0.11729 0.373527
0.350357 0.116411 0.371999
0.351358 0.115539 0.370472
0.352359 0.114674 0.368946
0.35336 0.113816 0.367421
0.354361 0.112964 0.365898
0.355362 0.112119 0.364376
0.356363 0.11128 0.362854
0.357364 0.110449 0.361333
0.358365 0.109625 0.359813
0.359366 0.108808 0.358292
0.360367 0.107997 0.356773
0.361368 0.107193 0.355254
0.362369 0.106395 0.353736
0.36337 0.105604 0.352219
0.364371 0.104818 0.350703
0.365372 0.104039 0.349189
0.366373 0.103266 0.347675
0.367374 0.102499 0.346163
0.368375 0.101737 0.344652
0.369376 0.100981 0.343143
0.370377 0.10023 0.341635
0.371378 0.0994846 0.340129
0.372379 0.0987454 0.338623
0.37338 0.098012 0.337118
0.374381 0.0972845 0.335613
0.375382 0.0965628 0.33411
0.376383 0.0958467 0.332607
0.377384 0.0951362 0.331106
0.378385 0.0944312 0.329606
0.379386 0.0937316 0.328108
0.380387 0.0930373 0.326611
0.381388 0.0923483 0.325117
0.382389 0.0916645 0.323624
0.38339 0.0909857 0.322134
0.384391 0.0903119 0.320646
0.385392 0.0896431 0.31916
0.386393 0.0889791 0.317677
0.387394 0.0883202 0.316196
0.388395 0.0876665 0.314717
0.389395 0.0870182 0.31324
0.390396 0.086375 0.311764
0.391397 0.0857369 0.31029
0.392398 0.0851037 0.308818
0.393399 0.0844754 0.307347
0.3944 0.0838519 0.305879
0.395401 0.083233 0.304413
0.396402 0.0826188 0.302949
0.397403 0.082009 0.301487
0.398404 0.0814036 0.300028
0.399405 0.0808026 0.298572
0.400406 0.0802057 0.297117
0.401407 0.079613 0.295666
0.402408 0.0790244 0.294217
0.403409 0.0784399 0.292771
0.40441 0.0778598 0.291326
0.405411 0.0772842 0.289883
0.406412 0.0767129 0.288442
0.407413 0.0761459 0.287002
0.408414 0.0755832 0.285565
0.409415 0.0750247 0.284131
0.410416 0.0744702 0.282698
0.411417 0.0739198 0.281269
0.412418 0.0733734 0.279842
0.413419 0.072831 0.278418
0.41442 0.0722925 0.276997
0.415421 0.0717577 0.275579
0.416422 0.0712268 0.274165
0.417423 0.0706996 0.272754
0.418424 0.070176 0.271347
0.419425 0.0696562 0.269943
0.420426 0.0691403 0.268542
0.421427 0.0686285 0.267143
0.422428 0.0681206 0.265747
0.423429 0.0676165 0.264354
0.42443 0.0671162 0.262964
0.425431 0.0666195 0.261576
0.426432 0.0661265 0.260192
0.427433 0.065637 0.25881
0.428434 0.065151 0.257432
0.429435 0.0646684 0.256057
0.430436 0.0641892 0.254685
0.431437 0.0637132 0.253316
0.432438 0.0632404 0.251951
0.433439 0.0627707 0.250589
0.43444 0.0623041 0.249231
0.435441 0.0618406 0.247876
0.436442 0.0613803 0.246525
0.437443 0.0609234 0.245175
0.438444 0.0604697 0.243829
0.439445 0.0600194 0.242485
0.440446 0.0595722 0.241144
0.441447 0.0591283 0.239806
0.442448 0.0586874 0.238472
0.443449 0.0582497 0.237141
0.44445 0.057815 0.235813
0.445451 0.0573833 0.234489
0.446452 0.0569546 0.233168
0.447453 0.0565288 0.231852
0.448454 0.0561059 0.230539
0.449455 0.0556859 0.229231
0.450456 0.0552687 0.227926
0.451457 0.0548543 0.226626
0.452458 0.0544427 0.22533
0.453459 0.0540343 0.224037
0.45446 0.0536288 0.222747
0.455461 0.0532263 0.221461
0.456462 0.0528267 0.220179
0.457463 0.0524299 0.218899
0.458464 0.0520359 0.217624
0.459465 0.0516447 0.216352
0.460466 0.0512562 0.215084
0.461467 0.0508703 0.21382
0.462468 0.050487 0.21256
0.463469 0.0501062 0.211303
0.46447 0.049728 0.210051
0.465471 0.0493521 0.208802
0.466472 0.0489787 0.207558
0.467473 0.0486076 0.206317
0.468474 0.0482389 0.205081
0.469475 0.0478726 0.203848
0.470476 0.047509 0.202618
0.471477 0.0471478 0.201392
0.472478 0.0467891 0.20017
0.473479 0.0464329 0.198951
0.47448 0.0460791 0.197736
0.475481 0.0457278 0.196524
0.476482 0.0453788 0.195317
0.477483 0.0450321 0.194113
0.478484 0.0446878 0.192914
0.479485 0.0443458 0.191718
0.480486 0.044006 0.190527
0.481487 0.0436685 0.189341
0.482488 0.0433332 0.188159
0.483489 0.0430001 0.186981
0.48449 0.0426691 0.185808
0.485491 0.0423404 0.18464
0.486492 0.042014 0.183475
0.487493 0.04169 0.182314
0.488494 0.0413683 0.181158
0.489495 0.0410488 0.180005
0.490496 0.0407316 0.178856
0.491497 0.0404165 0.177712
0.492498 0.0401036 0.176571
0.493499 0.0397927 0.175435
0.4945 0.0394839 0.174303
0.495501 0.0391772 0.173175
0.496502 0.0388724 0.172051
0.497503 0.0385695 0.170931
0.498504 0.0382685 0.169816
0.499505 0.0379694 0.168705
0.500505 0.0376722 0.167599
0.501506 0.0373767 0.166497
0.502507 0.0370831 0.165399
0.503508 0.0367914 0.164304
0.504509 0.0365017 0.163214
0.50551 0.036214 0.162127
0.506511 0.0359282 0.161044
0.507512 0.0356443 0.159965
0.508513 0.0353622 0.158891
0.509514 0.035082 0.15782
0.510515 0.0348036 0.156754
0.511516 0.0345271 0.155692
0.512517 0.0342523 0.154635
0.513518 0.0339794 0.153582
0.514519 0.0337082 0.152533
0.51552 0.0334387 0.151489
0.516521 0.0331709 0.15045
0.517522 0.0329049 0.149415
0.518523 0.0326405 0.148385
0.519524 0.032378 0.14736
0.520525 0.0321172 0.146339
0.521526 0.0318583 0.145322
0.522527 0.0316012 0.144309
0.523528 0.0313458 0.1433
0.524529 0.0310921 0.142296
0.52553 0.0308401 0.141296
0.526531 0.0305898 0.140301
0.527532 0.0303411 0.139309
0.528533 0.030094 0.138322
0.529534 0.0298485 0.13734
0.530535 0.0296045 0.136361
0.531536 0.0293621 0.135388
0.532537 0.0291211 0.134418
0.533538 0.0288816 0.133453
0.534539 0.0286436 0.132492
0.53554 0.028407 0.131536
0.536541 0.0281719 0.130583
0.537542 0.0279383 0.129635
0.538543 0.0277063 0.12869
0.539544 0.0274757 0.12775
0.540545 0.0272467 0.126814
0.541546 0.0270192 0.125882
0.542547 0.0267932 0.124954
0.543548 0.0265686 0.12403
0.544549 0.0263455 0.123111
0.54555 0.0261238 0.122196
0.546551 0.0259036 0.121286
0.547552 0.0256848 0.12038
0.548553 0.0254674 0.119478
0.549554 0.0252514 0.118581
0.550555 0.0250367 0.117688
0.551556 0.0248235 0.116801
0.552557 0.0246116 0.115917
0.553558 0.0244012 0.115038
0.554559 0.0241922 0.114164
0.55556 0.0239846 0.113294
0.556561 0.0237785 0.112428
0.557562 0.0235738 0.111566
0.558563 0.0233705 0.110708
0.559564 0.0231685 0.109855
0.560565 0.0229678 0.109006
0.561566 0.0227685 0.108162
0.562567 0.0225705 0.107321
0.563568 0.0223737 0.106485
0.564569 0.0221781 0.105653
0.56557 0.0219838 0.104826
0.566571 0.0217907 0.104002
0.567572 0.0215988 0.103183
0.568573 0.0214081 0.102368
0.569574 0.0212184 0.101557
0.570575 0.02103 0.100751
0.571576 0.0208429 0.099948
0.572577 0.0206569 0.0991493
0.573578 0.0204722 0.0983546
0.574579 0.0202887 0.0975639
0.57558 0.0201064 0.0967774
0.576581 0.0199253 0.0959949
0.577582 0.0197454 0.0952166
0.578583 0.0195666 0.0944425
0.579584 0.0193891 0.0936725
0.580585 0.0192127 0.0929068
0.581586 0.0190374 0.0921453
0.582587 0.0188633 0.091388
0.583588 0.0186904 0.0906351
0.584589 0.0185186 0.0898865
0.58559 0.0183479 0.0891422
0.586591 0.0181784 0.0884023
0.587592 0.01801 0.0876667
0.588593 0.0178427 0.0869353
0.589594 0.0176767 0.0862081
0.590595 0.0175118 0.085485
0.591596 0.0173481 0.084766
0.592597 0.0171855 0.0840512
0.593598 0.017024 0.0833404
0.594599 0.0168636 0.0826338
0.5956 0.0167043 0.0819312
0.596601 0.0165461 0.0812326
0.597602 0.0163889 0.0805381
0.598603 0.0162327 0.0798476
0.599604 0.0160776 0.079161
0.600605 0.0159235 0.0784785
0.601606 0.0157704 0.0777999
0.602607 0.0156182 0.0771252
0.603608 0.015467 0.0764545
0.604609 0.0153168 0.0757876
0.60561 0.0151676 0.0751246
0.606611 0.0150194 0.0744654
0.607612 0.0148722 0.07381
0.608613 0.0147261 0.0731585
0.609614 0.0145809 0.0725108
0.610615 0.0144367 0.071867
0.611615 0.0142935 0.071227
0.612616 0.0141513 0.0705909
0.613617 0.0140101 0.0699588
0.614618 0.0138698 0.0693305
0.615619 0.0137306 0.0687062
0.61662 0.0135922 0.0680857
0.617621 0.0134549 0.0674693
0.618622 0.0133185 0.0668567
0.619623 0.013183 0.0662481
0.620624 0.0130485 0.0656435
0.621625 0.012915 0.0650428
0.622626 0.0127824 0.0644461
0.623627 0.0126508 0.0638533
0.624628 0.0125202 0.0632644
0.625629 0.0123905 0.0626793
0.62663 0.0122618 0.0620981
0.627631 0.0121341 0.0615207
0.628632 0.0120072 0.0609471
0.629633 0.0118813 0.0603772
0.630634 0.0117563 0.059811
0.631635 0.0116322 0.0592486
0.632636 0.0115089 0.0586898
0.633637 0.0113866 0.0581347
0.634638 0.0112651 0.0575832
0.635639 0.0111444 0.0570353
0.63664 0.0110246 0.056491
0.637641 0.0109057 0.0559503
0.638642 0.0107875 0.055413
0.639643 0.0106702 0.0548793
0.640644 0.0105538 0.0543492
0.641645 0.0104382 0.0538226
0.642646 0.0103234 0.0532996
0.643647 0.0102095 0.0527801
0.644648 0.0100965 0.0522641
0.645649 0.0099843 0.0517516
0.64665 0.00987294 0.0512427
0.647651 0.00976242 0.0507373
0.648652 0.00965273 0.0502354
0.649653 0.00954386 0.0497371
0.650654 0.00943583 0.0492422
0.651655 0.00932861 0.0487508
0.652656 0.00922221 0.0482629
0.653657 0.00911663 0.0477785
0.654658 0.00901185 0.0472976
0.655659 0.00890788 0.0468202
0.65666 0.00880473 0.0463463
0.657661 0.00870241 0.0458759
0.658662 0.00860092 0.045409
0.659663 0.00850027 0.0449456
0.660664 0.00840043 0.0444858
0.661665 0.0083014 0.0440293
0.662666 0.00820316 0.0435762
0.663667 0.00810572 0.0431266
0.664668 0.00800906 0.0426802
0.665669 0.00791318 0.0422372
0.66667 0.00781806 0.0417974
0.667671 0.0077237 0.0413609
0.668672 0.00763008 0.0409276
0.669673 0.00753721 0.0404974
0.670674 0.00744507 0.0400704
0.671675 0.00735365 0.0396466
0.672676 0.00726295 0.0392258
0.673677 0.00717296 0.0388081
0.674678 0.00708369 0.0383935
0.675679 0.00699516 0.0379821
0.67668 0.00690736 0.0375738
0.677681 0.0068203 0.0371687
0.678682 0.00673396 0.0367667
0.679683 0.00664836 0.0363679
0.680684 0.00656348 0.0359722
0.681685 0.00647932 0.0355795
0.682686 0.00639588 0.03519
0.683687 0.00631316 0.0348035
0.684688 0.00623115 0.03442
0.685689 0.00614985 0.0340396
0.68669 0.00606926 0.0336622
0.687691 0.00598937 0.0332878
0.688692 0.00591019 0.0329165
0.689693 0.00583171 0.0325481
0.690694 0.00575392 0.0321826
0.691695 0.00567683 0.0318202
0.692696 0.00560047 0.0314608
0.693697 0.00552483 0.0311045
0.694698 0.00544991 0.0307513
0.695699 0.00537569 0.0304012
0.6967 0.00530218 0.030054
0.697701 0.00522935 0.0297097
0.698702 0.00515721 0.0293684
0.699703 0.00508575 0.02903
0.700704 0.00501495 0.0286944
0.701705 0.00494481 0.0283616
0.702706 0.00487533 0.0280316
0.703707 0.00480649 0.0277044
0.704708 0.00473829 0.0273798
0.705709 0.00467071 0.0270579
0.70671 0.00460376 0.0267387
0.707711 0.00453743 0.026422
0.708712 0.0044717 0.0261079
0.709713 0.00440658 0.0257964
0.710714 0.00434211 0.0254877
0.711715 0.00427827 0.0251817
0.712716 0.00421507 0.0248784
0.713717 0.00415251 0.0245779
0.714718 0.00409057 0.0242799
0.715719 0.00402926 0.0239847
0.71672 0.00396856 0.0236921
0.717721 0.00390849 0.023402
0.718722 0.00384903 0.0231146
0.719723 0.00379017 0.0228297
0.720724 0.00373193 0.0225474
0.721725 0.00367428 0.0222676
0.722725 0.00361723 0.0219903
0.723726 0.00356078 0.0217155
0.724727 0.00350492 0.0214432
0.725728 0.00344965 0.0211733
0.726729 0.00339496 0.0209059
0.72773 0.00334088 0.0206409
0.728731 0.00328743 0.0203787
0.729732 0.00323459 0.020119
0.730733 0.00318236 0.0198619
0.731734 0.00313073 0.0196073
0.732735 0.0030797 0.0193552
0.733736 0.00302925 0.0191055
0.734737 0.00297937 0.0188583
0.735738 0.00293006 0.0186134
0.736739 0.00288131 0.0183709
0.73774 0.00283312 0.0181307
0.738741 0.00278546 0.0178927
0.739742 0.00273834 0.017657
0.740743 0.00269175 0.0174234
0.741744 0.00264568 0.017192
0.742745 0.00260012 0.0169628
0.743746 0.00255507 0.0167356
0.744747 0.00251051 0.0165104
0.745748 0.0024665 0.0162876
0.746749 0.00242304 0.016067
0.74775 0.00238012 0.0158487
0.748751 0.00233774 0.0156326
0.749752 0.0022959 0.0154187
0.750753 0.00225458 0.0152071
0.751754 0.00221378 0.0149976
0.752755 0.0021735 0.0147902
0.753756 0.00213372 0.014585
0.754757 0.00209445 0.0143818
0.755758 0.00205567 0.0141808
0.756759 0.00201739 0.0139817
0.75776 0.00197959 0.0137847
0.758761 0.00194227 0.0135896
0.759762 0.00190543 0.0133965
0.760763 0.00186905 0.0132054
0.761764 0.00183314 0.0130162
0.762765 0.00179769 0.0128289
0.763766 0.00176276 0.0126437
0.764767 0.00172834 0.0124606
0.765768 0.00169443 0.0122797
0.766769 0.00166101 0.0121008
0.76777 0.00162808 0.011924
0.768771 0.00159563 0.0117491
0.769772 0.00156366 0.0115761
0.770773 0.00153214 0.0114051
0.771774 0.00150107 0.011236
0.772775 0.00147045 0.0110687
0.773776 0.00144026 0.0109032
0.774777 0.0014105 0.0107395
0.775778 0.00138116 0.0105775
0.776779 0.00135222 0.0104173
0.77778 0.00132369 0.0102587
0.778781 0.00129555 0.0101017
0.779782 0.00126779 0.00994637
0.780783 0.00124042 0.00979266
0.781784 0.00121351 0.00964079
0.782785 0.00118705 0.00949075
0.783786 0.00116102 0.00934252
0.784787 0.00113542 0.00919606
0.785788 0.00111025 0.00905136
0.786789 0.00108549 0.00890838
0.78779 0.00106113 0.0087671
0.788791 0.00103718 0.00862748
0.789792 0.00101361 0.00848951
0.790793 0.000990433 0.00835316
0.791794 0.000967626 0.0082184
0.792795 0.000945187 0.0080852
0.793796 0.000923107 0.00795355
0.794797 0.000901379 0.0078234
0.795798 0.000879995 0.00769475
0.796799 0.000858948 0.00756755
0.7978 0.000838231 0.0074418
0.798801 0.000817864 0.00731755
0.799802 0.000797903 0.00719498
0.800803 0.000778341 0.00707408
0.801804 0.000759168 0.0069548
0.802805 0.000740372 0.00683712
0.803806 0.000721945 0.00672099
0.804807 0.000703875 0.00660639
0.805808 0.000686154 0.00649328
0.806809 0.00066877 0.00638163
0.80781 0.000651715 0.0062714
0.808811 0.000634979 0.00616258
0.809812 0.000618551 0.00605511
0.810813 0.000602423 0.00594898
0.811814 0.000586584 0.00584415
0.812815 0.000571026 0.00574058
0.813816 0.000555738 0.00563825
0.814817 0.000540712 0.00553713
0.815818 0.000525938 0.00543719
0.816819 0.000511444 0.0053385
0.81782 0.000497289 0.00524124
0.818821 0.000483463 0.00514538
0.819822 0.000469957 0.0050509
0.820823 0.000456761 0.00495777
0.821824 0.000443866 0.00486596
0.822825 0.000431263 0.00477545
0.823826 0.000418943 0.00468621
0.824827 0.000406896 0.00459822
0.825828 0.000395112 0.00451145
0.826829 0.000383584 0.00442587
0.82783 0.000372302 0.00434146
0.828831 0.000361257 0.00425819
0.829832 0.000350439 0.00417605
0.830833 0.000339842 0.00409499
0.831834 0.000329454 0.00401501
0.832835 0.000319269 0.00393607
0.833835 0.000309277 0.00385815
0.834836 0.000299511 0.00378135
0.835837 0.000290025 0.0037058
0.836838 0.000280811 0.00363149
0.837839 0.000271857 0.00355839
0.83884 0.000263155 0.00348646
0.839841 0.000254694 0.00341567
0.840842 0.000246464 0.003346
0.841843 0.000238456 0.00327742
0.842844 0.00023066 0.0032099
0.843845 0.000223067 0.00314341
0.844846 0.000215666 0.00307793
0.845847 0.000208449 0.00301341
0.846848 0.000201406 0.00294985
0.847849 0.000194528 0.0028872
0.84885 0.000187805 0.00282544
0.849851 0.000181228 0.00276455
0.850852 0.000174789 0.0027045
0.851853 0.000168478 0.00264525
0.852854 0.000162327 0.0025869
0.853855 0.000156388 0.0025296
0.854856 0.000150654 0.00247332
0.855857 0.000145116 0.00241803
0.856858 0.000139764 0.00236372
0.857859 0.000134592 0.00231036
0.85886 0.000129589 0.00225792
0.859861 0.000124749 0.00220638
0.860862 0.000120061 0.00215572
0.861863 0.000115519 0.00210591
0.862864 0.000111114 0.00205694
0.863865 0.000106837 0.00200878
0.864866 0.000102681 0.0019614
0.865867 9.86371e-05 0.00191478
0.866868 9.46978e-05 0.00186891
0.867869 9.0855e-05 0.00182375
0.86887 8.71007e-05 0.0017793
0.869871 8.34271e-05 0.00173551
0.870872 7.98614e-05 0.00169248
0.871873 7.64506e-05 0.00165034
0.872874 7.31878e-05 0.00160907
0.873875 7.00654e-05 0.00156865
0.874876 6.70758e-05 0.00152904
0.875877 6.42117e-05 0.00149022
0.876878 6.14655e-05 0.00145218
0.877879 5.88301e-05 0.00141488
0.87888 5.62979e-05 0.0013783
0.879881 5.38618e-05 0.00134241
0.880882 5.15146e-05 0.00130721
0.881883 4.92491e-05 0.00127265
0.882884 4.70581e-05 0.00123871
0.883885 4.49347e-05 0.00120538
0.884886 4.28717e-05 0.00117263
0.885887 4.08622e-05 0.00114044
0.886888 3.88993e-05 0.00110878
0.887889 3.69761e-05 0.00107763
0.88889 3.51121e-05 0.00104706
0.889891 3.33478e-05 0.00101721
0.890892 3.16784e-05 0.000988048
0.891893 3.00984e-05 0.000959562
0.892894 2.86023e-05 0.000931732
0.893895 2.71848e-05 0.000904535
0.894896 2.58403e-05 0.000877952
0.895897 2.45635e-05 0.000851963
0.896898 2.33491e-05 0.000826548
0.897899 2.21918e-05 0.000801687
0.8989 2.10863e-05 0.000777361
0.899901 2.00273e-05 0.000753549
0.900902 1.90096e-05 0.000730233
0.901903 1.80282e-05 0.000707392
0.902904 1.70779e-05 0.000685008
0.903905 1.61535e-05 0.000663062
0.904906 1.525e-05 0.000641535
0.905907 1.43624e-05 0.000620408
0.906908 1.35033e-05 0.000599737
0.907909 1.27023e-05 0.00057965
0.90891 1.19565e-05 0.00056013
0.909911 1.12623e-05 0.000541156
0.910912 1.06158e-05 0.000522708
0.911913 1.00134e-05 0.000504766
0.912914 9.45152e-06 0.000487311
0.913915 8.92648e-06 0.000470322
0.914916 8.43471e-06 0.000453781
0.915917 7.97261e-06 0.000437667
0.916918 7.53663e-06 0.000421962
0.917919 7.12326e-06 0.000406646
0.91892 6.72897e-06 0.000391699
0.919921 6.35029e-06 0.000377104
0.920922 5.98375e-06 0.000362841
0.921923 5.62592e-06 0.000348892
0.922924 5.27338e-06 0.000335238
0.923925 4.92273e-06 0.00032186
0.924926 4.58169e-06 0.000308811
0.925927 4.26852e-06 0.00029621
0.926928 3.98173e-06 0.000284041
0.927929 3.71935e-06 0.000272287
0.92893 3.47942e-06 0.000260931
0.929931 3.26e-06 0.000249956
0.930932 3.05915e-06 0.000239345
0.931933 2.87496e-06 0.000229081
0.932934 2.70552e-06 0.000219147
0.933935 2.54894e-06 0.000209527
0.934936 2.40333e-06 0.000200204
0.935937 2.26683e-06 0.000191161
0.936938 2.13757e-06 0.000182383
0.937939 2.01371e-06 0.000173853
0.93894 1.89341e-06 0.000165555
0.939941 1.77486e-06 0.000157473
0.940942 1.65623e-06 0.000149591
0.941943 1.53573e-06 0.000141893
0.942944 1.41859e-06 0.000134444
0.943945 1.31274e-06 0.000127333
0.944945 1.21735e-06 0.000120546
0.945946 1.13155e-06 0.000114066
0.946947 1.05449e-06 0.000107877
0.947948 9.85316e-07 0.000101965
0.948949 9.23176e-07 9.63129e-05
0.94995 8.67229e-07 9.09065e-05
0.950951 8.16638e-07 8.573e-05
0.951952 7.7057e-07 8.07683e-05
0.952953 7.28198e-07 7.60063e-05
0.953954 6.88701e-07 7.14291e-05
0.954955 6.51262e-07 6.70217e-05
0.955956 6.15069e-07 6.27693e-05
0.956957 5.79317e-07 5.86572e-05
0.957958 5.43202e-07 5.46708e-05
0.958959 5.0593e-07 5.07955e-05
0.95996 4.66994e-07 4.70246e-05
0.960961 4.30338e-07 4.34686e-05
0.961962 3.97225e-07 4.01556e-05
0.962963 3.67364e-07 3.70703e-05
0.963964 3.40463e-07 3.41973e-05
0.964965 3.16234e-07 3.15216e-05
0.965966 2.94388e-07 2.90279e-05
0.966967 2.74641e-07 2.67013e-05
0.967968 2.56708e-07 2.45269e-05
0.968969 2.40306e-07 2.24898e-05
0.96997 2.25157e-07 2.05754e-05
0.970971 2.1098e-07 1.8769e-05
0.971972 1.97498e-07 1.7056e-05
0.972973 1.84438e-07 1.5422e-05
0.973974 1.71524e-07 1.38526e-05
0.974975 1.58485e-07 1.23336e-05
0.975976 1.45051e-07 1.08506e-05
0.976977 1.31212e-07 9.40983e-06
0.977978 1.18459e-07 8.12822e-06
0.978979 1.06969e-07 7.01297e-06
0.97998 9.66168e-08 6.04716e-06
0.980981 8.72779e-08 5.21398e-06
0.981982 7.88285e-08 4.49675e-06
0.982983 7.11455e-08 3.87884e-06
0.983984 6.41064e-08 3.34377e-06
0.984985 5.75898e-08 2.87511e-06
0.985986 5.14747e-08 2.45658e-06
0.986987 4.5641e-08 2.07197e-06
0.987988 3.99694e-08 1.70516e-06
0.988989 3.4341e-08 1.34016e-06
0.98999 2.8638e-08 9.61038e-07
0.990991 2.31541e-08 6.10478e-07
0.991992 1.85813e-08 3.84075e-07
0.992993 1.47586e-08 2.53017e-07
0.993994 1.15002e-08 1.84928e-07
0.994995 8.6214e-09 1.4763e-07
0.995996 5.93855e-09 1.09139e-07
0.996997 3.41298e-09 5.14343e-08
0.997998 1.75705e-09 3.79163e-08
0.998999 5.29554e-10 3.22365e-08
1 0 4.10665e-24
