1.5 1.69566 0.409802
1.5986 2.19719 0.425239
1.6972 2.67711 0.440204
1.7958 3.13452 0.454625
1.89439 3.57225 0.468558
1.99299 3.99095 0.482003
2.09159 4.39079 0.494946
2.19019 4.77383 0.507434
2.28879 5.14151 0.519501
2.38739 5.4943 0.531152
2.48599 5.83271 0.542396
2.58458 6.15794 0.553261
2.68318 6.47143 0.563787
2.78178 6.77366 0.573985
2.88038 7.06511 0.583864
2.97898 7.34622 0.593437
3.07758 7.61751 0.602715
3.17618 7.88003 0.61173
3.27477 8.13434 0.620495
3.37337 8.38078 0.62902
3.47197 8.6197 0.637315
3.57057 8.85141 0.645388
3.66917 9.07621 0.653246
3.76777 9.29438 0.660899
3.86637 9.50723 0.66836
3.96496 9.71553 0.675643
4.06356 9.91891 0.682755
4.16216 10.1171 0.689703
4.26076 10.3098 0.696493
4.35936 10.4968 0.703129
4.45796 10.6781 0.709619
4.55656 10.8534 0.715967
4.65516 11.0227 0.722177
4.75375 11.186 0.728256
4.85235 11.3435 0.734211
4.95095 11.4957 0.740049
5.04955 11.6433 0.745774
5.14815 11.7865 0.75139
5.24675 11.9258 0.7569
5.34535 12.0616 0.762308
5.44394 12.194 0.767616
5.54254 12.3236 0.772828
5.64114 12.4504 0.777946
5.73974 12.5748 0.782973
5.83834 12.6969 0.787912
5.93694 12.8171 0.792765
6.03554 12.9354 0.797535
6.13413 13.0521 0.802223
6.23273 13.167 0.806835
6.33133 13.28 0.811374
6.42993 13.391 0.815842
6.52853 13.5002 0.820242
6.62713 13.6076 0.824574
6.72573 13.7132 0.828841
6.82432 13.8171 0.833045
6.92292 13.9194 0.837186
7.02152 14.02 0.841268
7.12012 14.1191 0.84529
7.21872 14.2167 0.849255
7.31732 14.3127 0.853165
7.41592 14.4073 0.85702
7.51451 14.5005 0.860821
7.61311 14.5923 0.864571
7.71171 14.6827 0.86827
7.81031 14.7719 0.87192
7.90891 14.8597 0.875521
8.00751 14.9463 0.879075
8.10611 15.0317 0.882582
8.2047 15.1159 0.886046
8.3033 15.1989 0.889467
8.4019 15.2809 0.892846
8.5005 15.3619 0.896185
8.5991 15.4417 0.899485
8.6977 15.5206 0.902745
8.7963 15.5985 0.905967
8.89489 15.6754 0.909152
8.99349 15.7513 0.9123
9.09209 15.8263 0.915413
9.19069 15.9004 0.91849
9.28929 15.9736 0.921534
9.38789 16.0459 0.924543
9.48649 16.1174 0.92752
9.58509 16.188 0.930464
9.68368 16.2578 0.933377
9.78228 16.3268 0.936258
9.88088 16.3949 0.939109
9.97948 16.4624 0.94193
10.0781 16.529 0.944722
10.1767 16.5949 0.947485
10.2753 16.6601 0.950219
10.3739 16.7246 0.952926
10.4725 16.7883 0.955605
10.5711 16.8514 0.958258
10.6697 16.9138 0.960884
10.7683 16.9755 0.963485
10.8669 17.0366 0.96606
10.9655 17.097 0.96861
11.0641 17.1568 0.971136
11.1627 17.2161 0.973639
11.2613 17.2747 0.976119
11.3599 17.3327 0.978576
11.4585 17.3902 0.981011
11.5571 17.4472 0.983425
11.6557 17.5036 0.985817
11.7543 17.5594 0.988188
11.8529 17.6147 0.990538
11.9515 17.6695 0.992867
12.0501 17.7238 0.995177
12.1486 17.7776 0.997467
12.2472 17.8309 0.999737
12.3458 17.8837 1.00199
12.4444 17.936 1.00422
12.543 17.9879 1.00643
12.6416 18.0393 1.00863
12.7402 18.0902 1.01081
12.8388 18.1407 1.01296
12.9374 18.1907 1.01511
13.036 18.2403 1.01723
13.1346 18.2895 1.01934
13.2332 18.3382 1.02143
13.3318 18.3866 1.0235
13.4304 18.4345 1.02556
13.529 18.482 1.0276
13.6276 18.5291 1.02963
13.7262 18.5759 1.03164
13.8248 18.6222 1.03363
13.9234 18.6682 1.03561
14.022 18.7138 1.03758
14.1206 18.759 1.03953
14.2192 18.8038 1.04146
14.3178 18.8483 1.04339
14.4164 18.8924 1.04529
14.515 18.9362 1.04719
14.6136 18.9797 1.04906
14.7122 19.0228 1.05093
14.8108 19.0655 1.05278
14.9094 19.1079 1.05462
15.008 19.15 1.05645
15.1066 19.1918 1.05826
15.2052 19.2333 1.06006
15.3038 19.2744 1.06185
15.4024 19.3153 1.06362
15.501 19.3559 1.06539
15.5996 19.3961 1.06714
15.6982 19.4361 1.06888
15.7968 19.4758 1.07061
15.8954 19.5152 1.07232
15.994 19.5543 1.07403
16.0926 19.5932 1.07572
16.1912 19.6318 1.07741
16.2898 19.6701 1.07908
16.3884 19.7082 1.08074
16.487 19.746 1.0824
16.5856 19.7835 1.08404
16.6842 19.8208 1.08567
16.7828 19.8578 1.08729
16.8814 19.8946 1.0889
16.98 19.9311 1.0905
17.0786 19.9674 1.09209
17.1772 20.0035 1.09367
17.2758 20.0393 1.09525
17.3744 20.0748 1.09681
17.473 20.1102 1.09836
17.5716 20.1453 1.0999
17.6702 20.1802 1.10144
17.7688 20.2149 1.10296
17.8674 20.2493 1.10448
17.966 20.2836 1.10599
18.0646 20.3176 1.10749
18.1632 20.3514 1.10898
18.2618 20.385 1.11046
18.3604 20.4183 1.11193
18.459 20.4515 1.11339
18.5576 20.4845 1.11485
18.6562 20.5172 1.1163
18.7548 20.5498 1.11773
18.8534 20.5822 1.11917
18.952 20.6143 1.12059
19.0506 20.6463 1.122
19.1491 20.6781 1.12341
19.2477 20.7097 1.12481
19.3463 20.7411 1.1262
19.4449 20.7723 1.12759
19.5435 20.8034 1.12896
19.6421 20.8342 1.13033
19.7407 20.8649 1.13169
19.8393 20.8954 1.13305
19.9379 20.9257 1.13439
20.0365 20.9559 1.13573
20.1351 20.9859 1.13707
20.2337 21.0157 1.13839
20.3323 21.0453 1.13971
20.4309 21.0748 1.14102
20.5295 21.1041 1.14233
20.6281 21.1332 1.14362
20.7267 21.1622 1.14492
20.8253 21.191 1.1462
20.9239 21.2197 1.14748
21.0225 21.2482 1.14875
21.1211 21.2765 1.15002
21.2197 21.3047 1.15127
21.3183 21.3328 1.15253
21.4169 21.3606 1.15377
21.5155 21.3884 1.15501
21.6141 21.416 1.15625
21.7127 21.4434 1.15747
21.8113 21.4707 1.1587
21.9099 21.4979 1.15991
22.0085 21.5249 1.16112
22.1071 21.5518 1.16233
22.2057 21.5785 1.16353
22.3043 21.6051 1.16472
22.4029 21.6316 1.16591
22.5015 21.6579 1.16709
22.6001 21.6841 1.16826
22.6987 21.7102 1.16943
22.7973 21.7362 1.1706
22.8959 21.762 1.17176
22.9945 21.7877 1.17292
23.0931 21.8132 1.17407
23.1917 21.8387 1.17521
23.2903 21.864 1.17635
23.3889 21.8892 1.17748
23.4875 21.9142 1.17861
23.5861 21.9392 1.17974
23.6847 21.964 1.18085
23.7833 21.9887 1.18197
23.8819 22.0133 1.18308
23.9805 22.0378 1.18418
24.0791 22.0622 1.18528
24.1777 22.0864 1.18637
24.2763 22.1105 1.18746
24.3749 22.1346 1.18855
24.4735 22.1585 1.18963
24.5721 22.1823 1.1907
24.6707 22.2059 1.19178
24.7693 22.2295 1.19284
24.8679 22.253 1.1939
24.9665 22.2763 1.19496
25.0651 22.2996 1.19601
25.1637 22.3227 1.19706
25.2623 22.3458 1.19811
25.3609 22.3687 1.19915
25.4595 22.3916 1.20018
25.5581 22.4143 1.20121
25.6567 22.4369 1.20224
25.7553 22.4595 1.20326
25.8539 22.4819 1.20428
25.9525 22.5042 1.20529
26.0511 22.5265 1.2063
26.1496 22.5486 1.20731
26.2482 22.5707 1.20831
26.3468 22.5926 1.20931
26.4454 22.6144 1.2103
26.544 22.6362 1.21129
26.6426 22.6579 1.21228
26.7412 22.6794 1.21326
26.8398 22.7009 1.21424
26.9384 22.7223 1.21521
27.037 22.7436 1.21618
27.1356 22.7648 1.21715
27.2342 22.7859 1.21811
27.3328 22.8069 1.21907
27.4314 22.8279 1.22002
27.53 22.8487 1.22097
27.6286 22.8695 1.22192
27.7272 22.8902 1.22287
27.8258 22.9108 1.22381
27.9244 22.9313 1.22474
28.023 22.9517 1.22568
28.1216 22.9721 1.22661
28.2202 22.9923 1.22753
28.3188 23.0125 1.22845
28.4174 23.0326 1.22937
28.516 23.0526 1.23029
28.6146 23.0725 1.2312
28.7132 23.0924 1.23211
28.8118 23.1122 1.23302
28.9104 23.1318 1.23392
29.009 23.1515 1.23482
29.1076 23.171 1.23571
29.2062 23.1905 1.2366
29.3048 23.2098 1.23749
29.4034 23.2292 1.23838
29.502 23.2484 1.23926
29.6006 23.2675 1.24014
29.6992 23.2866 1.24102
29.7978 23.3056 1.24189
29.8964 23.3246 1.24276
29.995 23.3434 1.24363
30.0936 23.3622 1.24449
30.1922 23.3809 1.24535
30.2908 23.3996 1.24621
30.3894 23.4182 1.24706
30.488 23.4367 1.24791
30.5866 23.4551 1.24876
30.6852 23.4735 1.24961
30.7838 23.4918 1.25045
30.8824 23.51 1.25129
30.981 23.5282 1.25212
31.0796 23.5462 1.25296
31.1782 23.5643 1.25379
31.2768 23.5822 1.25462
31.3754 23.6001 1.25544
31.474 23.618 1.25626
31.5726 23.6357 1.25708
31.6712 23.6534 1.2579
31.7698 23.671 1.25871
31.8684 23.6886 1.25953
31.967 23.7061 1.26033
32.0656 23.7236 1.26114
32.1642 23.7409 1.26194
32.2628 23.7583 1.26274
32.3614 23.7755 1.26354
32.46 23.7927 1.26434
32.5586 23.8099 1.26513
32.6572 23.827 1.26592
32.7558 23.844 1.26671
32.8544 23.8609 1.26749
32.953 23.8778 1.26828
33.0516 23.8947 1.26906
33.1502 23.9115 1.26983
33.2487 23.9282 1.27061
33.3473 23.9449 1.27138
33.4459 23.9615 1.27215
33.5445 23.9781 1.27292
33.6431 23.9946 1.27368
33.7417 24.011 1.27445
33.8403 24.0274 1.27521
33.9389 24.0437 1.27597
34.0375 24.06 1.27672
34.1361 24.0762 1.27748
34.2347 24.0924 1.27823
34.3333 24.1085 1.27898
34.4319 24.1246 1.27972
34.5305 24.1406 1.28047
34.6291 24.1566 1.28121
34.7277 24.1725 1.28195
34.8263 24.1883 1.28269
34.9249 24.2042 1.28342
35.0235 24.2199 1.28415
35.1221 24.2356 1.28488
35.2207 24.2513 1.28561
35.3193 24.2669 1.28634
35.4179 24.2824 1.28706
35.5165 24.2979 1.28779
35.6151 24.3134 1.28851
35.7137 24.3288 1.28922
35.8123 24.3441 1.28994
35.9109 24.3594 1.29065
36.0095 24.3747 1.29136
36.1081 24.3899 1.29207
36.2067 24.405 1.29278
36.3053 24.4201 1.29349
36.4039 24.4352 1.29419
36.5025 24.4502 1.29489
36.6011 24.4652 1.29559
36.6997 24.4801 1.29629
36.7983 24.495 1.29698
36.8969 24.5098 1.29767
36.9955 24.5246 1.29836
37.0941 24.5393 1.29905
37.1927 24.554 1.29974
37.2913 24.5687 1.30043
37.3899 24.5833 1.30111
37.4885 24.5978 1.30179
37.5871 24.6124 1.30247
37.6857 24.6268 1.30315
37.7843 24.6413 1.30382
37.8829 24.6556 1.30449
37.9815 24.67 1.30517
38.0801 24.6843 1.30584
38.1787 24.6985 1.3065
38.2773 24.7127 1.30717
38.3759 24.7269 1.30783
38.4745 24.741 1.3085
38.5731 24.7551 1.30916
38.6717 24.7691 1.30981
38.7703 24.7831 1.31047
38.8689 24.7971 1.31113
38.9675 24.811 1.31178
39.0661 24.8249 1.31243
39.1647 24.8387 1.31308
39.2633 24.8525 1.31373
39.3619 24.8663 1.31437
39.4605 24.88 1.31502
39.5591 24.8937 1.31566
39.6577 24.9073 1.3163
39.7563 24.9209 1.31694
39.8549 24.9345 1.31758
39.9535 24.948 1.31821
40.0521 24.9615 1.31885
40.1507 24.9749 1.31948
40.2492 24.9883 1.32011
40.3478 25.0017 1.32074
40.4464 25.015 1.32137
40.545 25.0283 1.32199
40.6436 25.0415 1.32262
40.7422 25.0548 1.32324
40.8408 25.0679 1.32386
40.9394 25.0811 1.32448
41.038 25.0942 1.3251
41.1366 25.1072 1.32571
41.2352 25.1203 1.32633
41.3338 25.1333 1.32694
41.4324 25.1462 1.32755
41.531 25.1591 1.32816
41.6296 25.172 1.32877
41.7282 25.1849 1.32937
41.8268 25.1977 1.32998
41.9254 25.2105 1.33058
42.024 25.2232 1.33118
42.1226 25.2359 1.33178
42.2212 25.2486 1.33238
42.3198 25.2612 1.33298
42.4184 25.2739 1.33358
42.517 25.2864 1.33417
42.6156 25.299 1.33476
42.7142 25.3115 1.33535
42.8128 25.3239 1.33594
42.9114 25.3364 1.33653
43.01 25.3488 1.33712
43.1086 25.3612 1.3377
43.2072 25.3735 1.33829
43.3058 25.3858 1.33887
43.4044 25.3981 1.33945
43.503 25.4103 1.34003
43.6016 25.4225 1.34061
43.7002 25.4347 1.34118
43.7988 25.4468 1.34176
43.8974 25.4589 1.34233
43.996 25.471 1.34291
44.0946 25.4831 1.34348
44.1932 25.4951 1.34405
44.2918 25.5071 1.34461
44.3904 25.519 1.34518
44.489 25.531 1.34575
44.5876 25.5428 1.34631
44.6862 25.5547 1.34687
44.7848 25.5665 1.34743
44.8834 25.5783 1.34799
44.982 25.5901 1.34855
45.0806 25.6019 1.34911
45.1792 25.6136 1.34967
45.2778 25.6252 1.35022
45.3764 25.6369 1.35077
45.475 25.6485 1.35133
45.5736 25.6601 1.35188
45.6722 25.6717 1.35243
45.7708 25.6832 1.35298
45.8694 25.6947 1.35352
45.968 25.7062 1.35407
46.0666 25.7176 1.35461
46.1652 25.729 1.35515
46.2638 25.7404 1.3557
46.3624 25.7518 1.35624
46.461 25.7631 1.35678
46.5596 25.7744 1.35731
46.6582 25.7857 1.35785
46.7568 25.797 1.35839
46.8554 25.8082 1.35892
46.954 25.8194 1.35945
47.0526 25.8305 1.35999
47.1512 25.8417 1.36052
47.2497 25.8528 1.36105
47.3483 25.8639 1.36157
47.4469 25.8749 1.3621
47.5455 25.886 1.36263
47.6441 25.897 1.36315
47.7427 25.9079 1.36367
47.8413 25.9189 1.3642
47.9399 25.9298 1.36472
48.0385 25.9407 1.36524
48.1371 25.9516 1.36576
48.2357 25.9624 1.36627
48.3343 25.9732 1.36679
48.4329 25.984 1.36731
48.5315 25.9948 1.36782
48.6301 26.0055 1.36833
48.7287 26.0163 1.36885
48.8273 26.027 1.36936
48.9259 26.0376 1.36987
49.0245 26.0483 1.37037
49.1231 26.0589 1.37088
49.2217 26.0695 1.37139
49.3203 26.0801 1.37189
49.4189 26.0906 1.3724
49.5175 26.1011 1.3729
49.6161 26.1116 1.3734
49.7147 26.1221 1.3739
49.8133 26.1325 1.3744
49.9119 26.143 1.3749
50.0105 26.1534 1.3754
50.1091 26.1638 1.3759
50.2077 26.1741 1.37639
50.3063 26.1844 1.37689
50.4049 26.1947 1.37738
50.5035 26.205 1.37787
50.6021 26.2153 1.37837
50.7007 26.2255 1.37886
50.7993 26.2357 1.37935
50.8979 26.2459 1.37983
50.9965 26.2561 1.38032
51.0951 26.2663 1.38081
51.1937 26.2764 1.38129
51.2923 26.2865 1.38178
51.3909 26.2966 1.38226
51.4895 26.3066 1.38274
51.5881 26.3166 1.38323
51.6867 26.3267 1.38371
51.7853 26.3366 1.38419
51.8839 26.3466 1.38466
51.9825 26.3566 1.38514
52.0811 26.3665 1.38562
52.1797 26.3764 1.38609
52.2783 26.3863 1.38657
52.3769 26.3961 1.38704
52.4755 26.406 1.38751
52.5741 26.4158 1.38799
52.6727 26.4256 1.38846
52.7713 26.4354 1.38893
52.8699 26.4451 1.3894
52.9685 26.4548 1.38986
53.0671 26.4645 1.39033
53.1657 26.4742 1.3908
53.2643 26.4839 1.39126
53.3629 26.4936 1.39173
53.4615 26.5032 1.39219
53.5601 26.5128 1.39265
53.6587 26.5224 1.39311
53.7573 26.5319 1.39357
53.8559 26.5415 1.39403
53.9545 26.551 1.39449
54.0531 26.5605 1.39495
54.1517 26.57 1.39541
54.2503 26.5795 1.39586
54.3488 26.5889 1.39632
54.4474 26.5983 1.39677
54.546 26.6077 1.39722
54.6446 26.6171 1.39768
54.7432 26.6265 1.39813
54.8418 26.6358 1.39858
54.9404 26.6452 1.39903
55.039 26.6545 1.39948
55.1376 26.6638 1.39993
55.2362 26.673 1.40037
55.3348 26.6823 1.40082
55.4334 26.6915 1.40126
55.532 26.7007 1.40171
55.6306 26.7099 1.40215
55.7292 26.7191 1.4026
55.8278 26.7283 1.40304
55.9264 26.7374 1.40348
56.025 26.7465 1.40392
56.1236 26.7556 1.40436
56.2222 26.7647 1.4048
56.3208 26.7738 1.40524
56.4194 26.7828 1.40567
56.518 26.7918 1.40611
56.6166 26.8008 1.40654
56.7152 26.8098 1.40698
56.8138 26.8188 1.40741
56.9124 26.8277 1.40785
57.011 26.8367 1.40828
57.1096 26.8456 1.40871
57.2082 26.8545 1.40914
57.3068 26.8634 1.40957
57.4054 26.8722 1.41
57.504 26.8811 1.41043
57.6026 26.8899 1.41085
57.7012 26.8987 1.41128
57.7998 26.9075 1.41171
57.8984 26.9163 1.41213
57.997 26.9251 1.41255
58.0956 26.9338 1.41298
58.1942 26.9425 1.4134
58.2928 26.9512 1.41382
58.3914 26.9599 1.41424
58.49 26.9686 1.41466
58.5886 26.9772 1.41508
58.6872 26.9859 1.4155
58.7858 26.9945 1.41592
58.8844 27.0031 1.41634
58.983 27.0117 1.41675
59.0816 27.0203 1.41717
59.1802 27.0288 1.41758
59.2788 27.0374 1.418
59.3774 27.0459 1.41841
59.476 27.0544 1.41882
59.5746 27.0629 1.41924
59.6732 27.0714 1.41965
59.7718 27.0798 1.42006
59.8704 27.0883 1.42047
59.969 27.0967 1.42088
60.0676 27.1051 1.42128
60.1662 27.1135 1.42169
60.2648 27.1219 1.4221
60.3634 27.1302 1.4225
60.462 27.1386 1.42291
60.5606 27.1469 1.42331
60.6592 27.1552 1.42372
60.7578 27.1635 1.42412
60.8564 27.1718 1.42452
60.955 27.1801 1.42493
61.0536 27.1883 1.42533
61.1522 27.1965 1.42573
61.2508 27.2048 1.42613
61.3493 27.213 1.42653
61.4479 27.2212 1.42693
61.5465 27.2293 1.42732
61.6451 27.2375 1.42772
61.7437 27.2456 1.42812
61.8423 27.2538 1.42851
61.9409 27.2619 1.42891
62.0395 27.27 1.4293
62.1381 27.2781 1.42969
62.2367 27.2861 1.43009
62.3353 27.2942 1.43048
62.4339 27.3022 1.43087
62.5325 27.3102 1.43126
62.6311 27.3182 1.43165
62.7297 27.3262 1.43204
62.8283 27.3342 1.43243
62.9269 27.3422 1.43282
63.0255 27.3501 1.43321
63.1241 27.3581 1.43359
63.2227 27.366 1.43398
63.3213 27.3739 1.43436
63.4199 27.3818 1.43475
63.5185 27.3897 1.43513
63.6171 27.3975 1.43552
63.7157 27.4054 1.4359
63.8143 27.4132 1.43628
63.9129 27.421 1.43666
64.0115 27.4289 1.43704
64.1101 27.4366 1.43742
64.2087 27.4444 1.4378
64.3073 27.4522 1.43818
64.4059 27.4599 1.43856
64.5045 27.4677 1.43894
64.6031 27.4754 1.43932
64.7017 27.4831 1.43969
64.8003 27.4908 1.44007
64.8989 27.4985 1.44044
64.9975 27.5062 1.44082
65.0961 27.5138 1.44119
65.1947 27.5215 1.44157
65.2933 27.5291 1.44194
65.3919 27.5367 1.44231
65.4905 27.5443 1.44268
65.5891 27.5519 1.44305
65.6877 27.5595 1.44342
65.7863 27.5671 1.44379
65.8849 27.5746 1.44416
65.9835 27.5821 1.44453
66.0821 27.5897 1.4449
66.1807 27.5972 1.44527
66.2793 27.6047 1.44563
66.3779 27.6122 1.446
66.4765 27.6196 1.44637
66.5751 27.6271 1.44673
66.6737 27.6345 1.44709
66.7723 27.642 1.44746
66.8709 27.6494 1.44782
66.9695 27.6568 1.44818
67.0681 27.6642 1.44855
67.1667 27.6716 1.44891
67.2653 27.6789 1.44927
67.3639 27.6863 1.44963
67.4625 27.6936 1.44999
67.5611 27.701 1.45035
67.6597 27.7083 1.45071
67.7583 27.7156 1.45106
67.8569 27.7229 1.45142
67.9555 27.7302 1.45178
68.0541 27.7374 1.45214
68.1527 27.7447 1.45249
68.2513 27.7519 1.45285
68.3498 27.7592 1.4532
68.4484 27.7664 1.45356
68.547 27.7736 1.45391
68.6456 27.7808 1.45426
68.7442 27.788 1.45461
68.8428 27.7952 1.45497
68.9414 27.8023 1.45532
69.04 27.8095 1.45567
69.1386 27.8166 1.45602
69.2372 27.8237 1.45637
69.3358 27.8308 1.45672
69.4344 27.8379 1.45707
69.533 27.845 1.45741
69.6316 27.8521 1.45776
69.7302 27.8592 1.45811
69.8288 27.8662 1.45845
69.9274 27.8733 1.4588
70.026 27.8803 1.45915
70.1246 27.8873 1.45949
70.2232 27.8943 1.45983
70.3218 27.9013 1.46018
70.4204 27.9083 1.46052
70.519 27.9153 1.46086
70.6176 27.9222 1.46121
70.7162 27.9292 1.46155
70.8148 27.9361 1.46189
70.9134 27.9431 1.46223
71.012 27.95 1.46257
71.1106 27.9569 1.46291
71.2092 27.9638 1.46325
71.3078 27.9707 1.46359
71.4064 27.9775 1.46393
71.505 27.9844 1.46426
71.6036 27.9912 1.4646
71.7022 27.9981 1.46494
71.8008 28.0049 1.46527
71.8994 28.0117 1.46561
71.998 28.0185 1.46594
72.0966 28.0253 1.46628
72.1952 28.0321 1.46661
72.2938 28.0389 1.46695
72.3924 28.0456 1.46728
72.491 28.0524 1.46761
72.5896 28.0591 1.46794
72.6882 28.0659 1.46827
72.7868 28.0726 1.46861
72.8854 28.0793 1.46894
72.984 28.086 1.46927
73.0826 28.0927 1.4696
73.1812 28.0994 1.46992
73.2798 28.106 1.47025
73.3784 28.1127 1.47058
73.477 28.1193 1.47091
73.5756 28.126 1.47124
73.6742 28.1326 1.47156
73.7728 28.1392 1.47189
73.8714 28.1458 1.47221
73.97 28.1524 1.47254
74.0686 28.159 1.47286
74.1672 28.1656 1.47319
74.2658 28.1721 1.47351
74.3644 28.1787 1.47384
74.463 28.1852 1.47416
74.5616 28.1918 1.47448
74.6602 28.1983 1.4748
74.7588 28.2048 1.47512
74.8574 28.2113 1.47545
74.956 28.2178 1.47577
75.0546 28.2243 1.47609
75.1532 28.2307 1.47641
75.2518 28.2372 1.47673
75.3504 28.2437 1.47704
75.4489 28.2501 1.47736
75.5475 28.2565 1.47768
75.6461 28.263 1.478
75.7447 28.2694 1.47831
75.8433 28.2758 1.47863
75.9419 28.2822 1.47895
76.0405 28.2886 1.47926
76.1391 28.2949 1.47958
76.2377 28.3013 1.47989
76.3363 28.3077 1.48021
76.4349 28.314 1.48052
76.5335 28.3203 1.48083
76.6321 28.3267 1.48115
76.7307 28.333 1.48146
76.8293 28.3393 1.48177
76.9279 28.3456 1.48208
77.0265 28.3519 1.48239
77.1251 28.3582 1.48271
77.2237 28.3644 1.48302
77.3223 28.3707 1.48333
77.4209 28.377 1.48363
77.5195 28.3832 1.48394
77.6181 28.3894 1.48425
77.7167 28.3957 1.48456
77.8153 28.4019 1.48487
77.9139 28.4081 1.48518
78.0125 28.4143 1.48548
78.1111 28.4205 1.48579
78.2097 28.4267 1.4861
78.3083 28.4328 1.4864
78.4069 28.439 1.48671
78.5055 28.4451 1.48701
78.6041 28.4513 1.48732
78.7027 28.4574 1.48762
78.8013 28.4635 1.48792
78.8999 28.4697 1.48823
78.9985 28.4758 1.48853
79.0971 28.4819 1.48883
79.1957 28.488 1.48913
79.2943 28.494 1.48944
79.3929 28.5001 1.48974
79.4915 28.5062 1.49004
79.5901 28.5122 1.49034
79.6887 28.5183 1.49064
79.7873 28.5243 1.49094
79.8859 28.5304 1.49124
79.9845 28.5364 1.49154
80.0831 28.5424 1.49183
80.1817 28.5484 1.49213
80.2803 28.5544 1.49243
80.3789 28.5604 1.49273
80.4775 28.5664 1.49302
80.5761 28.5723 1.49332
80.6747 28.5783 1.49362
80.7733 28.5842 1.49391
80.8719 28.5902 1.49421
80.9705 28.5961 1.4945
81.0691 28.6021 1.4948
81.1677 28.608 1.49509
81.2663 28.6139 1.49538
81.3649 28.6198 1.49568
81.4635 28.6257 1.49597
81.5621 28.6316 1.49626
81.6607 28.6375 1.49656
81.7593 28.6433 1.49685
81.8579 28.6492 1.49714
81.9565 28.655 1.49743
82.0551 28.6609 1.49772
82.1537 28.6667 1.49801
82.2523 28.6726 1.4983
82.3509 28.6784 1.49859
82.4494 28.6842 1.49888
82.548 28.69 1.49917
82.6466 28.6958 1.49946
82.7452 28.7016 1.49974
82.8438 28.7074 1.50003
82.9424 28.7131 1.50032
83.041 28.7189 1.50061
83.1396 28.7247 1.50089
83.2382 28.7304 1.50118
83.3368 28.7362 1.50146
83.4354 28.7419 1.50175
83.534 28.7476 1.50203
83.6326 28.7533 1.50232
83.7312 28.759 1.5026
83.8298 28.7647 1.50289
83.9284 28.7704 1.50317
84.027 28.7761 1.50345
84.1256 28.7818 1.50374
84.2242 28.7875 1.50402
84.3228 28.7931 1.5043
84.4214 28.7988 1.50458
84.52 28.8044 1.50487
84.6186 28.8101 1.50515
84.7172 28.8157 1.50543
84.8158 28.8213 1.50571
84.9144 28.827 1.50599
85.013 28.8326 1.50627
85.1116 28.8382 1.50655
85.2102 28.8438 1.50683
85.3088 28.8494 1.5071
85.4074 28.8549 1.50738
85.506 28.8605 1.50766
85.6046 28.8661 1.50794
85.7032 28.8716 1.50822
85.8018 28.8772 1.50849
85.9004 28.8827 1.50877
85.999 28.8883 1.50905
86.0976 28.8938 1.50932
86.1962 28.8993 1.5096
86.2948 28.9048 1.50987
86.3934 28.9103 1.51015
86.492 28.9158 1.51042
86.5906 28.9213 1.5107
86.6892 28.9268 1.51097
86.7878 28.9323 1.51124
86.8864 28.9378 1.51152
86.985 28.9432 1.51179
87.0836 28.9487 1.51206
87.1822 28.9541 1.51233
87.2808 28.9596 1.51261
87.3794 28.965 1.51288
87.478 28.9704 1.51315
87.5766 28.9758 1.51342
87.6752 28.9813 1.51369
87.7738 28.9867 1.51396
87.8724 28.9921 1.51423
87.971 28.9975 1.5145
88.0696 29.0028 1.51477
88.1682 29.0082 1.51504
88.2668 29.0136 1.51531
88.3654 29.019 1.51557
88.464 29.0243 1.51584
88.5626 29.0297 1.51611
88.6612 29.035 1.51638
88.7598 29.0403 1.51664
88.8584 29.0457 1.51691
88.957 29.051 1.51718
89.0556 29.0563 1.51744
89.1542 29.0616 1.51771
89.2528 29.0669 1.51797
89.3514 29.0722 1.51824
89.4499 29.0775 1.5185
89.5485 29.0828 1.51877
89.6471 29.0881 1.51903
89.7457 29.0933 1.51929
89.8443 29.0986 1.51956
89.9429 29.1038 1.51982
90.0415 29.1091 1.52008
90.1401 29.1143 1.52035
90.2387 29.1196 1.52061
90.3373 29.1248 1.52087
90.4359 29.13 1.52113
90.5345 29.1352 1.52139
90.6331 29.1404 1.52165
90.7317 29.1456 1.52191
90.8303 29.1508 1.52217
90.9289 29.156 1.52243
91.0275 29.1612 1.52269
91.1261 29.1664 1.52295
91.2247 29.1716 1.52321
91.3233 29.1767 1.52347
91.4219 29.1819 1.52373
91.5205 29.187 1.52399
91.6191 29.1922 1.52425
91.7177 29.1973 1.5245
91.8163 29.2024 1.52476
91.9149 29.2076 1.52502
92.0135 29.2127 1.52527
92.1121 29.2178 1.52553
92.2107 29.2229 1.52579
92.3093 29.228 1.52604
92.4079 29.2331 1.5263
92.5065 29.2382 1.52655
92.6051 29.2433 1.52681
92.7037 29.2483 1.52706
92.8023 29.2534 1.52732
92.9009 29.2585 1.52757
92.9995 29.2635 1.52782
93.0981 29.2686 1.52808
93.1967 29.2736 1.52833
93.2953 29.2786 1.52858
93.3939 29.2837 1.52884
93.4925 29.2887 1.52909
93.5911 29.2937 1.52934
93.6897 29.2987 1.52959
93.7883 29.3037 1.52984
93.8869 29.3087 1.5301
93.9855 29.3137 1.53035
94.0841 29.3187 1.5306
94.1827 29.3237 1.53085
94.2813 29.3287 1.5311
94.3799 29.3336 1.53135
94.4785 29.3386 1.5316
94.5771 29.3436 1.53184
94.6757 29.3485 1.53209
94.7743 29.3534 1.53234
94.8729 29.3584 1.53259
94.9715 29.3633 1.53284
95.0701 29.3682 1.53309
95.1687 29.3732 1.53333
95.2673 29.3781 1.53358
95.3659 29.383 1.53383
95.4645 29.3879 1.53407
95.5631 29.3928 1.53432
95.6617 29.3977 1.53457
95.7603 29.4026 1.53481
95.8589 29.4075 1.53506
95.9575 29.4123 1.5353
96.0561 29.4172 1.53555
96.1547 29.4221 1.53579
96.2533 29.4269 1.53604
96.3519 29.4318 1.53628
96.4505 29.4366 1.53652
96.549 29.4415 1.53677
96.6476 29.4463 1.53701
96.7462 29.4511 1.53725
96.8448 29.4559 1.5375
96.9434 29.4608 1.53774
97.042 29.4656 1.53798
97.1406 29.4704 1.53822
97.2392 29.4752 1.53847
97.3378 29.48 1.53871
97.4364 29.4847 1.53895
97.535 29.4895 1.53919
97.6336 29.4943 1.53943
97.7322 29.4991 1.53967
97.8308 29.5038 1.53991
97.9294 29.5086 1.54015
98.028 29.5134 1.54039
98.1266 29.5181 1.54063
98.2252 29.5229 1.54087
98.3238 29.5276 1.54111
98.4224 29.5323 1.54135
98.521 29.537 1.54158
98.6196 29.5418 1.54182
98.7182 29.5465 1.54206
98.8168 29.5512 1.5423
98.9154 29.5559 1.54253
99.014 29.5606 1.54277
99.1126 29.5653 1.54301
99.2112 29.57 1.54324
99.3098 29.5747 1.54348
99.4084 29.5793 1.54372
99.507 29.584 1.54395
99.6056 29.5887 1.54419
99.7042 29.5933 1.54442
99.8028 29.598 1.54466
99.9014 29.6027 1.54489
100 29.6073 1.54513
