1.5 2.03337 0.416448
1.5986 2.54736 0.432783
1.6972 3.03856 0.44856
1.7958 3.5062 0.463721
1.89439 3.95327 0.478332
1.99299 4.38052 0.492401
2.09159 4.78821 0.505922
2.19019 5.17849 0.518947
2.28879 5.55287 0.531514
2.38739 5.91188 0.543632
2.48599 6.25607 0.555315
2.58458 6.5867 0.566594
2.68318 6.90523 0.577509
2.78178 7.21219 0.588075
2.88038 7.50808 0.598303
2.97898 7.79337 0.608207
3.07758 8.06859 0.617801
3.17618 8.33483 0.627116
3.27477 8.59264 0.636167
3.37337 8.84241 0.644967
3.47197 9.08448 0.653523
3.57057 9.31919 0.661847
3.66917 9.54684 0.669947
3.76777 9.76773 0.677831
3.86637 9.98319 0.685515
3.96496 10.194 0.693012
4.06356 10.3998 0.700331
4.16216 10.6003 0.707478
4.26076 10.7952 0.71446
4.35936 10.9844 0.721283
4.45796 11.1676 0.727952
4.55656 11.3448 0.734474
4.65516 11.5158 0.740853
4.75375 11.6807 0.747096
4.85235 11.8397 0.753209
4.95095 11.9934 0.759201
5.04955 12.1422 0.765076
5.14815 12.2866 0.770838
5.24675 12.4271 0.77649
5.34535 12.5639 0.782035
5.44394 12.6973 0.787477
5.54254 12.8278 0.79282
5.64114 12.9556 0.798065
5.73974 13.0808 0.803216
5.83834 13.2039 0.808276
5.93694 13.3249 0.813247
6.03554 13.444 0.818132
6.13413 13.5615 0.822933
6.23273 13.6773 0.827655
6.33133 13.791 0.832301
6.42993 13.9028 0.836874
6.52853 14.0127 0.841376
6.62713 14.1208 0.845809
6.72573 14.2271 0.850174
6.82432 14.3317 0.854474
6.92292 14.4346 0.85871
7.02152 14.5359 0.862884
7.12012 14.6356 0.866997
7.21872 14.7337 0.87105
7.31732 14.8304 0.875047
7.41592 14.9255 0.878987
7.51451 15.0192 0.882872
7.61311 15.1116 0.886704
7.71171 15.2025 0.890483
7.81031 15.2921 0.894212
7.90891 15.3805 0.89789
8.00751 15.4675 0.90152
8.10611 15.5534 0.905103
8.2047 15.638 0.90864
8.3033 15.7215 0.912133
8.4019 15.804 0.915583
8.5005 15.8853 0.918992
8.5991 15.9656 0.92236
8.6977 16.0448 0.925688
8.7963 16.1231 0.928976
8.89489 16.2004 0.932226
8.99349 16.2767 0.935439
9.09209 16.352 0.938614
9.19069 16.4265 0.941754
9.28929 16.5 0.944859
9.38789 16.5726 0.947929
9.48649 16.6444 0.950965
9.58509 16.7153 0.953967
9.68368 16.7855 0.956938
9.78228 16.8547 0.959876
9.88088 16.9232 0.962783
9.97948 16.9909 0.965659
10.0781 17.0579 0.968505
10.1767 17.1241 0.971322
10.2753 17.1895 0.974109
10.3739 17.2542 0.976868
10.4725 17.3182 0.979599
10.5711 17.3816 0.982303
10.6697 17.4442 0.984979
10.7683 17.5062 0.987629
10.8669 17.5675 0.990253
10.9655 17.6281 0.992852
11.0641 17.6882 0.995426
11.1627 17.7476 0.997976
11.2613 17.8064 1.0005
11.3599 17.8647 1.00301
11.4585 17.9224 1.00549
11.5571 17.9795 1.00795
11.6557 18.0361 1.01038
11.7543 18.0921 1.0128
11.8529 18.1477 1.01519
11.9515 18.2026 1.01756
12.0501 18.2571 1.01991
12.1486 18.3111 1.02225
12.2472 18.3645 1.02456
12.3458 18.4175 1.02685
12.4444 18.47 1.02912
12.543 18.522 1.03137
12.6416 18.5735 1.03361
12.7402 18.6246 1.03583
12.8388 18.6753 1.03802
12.9374 18.7254 1.0402
13.036 18.7752 1.04237
13.1346 18.8245 1.04451
13.2332 18.8734 1.04664
13.3318 18.9219 1.04875
13.4304 18.9699 1.05084
13.529 19.0176 1.05292
13.6276 19.0648 1.05498
13.7262 19.1117 1.05703
13.8248 19.1581 1.05906
13.9234 19.2042 1.06107
14.022 19.2499 1.06307
14.1206 19.2952 1.06506
14.2192 19.3402 1.06702
14.3178 19.3848 1.06898
14.4164 19.429 1.07092
14.515 19.4729 1.07284
14.6136 19.5165 1.07475
14.7122 19.5597 1.07665
14.8108 19.6025 1.07853
14.9094 19.645 1.0804
15.008 19.6872 1.08226
15.1066 19.7291 1.0841
15.2052 19.7707 1.08593
15.3038 19.8119 1.08775
15.4024 19.8529 1.08956
15.501 19.8935 1.09135
15.5996 19.9339 1.09313
15.6982 19.9739 1.0949
15.7968 20.0137 1.09666
15.8954 20.0532 1.0984
15.994 20.0924 1.10014
16.0926 20.1313 1.10186
16.1912 20.17 1.10357
16.2898 20.2084 1.10527
16.3884 20.2465 1.10696
16.487 20.2844 1.10864
16.5856 20.322 1.11031
16.6842 20.3593 1.11197
16.7828 20.3964 1.11361
16.8814 20.4333 1.11525
16.98 20.4699 1.11688
17.0786 20.5062 1.11849
17.1772 20.5423 1.1201
17.2758 20.5782 1.1217
17.3744 20.6138 1.12329
17.473 20.6492 1.12486
17.5716 20.6844 1.12643
17.6702 20.7194 1.12799
17.7688 20.7541 1.12954
17.8674 20.7886 1.13108
17.966 20.8229 1.13261
18.0646 20.8569 1.13413
18.1632 20.8908 1.13564
18.2618 20.9244 1.13715
18.3604 20.9578 1.13864
18.459 20.991 1.14013
18.5576 21.0241 1.14161
18.6562 21.0569 1.14308
18.7548 21.0895 1.14454
18.8534 21.1219 1.14599
18.952 21.1541 1.14744
19.0506 21.1861 1.14887
19.1491 21.2179 1.1503
19.2477 21.2496 1.15172
19.3463 21.281 1.15314
19.4449 21.3123 1.15454
19.5435 21.3433 1.15594
19.6421 21.3742 1.15733
19.7407 21.405 1.15871
19.8393 21.4355 1.16009
19.9379 21.4658 1.16145
20.0365 21.496 1.16281
20.1351 21.526 1.16417
20.2337 21.5559 1.16551
20.3323 21.5855 1.16685
20.4309 21.615 1.16818
20.5295 21.6444 1.16951
20.6281 21.6735 1.17082
20.7267 21.7025 1.17213
20.8253 21.7314 1.17344
20.9239 21.7601 1.17474
21.0225 21.7886 1.17603
21.1211 21.8169 1.17731
21.2197 21.8452 1.17859
21.3183 21.8732 1.17986
21.4169 21.9011 1.18112
21.5155 21.9289 1.18238
21.6141 21.9565 1.18363
21.7127 21.9839 1.18488
21.8113 22.0113 1.18612
21.9099 22.0384 1.18735
22.0085 22.0655 1.18858
22.1071 22.0924 1.1898
22.2057 22.1191 1.19102
22.3043 22.1458 1.19223
22.4029 22.1722 1.19343
22.5015 22.1986 1.19463
22.6001 22.2248 1.19583
22.6987 22.2509 1.19702
22.7973 22.2769 1.1982
22.8959 22.3027 1.19937
22.9945 22.3284 1.20055
23.0931 22.354 1.20171
23.1917 22.3794 1.20287
23.2903 22.4047 1.20403
23.3889 22.4299 1.20518
23.4875 22.455 1.20632
23.5861 22.48 1.20746
23.6847 22.5048 1.2086
23.7833 22.5295 1.20973
23.8819 22.5541 1.21085
23.9805 22.5786 1.21197
24.0791 22.603 1.21309
24.1777 22.6272 1.2142
24.2763 22.6513 1.2153
24.3749 22.6754 1.2164
24.4735 22.6993 1.2175
24.5721 22.7231 1.21859
24.6707 22.7468 1.21968
24.7693 22.7703 1.22076
24.8679 22.7938 1.22183
24.9665 22.8172 1.22291
25.0651 22.8404 1.22397
25.1637 22.8636 1.22504
25.2623 22.8866 1.22609
25.3609 22.9096 1.22715
25.4595 22.9324 1.2282
25.5581 22.9551 1.22924
25.6567 22.9778 1.23028
25.7553 23.0003 1.23132
25.8539 23.0227 1.23235
25.9525 23.0451 1.23338
26.0511 23.0673 1.23441
26.1496 23.0894 1.23543
26.2482 23.1115 1.23644
26.3468 23.1334 1.23745
26.4454 23.1553 1.23846
26.544 23.177 1.23946
26.6426 23.1987 1.24046
26.7412 23.2202 1.24146
26.8398 23.2417 1.24245
26.9384 23.2631 1.24344
27.037 23.2844 1.24442
27.1356 23.3056 1.2454
27.2342 23.3267 1.24637
27.3328 23.3477 1.24735
27.4314 23.3686 1.24831
27.53 23.3895 1.24928
27.6286 23.4103 1.25024
27.7272 23.4309 1.2512
27.8258 23.4515 1.25215
27.9244 23.472 1.2531
28.023 23.4924 1.25404
28.1216 23.5128 1.25499
28.2202 23.533 1.25592
28.3188 23.5532 1.25686
28.4174 23.5733 1.25779
28.516 23.5933 1.25872
28.6146 23.6132 1.25964
28.7132 23.633 1.26056
28.8118 23.6528 1.26148
28.9104 23.6725 1.2624
29.009 23.6921 1.26331
29.1076 23.7116 1.26421
29.2062 23.7311 1.26512
29.3048 23.7504 1.26602
29.4034 23.7697 1.26692
29.502 23.789 1.26781
29.6006 23.8081 1.2687
29.6992 23.8272 1.26959
29.7978 23.8462 1.27047
29.8964 23.8651 1.27136
29.995 23.884 1.27223
30.0936 23.9027 1.27311
30.1922 23.9214 1.27398
30.2908 23.9401 1.27485
30.3894 23.9586 1.27571
30.488 23.9771 1.27658
30.5866 23.9956 1.27744
30.6852 24.0139 1.27829
30.7838 24.0322 1.27915
30.8824 24.0504 1.28
30.981 24.0686 1.28084
31.0796 24.0866 1.28169
31.1782 24.1047 1.28253
31.2768 24.1226 1.28337
31.3754 24.1405 1.2842
31.474 24.1583 1.28504
31.5726 24.176 1.28587
31.6712 24.1937 1.2867
31.7698 24.2113 1.28752
31.8684 24.2289 1.28834
31.967 24.2464 1.28916
32.0656 24.2638 1.28998
32.1642 24.2812 1.29079
32.2628 24.2985 1.2916
32.3614 24.3157 1.29241
32.46 24.3329 1.29322
32.5586 24.3501 1.29402
32.6572 24.3671 1.29482
32.7558 24.3841 1.29562
32.8544 24.4011 1.29641
32.953 24.418 1.2972
33.0516 24.4348 1.29799
33.1502 24.4516 1.29878
33.2487 24.4683 1.29957
33.3473 24.4849 1.30035
33.4459 24.5015 1.30113
33.5445 24.5181 1.30191
33.6431 24.5346 1.30268
33.7417 24.551 1.30345
33.8403 24.5674 1.30423
33.9389 24.5837 1.30499
34.0375 24.6 1.30576
34.1361 24.6162 1.30652
34.2347 24.6323 1.30728
34.3333 24.6484 1.30804
34.4319 24.6645 1.3088
34.5305 24.6805 1.30955
34.6291 24.6964 1.3103
34.7277 24.7123 1.31105
34.8263 24.7282 1.3118
34.9249 24.7439 1.31254
35.0235 24.7597 1.31328
35.1221 24.7754 1.31402
35.2207 24.791 1.31476
35.3193 24.8066 1.3155
35.4179 24.8221 1.31623
35.5165 24.8376 1.31696
35.6151 24.853 1.31769
35.7137 24.8684 1.31842
35.8123 24.8837 1.31914
35.9109 24.899 1.31986
36.0095 24.9143 1.32058
36.1081 24.9294 1.3213
36.2067 24.9446 1.32202
36.3053 24.9597 1.32273
36.4039 24.9747 1.32344
36.5025 24.9897 1.32415
36.6011 25.0047 1.32486
36.6997 25.0196 1.32557
36.7983 25.0344 1.32627
36.8969 25.0492 1.32697
36.9955 25.064 1.32767
37.0941 25.0787 1.32837
37.1927 25.0934 1.32906
37.2913 25.108 1.32976
37.3899 25.1226 1.33045
37.4885 25.1371 1.33114
37.5871 25.1516 1.33182
37.6857 25.1661 1.33251
37.7843 25.1805 1.33319
37.8829 25.1948 1.33388
37.9815 25.2092 1.33456
38.0801 25.2234 1.33523
38.1787 25.2377 1.33591
38.2773 25.2519 1.33658
38.3759 25.266 1.33726
38.4745 25.2801 1.33793
38.5731 25.2942 1.33859
38.6717 25.3082 1.33926
38.7703 25.3222 1.33992
38.8689 25.3361 1.34059
38.9675 25.35 1.34125
39.0661 25.3639 1.34191
39.1647 25.3777 1.34257
39.2633 25.3915 1.34322
39.3619 25.4052 1.34387
39.4605 25.4189 1.34453
39.5591 25.4325 1.34518
39.6577 25.4461 1.34583
39.7563 25.4597 1.34647
39.8549 25.4733 1.34712
39.9535 25.4868 1.34776
40.0521 25.5002 1.3484
40.1507 25.5136 1.34904
40.2492 25.527 1.34968
40.3478 25.5404 1.35032
40.4464 25.5537 1.35095
40.545 25.5669 1.35158
40.6436 25.5802 1.35222
40.7422 25.5934 1.35285
40.8408 25.6065 1.35347
40.9394 25.6196 1.3541
41.038 25.6327 1.35473
41.1366 25.6458 1.35535
41.2352 25.6588 1.35597
41.3338 25.6717 1.35659
41.4324 25.6847 1.35721
41.531 25.6976 1.35782
41.6296 25.7104 1.35844
41.7282 25.7233 1.35905
41.8268 25.7361 1.35967
41.9254 25.7488 1.36028
42.024 25.7615 1.36088
42.1226 25.7742 1.36149
42.2212 25.7869 1.3621
42.3198 25.7995 1.3627
42.4184 25.8121 1.3633
42.517 25.8246 1.36391
42.6156 25.8371 1.3645
42.7142 25.8496 1.3651
42.8128 25.8621 1.3657
42.9114 25.8745 1.36629
43.01 25.8869 1.36689
43.1086 25.8992 1.36748
43.2072 25.9115 1.36807
43.3058 25.9238 1.36866
43.4044 25.9361 1.36925
43.503 25.9483 1.36983
43.6016 25.9605 1.37042
43.7002 25.9726 1.371
43.7988 25.9847 1.37158
43.8974 25.9968 1.37216
43.996 26.0089 1.37274
44.0946 26.0209 1.37332
44.1932 26.0329 1.3739
44.2918 26.0449 1.37447
44.3904 26.0568 1.37504
44.489 26.0687 1.37562
44.5876 26.0806 1.37619
44.6862 26.0924 1.37676
44.7848 26.1042 1.37732
44.8834 26.116 1.37789
44.982 26.1277 1.37846
45.0806 26.1395 1.37902
45.1792 26.1511 1.37958
45.2778 26.1628 1.38014
45.3764 26.1744 1.3807
45.475 26.186 1.38126
45.5736 26.1976 1.38182
45.6722 26.2091 1.38237
45.7708 26.2206 1.38293
45.8694 26.2321 1.38348
45.968 26.2436 1.38403
46.0666 26.255 1.38458
46.1652 26.2664 1.38513
46.2638 26.2778 1.38568
46.3624 26.2891 1.38623
46.461 26.3004 1.38677
46.5596 26.3117 1.38732
46.6582 26.3229 1.38786
46.7568 26.3342 1.3884
46.8554 26.3454 1.38894
46.954 26.3565 1.38948
47.0526 26.3677 1.39002
47.1512 26.3788 1.39056
47.2497 26.3899 1.39109
47.3483 26.4009 1.39162
47.4469 26.412 1.39216
47.5455 26.423 1.39269
47.6441 26.434 1.39322
47.7427 26.4449 1.39375
47.8413 26.4558 1.39428
47.9399 26.4667 1.3948
48.0385 26.4776 1.39533
48.1371 26.4885 1.39585
48.2357 26.4993 1.39638
48.3343 26.5101 1.3969
48.4329 26.5208 1.39742
48.5315 26.5316 1.39794
48.6301 26.5423 1.39846
48.7287 26.553 1.39898
48.8273 26.5637 1.39949
48.9259 26.5743 1.40001
49.0245 26.5849 1.40052
49.1231 26.5955 1.40104
49.2217 26.6061 1.40155
49.3203 26.6167 1.40206
49.4189 26.6272 1.40257
49.5175 26.6377 1.40308
49.6161 26.6482 1.40359
49.7147 26.6586 1.40409
49.8133 26.669 1.4046
49.9119 26.6794 1.4051
50.0105 26.6898 1.40561
50.1091 26.7002 1.40611
50.2077 26.7105 1.40661
50.3063 26.7208 1.40711
50.4049 26.7311 1.40761
50.5035 26.7413 1.40811
50.6021 26.7516 1.4086
50.7007 26.7618 1.4091
50.7993 26.772 1.4096
50.8979 26.7822 1.41009
50.9965 26.7923 1.41058
51.0951 26.8024 1.41107
51.1937 26.8125 1.41156
51.2923 26.8226 1.41205
51.3909 26.8327 1.41254
51.4895 26.8427 1.41303
51.5881 26.8527 1.41352
51.6867 26.8627 1.414
51.7853 26.8727 1.41449
51.8839 26.8826 1.41497
51.9825 26.8925 1.41545
52.0811 26.9024 1.41594
52.1797 26.9123 1.41642
52.2783 26.9222 1.4169
52.3769 26.932 1.41738
52.4755 26.9418 1.41785
52.5741 26.9516 1.41833
52.6727 26.9614 1.41881
52.7713 26.9711 1.41928
52.8699 26.9808 1.41975
52.9685 26.9906 1.42023
53.0671 27.0002 1.4207
53.1657 27.0099 1.42117
53.2643 27.0196 1.42164
53.3629 27.0292 1.42211
53.4615 27.0388 1.42258
53.5601 27.0484 1.42305
53.6587 27.0579 1.42351
53.7573 27.0675 1.42398
53.8559 27.077 1.42444
53.9545 27.0865 1.42491
54.0531 27.096 1.42537
54.1517 27.1054 1.42583
54.2503 27.1149 1.42629
54.3488 27.1243 1.42675
54.4474 27.1337 1.42721
54.546 27.1431 1.42767
54.6446 27.1524 1.42813
54.7432 27.1618 1.42858
54.8418 27.1711 1.42904
54.9404 27.1804 1.42949
55.039 27.1897 1.42995
55.1376 27.199 1.4304
55.2362 27.2082 1.43085
55.3348 27.2174 1.4313
55.4334 27.2266 1.43175
55.532 27.2358 1.4322
55.6306 27.245 1.43265
55.7292 27.2541 1.4331
55.8278 27.2633 1.43354
55.9264 27.2724 1.43399
56.025 27.2815 1.43443
56.1236 27.2906 1.43488
56.2222 27.2996 1.43532
56.3208 27.3087 1.43576
56.4194 27.3177 1.43621
56.518 27.3267 1.43665
56.6166 27.3357 1.43709
56.7152 27.3446 1.43753
56.8138 27.3536 1.43796
56.9124 27.3625 1.4384
57.011 27.3714 1.43884
57.1096 27.3803 1.43927
57.2082 27.3892 1.43971
57.3068 27.398 1.44014
57.4054 27.4069 1.44058
57.504 27.4157 1.44101
57.6026 27.4245 1.44144
57.7012 27.4333 1.44187
57.7998 27.4421 1.4423
57.8984 27.4508 1.44273
57.997 27.4595 1.44316
58.0956 27.4683 1.44359
58.1942 27.477 1.44401
58.2928 27.4857 1.44444
58.3914 27.4943 1.44487
58.49 27.503 1.44529
58.5886 27.5116 1.44572
58.6872 27.5202 1.44614
58.7858 27.5288 1.44656
58.8844 27.5374 1.44698
58.983 27.546 1.4474
59.0816 27.5545 1.44782
59.1802 27.563 1.44824
59.2788 27.5716 1.44866
59.3774 27.58 1.44908
59.476 27.5885 1.4495
59.5746 27.597 1.44991
59.6732 27.6054 1.45033
59.7718 27.6139 1.45074
59.8704 27.6223 1.45116
59.969 27.6307 1.45157
60.0676 27.6391 1.45198
60.1662 27.6474 1.45239
60.2648 27.6558 1.4528
60.3634 27.6641 1.45321
60.462 27.6725 1.45362
60.5606 27.6808 1.45403
60.6592 27.6891 1.45444
60.7578 27.6973 1.45485
60.8564 27.7056 1.45526
60.955 27.7138 1.45566
61.0536 27.7221 1.45607
61.1522 27.7303 1.45647
61.2508 27.7385 1.45687
61.3493 27.7466 1.45728
61.4479 27.7548 1.45768
61.5465 27.763 1.45808
61.6451 27.7711 1.45848
61.7437 27.7792 1.45888
61.8423 27.7873 1.45928
61.9409 27.7954 1.45968
62.0395 27.8035 1.46008
62.1381 27.8115 1.46048
62.2367 27.8196 1.46087
62.3353 27.8276 1.46127
62.4339 27.8356 1.46167
62.5325 27.8436 1.46206
62.6311 27.8516 1.46245
62.7297 27.8596 1.46285
62.8283 27.8675 1.46324
62.9269 27.8755 1.46363
63.0255 27.8834 1.46402
63.1241 27.8913 1.46442
63.2227 27.8992 1.46481
63.3213 27.9071 1.46519
63.4199 27.915 1.46558
63.5185 27.9228 1.46597
63.6171 27.9307 1.46636
63.7157 27.9385 1.46675
63.8143 27.9463 1.46713
63.9129 27.9541 1.46752
64.0115 27.9619 1.4679
64.1101 27.9697 1.46829
64.2087 27.9774 1.46867
64.3073 27.9852 1.46905
64.4059 27.9929 1.46944
64.5045 28.0006 1.46982
64.6031 28.0083 1.4702
64.7017 28.016 1.47058
64.8003 28.0237 1.47096
64.8989 28.0313 1.47134
64.9975 28.039 1.47172
65.0961 28.0466 1.47209
65.1947 28.0542 1.47247
65.2933 28.0618 1.47285
65.3919 28.0694 1.47322
65.4905 28.077 1.4736
65.5891 28.0846 1.47397
65.6877 28.0921 1.47435
65.7863 28.0997 1.47472
65.8849 28.1072 1.47509
65.9835 28.1147 1.47547
66.0821 28.1222 1.47584
66.1807 28.1297 1.47621
66.2793 28.1372 1.47658
66.3779 28.1446 1.47695
66.4765 28.1521 1.47732
66.5751 28.1595 1.47769
66.6737 28.1669 1.47805
66.7723 28.1743 1.47842
66.8709 28.1817 1.47879
66.9695 28.1891 1.47916
67.0681 28.1965 1.47952
67.1667 28.2038 1.47989
67.2653 28.2112 1.48025
67.3639 28.2185 1.48061
67.4625 28.2258 1.48098
67.5611 28.2331 1.48134
67.6597 28.2404 1.4817
67.7583 28.2477 1.48206
67.8569 28.255 1.48243
67.9555 28.2622 1.48279
68.0541 28.2695 1.48315
68.1527 28.2767 1.4835
68.2513 28.2839 1.48386
68.3498 28.2912 1.48422
68.4484 28.2984 1.48458
68.547 28.3055 1.48494
68.6456 28.3127 1.48529
68.7442 28.3199 1.48565
68.8428 28.327 1.486
68.9414 28.3342 1.48636
69.04 28.3413 1.48671
69.1386 28.3484 1.48707
69.2372 28.3555 1.48742
69.3358 28.3626 1.48777
69.4344 28.3697 1.48812
69.533 28.3767 1.48848
69.6316 28.3838 1.48883
69.7302 28.3908 1.48918
69.8288 28.3979 1.48953
69.9274 28.4049 1.48988
70.026 28.4119 1.49023
70.1246 28.4189 1.49057
70.2232 28.4259 1.49092
70.3218 28.4328 1.49127
70.4204 28.4398 1.49162
70.519 28.4468 1.49196
70.6176 28.4537 1.49231
70.7162 28.4606 1.49265
70.8148 28.4675 1.493
70.9134 28.4744 1.49334
71.012 28.4813 1.49368
71.1106 28.4882 1.49403
71.2092 28.4951 1.49437
71.3078 28.5019 1.49471
71.4064 28.5088 1.49505
71.505 28.5156 1.49539
71.6036 28.5225 1.49573
71.7022 28.5293 1.49607
71.8008 28.5361 1.49641
71.8994 28.5429 1.49675
71.998 28.5497 1.49709
72.0966 28.5564 1.49743
72.1952 28.5632 1.49776
72.2938 28.5699 1.4981
72.3924 28.5767 1.49844
72.491 28.5834 1.49877
72.5896 28.5901 1.49911
72.6882 28.5968 1.49944
72.7868 28.6035 1.49978
72.8854 28.6102 1.50011
72.984 28.6169 1.50045
73.0826 28.6236 1.50078
73.1812 28.6302 1.50111
73.2798 28.6369 1.50144
73.3784 28.6435 1.50177
73.477 28.6501 1.5021
73.5756 28.6567 1.50243
73.6742 28.6633 1.50276
73.7728 28.6699 1.50309
73.8714 28.6765 1.50342
73.97 28.6831 1.50375
74.0686 28.6896 1.50408
74.1672 28.6962 1.50441
74.2658 28.7027 1.50473
74.3644 28.7093 1.50506
74.463 28.7158 1.50539
74.5616 28.7223 1.50571
74.6602 28.7288 1.50604
74.7588 28.7353 1.50636
74.8574 28.7418 1.50668
74.956 28.7482 1.50701
75.0546 28.7547 1.50733
75.1532 28.7611 1.50765
75.2518 28.7676 1.50798
75.3504 28.774 1.5083
75.4489 28.7804 1.50862
75.5475 28.7868 1.50894
75.6461 28.7932 1.50926
75.7447 28.7996 1.50958
75.8433 28.806 1.5099
75.9419 28.8124 1.51022
76.0405 28.8187 1.51054
76.1391 28.8251 1.51086
76.2377 28.8314 1.51117
76.3363 28.8378 1.51149
76.4349 28.8441 1.51181
76.5335 28.8504 1.51213
76.6321 28.8567 1.51244
76.7307 28.863 1.51276
76.8293 28.8693 1.51307
76.9279 28.8756 1.51339
77.0265 28.8818 1.5137
77.1251 28.8881 1.51401
77.2237 28.8944 1.51433
77.3223 28.9006 1.51464
77.4209 28.9068 1.51495
77.5195 28.913 1.51527
77.6181 28.9193 1.51558
77.7167 28.9255 1.51589
77.8153 28.9317 1.5162
77.9139 28.9378 1.51651
78.0125 28.944 1.51682
78.1111 28.9502 1.51713
78.2097 28.9563 1.51744
78.3083 28.9625 1.51775
78.4069 28.9686 1.51805
78.5055 28.9748 1.51836
78.6041 28.9809 1.51867
78.7027 28.987 1.51898
78.8013 28.9931 1.51928
78.8999 28.9992 1.51959
78.9985 29.0053 1.51989
79.0971 29.0114 1.5202
79.1957 29.0174 1.5205
79.2943 29.0235 1.52081
79.3929 29.0295 1.52111
79.4915 29.0356 1.52142
79.5901 29.0416 1.52172
79.6887 29.0476 1.52202
79.7873 29.0537 1.52233
79.8859 29.0597 1.52263
79.9845 29.0657 1.52293
80.0831 29.0717 1.52323
80.1817 29.0776 1.52353
80.2803 29.0836 1.52383
80.3789 29.0896 1.52413
80.4775 29.0955 1.52443
80.5761 29.1015 1.52473
80.6747 29.1074 1.52503
80.7733 29.1134 1.52533
80.8719 29.1193 1.52563
80.9705 29.1252 1.52592
81.0691 29.1311 1.52622
81.1677 29.137 1.52652
81.2663 29.1429 1.52681
81.3649 29.1488 1.52711
81.4635 29.1546 1.52741
81.5621 29.1605 1.5277
81.6607 29.1664 1.528
81.7593 29.1722 1.52829
81.8579 29.1781 1.52858
81.9565 29.1839 1.52888
82.0551 29.1897 1.52917
82.1537 29.1955 1.52946
82.2523 29.2013 1.52976
82.3509 29.2071 1.53005
82.4494 29.2129 1.53034
82.548 29.2187 1.53063
82.6466 29.2245 1.53092
82.7452 29.2302 1.53121
82.8438 29.236 1.53151
82.9424 29.2418 1.5318
83.041 29.2475 1.53208
83.1396 29.2532 1.53237
83.2382 29.259 1.53266
83.3368 29.2647 1.53295
83.4354 29.2704 1.53324
83.534 29.2761 1.53353
83.6326 29.2818 1.53381
83.7312 29.2875 1.5341
83.8298 29.2932 1.53439
83.9284 29.2988 1.53467
84.027 29.3045 1.53496
84.1256 29.3102 1.53525
84.2242 29.3158 1.53553
84.3228 29.3214 1.53582
84.4214 29.3271 1.5361
84.52 29.3327 1.53638
84.6186 29.3383 1.53667
84.7172 29.3439 1.53695
84.8158 29.3495 1.53723
84.9144 29.3551 1.53752
85.013 29.3607 1.5378
85.1116 29.3663 1.53808
85.2102 29.3719 1.53836
85.3088 29.3774 1.53864
85.4074 29.383 1.53892
85.506 29.3886 1.53921
85.6046 29.3941 1.53949
85.7032 29.3996 1.53977
85.8018 29.4052 1.54004
85.9004 29.4107 1.54032
85.999 29.4162 1.5406
86.0976 29.4217 1.54088
86.1962 29.4272 1.54116
86.2948 29.4327 1.54144
86.3934 29.4382 1.54171
86.492 29.4437 1.54199
86.5906 29.4491 1.54227
86.6892 29.4546 1.54254
86.7878 29.46 1.54282
86.8864 29.4655 1.5431
86.985 29.4709 1.54337
87.0836 29.4764 1.54365
87.1822 29.4818 1.54392
87.2808 29.4872 1.5442
87.3794 29.4926 1.54447
87.478 29.498 1.54474
87.5766 29.5034 1.54502
87.6752 29.5088 1.54529
87.7738 29.5142 1.54556
87.8724 29.5196 1.54583
87.971 29.525 1.54611
88.0696 29.5303 1.54638
88.1682 29.5357 1.54665
88.2668 29.541 1.54692
88.3654 29.5464 1.54719
88.464 29.5517 1.54746
88.5626 29.557 1.54773
88.6612 29.5624 1.548
88.7598 29.5677 1.54827
88.8584 29.573 1.54854
88.957 29.5783 1.54881
89.0556 29.5836 1.54908
89.1542 29.5889 1.54934
89.2528 29.5941 1.54961
89.3514 29.5994 1.54988
89.4499 29.6047 1.55015
89.5485 29.6099 1.55041
89.6471 29.6152 1.55068
89.7457 29.6204 1.55095
89.8443 29.6257 1.55121
89.9429 29.6309 1.55148
90.0415 29.6361 1.55174
90.1401 29.6414 1.55201
90.2387 29.6466 1.55227
90.3373 29.6518 1.55254
90.4359 29.657 1.5528
90.5345 29.6622 1.55306
90.6331 29.6674 1.55333
90.7317 29.6725 1.55359
90.8303 29.6777 1.55385
90.9289 29.6829 1.55411
91.0275 29.688 1.55438
91.1261 29.6932 1.55464
91.2247 29.6983 1.5549
91.3233 29.7035 1.55516
91.4219 29.7086 1.55542
91.5205 29.7138 1.55568
91.6191 29.7189 1.55594
91.7177 29.724 1.5562
91.8163 29.7291 1.55646
91.9149 29.7342 1.55672
92.0135 29.7393 1.55698
92.1121 29.7444 1.55724
92.2107 29.7495 1.5575
92.3093 29.7546 1.55775
92.4079 29.7596 1.55801
92.5065 29.7647 1.55827
92.6051 29.7697 1.55853
92.7037 29.7748 1.55878
92.8023 29.7798 1.55904
92.9009 29.7849 1.5593
92.9995 29.7899 1.55955
93.0981 29.7949 1.55981
93.1967 29.8 1.56006
93.2953 29.805 1.56032
93.3939 29.81 1.56057
93.4925 29.815 1.56083
93.5911 29.82 1.56108
93.6897 29.825 1.56134
93.7883 29.83 1.56159
93.8869 29.8349 1.56184
93.9855 29.8399 1.5621
94.0841 29.8449 1.56235
94.1827 29.8498 1.5626
94.2813 29.8548 1.56285
94.3799 29.8597 1.56311
94.4785 29.8647 1.56336
94.5771 29.8696 1.56361
94.6757 29.8746 1.56386
94.7743 29.8795 1.56411
94.8729 29.8844 1.56436
94.9715 29.8893 1.56461
95.0701 29.8942 1.56486
95.1687 29.8991 1.56511
95.2673 29.904 1.56536
95.3659 29.9089 1.56561
95.4645 29.9138 1.56586
95.5631 29.9187 1.56611
95.6617 29.9235 1.56636
95.7603 29.9284 1.5666
95.8589 29.9332 1.56685
95.9575 29.9381 1.5671
96.0561 29.9429 1.56735
96.1547 29.9478 1.56759
96.2533 29.9526 1.56784
96.3519 29.9575 1.56808
96.4505 29.9623 1.56833
96.549 29.9671 1.56858
96.6476 29.9719 1.56882
96.7462 29.9767 1.56907
96.8448 29.9815 1.56931
96.9434 29.9863 1.56956
97.042 29.9911 1.5698
97.1406 29.9959 1.57005
97.2392 30.0007 1.57029
97.3378 30.0054 1.57053
97.4364 30.0102 1.57078
97.535 30.015 1.57102
97.6336 30.0197 1.57126
97.7322 30.0245 1.5715
97.8308 30.0292 1.57175
97.9294 30.034 1.57199
98.028 30.0387 1.57223
98.1266 30.0434 1.57247
98.2252 30.0482 1.57271
98.3238 30.0529 1.57295
98.4224 30.0576 1.57319
98.521 30.0623 1.57343
98.6196 30.067 1.57367
98.7182 30.0717 1.57391
98.8168 30.0764 1.57415
98.9154 30.0811 1.57439
99.014 30.0857 1.57463
99.1126 30.0904 1.57487
99.2112 30.0951 1.57511
99.3098 30.0997 1.57535
99.4084 30.1044 1.57559
99.507 30.1091 1.57582
99.6056 30.1137 1.57606
99.7042 30.1183 1.5763
99.8028 30.123 1.57654
99.9014 30.1276 1.57677
100 30.1322 1.57701
