1.5 1.98709 0.382596
1.5986 2.50098 0.39902
1.6972 2.99212 0.414878
1.7958 3.45971 0.430115
1.89439 3.90676 0.444798
1.99299 4.33402 0.458934
2.09159 4.74173 0.472518
2.19019 5.13203 0.485604
2.28879 5.50646 0.498228
2.38739 5.86552 0.510401
2.48599 6.20977 0.522135
2.58458 6.54046 0.533463
2.68318 6.85906 0.544425
2.78178 7.1661 0.555036
2.88038 7.46206 0.565307
2.97898 7.74743 0.575253
3.07758 8.02273 0.584886
3.17618 8.28905 0.594239
3.27477 8.54695 0.603328
3.37337 8.7968 0.612163
3.47197 9.03896 0.620754
3.57057 9.27375 0.629111
3.66917 9.50148 0.637243
3.76777 9.72245 0.645159
3.86637 9.93799 0.652873
3.96496 10.1489 0.6604
4.06356 10.3548 0.667748
4.16216 10.5553 0.674923
4.26076 10.7503 0.681932
4.35936 10.9395 0.688781
4.45796 11.1228 0.695476
4.55656 11.3001 0.702023
4.65516 11.4712 0.708427
4.75375 11.6362 0.714693
4.85235 11.7953 0.72083
4.95095 11.949 0.726844
5.04955 12.098 0.732741
5.14815 12.2425 0.738524
5.24675 12.383 0.744197
5.34535 12.5199 0.749763
5.44394 12.6535 0.755226
5.54254 12.7841 0.760587
5.64114 12.9119 0.765852
5.73974 13.0373 0.771022
5.83834 13.1604 0.7761
5.93694 13.2815 0.78109
6.03554 13.4008 0.785993
6.13413 13.5184 0.790811
6.23273 13.6342 0.79555
6.33133 13.748 0.800213
6.42993 13.8599 0.804803
6.52853 13.9699 0.809322
6.62713 14.078 0.81377
6.72573 14.1844 0.818152
6.82432 14.2891 0.822467
6.92292 14.3921 0.826718
7.02152 14.4934 0.830907
7.12012 14.5932 0.835035
7.21872 14.6914 0.839103
7.31732 14.7881 0.843114
7.41592 14.8833 0.847068
7.51451 14.9771 0.850967
7.61311 15.0695 0.854813
7.71171 15.1605 0.858606
7.81031 15.2502 0.862348
7.90891 15.3386 0.86604
8.00751 15.4257 0.869683
8.10611 15.5116 0.873278
8.2047 15.5964 0.876828
8.3033 15.6799 0.880334
8.4019 15.7624 0.883797
8.5005 15.8438 0.887218
8.5991 15.9242 0.890598
8.6977 16.0035 0.893937
8.7963 16.0818 0.897238
8.89489 16.1591 0.900499
8.99349 16.2355 0.903724
9.09209 16.3109 0.906911
9.19069 16.3854 0.910062
9.28929 16.459 0.913178
9.38789 16.5317 0.916258
9.48649 16.6035 0.919305
9.58509 16.6745 0.922319
9.68368 16.7447 0.9253
9.78228 16.814 0.928249
9.88088 16.8826 0.931166
9.97948 16.9503 0.934053
10.0781 17.0173 0.936909
10.1767 17.0835 0.939736
10.2753 17.149 0.942533
10.3739 17.2138 0.945302
10.4725 17.2779 0.948043
10.5711 17.3413 0.950756
10.6697 17.4039 0.953442
10.7683 17.4659 0.956101
10.8669 17.5273 0.958735
10.9655 17.588 0.961342
11.0641 17.6481 0.963925
11.1627 17.7076 0.966484
11.2613 17.7665 0.96902
11.3599 17.8248 0.971532
11.4585 17.8825 0.974022
11.5571 17.9397 0.976489
11.6557 17.9963 0.978933
11.7543 18.0524 0.981357
11.8529 18.108 0.983758
11.9515 18.163 0.986139
12.0501 18.2175 0.988499
12.1486 18.2715 0.990839
12.2472 18.325 0.993158
12.3458 18.378 0.995458
12.4444 18.4306 0.997739
12.543 18.4826 1
12.6416 18.5342 1.00224
12.7402 18.5853 1.00447
12.8388 18.636 1.00667
12.9374 18.6862 1.00886
13.036 18.736 1.01103
13.1346 18.7854 1.01318
13.2332 18.8343 1.01532
13.3318 18.8828 1.01743
13.4304 18.9309 1.01954
13.529 18.9786 1.02162
13.6276 19.0259 1.02369
13.7262 19.0728 1.02574
13.8248 19.1193 1.02778
13.9234 19.1654 1.0298
14.022 19.2111 1.03181
14.1206 19.2565 1.0338
14.2192 19.3015 1.03577
14.3178 19.3461 1.03773
14.4164 19.3904 1.03968
14.515 19.4343 1.04161
14.6136 19.4779 1.04353
14.7122 19.5211 1.04543
14.8108 19.564 1.04732
14.9094 19.6066 1.0492
15.008 19.6488 1.05106
15.1066 19.6907 1.05291
15.2052 19.7323 1.05475
15.3038 19.7736 1.05657
15.4024 19.8146 1.05838
15.501 19.8552 1.06018
15.5996 19.8956 1.06197
15.6982 19.9357 1.06375
15.7968 19.9755 1.06551
15.8954 20.0151 1.06726
15.994 20.0543 1.069
16.0926 20.0933 1.07073
16.1912 20.132 1.07245
16.2898 20.1704 1.07415
16.3884 20.2085 1.07585
16.487 20.2464 1.07753
16.5856 20.2841 1.07921
16.6842 20.3214 1.08087
16.7828 20.3586 1.08252
16.8814 20.3954 1.08417
16.98 20.4321 1.0858
17.0786 20.4684 1.08742
17.1772 20.5046 1.08903
17.2758 20.5405 1.09064
17.3744 20.5761 1.09223
17.473 20.6116 1.09381
17.5716 20.6468 1.09538
17.6702 20.6818 1.09695
17.7688 20.7165 1.0985
17.8674 20.751 1.10005
17.966 20.7853 1.10158
18.0646 20.8194 1.10311
18.1632 20.8533 1.10463
18.2618 20.887 1.10614
18.3604 20.9204 1.10764
18.459 20.9537 1.10913
18.5576 20.9867 1.11061
18.6562 21.0195 1.11209
18.7548 21.0522 1.11356
18.8534 21.0846 1.11501
18.952 21.1168 1.11646
19.0506 21.1489 1.11791
19.1491 21.1807 1.11934
19.2477 21.2124 1.12076
19.3463 21.2439 1.12218
19.4449 21.2751 1.12359
19.5435 21.3062 1.12499
19.6421 21.3372 1.12639
19.7407 21.3679 1.12778
19.8393 21.3985 1.12916
19.9379 21.4288 1.13053
20.0365 21.459 1.13189
20.1351 21.4891 1.13325
20.2337 21.5189 1.1346
20.3323 21.5486 1.13594
20.4309 21.5781 1.13728
20.5295 21.6075 1.13861
20.6281 21.6367 1.13993
20.7267 21.6657 1.14125
20.8253 21.6946 1.14255
20.9239 21.7233 1.14386
21.0225 21.7518 1.14515
21.1211 21.7802 1.14644
21.2197 21.8085 1.14772
21.3183 21.8365 1.149
21.4169 21.8645 1.15027
21.5155 21.8922 1.15153
21.6141 21.9199 1.15278
21.7127 21.9474 1.15403
21.8113 21.9747 1.15528
21.9099 22.0019 1.15652
22.0085 22.029 1.15775
22.1071 22.0559 1.15898
22.2057 22.0827 1.1602
22.3043 22.1093 1.16141
22.4029 22.1358 1.16262
22.5015 22.1622 1.16382
22.6001 22.1884 1.16502
22.6987 22.2145 1.16621
22.7973 22.2405 1.1674
22.8959 22.2664 1.16858
22.9945 22.2921 1.16976
23.0931 22.3177 1.17093
23.1917 22.3432 1.17209
23.2903 22.3685 1.17325
23.3889 22.3937 1.1744
23.4875 22.4188 1.17555
23.5861 22.4438 1.1767
23.6847 22.4686 1.17784
23.7833 22.4934 1.17897
23.8819 22.518 1.1801
23.9805 22.5425 1.18122
24.0791 22.5669 1.18234
24.1777 22.5912 1.18345
24.2763 22.6153 1.18456
24.3749 22.6394 1.18567
24.4735 22.6633 1.18677
24.5721 22.6871 1.18786
24.6707 22.7108 1.18895
24.7693 22.7344 1.19004
24.8679 22.7579 1.19112
24.9665 22.7813 1.19219
25.0651 22.8045 1.19326
25.1637 22.8277 1.19433
25.2623 22.8508 1.19539
25.3609 22.8737 1.19645
25.4595 22.8966 1.1975
25.5581 22.9193 1.19855
25.6567 22.942 1.1996
25.7553 22.9645 1.20064
25.8539 22.987 1.20167
25.9525 23.0093 1.2027
26.0511 23.0316 1.20373
26.1496 23.0538 1.20475
26.2482 23.0758 1.20577
26.3468 23.0978 1.20679
26.4454 23.1196 1.2078
26.544 23.1414 1.2088
26.6426 23.1631 1.20981
26.7412 23.1847 1.21081
26.8398 23.2062 1.2118
26.9384 23.2276 1.21279
27.037 23.2489 1.21378
27.1356 23.2701 1.21476
27.2342 23.2912 1.21574
27.3328 23.3122 1.21671
27.4314 23.3332 1.21769
27.53 23.3541 1.21865
27.6286 23.3748 1.21962
27.7272 23.3955 1.22058
27.8258 23.4161 1.22153
27.9244 23.4366 1.22249
28.023 23.4571 1.22344
28.1216 23.4774 1.22438
28.2202 23.4977 1.22532
28.3188 23.5179 1.22626
28.4174 23.538 1.2272
28.516 23.558 1.22813
28.6146 23.5779 1.22905
28.7132 23.5978 1.22998
28.8118 23.6176 1.2309
28.9104 23.6373 1.23182
29.009 23.6569 1.23273
29.1076 23.6765 1.23364
29.2062 23.6959 1.23455
29.3048 23.7153 1.23545
29.4034 23.7346 1.23635
29.502 23.7539 1.23725
29.6006 23.773 1.23814
29.6992 23.7921 1.23903
29.7978 23.8111 1.23992
29.8964 23.8301 1.24081
29.995 23.8489 1.24169
30.0936 23.8677 1.24256
30.1922 23.8864 1.24344
30.2908 23.9051 1.24431
30.3894 23.9237 1.24518
30.488 23.9422 1.24604
30.5866 23.9606 1.24691
30.6852 23.979 1.24777
30.7838 23.9973 1.24862
30.8824 24.0155 1.24948
30.981 24.0337 1.25033
31.0796 24.0518 1.25117
31.1782 24.0698 1.25202
31.2768 24.0878 1.25286
31.3754 24.1057 1.2537
31.474 24.1235 1.25453
31.5726 24.1412 1.25537
31.6712 24.1589 1.2562
31.7698 24.1766 1.25702
31.8684 24.1941 1.25785
31.967 24.2117 1.25867
32.0656 24.2291 1.25949
32.1642 24.2465 1.26031
32.2628 24.2638 1.26112
32.3614 24.2811 1.26193
32.46 24.2983 1.26274
32.5586 24.3154 1.26354
32.6572 24.3325 1.26435
32.7558 24.3495 1.26515
32.8544 24.3665 1.26595
32.953 24.3834 1.26674
33.0516 24.4002 1.26753
33.1502 24.417 1.26832
33.2487 24.4337 1.26911
33.3473 24.4504 1.2699
33.4459 24.467 1.27068
33.5445 24.4836 1.27146
33.6431 24.5001 1.27224
33.7417 24.5165 1.27301
33.8403 24.5329 1.27379
33.9389 24.5492 1.27456
34.0375 24.5655 1.27533
34.1361 24.5817 1.27609
34.2347 24.5979 1.27685
34.3333 24.614 1.27761
34.4319 24.6301 1.27837
34.5305 24.6461 1.27913
34.6291 24.6621 1.27988
34.7277 24.678 1.28063
34.8263 24.6938 1.28138
34.9249 24.7096 1.28213
35.0235 24.7254 1.28288
35.1221 24.7411 1.28362
35.2207 24.7567 1.28436
35.3193 24.7723 1.2851
35.4179 24.7878 1.28583
35.5165 24.8033 1.28657
35.6151 24.8188 1.2873
35.7137 24.8342 1.28803
35.8123 24.8495 1.28875
35.9109 24.8648 1.28948
36.0095 24.8801 1.2902
36.1081 24.8953 1.29092
36.2067 24.9104 1.29164
36.3053 24.9255 1.29236
36.4039 24.9406 1.29307
36.5025 24.9556 1.29378
36.6011 24.9705 1.29449
36.6997 24.9855 1.2952
36.7983 25.0003 1.29591
36.8969 25.0151 1.29661
36.9955 25.0299 1.29731
37.0941 25.0446 1.29801
37.1927 25.0593 1.29871
37.2913 25.074 1.2994
37.3899 25.0886 1.3001
37.4885 25.1031 1.30079
37.5871 25.1176 1.30148
37.6857 25.1321 1.30217
37.7843 25.1465 1.30285
37.8829 25.1609 1.30354
37.9815 25.1752 1.30422
38.0801 25.1895 1.3049
38.1787 25.2037 1.30558
38.2773 25.2179 1.30625
38.3759 25.2321 1.30693
38.4745 25.2462 1.3076
38.5731 25.2603 1.30827
38.6717 25.2743 1.30894
38.7703 25.2883 1.30961
38.8689 25.3023 1.31027
38.9675 25.3162 1.31094
39.0661 25.33 1.3116
39.1647 25.3439 1.31226
39.2633 25.3576 1.31291
39.3619 25.3714 1.31357
39.4605 25.3851 1.31422
39.5591 25.3988 1.31488
39.6577 25.4124 1.31553
39.7563 25.426 1.31618
39.8549 25.4395 1.31682
39.9535 25.453 1.31747
40.0521 25.4665 1.31811
40.1507 25.4799 1.31875
40.2492 25.4933 1.3194
40.3478 25.5067 1.32003
40.4464 25.52 1.32067
40.545 25.5333 1.32131
40.6436 25.5465 1.32194
40.7422 25.5597 1.32257
40.8408 25.5729 1.3232
40.9394 25.586 1.32383
41.038 25.5991 1.32446
41.1366 25.6121 1.32508
41.2352 25.6252 1.32571
41.3338 25.6381 1.32633
41.4324 25.6511 1.32695
41.531 25.664 1.32757
41.6296 25.6769 1.32818
41.7282 25.6897 1.3288
41.8268 25.7025 1.32941
41.9254 25.7153 1.33003
42.024 25.728 1.33064
42.1226 25.7407 1.33125
42.2212 25.7534 1.33185
42.3198 25.766 1.33246
42.4184 25.7786 1.33306
42.517 25.7912 1.33367
42.6156 25.8037 1.33427
42.7142 25.8162 1.33487
42.8128 25.8286 1.33547
42.9114 25.8411 1.33606
43.01 25.8534 1.33666
43.1086 25.8658 1.33725
43.2072 25.8781 1.33785
43.3058 25.8904 1.33844
43.4044 25.9027 1.33903
43.503 25.9149 1.33962
43.6016 25.9271 1.3402
43.7002 25.9393 1.34079
43.7988 25.9514 1.34137
43.8974 25.9635 1.34195
43.996 25.9756 1.34253
44.0946 25.9876 1.34311
44.1932 25.9996 1.34369
44.2918 26.0116 1.34427
44.3904 26.0235 1.34484
44.489 26.0354 1.34542
44.5876 26.0473 1.34599
44.6862 26.0591 1.34656
44.7848 26.071 1.34713
44.8834 26.0828 1.3477
44.982 26.0945 1.34827
45.0806 26.1062 1.34883
45.1792 26.1179 1.3494
45.2778 26.1296 1.34996
45.3764 26.1412 1.35052
45.475 26.1528 1.35108
45.5736 26.1644 1.35164
45.6722 26.176 1.3522
45.7708 26.1875 1.35275
45.8694 26.199 1.35331
45.968 26.2104 1.35386
46.0666 26.2219 1.35442
46.1652 26.2333 1.35497
46.2638 26.2447 1.35552
46.3624 26.256 1.35607
46.461 26.2673 1.35661
46.5596 26.2786 1.35716
46.6582 26.2899 1.3577
46.7568 26.3011 1.35825
46.8554 26.3123 1.35879
46.954 26.3235 1.35933
47.0526 26.3346 1.35987
47.1512 26.3458 1.36041
47.2497 26.3569 1.36094
47.3483 26.3679 1.36148
47.4469 26.379 1.36202
47.5455 26.39 1.36255
47.6441 26.401 1.36308
47.7427 26.4119 1.36361
47.8413 26.4229 1.36414
47.9399 26.4338 1.36467
48.0385 26.4447 1.3652
48.1371 26.4555 1.36572
48.2357 26.4664 1.36625
48.3343 26.4772 1.36677
48.4329 26.4879 1.3673
48.5315 26.4987 1.36782
48.6301 26.5094 1.36834
48.7287 26.5201 1.36886
48.8273 26.5308 1.36938
48.9259 26.5415 1.36989
49.0245 26.5521 1.37041
49.1231 26.5627 1.37092
49.2217 26.5733 1.37144
49.3203 26.5838 1.37195
49.4189 26.5944 1.37246
49.5175 26.6049 1.37297
49.6161 26.6154 1.37348
49.7147 26.6258 1.37399
49.8133 26.6362 1.3745
49.9119 26.6467 1.375
50.0105 26.657 1.37551
50.1091 26.6674 1.37601
50.2077 26.6777 1.37652
50.3063 26.6881 1.37702
50.4049 26.6984 1.37752
50.5035 26.7086 1.37802
50.6021 26.7189 1.37852
50.7007 26.7291 1.37902
50.7993 26.7393 1.37951
50.8979 26.7495 1.38001
50.9965 26.7596 1.3805
51.0951 26.7698 1.381
51.1937 26.7799 1.38149
51.2923 26.7899 1.38198
51.3909 26.8 1.38247
51.4895 26.81 1.38296
51.5881 26.8201 1.38345
51.6867 26.8301 1.38393
51.7853 26.84 1.38442
51.8839 26.85 1.38491
51.9825 26.8599 1.38539
52.0811 26.8698 1.38587
52.1797 26.8797 1.38636
52.2783 26.8896 1.38684
52.3769 26.8994 1.38732
52.4755 26.9092 1.3878
52.5741 26.919 1.38828
52.6727 26.9288 1.38875
52.7713 26.9386 1.38923
52.8699 26.9483 1.38971
52.9685 26.958 1.39018
53.0671 26.9677 1.39065
53.1657 26.9774 1.39113
53.2643 26.9871 1.3916
53.3629 26.9967 1.39207
53.4615 27.0063 1.39254
53.5601 27.0159 1.39301
53.6587 27.0255 1.39348
53.7573 27.035 1.39394
53.8559 27.0445 1.39441
53.9545 27.0541 1.39487
54.0531 27.0635 1.39534
54.1517 27.073 1.3958
54.2503 27.0825 1.39626
54.3488 27.0919 1.39673
54.4474 27.1013 1.39719
54.546 27.1107 1.39765
54.6446 27.1201 1.3981
54.7432 27.1294 1.39856
54.8418 27.1387 1.39902
54.9404 27.148 1.39948
55.039 27.1573 1.39993
55.1376 27.1666 1.40038
55.2362 27.1759 1.40084
55.3348 27.1851 1.40129
55.4334 27.1943 1.40174
55.532 27.2035 1.40219
55.6306 27.2127 1.40264
55.7292 27.2218 1.40309
55.8278 27.231 1.40354
55.9264 27.2401 1.40399
56.025 27.2492 1.40443
56.1236 27.2583 1.40488
56.2222 27.2674 1.40532
56.3208 27.2764 1.40577
56.4194 27.2854 1.40621
56.518 27.2944 1.40665
56.6166 27.3034 1.4071
56.7152 27.3124 1.40754
56.8138 27.3214 1.40798
56.9124 27.3303 1.40841
57.011 27.3392 1.40885
57.1096 27.3481 1.40929
57.2082 27.357 1.40973
57.3068 27.3659 1.41016
57.4054 27.3747 1.4106
57.504 27.3835 1.41103
57.6026 27.3923 1.41146
57.7012 27.4011 1.4119
57.7998 27.4099 1.41233
57.8984 27.4187 1.41276
57.997 27.4274 1.41319
58.0956 27.4361 1.41362
58.1942 27.4449 1.41405
58.2928 27.4535 1.41447
58.3914 27.4622 1.4149
58.49 27.4709 1.41533
58.5886 27.4795 1.41575
58.6872 27.4881 1.41618
58.7858 27.4967 1.4166
58.8844 27.5053 1.41702
58.983 27.5139 1.41745
59.0816 27.5225 1.41787
59.1802 27.531 1.41829
59.2788 27.5395 1.41871
59.3774 27.548 1.41913
59.476 27.5565 1.41955
59.5746 27.565 1.41996
59.6732 27.5734 1.42038
59.7718 27.5819 1.4208
59.8704 27.5903 1.42121
59.969 27.5987 1.42163
60.0676 27.6071 1.42204
60.1662 27.6155 1.42245
60.2648 27.6238 1.42287
60.3634 27.6322 1.42328
60.462 27.6405 1.42369
60.5606 27.6488 1.4241
60.6592 27.6571 1.42451
60.7578 27.6654 1.42492
60.8564 27.6737 1.42533
60.955 27.6819 1.42573
61.0536 27.6901 1.42614
61.1522 27.6984 1.42654
61.2508 27.7066 1.42695
61.3493 27.7147 1.42735
61.4479 27.7229 1.42776
61.5465 27.7311 1.42816
61.6451 27.7392 1.42856
61.7437 27.7473 1.42897
61.8423 27.7555 1.42937
61.9409 27.7636 1.42977
62.0395 27.7716 1.43017
62.1381 27.7797 1.43056
62.2367 27.7877 1.43096
62.3353 27.7958 1.43136
62.4339 27.8038 1.43176
62.5325 27.8118 1.43215
62.6311 27.8198 1.43255
62.7297 27.8278 1.43294
62.8283 27.8357 1.43334
62.9269 27.8437 1.43373
63.0255 27.8516 1.43412
63.1241 27.8595 1.43452
63.2227 27.8674 1.43491
63.3213 27.8753 1.4353
63.4199 27.8832 1.43569
63.5185 27.8911 1.43608
63.6171 27.8989 1.43647
63.7157 27.9068 1.43685
63.8143 27.9146 1.43724
63.9129 27.9224 1.43763
64.0115 27.9302 1.43801
64.1101 27.9379 1.4384
64.2087 27.9457 1.43878
64.3073 27.9535 1.43917
64.4059 27.9612 1.43955
64.5045 27.9689 1.43994
64.6031 27.9766 1.44032
64.7017 27.9843 1.4407
64.8003 27.992 1.44108
64.8989 27.9997 1.44146
64.9975 28.0073 1.44184
65.0961 28.015 1.44222
65.1947 28.0226 1.4426
65.2933 28.0302 1.44298
65.3919 28.0378 1.44335
65.4905 28.0454 1.44373
65.5891 28.0529 1.44411
65.6877 28.0605 1.44448
65.7863 28.0681 1.44486
65.8849 28.0756 1.44523
65.9835 28.0831 1.4456
66.0821 28.0906 1.44598
66.1807 28.0981 1.44635
66.2793 28.1056 1.44672
66.3779 28.1131 1.44709
66.4765 28.1205 1.44746
66.5751 28.1279 1.44783
66.6737 28.1354 1.4482
66.7723 28.1428 1.44857
66.8709 28.1502 1.44894
66.9695 28.1576 1.44931
67.0681 28.165 1.44967
67.1667 28.1723 1.45004
67.2653 28.1797 1.4504
67.3639 28.187 1.45077
67.4625 28.1943 1.45113
67.5611 28.2017 1.4515
67.6597 28.209 1.45186
67.7583 28.2162 1.45222
67.8569 28.2235 1.45259
67.9555 28.2308 1.45295
68.0541 28.238 1.45331
68.1527 28.2453 1.45367
68.2513 28.2525 1.45403
68.3498 28.2597 1.45439
68.4484 28.2669 1.45475
68.547 28.2741 1.45511
68.6456 28.2813 1.45546
68.7442 28.2885 1.45582
68.8428 28.2956 1.45618
68.9414 28.3028 1.45653
69.04 28.3099 1.45689
69.1386 28.317 1.45724
69.2372 28.3241 1.4576
69.3358 28.3312 1.45795
69.4344 28.3383 1.4583
69.533 28.3454 1.45866
69.6316 28.3524 1.45901
69.7302 28.3595 1.45936
69.8288 28.3665 1.45971
69.9274 28.3735 1.46006
70.026 28.3805 1.46041
70.1246 28.3875 1.46076
70.2232 28.3945 1.46111
70.3218 28.4015 1.46146
70.4204 28.4085 1.46181
70.519 28.4154 1.46215
70.6176 28.4224 1.4625
70.7162 28.4293 1.46285
70.8148 28.4362 1.46319
70.9134 28.4432 1.46354
71.012 28.4501 1.46388
71.1106 28.4569 1.46423
71.2092 28.4638 1.46457
71.3078 28.4707 1.46491
71.4064 28.4775 1.46526
71.505 28.4844 1.4656
71.6036 28.4912 1.46594
71.7022 28.498 1.46628
71.8008 28.5048 1.46662
71.8994 28.5116 1.46696
71.998 28.5184 1.4673
72.0966 28.5252 1.46764
72.1952 28.532 1.46798
72.2938 28.5387 1.46832
72.3924 28.5455 1.46865
72.491 28.5522 1.46899
72.5896 28.5589 1.46933
72.6882 28.5656 1.46966
72.7868 28.5724 1.47
72.8854 28.579 1.47033
72.984 28.5857 1.47067
73.0826 28.5924 1.471
73.1812 28.5991 1.47133
73.2798 28.6057 1.47167
73.3784 28.6123 1.472
73.477 28.619 1.47233
73.5756 28.6256 1.47266
73.6742 28.6322 1.47299
73.7728 28.6388 1.47332
73.8714 28.6454 1.47365
73.97 28.652 1.47398
74.0686 28.6585 1.47431
74.1672 28.6651 1.47464
74.2658 28.6716 1.47497
74.3644 28.6782 1.4753
74.463 28.6847 1.47562
74.5616 28.6912 1.47595
74.6602 28.6977 1.47628
74.7588 28.7042 1.4766
74.8574 28.7107 1.47693
74.956 28.7172 1.47725
75.0546 28.7236 1.47758
75.1532 28.7301 1.4779
75.2518 28.7365 1.47822
75.3504 28.743 1.47855
75.4489 28.7494 1.47887
75.5475 28.7558 1.47919
75.6461 28.7622 1.47951
75.7447 28.7686 1.47983
75.8433 28.775 1.48015
75.9419 28.7814 1.48047
76.0405 28.7877 1.48079
76.1391 28.7941 1.48111
76.2377 28.8005 1.48143
76.3363 28.8068 1.48175
76.4349 28.8131 1.48207
76.5335 28.8194 1.48239
76.6321 28.8258 1.4827
76.7307 28.8321 1.48302
76.8293 28.8383 1.48333
76.9279 28.8446 1.48365
77.0265 28.8509 1.48397
77.1251 28.8572 1.48428
77.2237 28.8634 1.4846
77.3223 28.8697 1.48491
77.4209 28.8759 1.48522
77.5195 28.8821 1.48554
77.6181 28.8883 1.48585
77.7167 28.8946 1.48616
77.8153 28.9008 1.48647
77.9139 28.9069 1.48678
78.0125 28.9131 1.48709
78.1111 28.9193 1.48741
78.2097 28.9255 1.48772
78.3083 28.9316 1.48802
78.4069 28.9378 1.48833
78.5055 28.9439 1.48864
78.6041 28.95 1.48895
78.7027 28.9561 1.48926
78.8013 28.9622 1.48957
78.8999 28.9683 1.48987
78.9985 28.9744 1.49018
79.0971 28.9805 1.49049
79.1957 28.9866 1.49079
79.2943 28.9927 1.4911
79.3929 28.9987 1.4914
79.4915 29.0048 1.49171
79.5901 29.0108 1.49201
79.6887 29.0168 1.49232
79.7873 29.0229 1.49262
79.8859 29.0289 1.49292
79.9845 29.0349 1.49323
80.0831 29.0409 1.49353
80.1817 29.0469 1.49383
80.2803 29.0528 1.49413
80.3789 29.0588 1.49443
80.4775 29.0648 1.49473
80.5761 29.0707 1.49503
80.6747 29.0767 1.49533
80.7733 29.0826 1.49563
80.8719 29.0885 1.49593
80.9705 29.0944 1.49623
81.0691 29.1004 1.49653
81.1677 29.1063 1.49683
81.2663 29.1122 1.49712
81.3649 29.118 1.49742
81.4635 29.1239 1.49772
81.5621 29.1298 1.49801
81.6607 29.1357 1.49831
81.7593 29.1415 1.4986
81.8579 29.1473 1.4989
81.9565 29.1532 1.49919
82.0551 29.159 1.49949
82.1537 29.1648 1.49978
82.2523 29.1706 1.50008
82.3509 29.1765 1.50037
82.4494 29.1822 1.50066
82.548 29.188 1.50095
82.6466 29.1938 1.50125
82.7452 29.1996 1.50154
82.8438 29.2054 1.50183
82.9424 29.2111 1.50212
83.041 29.2169 1.50241
83.1396 29.2226 1.5027
83.2382 29.2283 1.50299
83.3368 29.2341 1.50328
83.4354 29.2398 1.50357
83.534 29.2455 1.50386
83.6326 29.2512 1.50415
83.7312 29.2569 1.50443
83.8298 29.2626 1.50472
83.9284 29.2682 1.50501
84.027 29.2739 1.5053
84.1256 29.2796 1.50558
84.2242 29.2852 1.50587
84.3228 29.2909 1.50615
84.4214 29.2965 1.50644
84.52 29.3021 1.50672
84.6186 29.3078 1.50701
84.7172 29.3134 1.50729
84.8158 29.319 1.50758
84.9144 29.3246 1.50786
85.013 29.3302 1.50814
85.1116 29.3358 1.50843
85.2102 29.3413 1.50871
85.3088 29.3469 1.50899
85.4074 29.3525 1.50927
85.506 29.358 1.50956
85.6046 29.3636 1.50984
85.7032 29.3691 1.51012
85.8018 29.3747 1.5104
85.9004 29.3802 1.51068
85.999 29.3857 1.51096
86.0976 29.3912 1.51124
86.1962 29.3967 1.51152
86.2948 29.4022 1.51179
86.3934 29.4077 1.51207
86.492 29.4132 1.51235
86.5906 29.4187 1.51263
86.6892 29.4241 1.51291
86.7878 29.4296 1.51318
86.8864 29.435 1.51346
86.985 29.4405 1.51374
87.0836 29.4459 1.51401
87.1822 29.4513 1.51429
87.2808 29.4568 1.51456
87.3794 29.4622 1.51484
87.478 29.4676 1.51511
87.5766 29.473 1.51539
87.6752 29.4784 1.51566
87.7738 29.4838 1.51593
87.8724 29.4892 1.51621
87.971 29.4945 1.51648
88.0696 29.4999 1.51675
88.1682 29.5053 1.51702
88.2668 29.5106 1.5173
88.3654 29.516 1.51757
88.464 29.5213 1.51784
88.5626 29.5266 1.51811
88.6612 29.532 1.51838
88.7598 29.5373 1.51865
88.8584 29.5426 1.51892
88.957 29.5479 1.51919
89.0556 29.5532 1.51946
89.1542 29.5585 1.51973
89.2528 29.5638 1.52
89.3514 29.5691 1.52026
89.4499 29.5743 1.52053
89.5485 29.5796 1.5208
89.6471 29.5849 1.52107
89.7457 29.5901 1.52133
89.8443 29.5954 1.5216
89.9429 29.6006 1.52187
90.0415 29.6058 1.52213
90.1401 29.611 1.5224
90.2387 29.6163 1.52266
90.3373 29.6215 1.52293
90.4359 29.6267 1.52319
90.5345 29.6319 1.52346
90.6331 29.6371 1.52372
90.7317 29.6423 1.52399
90.8303 29.6474 1.52425
90.9289 29.6526 1.52451
91.0275 29.6578 1.52478
91.1261 29.6629 1.52504
91.2247 29.6681 1.5253
91.3233 29.6732 1.52556
91.4219 29.6784 1.52583
91.5205 29.6835 1.52609
91.6191 29.6886 1.52635
91.7177 29.6937 1.52661
91.8163 29.6989 1.52687
91.9149 29.704 1.52713
92.0135 29.7091 1.52739
92.1121 29.7142 1.52765
92.2107 29.7192 1.52791
92.3093 29.7243 1.52817
92.4079 29.7294 1.52842
92.5065 29.7345 1.52868
92.6051 29.7395 1.52894
92.7037 29.7446 1.5292
92.8023 29.7496 1.52946
92.9009 29.7547 1.52971
92.9995 29.7597 1.52997
93.0981 29.7648 1.53023
93.1967 29.7698 1.53048
93.2953 29.7748 1.53074
93.3939 29.7798 1.53099
93.4925 29.7848 1.53125
93.5911 29.7898 1.53151
93.6897 29.7948 1.53176
93.7883 29.7998 1.53201
93.8869 29.8048 1.53227
93.9855 29.8098 1.53252
94.0841 29.8147 1.53278
94.1827 29.8197 1.53303
94.2813 29.8247 1.53328
94.3799 29.8296 1.53354
94.4785 29.8346 1.53379
94.5771 29.8395 1.53404
94.6757 29.8444 1.53429
94.7743 29.8494 1.53454
94.8729 29.8543 1.53479
94.9715 29.8592 1.53505
95.0701 29.8641 1.5353
95.1687 29.869 1.53555
95.2673 29.8739 1.5358
95.3659 29.8788 1.53605
95.4645 29.8837 1.5363
95.5631 29.8886 1.53655
95.6617 29.8934 1.53679
95.7603 29.8983 1.53704
95.8589 29.9032 1.53729
95.9575 29.908 1.53754
96.0561 29.9129 1.53779
96.1547 29.9177 1.53804
96.2533 29.9226 1.53828
96.3519 29.9274 1.53853
96.4505 29.9322 1.53878
96.549 29.9371 1.53902
96.6476 29.9419 1.53927
96.7462 29.9467 1.53952
96.8448 29.9515 1.53976
96.9434 29.9563 1.54001
97.042 29.9611 1.54025
97.1406 29.9659 1.5405
97.2392 29.9707 1.54074
97.3378 29.9754 1.54099
97.4364 29.9802 1.54123
97.535 29.985 1.54147
97.6336 29.9897 1.54172
97.7322 29.9945 1.54196
97.8308 29.9992 1.5422
97.9294 30.004 1.54245
98.028 30.0087 1.54269
98.1266 30.0134 1.54293
98.2252 30.0182 1.54317
98.3238 30.0229 1.54342
98.4224 30.0276 1.54366
98.521 30.0323 1.5439
98.6196 30.037 1.54414
98.7182 30.0417 1.54438
98.8168 30.0464 1.54462
98.9154 30.0511 1.54486
99.014 30.0558 1.5451
99.1126 30.0605 1.54534
99.2112 30.0651 1.54558
99.3098 30.0698 1.54582
99.4084 30.0745 1.54606
99.507 30.0791 1.5463
99.6056 30.0838 1.54653
99.7042 30.0884 1.54677
99.8028 30.0931 1.54701
99.9014 30.0977 1.54725
100 30.1023 1.54748
