1e-05 70.0032 3.26938
0.00101099 16.9394 0.963644
0.00201198 13.1747 0.818854
0.00301297 11.2612 0.75117
0.00401396 10.0187 0.710594
0.00501495 9.11551 0.68337
0.00601595 8.41557 0.663881
0.00701694 7.8478 0.64931
0.00801793 7.37383 0.638134
0.00901892 6.96913 0.629386
0.0100199 6.61663 0.622407
0.0110209 6.30588 0.616808
0.0120219 6.02912 0.612302
0.0130229 5.77969 0.60864
0.0140239 5.55311 0.605663
0.0150249 5.34604 0.603255
0.0160259 5.15587 0.601329
0.0170268 4.98025 0.599804
0.0180278 4.81707 0.598595
0.0190288 4.66485 0.597662
0.0200298 4.52245 0.596967
0.0210308 4.38887 0.596474
0.0220318 4.26327 0.596165
0.0230328 4.14485 0.596014
0.0240338 4.03284 0.595991
0.0250348 3.92658 0.59607
0.0260358 3.82564 0.59625
0.0270368 3.72959 0.596517
0.0280377 3.63805 0.596858
0.0290387 3.55068 0.59726
0.0300397 3.4672 0.597728
0.0310407 3.38732 0.59825
0.0320417 3.31076 0.598814
0.0330427 3.23727 0.599409
0.0340437 3.16665 0.600029
0.0350447 3.09872 0.600681
0.0360457 3.03334 0.601357
0.0370467 2.97035 0.602052
0.0380477 2.90961 0.602761
0.0390486 2.85099 0.60348
0.0400496 2.7944 0.604216
0.0410506 2.73971 0.604966
0.0420516 2.68682 0.605722
0.0430526 2.63562 0.606479
0.0440536 2.58603 0.607233
0.0450546 2.53795 0.607984
0.0460556 2.49134 0.608737
0.0470566 2.44612 0.60949
0.0480576 2.40223 0.61024
0.0490586 2.3596 0.610986
0.0500595 2.31818 0.611724
0.0510605 2.27792 0.612454
0.0520615 2.23878 0.613183
0.0530625 2.20072 0.613908
0.0540635 2.16367 0.614628
0.0550645 2.1276 0.615339
0.0560655 2.09246 0.616039
0.0570665 2.05822 0.616724
0.0580675 2.02484 0.617395
0.0590685 1.99228 0.618058
0.0600695 1.96054 0.618713
0.0610705 1.92957 0.619358
0.0620714 1.89934 0.61999
0.0630724 1.86983 0.62061
0.0640734 1.84101 0.621215
0.0650744 1.81285 0.621805
0.0660754 1.78534 0.622383
0.0670764 1.75846 0.622951
0.0680774 1.73219 0.62351
0.0690784 1.70651 0.624056
0.0700794 1.68139 0.624589
0.0710804 1.65681 0.625106
0.0720814 1.63276 0.625607
0.0730823 1.60922 0.62609
0.0740833 1.58617 0.626559
0.0750843 1.56362 0.627016
0.0760853 1.54153 0.627461
0.0770863 1.51989 0.627893
0.0780873 1.4987 0.62831
0.0790883 1.47794 0.628713
0.0800893 1.45758 0.629101
0.0810903 1.43763 0.629472
0.0820913 1.41806 0.629827
0.0830923 1.39888 0.63017
0.0840932 1.38007 0.630502
0.0850942 1.36163 0.630822
0.0860952 1.34353 0.631128
0.0870962 1.32579 0.63142
0.0880972 1.30837 0.631697
0.0890982 1.29127 0.631957
0.0900992 1.27448 0.632202
0.0911002 1.258 0.632429
0.0921012 1.24182 0.632642
0.0931022 1.22593 0.632842
0.0941032 1.21034 0.63303
0.0951041 1.19502 0.633205
0.0961051 1.17997 0.633366
0.0971061 1.16519 0.633512
0.0981071 1.15067 0.633643
0.0991081 1.13639 0.633759
0.100109 1.12235 0.633859
0.10111 1.10855 0.633943
0.102111 1.09498 0.634015
0.103112 1.08165 0.634075
0.104113 1.06854 0.634123
0.105114 1.05565 0.634158
0.106115 1.04298 0.634179
0.107116 1.03051 0.634186
0.108117 1.01825 0.634179
0.109118 1.00619 0.634156
0.110119 0.994312 0.634119
0.11112 0.982625 0.634066
0.112121 0.971128 0.634
0.113122 0.959819 0.633922
0.114123 0.948693 0.633832
0.115124 0.937744 0.633729
0.116125 0.926967 0.633613
0.117126 0.916358 0.633484
0.118127 0.905911 0.633342
0.119128 0.895622 0.633185
0.120129 0.885486 0.633014
0.12113 0.8755 0.632829
0.122131 0.86566 0.63263
0.123132 0.85597 0.632419
0.124133 0.846428 0.632197
0.125134 0.83703 0.631963
0.126135 0.827773 0.631717
0.127136 0.818652 0.631458
0.128137 0.809665 0.631187
0.129138 0.800809 0.630903
0.130139 0.792079 0.630605
0.13114 0.783473 0.630295
0.132141 0.774989 0.62997
0.133142 0.766623 0.629633
0.134143 0.75838 0.629283
0.135144 0.750258 0.628923
0.136145 0.742253 0.628552
0.137146 0.734363 0.628169
0.138147 0.726585 0.627774
0.139148 0.718915 0.627368
0.140149 0.711351 0.626949
0.14115 0.70389 0.626518
0.142151 0.696529 0.626075
0.143152 0.689266 0.625619
0.144153 0.682098 0.62515
0.145154 0.675026 0.624669
0.146155 0.668053 0.624178
0.147156 0.661176 0.623676
0.148157 0.654393 0.623163
0.149158 0.647702 0.62264
0.150159 0.6411 0.622105
0.15116 0.634585 0.621559
0.152161 0.628156 0.621002
0.153162 0.62181 0.620433
0.154163 0.615546 0.619853
0.155164 0.60936 0.619261
0.156165 0.603253 0.618657
0.157166 0.597224 0.618042
0.158167 0.591275 0.617418
0.159168 0.585406 0.616783
0.160169 0.579614 0.616139
0.16117 0.573897 0.615484
0.162171 0.568253 0.614818
0.163172 0.56268 0.614143
0.164173 0.557177 0.613456
0.165174 0.551741 0.61276
0.166175 0.546372 0.612052
0.167175 0.541068 0.611334
0.168176 0.535826 0.610605
0.169177 0.530646 0.609865
0.170178 0.525532 0.609116
0.171179 0.520483 0.608357
0.17218 0.515497 0.607589
0.173181 0.510573 0.606811
0.174182 0.505709 0.606023
0.175183 0.500904 0.605226
0.176184 0.496157 0.604419
0.177185 0.491466 0.603603
0.178186 0.486831 0.602777
0.179187 0.482249 0.601942
0.180188 0.477721 0.601096
0.181189 0.473244 0.600242
0.18219 0.468819 0.599377
0.183191 0.46445 0.598505
0.184192 0.460133 0.597623
0.185193 0.455869 0.596733
0.186194 0.451656 0.595835
0.187195 0.447492 0.594927
0.188196 0.443377 0.594011
0.189197 0.439309 0.593086
0.190198 0.435287 0.592152
0.191199 0.43131 0.591209
0.1922 0.427376 0.590258
0.193201 0.423486 0.589298
0.194202 0.419637 0.588329
0.195203 0.41583 0.587351
0.196204 0.412067 0.586365
0.197205 0.408348 0.58537
0.198206 0.404672 0.584368
0.199207 0.401037 0.583358
0.200208 0.397443 0.582339
0.201209 0.393889 0.581313
0.20221 0.390374 0.580279
0.203211 0.386898 0.579237
0.204212 0.38346 0.578187
0.205213 0.380058 0.577129
0.206214 0.376693 0.576064
0.207215 0.373363 0.574991
0.208216 0.370068 0.573911
0.209217 0.366811 0.572824
0.210218 0.363591 0.571729
0.211219 0.360407 0.570627
0.21222 0.357258 0.569518
0.213221 0.354144 0.568402
0.214222 0.351063 0.567279
0.215223 0.348016 0.566148
0.216224 0.345001 0.565011
0.217225 0.342017 0.563867
0.218226 0.339064 0.562716
0.219227 0.33614 0.561557
0.220228 0.333246 0.560392
0.221229 0.330381 0.559221
0.22223 0.327545 0.558042
0.223231 0.324739 0.556856
0.224232 0.321963 0.555664
0.225233 0.319217 0.554465
0.226234 0.3165 0.55326
0.227235 0.313812 0.552048
0.228236 0.311151 0.55083
0.229237 0.308517 0.549606
0.230238 0.305911 0.548376
0.231239 0.30333 0.54714
0.23224 0.300775 0.545898
0.233241 0.298246 0.54465
0.234242 0.295741 0.543397
0.235243 0.29326 0.542138
0.236244 0.290805 0.540874
0.237245 0.288375 0.539604
0.238246 0.285971 0.538328
0.239247 0.283592 0.537047
0.240248 0.281238 0.53576
0.241249 0.278907 0.534468
0.24225 0.2766 0.533171
0.243251 0.274315 0.531868
0.244252 0.272053 0.53056
0.245253 0.269813 0.529247
0.246254 0.267594 0.527929
0.247255 0.265396 0.526605
0.248256 0.263219 0.525277
0.249257 0.261061 0.523944
0.250258 0.258924 0.522606
0.251259 0.256808 0.521263
0.25226 0.254713 0.519914
0.253261 0.252639 0.51856
0.254262 0.250585 0.517202
0.255263 0.248552 0.515838
0.256264 0.246538 0.51447
0.257265 0.244544 0.513097
0.258266 0.242568 0.511721
0.259267 0.240611 0.51034
0.260268 0.238673 0.508955
0.261269 0.236752 0.507566
0.26227 0.234849 0.506174
0.263271 0.232964 0.504778
0.264272 0.231095 0.503379
0.265273 0.229245 0.501976
0.266274 0.227413 0.500568
0.267275 0.225599 0.499157
0.268276 0.223803 0.497742
0.269277 0.222024 0.496323
0.270278 0.220262 0.494901
0.271279 0.218517 0.493475
0.27228 0.216788 0.492045
0.273281 0.215074 0.490612
0.274282 0.213376 0.489176
0.275283 0.211693 0.487736
0.276284 0.210025 0.486293
0.277285 0.208371 0.484848
0.278285 0.206732 0.483399
0.279286 0.205106 0.481947
0.280287 0.203496 0.480491
0.281288 0.201901 0.479032
0.282289 0.200321 0.477569
0.28329 0.198755 0.476102
0.284291 0.197204 0.474633
0.285292 0.195667 0.473161
0.286293 0.194144 0.471686
0.287294 0.192634 0.470208
0.288295 0.191138 0.468728
0.289296 0.189655 0.467245
0.290297 0.188184 0.465761
0.291298 0.186727 0.464274
0.292299 0.185281 0.462786
0.2933 0.183848 0.461296
0.294301 0.182427 0.459803
0.295302 0.18102 0.458309
0.296303 0.179625 0.456812
0.297304 0.178243 0.455312
0.298305 0.176874 0.45381
0.299306 0.175517 0.452306
0.300307 0.174172 0.4508
0.301308 0.172839 0.449292
0.302309 0.171517 0.447782
0.30331 0.170206 0.44627
0.304311 0.168907 0.444757
0.305312 0.167618 0.443242
0.306313 0.16634 0.441726
0.307314 0.165073 0.440209
0.308315 0.163815 0.43869
0.309316 0.162568 0.43717
0.310317 0.161332 0.435647
0.311318 0.160107 0.434123
0.312319 0.158893 0.432596
0.31332 0.157689 0.431068
0.314321 0.156495 0.429538
0.315322 0.155312 0.428007
0.316323 0.154139 0.426474
0.317324 0.152976 0.42494
0.318325 0.151822 0.423406
0.319326 0.150678 0.421871
0.320327 0.149543 0.420335
0.321328 0.148418 0.4188
0.322329 0.147302 0.417264
0.32333 0.146195 0.415728
0.324331 0.145096 0.414192
0.325332 0.144008 0.412655
0.326333 0.142929 0.411117
0.327334 0.141859 0.409578
0.328335 0.140799 0.408038
0.329336 0.139748 0.406498
0.330337 0.138705 0.404957
0.331338 0.137672 0.403416
0.332339 0.136647 0.401874
0.33334 0.13563 0.400333
0.334341 0.134621 0.398791
0.335342 0.13362 0.397249
0.336343 0.132627 0.395707
0.337344 0.131642 0.394165
0.338345 0.130664 0.392624
0.339346 0.129694 0.391083
0.340347 0.128731 0.389541
0.341348 0.127776 0.387999
0.342349 0.12683 0.386456
0.34335 0.125891 0.384913
0.344351 0.12496 0.383369
0.345352 0.124036 0.381826
0.346353 0.12312 0.380282
0.347354 0.122211 0.378739
0.348355 0.12131 0.377196
0.349356 0.120415 0.375654
0.350357 0.119528 0.374113
0.351358 0.118647 0.372572
0.352359 0.117773 0.371033
0.35336 0.116906 0.369495
0.354361 0.116045 0.367958
0.355362 0.115191 0.366423
0.356363 0.114344 0.364888
0.357364 0.113504 0.363353
0.358365 0.112671 0.361819
0.359366 0.111845 0.360286
0.360367 0.111026 0.358753
0.361368 0.110213 0.357221
0.362369 0.109406 0.35569
0.36337 0.108606 0.35416
0.364371 0.107812 0.352631
0.365372 0.107024 0.351103
0.366373 0.106242 0.349576
0.367374 0.105465 0.348051
0.368375 0.104695 0.346528
0.369376 0.10393 0.345006
0.370377 0.10317 0.343485
0.371378 0.102416 0.341966
0.372379 0.101668 0.340448
0.37338 0.100925 0.33893
0.374381 0.100189 0.337413
0.375382 0.0994583 0.335897
0.376383 0.0987333 0.334382
0.377384 0.0980138 0.332869
0.378385 0.0972998 0.331356
0.379386 0.0965913 0.329846
0.380387 0.095888 0.328337
0.381388 0.09519 0.32683
0.382389 0.0944972 0.325326
0.38339 0.0938094 0.323823
0.384391 0.0931267 0.322323
0.385392 0.0924489 0.320826
0.386393 0.0917759 0.319331
0.387394 0.091108 0.317838
0.388395 0.0904454 0.316348
0.389395 0.089788 0.314858
0.390396 0.0891358 0.313371
0.391397 0.0884887 0.311885
0.392398 0.0878465 0.310401
0.393399 0.0872092 0.30892
0.3944 0.0865767 0.30744
0.395401 0.0859488 0.305962
0.396402 0.0853255 0.304487
0.397403 0.0847067 0.303014
0.398404 0.0840923 0.301544
0.399405 0.0834823 0.300076
0.400406 0.0828764 0.298611
0.401407 0.0822747 0.297148
0.402408 0.081677 0.295688
0.403409 0.0810835 0.294231
0.40441 0.0804944 0.292776
0.405411 0.0799098 0.291322
0.406412 0.0793295 0.28987
0.407413 0.0787535 0.28842
0.408414 0.0781817 0.286972
0.409415 0.0776141 0.285527
0.410416 0.0770506 0.284084
0.411417 0.0764912 0.282644
0.412418 0.0759358 0.281206
0.413419 0.0753844 0.279772
0.41442 0.0748368 0.278341
0.415421 0.0742931 0.276913
0.416422 0.0737531 0.275488
0.417423 0.0732169 0.274067
0.418424 0.0726844 0.27265
0.419425 0.0721555 0.271236
0.420426 0.0716307 0.269825
0.421427 0.0711099 0.268416
0.422428 0.070593 0.267011
0.423429 0.07008 0.265608
0.42443 0.0695707 0.264207
0.425431 0.0690651 0.26281
0.426432 0.0685632 0.261416
0.427433 0.0680648 0.260025
0.428434 0.0675698 0.258637
0.429435 0.0670783 0.257253
0.430436 0.0665901 0.255871
0.431437 0.0661052 0.254493
0.432438 0.0656235 0.253119
0.433439 0.0651449 0.251748
0.43444 0.0646694 0.250381
0.435441 0.0641969 0.249017
0.436442 0.0637277 0.247656
0.437443 0.0632618 0.246297
0.438444 0.0627993 0.244942
0.439445 0.06234 0.243589
0.440446 0.0618839 0.242239
0.441447 0.061431 0.240893
0.442448 0.0609813 0.23955
0.443449 0.0605346 0.23821
0.44445 0.060091 0.236874
0.445451 0.0596505 0.235541
0.446452 0.0592129 0.234212
0.447453 0.0587782 0.232887
0.448454 0.0583465 0.231566
0.449455 0.0579176 0.230249
0.450456 0.0574915 0.228936
0.451457 0.0570683 0.227628
0.452458 0.0566479 0.226323
0.453459 0.0562307 0.225022
0.45446 0.0558164 0.223724
0.455461 0.0554051 0.22243
0.456462 0.0549968 0.22114
0.457463 0.0545912 0.219853
0.458464 0.0541885 0.218569
0.459465 0.0537886 0.21729
0.460466 0.0533913 0.216014
0.461467 0.0529967 0.214742
0.462468 0.0526047 0.213474
0.463469 0.0522152 0.21221
0.46447 0.0518282 0.21095
0.465471 0.0514437 0.209694
0.466472 0.0510616 0.208442
0.467473 0.0506818 0.207194
0.468474 0.0503044 0.20595
0.469475 0.0499295 0.20471
0.470476 0.0495571 0.203473
0.471477 0.0491872 0.20224
0.472478 0.0488199 0.20101
0.473479 0.048455 0.199784
0.47448 0.0480926 0.198561
0.475481 0.0477325 0.197343
0.476482 0.0473749 0.196128
0.477483 0.0470196 0.194918
0.478484 0.0466667 0.193711
0.479485 0.046316 0.192509
0.480486 0.0459676 0.191311
0.481487 0.0456215 0.190118
0.482488 0.0452776 0.188929
0.483489 0.044936 0.187744
0.48449 0.0445964 0.186565
0.485491 0.0442592 0.18539
0.486492 0.0439243 0.184218
0.487493 0.0435917 0.183051
0.488494 0.0432615 0.181888
0.489495 0.0429335 0.180729
0.490496 0.0426078 0.179574
0.491497 0.0422842 0.178423
0.492498 0.0419628 0.177276
0.493499 0.0416435 0.176134
0.4945 0.0413262 0.174995
0.495501 0.041011 0.173861
0.496502 0.0406977 0.172731
0.497503 0.0403864 0.171606
0.498504 0.0400771 0.170484
0.499505 0.0397695 0.169367
0.500505 0.0394639 0.168255
0.501506 0.03916 0.167147
0.502507 0.038858 0.166043
0.503508 0.038558 0.164943
0.504509 0.0382599 0.163846
0.50551 0.0379638 0.162754
0.506511 0.0376696 0.161665
0.507512 0.0373774 0.160581
0.508513 0.037087 0.1595
0.509514 0.0367985 0.158424
0.510515 0.0365118 0.157352
0.511516 0.0362269 0.156285
0.512517 0.0359439 0.155222
0.513518 0.0356626 0.154163
0.514519 0.0353831 0.153109
0.51552 0.0351054 0.15206
0.516521 0.0348294 0.151015
0.517522 0.0345552 0.149975
0.518523 0.0342826 0.14894
0.519524 0.0340118 0.147909
0.520525 0.0337429 0.146882
0.521526 0.0334758 0.14586
0.522527 0.0332105 0.144842
0.523528 0.032947 0.143828
0.524529 0.0326852 0.142819
0.52553 0.032425 0.141814
0.526531 0.0321666 0.140813
0.527532 0.0319098 0.139817
0.528533 0.0316546 0.138825
0.529534 0.031401 0.137837
0.530535 0.031149 0.136854
0.531536 0.0308985 0.135875
0.532537 0.0306495 0.134901
0.533538 0.030402 0.13393
0.534539 0.0301559 0.132965
0.53554 0.0299113 0.132003
0.536541 0.0296682 0.131046
0.537542 0.0294266 0.130093
0.538543 0.0291866 0.129144
0.539544 0.0289481 0.128199
0.540545 0.0287112 0.127258
0.541546 0.0284757 0.126321
0.542547 0.0282417 0.125389
0.543548 0.0280092 0.12446
0.544549 0.0277782 0.123536
0.54555 0.0275486 0.122617
0.546551 0.0273205 0.121702
0.547552 0.0270938 0.120791
0.548553 0.0268686 0.119885
0.549554 0.0266447 0.118983
0.550555 0.0264223 0.118086
0.551556 0.0262012 0.117194
0.552557 0.0259816 0.116306
0.553558 0.0257633 0.115423
0.554559 0.0255466 0.114544
0.55556 0.0253313 0.113669
0.556561 0.0251175 0.112799
0.557562 0.024905 0.111933
0.558563 0.024694 0.111071
0.559564 0.0244843 0.110214
0.560565 0.024276 0.10936
0.561566 0.024069 0.108511
0.562567 0.0238633 0.107667
0.563568 0.0236589 0.106827
0.564569 0.0234557 0.10599
0.56557 0.0232538 0.105159
0.566571 0.0230531 0.104331
0.567572 0.0228536 0.103508
0.568573 0.0226553 0.102689
0.569574 0.0224581 0.101874
0.570575 0.0222622 0.101063
0.571576 0.0220675 0.100256
0.572577 0.0218741 0.0994537
0.573578 0.0216818 0.098655
0.574579 0.0214908 0.0978604
0.57558 0.0213011 0.0970699
0.576581 0.0211125 0.0962835
0.577582 0.0209252 0.0955013
0.578583 0.020739 0.0947232
0.579584 0.020554 0.0939494
0.580585 0.0203702 0.0931797
0.581586 0.0201876 0.0924144
0.582587 0.0200062 0.0916533
0.583588 0.0198259 0.0908965
0.584589 0.0196468 0.0901441
0.58559 0.0194688 0.089396
0.586591 0.019292 0.0886523
0.587592 0.0191163 0.0879129
0.588593 0.0189418 0.0871777
0.589594 0.0187686 0.0864467
0.590595 0.0185965 0.0857198
0.591596 0.0184256 0.0849971
0.592597 0.0182558 0.0842785
0.593598 0.0180871 0.0835641
0.594599 0.0179196 0.0828537
0.5956 0.0177532 0.0821474
0.596601 0.0175878 0.0814451
0.597602 0.0174235 0.0807469
0.598603 0.0172603 0.0800527
0.599604 0.0170981 0.0793626
0.600605 0.0169369 0.0786764
0.601606 0.0167768 0.0779942
0.602607 0.0166176 0.077316
0.603608 0.0164595 0.0766417
0.604609 0.0163023 0.0759713
0.60561 0.0161461 0.0753047
0.606611 0.015991 0.074642
0.607612 0.0158369 0.0739831
0.608613 0.0156838 0.0733281
0.609614 0.0155317 0.072677
0.610615 0.0153807 0.0720297
0.611615 0.0152306 0.0713864
0.612616 0.0150816 0.0707469
0.613617 0.0149336 0.0701113
0.614618 0.0147865 0.0694797
0.615619 0.0146405 0.068852
0.61662 0.0144954 0.0682282
0.617621 0.0143513 0.0676084
0.618622 0.0142082 0.0669925
0.619623 0.014066 0.0663806
0.620624 0.0139249 0.0657727
0.621625 0.0137847 0.0651688
0.622626 0.0136455 0.0645688
0.623627 0.0135073 0.0639727
0.624628 0.0133701 0.0633806
0.625629 0.0132338 0.0627923
0.62663 0.0130986 0.0622079
0.627631 0.0129643 0.0616272
0.628632 0.0128309 0.0610504
0.629633 0.0126985 0.0604774
0.630634 0.012567 0.059908
0.631635 0.0124365 0.0593424
0.632636 0.0123068 0.0587805
0.633637 0.0121781 0.0582223
0.634638 0.0120502 0.0576677
0.635639 0.0119232 0.0571167
0.63664 0.011797 0.0565694
0.637641 0.0116717 0.0560255
0.638642 0.0115473 0.0554853
0.639643 0.0114237 0.0549486
0.640644 0.011301 0.0544154
0.641645 0.0111792 0.0538858
0.642646 0.0110582 0.0533598
0.643647 0.0109381 0.0528373
0.644648 0.0108189 0.0523184
0.645649 0.0107006 0.051803
0.64665 0.0105831 0.0512911
0.647651 0.0104664 0.0507828
0.648652 0.0103507 0.0502781
0.649653 0.0102357 0.0497768
0.650654 0.0101216 0.0492791
0.651655 0.0100084 0.0487848
0.652656 0.00989601 0.0482941
0.653657 0.00978446 0.0478069
0.654658 0.00967374 0.0473232
0.655659 0.00956386 0.046843
0.65666 0.00945482 0.0463663
0.657661 0.00934663 0.0458932
0.658662 0.00923931 0.0454236
0.659663 0.00913283 0.0449576
0.660664 0.00902719 0.044495
0.661665 0.00892238 0.0440358
0.662666 0.0088184 0.0435801
0.663667 0.00871523 0.0431278
0.664668 0.00861287 0.0426788
0.665669 0.00851131 0.0422332
0.66667 0.00841053 0.0417908
0.667671 0.00831054 0.0413517
0.668672 0.00821132 0.0409158
0.669673 0.00811287 0.0404832
0.670674 0.00801517 0.0400537
0.671675 0.00791823 0.0396273
0.672676 0.00782202 0.039204
0.673677 0.00772655 0.0387839
0.674678 0.00763182 0.0383668
0.675679 0.00753786 0.037953
0.67668 0.00744465 0.0375423
0.677681 0.0073522 0.0371348
0.678682 0.0072605 0.0367304
0.679683 0.00716955 0.0363292
0.680684 0.00707935 0.0359312
0.681685 0.0069899 0.0355362
0.682686 0.00690119 0.0351443
0.683687 0.00681322 0.0347555
0.684688 0.006726 0.0343698
0.685689 0.00663951 0.0339872
0.68669 0.00655376 0.0336076
0.687691 0.00646874 0.033231
0.688692 0.00638445 0.0328574
0.689693 0.0063009 0.0324868
0.690694 0.00621807 0.0321192
0.691695 0.00613597 0.0317547
0.692696 0.00605462 0.0313932
0.693697 0.00597402 0.0310348
0.694698 0.00589416 0.0306796
0.695699 0.00581504 0.0303274
0.6967 0.00573664 0.0299781
0.697701 0.00565897 0.0296319
0.698702 0.005582 0.0292886
0.699703 0.00550573 0.0289482
0.700704 0.00543016 0.0286107
0.701705 0.00535528 0.028276
0.702706 0.00528108 0.0279441
0.703707 0.00520755 0.0276149
0.704708 0.00513469 0.0272885
0.705709 0.00506249 0.0269648
0.70671 0.00499093 0.0266437
0.707711 0.00492002 0.0263253
0.708712 0.00484975 0.0260094
0.709713 0.00478011 0.0256962
0.710714 0.00471115 0.0253857
0.711715 0.00464285 0.025078
0.712716 0.00457521 0.024773
0.713717 0.00450823 0.0244708
0.714718 0.0044419 0.0241712
0.715719 0.00437623 0.0238743
0.71672 0.0043112 0.0235801
0.717721 0.00424682 0.0232885
0.718722 0.00418309 0.0229995
0.719723 0.00411999 0.0227131
0.720724 0.00405752 0.0224293
0.721725 0.00399569 0.022148
0.722725 0.00393449 0.0218692
0.723726 0.00387391 0.021593
0.724727 0.00381396 0.0213192
0.725728 0.00375462 0.0210479
0.726729 0.0036959 0.0207791
0.72773 0.00363783 0.0205128
0.728731 0.0035804 0.0202492
0.729732 0.00352362 0.0199882
0.730733 0.00346748 0.0197298
0.731734 0.00341197 0.019474
0.732735 0.00335708 0.0192206
0.733736 0.00330281 0.0189698
0.734737 0.00324914 0.0187213
0.735738 0.00319606 0.0184753
0.736739 0.00314358 0.0182316
0.73774 0.00309167 0.0179902
0.738741 0.00304034 0.0177512
0.739742 0.00298958 0.0175143
0.740743 0.00293937 0.0172797
0.741744 0.00288971 0.0170473
0.742745 0.00284059 0.016817
0.743746 0.00279201 0.0165888
0.744747 0.00274396 0.0163627
0.745748 0.00269648 0.0161389
0.746749 0.00264958 0.0159174
0.74775 0.00260325 0.0156982
0.748751 0.00255749 0.0154813
0.749752 0.00251229 0.0152666
0.750753 0.00246764 0.0150541
0.751754 0.00242355 0.0148438
0.752755 0.00238 0.0146356
0.753756 0.00233699 0.0144296
0.754757 0.00229451 0.0142258
0.755758 0.00225256 0.014024
0.756759 0.00221113 0.0138242
0.75776 0.00217021 0.0136265
0.758761 0.00212981 0.0134308
0.759762 0.00208991 0.0132371
0.760763 0.0020505 0.0130454
0.761764 0.0020116 0.0128556
0.762765 0.00197319 0.0126677
0.763766 0.00193532 0.0124821
0.764767 0.001898 0.0122985
0.765768 0.00186122 0.0121171
0.766769 0.00182496 0.0119378
0.76777 0.00178922 0.0117605
0.768771 0.00175399 0.0115852
0.769772 0.00171925 0.0114119
0.770773 0.00168501 0.0112406
0.771774 0.00165125 0.0110711
0.772775 0.00161796 0.0109035
0.773776 0.00158514 0.0107377
0.774777 0.00155277 0.0105738
0.775778 0.00152085 0.0104115
0.776779 0.00148936 0.0102511
0.77778 0.00145831 0.0100923
0.778781 0.00142767 0.00993513
0.779782 0.00139745 0.00977963
0.780783 0.00136765 0.00962578
0.781784 0.00133833 0.0094738
0.782785 0.00130949 0.00932367
0.783786 0.00128111 0.00917538
0.784787 0.00125319 0.00902888
0.785788 0.00122572 0.00888416
0.786789 0.0011987 0.00874118
0.78779 0.00117211 0.00859992
0.788791 0.00114595 0.00846035
0.789792 0.0011202 0.00832245
0.790793 0.00109487 0.00818618
0.791794 0.00106993 0.00805153
0.792795 0.0010454 0.00791846
0.793796 0.00102125 0.00778695
0.794797 0.00099748 0.00765697
0.795798 0.000974082 0.00752851
0.796799 0.000951048 0.00740152
0.7978 0.000928371 0.007276
0.798801 0.000906073 0.007152
0.799802 0.00088421 0.0070297
0.800803 0.000862774 0.00690909
0.801804 0.000841755 0.00679013
0.802805 0.000821142 0.00667278
0.803806 0.000800924 0.006557
0.804807 0.000781092 0.00644278
0.805808 0.000761634 0.00633006
0.806809 0.000742541 0.00621883
0.80781 0.000723802 0.00610904
0.808811 0.000705407 0.00600067
0.809812 0.000687346 0.00589367
0.810813 0.00066961 0.00578803
0.811814 0.000652187 0.0056837
0.812815 0.000635069 0.00558066
0.813816 0.000618245 0.00547887
0.814817 0.000601707 0.00537831
0.815818 0.000585443 0.00527894
0.816819 0.000569485 0.00518084
0.81782 0.000553891 0.00508419
0.818821 0.000538652 0.00498896
0.819822 0.000523759 0.00489513
0.820823 0.000509202 0.00480267
0.821824 0.00049497 0.00471155
0.822825 0.000481054 0.00462175
0.823826 0.000467444 0.00453323
0.824827 0.000454131 0.00444598
0.825828 0.000441105 0.00435996
0.826829 0.000428357 0.00427515
0.82783 0.000415877 0.00419153
0.828831 0.000403655 0.00410906
0.829832 0.000391683 0.00402772
0.830833 0.000379951 0.0039475
0.831834 0.00036845 0.00386835
0.832835 0.00035717 0.00379026
0.833835 0.000346104 0.0037132
0.834836 0.000335285 0.00363726
0.835837 0.000324771 0.00356261
0.836838 0.000314552 0.0034892
0.837839 0.000304617 0.00341702
0.83884 0.000294956 0.00334603
0.839841 0.000285557 0.00327619
0.840842 0.000276411 0.00320749
0.841843 0.000267508 0.00313989
0.842844 0.000258836 0.00307336
0.843845 0.000250386 0.00300787
0.844846 0.000242148 0.00294339
0.845847 0.000234112 0.0028799
0.846848 0.000226266 0.00281737
0.847849 0.000218603 0.00275577
0.84885 0.000211111 0.00269506
0.849851 0.000203781 0.00263523
0.850852 0.000196604 0.00257624
0.851853 0.000189569 0.00251807
0.852854 0.000182711 0.00246081
0.853855 0.000176086 0.0024046
0.854856 0.000169684 0.00234943
0.855857 0.000163498 0.00229527
0.856858 0.000157518 0.00224209
0.857859 0.000151733 0.00218987
0.85886 0.000146136 0.00213859
0.859861 0.000140717 0.00208822
0.860862 0.000135468 0.00203873
0.861863 0.000130378 0.0019901
0.862864 0.00012544 0.00194232
0.863865 0.000120644 0.00189535
0.864866 0.000115983 0.00184916
0.865867 0.000111446 0.00180375
0.866868 0.000107026 0.00175908
0.867869 0.000102713 0.00171513
0.86887 9.84999e-05 0.00167188
0.869871 9.43777e-05 0.00162931
0.870872 9.03758e-05 0.00158749
0.871873 8.65452e-05 0.00154657
0.872874 8.28784e-05 0.00150653
0.873875 7.93669e-05 0.00146734
0.874876 7.60028e-05 0.00142898
0.875877 7.27776e-05 0.00139141
0.876878 6.96835e-05 0.00135462
0.877879 6.67123e-05 0.00131858
0.87888 6.38561e-05 0.00128326
0.879881 6.11069e-05 0.00124864
0.880882 5.84568e-05 0.00121469
0.881883 5.5898e-05 0.0011814
0.882884 5.34228e-05 0.00114873
0.883885 5.10233e-05 0.00111667
0.884886 4.8692e-05 0.00108518
0.885887 4.64212e-05 0.00105425
0.886888 4.42033e-05 0.00102384
0.887889 4.20308e-05 0.000993951
0.88889 3.99253e-05 0.000964633
0.889891 3.7931e-05 0.000936035
0.890892 3.60428e-05 0.000908135
0.891893 3.42546e-05 0.000880914
0.892894 3.25602e-05 0.000854349
0.893895 3.09537e-05 0.000828419
0.894896 2.94291e-05 0.000803103
0.895897 2.79804e-05 0.000778381
0.896898 2.66016e-05 0.00075423
0.897899 2.5287e-05 0.00073063
0.8989 2.40307e-05 0.000707562
0.899901 2.28269e-05 0.000685003
0.900902 2.16699e-05 0.000662934
0.901903 2.05538e-05 0.000641335
0.902904 1.94731e-05 0.000620185
0.903905 1.84221e-05 0.000599465
0.904906 1.73952e-05 0.000579154
0.905907 1.63868e-05 0.000559234
0.906908 1.5411e-05 0.000539763
0.907909 1.45009e-05 0.000520873
0.90891 1.3653e-05 0.000502548
0.909911 1.28632e-05 0.000484767
0.910912 1.21274e-05 0.000467507
0.911913 1.14414e-05 0.000450749
0.912914 1.08012e-05 0.000434473
0.913915 1.02027e-05 0.000418656
0.914916 9.64178e-06 0.00040328
0.915917 9.11452e-06 0.000388324
0.916918 8.6169e-06 0.000373768
0.917919 8.14494e-06 0.000359592
0.91892 7.69472e-06 0.000345776
0.919921 7.26232e-06 0.0003323
0.920922 6.84385e-06 0.000319145
0.921923 6.43544e-06 0.000306292
0.922924 6.03327e-06 0.00029372
0.923925 5.63352e-06 0.000281411
0.924926 5.24491e-06 0.000269421
0.925927 4.88804e-06 0.000257871
0.926928 4.5612e-06 0.000246746
0.927929 4.26215e-06 0.000236029
0.92893 3.98866e-06 0.000225702
0.929931 3.73852e-06 0.000215746
0.930932 3.50953e-06 0.000206144
0.931933 3.29952e-06 0.000196879
0.932934 3.10631e-06 0.000187933
0.933935 2.92774e-06 0.000179289
0.934936 2.76168e-06 0.000170929
0.935937 2.60599e-06 0.000162837
0.936938 2.45856e-06 0.000154995
0.937939 2.31729e-06 0.000147386
0.93894 2.18009e-06 0.000139994
0.939941 2.04488e-06 0.000132801
0.940942 1.90961e-06 0.000125792
0.941943 1.77223e-06 0.00011895
0.942944 1.6387e-06 0.000112342
0.943945 1.51807e-06 0.000106061
0.944945 1.40938e-06 0.000100091
0.945946 1.31165e-06 9.4415e-05
0.946947 1.22389e-06 8.9018e-05
0.947948 1.14512e-06 8.38836e-05
0.948949 1.07437e-06 7.89959e-05
0.94995 1.01068e-06 7.43389e-05
0.950951 9.5308e-07 6.98971e-05
0.951952 9.00624e-07 6.56548e-05
0.952953 8.52362e-07 6.15964e-05
0.953954 8.07351e-07 5.77066e-05
0.954955 7.64656e-07 5.39698e-05
0.955956 7.23347e-07 5.0371e-05
0.956957 6.825e-07 4.6895e-05
0.957958 6.41195e-07 4.35267e-05
0.958959 5.98521e-07 4.02511e-05
0.95996 5.53896e-07 3.70612e-05
0.960961 5.11819e-07 3.40672e-05
0.961962 4.73737e-07 3.12976e-05
0.962963 4.39322e-07 2.87375e-05
0.963964 4.08244e-07 2.6372e-05
0.964965 3.80176e-07 2.41862e-05
0.965966 3.54796e-07 2.21654e-05
0.966967 3.31779e-07 2.02948e-05
0.967968 3.10807e-07 1.85601e-05
0.968969 2.91561e-07 1.69467e-05
0.96997 2.73724e-07 1.54402e-05
0.970971 2.56983e-07 1.40264e-05
0.971972 2.41023e-07 1.2691e-05
0.972973 2.25536e-07 1.14199e-05
0.973974 2.10212e-07 1.01991e-05
0.974975 1.94744e-07 9.01468e-06
0.975976 1.78828e-07 7.85274e-06
0.976977 1.62452e-07 6.71814e-06
0.977978 1.47279e-07 5.71888e-06
0.978979 1.33513e-07 4.86215e-06
0.97998 1.21018e-07 4.13292e-06
0.980981 1.09657e-07 3.51625e-06
0.981982 9.92965e-08 2.99727e-06
0.982983 8.98019e-08 2.56122e-06
0.983984 8.10404e-08 2.19343e-06
0.984985 7.28795e-08 1.87931e-06
0.985986 6.51878e-08 1.60436e-06
0.986987 5.78345e-08 1.35418e-06
0.987988 5.06897e-08 1.11443e-06
0.988989 4.36243e-08 8.70893e-07
0.98999 3.65098e-08 6.09404e-07
0.990991 2.96819e-08 3.64022e-07
0.991992 2.39219e-08 2.13544e-07
0.992993 1.90481e-08 1.3541e-07
0.993994 1.48506e-08 1.04135e-07
0.994995 1.11207e-08 9.43898e-08
0.995996 7.65109e-09 8.0998e-08
0.996997 4.41086e-09 4.87386e-08
0.997998 2.27183e-09 4.27021e-08
0.998999 6.84676e-10 4.06957e-08
1 0 0
