1e-05 70.4069 3.09383
0.00101099 16.9074 0.910907
0.00201198 13.1629 0.775663
0.00301297 11.2612 0.713303
0.00401396 10.0258 0.676471
0.00501495 9.12711 0.652153
0.00601595 8.43001 0.635063
0.00701694 7.86398 0.622535
0.00801793 7.39102 0.613148
0.00901892 6.98684 0.605996
0.0100199 6.63447 0.600452
0.0110209 6.3236 0.596162
0.0120219 6.04653 0.592861
0.0130229 5.79663 0.590311
0.0140239 5.56947 0.588368
0.0150249 5.36174 0.586924
0.0160259 5.17085 0.585905
0.0170268 4.99447 0.585232
0.0180278 4.83051 0.584827
0.0190288 4.67749 0.584654
0.0200298 4.53427 0.584679
0.0210308 4.39988 0.58487
0.0220318 4.27347 0.585211
0.0230328 4.15424 0.58568
0.0240338 4.04142 0.586248
0.0250348 3.93438 0.586891
0.0260358 3.83265 0.58761
0.0270368 3.73582 0.588394
0.0280377 3.64352 0.589229
0.0290387 3.55542 0.590105
0.0300397 3.47121 0.591027
0.0310407 3.39062 0.591987
0.0320417 3.31337 0.592971
0.0330427 3.23921 0.593969
0.0340437 3.16793 0.594976
0.0350447 3.09937 0.596
0.0360457 3.03336 0.597035
0.0370467 2.96976 0.598076
0.0380477 2.90843 0.599117
0.0390486 2.84924 0.600156
0.0400496 2.79209 0.601202
0.0410506 2.73686 0.60225
0.0420516 2.68344 0.603294
0.0430526 2.63173 0.604329
0.0440536 2.58164 0.60535
0.0450546 2.53309 0.606359
0.0460556 2.48601 0.607361
0.0470566 2.44034 0.608355
0.0480576 2.396 0.609338
0.0490586 2.35295 0.610307
0.0500595 2.31112 0.611262
0.0510605 2.27047 0.6122
0.0520615 2.23094 0.61313
0.0530625 2.1925 0.614051
0.0540635 2.15508 0.614958
0.0550645 2.11866 0.615851
0.0560655 2.08318 0.616725
0.0570665 2.04861 0.61758
0.0580675 2.0149 0.618414
0.0590685 1.98204 0.619235
0.0600695 1.95 0.620042
0.0610705 1.91874 0.620833
0.0620714 1.88823 0.621608
0.0630724 1.85844 0.622365
0.0640734 1.82936 0.623102
0.0650744 1.80095 0.623819
0.0660754 1.7732 0.62452
0.0670764 1.74609 0.625207
0.0680774 1.71959 0.62588
0.0690784 1.69368 0.626537
0.0700794 1.66835 0.627175
0.0710804 1.64357 0.627795
0.0720814 1.61932 0.628395
0.0730823 1.59559 0.628973
0.0740833 1.57236 0.629533
0.0750843 1.54962 0.630078
0.0760853 1.52736 0.630608
0.0770863 1.50557 0.631121
0.0780873 1.48421 0.631616
0.0790883 1.4633 0.632094
0.0800893 1.44279 0.632554
0.0810903 1.4227 0.632994
0.0820913 1.40299 0.633416
0.0830923 1.38368 0.633823
0.0840932 1.36475 0.634215
0.0850942 1.34618 0.634593
0.0860952 1.32798 0.634955
0.0870962 1.31012 0.635301
0.0880972 1.29259 0.635629
0.0890982 1.27539 0.635938
0.0900992 1.25851 0.636229
0.0911002 1.24193 0.636501
0.0921012 1.22566 0.636756
0.0931022 1.20969 0.636997
0.0941032 1.19402 0.637223
0.0951041 1.17862 0.637434
0.0961051 1.1635 0.637629
0.0971061 1.14865 0.637807
0.0981071 1.13406 0.637969
0.0991081 1.11972 0.638114
0.100109 1.10562 0.638242
0.10111 1.09176 0.638352
0.102111 1.07814 0.638448
0.103112 1.06476 0.638531
0.104113 1.0516 0.6386
0.105114 1.03867 0.638654
0.106115 1.02596 0.638693
0.107116 1.01346 0.638717
0.108117 1.00116 0.638725
0.109118 0.989058 0.638717
0.110119 0.977153 0.638692
0.11112 0.965437 0.638651
0.112121 0.953914 0.638595
0.113122 0.942582 0.638527
0.114123 0.931434 0.638445
0.115124 0.920466 0.638349
0.116125 0.909673 0.638239
0.117126 0.899048 0.638115
0.118127 0.888588 0.637976
0.119128 0.878288 0.637823
0.120129 0.868143 0.637654
0.12113 0.858149 0.63747
0.122131 0.848303 0.637272
0.123132 0.838609 0.63706
0.124133 0.829065 0.636837
0.125134 0.819667 0.6366
0.126135 0.81041 0.636351
0.127136 0.801292 0.636089
0.128137 0.792309 0.635813
0.129138 0.783458 0.635524
0.130139 0.774735 0.63522
0.13114 0.766137 0.634903
0.132141 0.757662 0.634572
0.133142 0.749307 0.634226
0.134143 0.741076 0.633869
0.135144 0.732967 0.6335
0.136145 0.724977 0.633118
0.137146 0.717103 0.632725
0.138147 0.709342 0.63232
0.139148 0.70169 0.631902
0.140149 0.694145 0.631471
0.14115 0.686705 0.631028
0.142151 0.679365 0.630572
0.143152 0.672124 0.630103
0.144153 0.664979 0.629621
0.145154 0.657931 0.629127
0.146155 0.650982 0.628621
0.147156 0.644131 0.628105
0.148157 0.637374 0.627577
0.149158 0.63071 0.627038
0.150159 0.624136 0.626487
0.15116 0.61765 0.625925
0.152161 0.611251 0.625351
0.153162 0.604935 0.624766
0.154163 0.598701 0.624169
0.155164 0.592547 0.62356
0.156165 0.586472 0.622939
0.157166 0.580475 0.622307
0.158167 0.57456 0.621664
0.159168 0.568725 0.621012
0.160169 0.562968 0.620349
0.16117 0.557286 0.619675
0.162171 0.551677 0.618991
0.163172 0.546141 0.618296
0.164173 0.540675 0.617591
0.165174 0.535277 0.616875
0.166175 0.529945 0.616148
0.167175 0.524679 0.615411
0.168176 0.519475 0.614662
0.169177 0.514335 0.613903
0.170178 0.50926 0.613134
0.171179 0.50425 0.612355
0.17218 0.499304 0.611567
0.173181 0.49442 0.610769
0.174182 0.489597 0.609961
0.175183 0.484834 0.609144
0.176184 0.480128 0.608317
0.177185 0.47548 0.60748
0.178186 0.470886 0.606634
0.179187 0.466347 0.605778
0.180188 0.461862 0.604913
0.181189 0.457427 0.604037
0.18219 0.453046 0.603153
0.183191 0.44872 0.60226
0.184192 0.444447 0.601358
0.185193 0.440227 0.600448
0.186194 0.436058 0.599528
0.187195 0.431939 0.5986
0.188196 0.427868 0.597664
0.189197 0.423845 0.596718
0.190198 0.419868 0.595764
0.191199 0.415936 0.594801
0.1922 0.412048 0.593829
0.193201 0.408202 0.592848
0.194202 0.404399 0.591859
0.195203 0.400637 0.590861
0.196204 0.39692 0.589854
0.197205 0.393247 0.58884
0.198206 0.389616 0.587817
0.199207 0.386028 0.586786
0.200208 0.38248 0.585747
0.201209 0.378972 0.584701
0.20221 0.375504 0.583646
0.203211 0.372074 0.582584
0.204212 0.368682 0.581514
0.205213 0.365327 0.580437
0.206214 0.362008 0.579352
0.207215 0.358725 0.578259
0.208216 0.355477 0.577159
0.209217 0.352266 0.576052
0.210218 0.349092 0.574938
0.211219 0.345955 0.573817
0.21222 0.342853 0.572689
0.213221 0.339786 0.571553
0.214222 0.336752 0.570411
0.215223 0.333752 0.569262
0.216224 0.330783 0.568106
0.217225 0.327846 0.566943
0.218226 0.32494 0.565773
0.219227 0.322064 0.564596
0.220228 0.319216 0.563413
0.221229 0.316398 0.562223
0.22223 0.313608 0.561026
0.223231 0.310849 0.559822
0.224232 0.30812 0.558612
0.225233 0.305421 0.557396
0.226234 0.302751 0.556173
0.227235 0.300109 0.554943
0.228236 0.297495 0.553708
0.229237 0.294908 0.552466
0.230238 0.292348 0.551219
0.231239 0.289814 0.549966
0.23224 0.287306 0.548707
0.233241 0.284823 0.547442
0.234242 0.282364 0.546172
0.235243 0.27993 0.544897
0.236244 0.277521 0.543616
0.237245 0.275137 0.54233
0.238246 0.27278 0.541038
0.239247 0.270447 0.539741
0.240248 0.268138 0.538438
0.241249 0.265854 0.53713
0.24225 0.263593 0.535817
0.243251 0.261354 0.534498
0.244252 0.259138 0.533175
0.245253 0.256944 0.531846
0.246254 0.25477 0.530513
0.247255 0.252618 0.529175
0.248256 0.250486 0.527832
0.249257 0.248374 0.526484
0.250258 0.246282 0.525131
0.251259 0.244211 0.523773
0.25226 0.242161 0.52241
0.253261 0.240132 0.521042
0.254262 0.238124 0.519669
0.255263 0.236135 0.518292
0.256264 0.234166 0.51691
0.257265 0.232216 0.515524
0.258266 0.230286 0.514133
0.259267 0.228373 0.512739
0.260268 0.226479 0.511341
0.261269 0.224603 0.509939
0.26227 0.222744 0.508534
0.263271 0.220903 0.507125
0.264272 0.219078 0.505713
0.265273 0.217272 0.504297
0.266274 0.215484 0.502877
0.267275 0.213714 0.501453
0.268276 0.211961 0.500026
0.269277 0.210226 0.498595
0.270278 0.208507 0.49716
0.271279 0.206805 0.495722
0.27228 0.205119 0.494281
0.273281 0.203449 0.492836
0.274282 0.201794 0.491388
0.275283 0.200154 0.489937
0.276284 0.198528 0.488483
0.277285 0.196917 0.487026
0.278285 0.19532 0.485566
0.279286 0.193737 0.484104
0.280287 0.192169 0.482637
0.281288 0.190617 0.481167
0.282289 0.189079 0.479694
0.28329 0.187555 0.478217
0.284291 0.186046 0.476737
0.285292 0.184551 0.475255
0.286293 0.183069 0.47377
0.287294 0.181601 0.472282
0.288295 0.180147 0.470792
0.289296 0.178705 0.4693
0.290297 0.177276 0.467806
0.291298 0.175859 0.46631
0.292299 0.174455 0.464812
0.2933 0.173063 0.463313
0.294301 0.171683 0.461812
0.295302 0.170316 0.460308
0.296303 0.168962 0.458802
0.297304 0.16762 0.457293
0.298305 0.166291 0.455783
0.299306 0.164975 0.45427
0.300307 0.16367 0.452756
0.301308 0.162376 0.451239
0.302309 0.161095 0.449721
0.30331 0.159824 0.448201
0.304311 0.158564 0.44668
0.305312 0.157315 0.445158
0.306313 0.156077 0.443634
0.307314 0.154848 0.442108
0.308315 0.15363 0.440582
0.309316 0.152422 0.439055
0.310317 0.151225 0.437525
0.311318 0.150039 0.435993
0.312319 0.148863 0.434459
0.31332 0.147698 0.432924
0.314321 0.146543 0.431387
0.315322 0.145398 0.429849
0.316323 0.144263 0.42831
0.317324 0.143138 0.42677
0.318325 0.142023 0.425229
0.319326 0.140917 0.423687
0.320327 0.13982 0.422146
0.321328 0.138733 0.420604
0.322329 0.137654 0.419061
0.32333 0.136584 0.417519
0.324331 0.135524 0.415978
0.325332 0.134472 0.414435
0.326333 0.133431 0.412891
0.327334 0.132398 0.411347
0.328335 0.131375 0.409802
0.329336 0.13036 0.408256
0.330337 0.129355 0.40671
0.331338 0.128358 0.405164
0.332339 0.127369 0.403618
0.33334 0.126389 0.402071
0.334341 0.125417 0.400524
0.335342 0.124452 0.398977
0.336343 0.123495 0.397431
0.337344 0.122546 0.395884
0.338345 0.121604 0.394338
0.339346 0.12067 0.392793
0.340347 0.119743 0.391247
0.341348 0.118824 0.3897
0.342349 0.117913 0.388153
0.34335 0.117009 0.386606
0.344351 0.116113 0.385058
0.345352 0.115225 0.38351
0.346353 0.114344 0.381963
0.347354 0.11347 0.380416
0.348355 0.112603 0.378869
0.349356 0.111744 0.377323
0.350357 0.110891 0.375778
0.351358 0.110045 0.374234
0.352359 0.109206 0.372691
0.35336 0.108373 0.37115
0.354361 0.107547 0.369609
0.355362 0.106727 0.368071
0.356363 0.105914 0.366533
0.357364 0.105108 0.364995
0.358365 0.104309 0.363458
0.359366 0.103516 0.361921
0.360367 0.10273 0.360385
0.361368 0.101951 0.35885
0.362369 0.101178 0.357316
0.36337 0.100411 0.355783
0.364371 0.0996505 0.354251
0.365372 0.0988956 0.35272
0.366373 0.0981466 0.351191
0.367374 0.0974033 0.349664
0.368375 0.0966655 0.348137
0.369376 0.0959332 0.346613
0.370377 0.0952063 0.34509
0.371378 0.0944848 0.343569
0.372379 0.0937692 0.342048
0.37338 0.0930594 0.340528
0.374381 0.0923554 0.339009
0.375382 0.091657 0.337491
0.376383 0.0909641 0.335974
0.377384 0.0902768 0.334459
0.378385 0.0895948 0.332945
0.379386 0.0889182 0.331432
0.380387 0.0882468 0.329922
0.381388 0.0875805 0.328413
0.382389 0.0869193 0.326907
0.38339 0.0862631 0.325403
0.384391 0.0856118 0.323902
0.385392 0.0849654 0.322403
0.386393 0.0843237 0.320906
0.387394 0.0836869 0.319413
0.388395 0.0830554 0.31792
0.389395 0.082429 0.31643
0.390396 0.0818077 0.314941
0.391397 0.0811914 0.313454
0.392398 0.0805799 0.311969
0.393399 0.0799733 0.310486
0.3944 0.0793713 0.309006
0.395401 0.0787739 0.307527
0.396402 0.0781809 0.306051
0.397403 0.0775924 0.304577
0.398404 0.0770083 0.303106
0.399405 0.0764283 0.301637
0.400406 0.0758525 0.300171
0.401407 0.0752808 0.298707
0.402408 0.074713 0.297247
0.403409 0.0741493 0.295789
0.40441 0.07359 0.294333
0.405411 0.0730351 0.292878
0.406412 0.0724844 0.291425
0.407413 0.071938 0.289975
0.408414 0.0713957 0.288527
0.409415 0.0708575 0.287081
0.410416 0.0703233 0.285637
0.411417 0.0697932 0.284197
0.412418 0.0692669 0.282759
0.413419 0.0687446 0.281324
0.41442 0.068226 0.279893
0.415421 0.0677112 0.278465
0.416422 0.0672001 0.27704
0.417423 0.0666926 0.275618
0.418424 0.0661887 0.274201
0.419425 0.0656884 0.272786
0.420426 0.0651921 0.271375
0.421427 0.0646997 0.269966
0.422428 0.0642112 0.26856
0.423429 0.0637264 0.267157
0.42443 0.0632453 0.265757
0.425431 0.0627678 0.26436
0.426432 0.0622938 0.262966
0.427433 0.0618233 0.261574
0.428434 0.0613562 0.260187
0.429435 0.0608925 0.258802
0.430436 0.060432 0.257421
0.431437 0.0599747 0.256043
0.432438 0.0595206 0.254668
0.433439 0.0590695 0.253297
0.43444 0.0586215 0.25193
0.435441 0.0581764 0.250566
0.436442 0.0577345 0.249205
0.437443 0.0572959 0.247847
0.438444 0.0568605 0.246491
0.439445 0.0564283 0.245139
0.440446 0.0559993 0.243789
0.441447 0.0555734 0.242443
0.442448 0.0551506 0.2411
0.443449 0.0547308 0.23976
0.44445 0.054314 0.238424
0.445451 0.0539001 0.237091
0.446452 0.0534891 0.235762
0.447453 0.0530811 0.234437
0.448454 0.0526758 0.233116
0.449455 0.0522734 0.2318
0.450456 0.0518737 0.230487
0.451457 0.0514767 0.229179
0.452458 0.0510825 0.227874
0.453459 0.0506914 0.226573
0.45446 0.0503032 0.225276
0.455461 0.0499179 0.223982
0.456462 0.0495354 0.222692
0.457463 0.0491557 0.221405
0.458464 0.0487788 0.220122
0.459465 0.0484045 0.218842
0.460466 0.0480329 0.217567
0.461467 0.0476639 0.216295
0.462468 0.0472974 0.215027
0.463469 0.0469334 0.213763
0.46447 0.0465718 0.212503
0.465471 0.0462126 0.211247
0.466472 0.0458557 0.209995
0.467473 0.0455012 0.208747
0.468474 0.0451489 0.207504
0.469475 0.0447991 0.206264
0.470476 0.0444517 0.205027
0.471477 0.0441069 0.203794
0.472478 0.0437645 0.202564
0.473479 0.0434245 0.201338
0.47448 0.0430868 0.200116
0.475481 0.0427515 0.198897
0.476482 0.0424186 0.197683
0.477483 0.0420879 0.196472
0.478484 0.0417596 0.195266
0.479485 0.0414334 0.194064
0.480486 0.0411095 0.192866
0.481487 0.0407877 0.191672
0.482488 0.0404682 0.190483
0.483489 0.0401507 0.189299
0.48449 0.0398354 0.188119
0.485491 0.0395222 0.186944
0.486492 0.0392113 0.185773
0.487493 0.0389028 0.184606
0.488494 0.0385964 0.183443
0.489495 0.0382923 0.182283
0.490496 0.0379904 0.181128
0.491497 0.0376905 0.179977
0.492498 0.0373928 0.17883
0.493499 0.0370971 0.177688
0.4945 0.0368034 0.176549
0.495501 0.0365116 0.175415
0.496502 0.0362218 0.174285
0.497503 0.0359339 0.173159
0.498504 0.0356478 0.172037
0.499505 0.0353636 0.17092
0.500505 0.0350811 0.169808
0.501506 0.0348004 0.168699
0.502507 0.0345215 0.167595
0.503508 0.0342445 0.166494
0.504509 0.0339695 0.165397
0.50551 0.0336963 0.164305
0.506511 0.033425 0.163216
0.507512 0.0331556 0.162131
0.508513 0.032888 0.16105
0.509514 0.0326222 0.159974
0.510515 0.0323582 0.158901
0.511516 0.0320959 0.157833
0.512517 0.0318354 0.15677
0.513518 0.0315767 0.155711
0.514519 0.0313196 0.154656
0.51552 0.0310643 0.153606
0.516521 0.0308106 0.152561
0.517522 0.0305585 0.15152
0.518523 0.0303082 0.150484
0.519524 0.0300595 0.149453
0.520525 0.0298127 0.148426
0.521526 0.0295676 0.147403
0.522527 0.0293242 0.146384
0.523528 0.0290825 0.14537
0.524529 0.0288426 0.14436
0.52553 0.0286042 0.143354
0.526531 0.0283675 0.142353
0.527532 0.0281323 0.141356
0.528533 0.0278988 0.140363
0.529534 0.0276667 0.139374
0.530535 0.0274362 0.13839
0.531536 0.0272071 0.137411
0.532537 0.0269795 0.136435
0.533538 0.0267533 0.135464
0.534539 0.0265285 0.134498
0.53554 0.0263051 0.133535
0.536541 0.0260832 0.132577
0.537542 0.0258627 0.131623
0.538543 0.0256438 0.130673
0.539544 0.0254263 0.129727
0.540545 0.0252103 0.128785
0.541546 0.0249958 0.127847
0.542547 0.0247827 0.126914
0.543548 0.024571 0.125984
0.544549 0.0243608 0.125059
0.54555 0.0241519 0.124139
0.546551 0.0239444 0.123222
0.547552 0.0237383 0.122311
0.548553 0.0235336 0.121403
0.549554 0.0233302 0.1205
0.550555 0.0231281 0.119602
0.551556 0.0229274 0.118708
0.552557 0.022728 0.117819
0.553558 0.02253 0.116935
0.554559 0.0223334 0.116054
0.55556 0.0221383 0.115178
0.556561 0.0219445 0.114307
0.557562 0.021752 0.113439
0.558563 0.0215609 0.112576
0.559564 0.0213711 0.111717
0.560565 0.0211826 0.110862
0.561566 0.0209954 0.110012
0.562567 0.0208094 0.109166
0.563568 0.0206246 0.108324
0.564569 0.0204411 0.107486
0.56557 0.0202587 0.106653
0.566571 0.0200775 0.105824
0.567572 0.0198974 0.104999
0.568573 0.0197185 0.104178
0.569574 0.0195407 0.103362
0.570575 0.019364 0.102549
0.571576 0.0191885 0.101741
0.572577 0.0190143 0.100936
0.573578 0.0188412 0.100136
0.574579 0.0186693 0.0993394
0.57558 0.0184985 0.098547
0.576581 0.0183289 0.0977588
0.577582 0.0181605 0.0969747
0.578583 0.0179932 0.0961948
0.579584 0.017827 0.095419
0.580585 0.0176619 0.0946475
0.581586 0.017498 0.0938801
0.582587 0.0173352 0.0931171
0.583588 0.0171734 0.0923583
0.584589 0.0170128 0.0916039
0.58559 0.0168533 0.0908537
0.586591 0.0166948 0.0901079
0.587592 0.0165374 0.0893665
0.588593 0.0163812 0.0886292
0.589594 0.0162261 0.087896
0.590595 0.0160722 0.087167
0.591596 0.0159193 0.0864421
0.592597 0.0157676 0.0857213
0.593598 0.0156169 0.0850046
0.594599 0.0154672 0.084292
0.5956 0.0153186 0.0835834
0.596601 0.015171 0.0828789
0.597602 0.0150245 0.0821784
0.598603 0.0148789 0.0814819
0.599604 0.0147343 0.0807894
0.600605 0.0145907 0.0801008
0.601606 0.014448 0.0794162
0.602607 0.0143063 0.0787356
0.603608 0.0141655 0.0780588
0.604609 0.0140256 0.077386
0.60561 0.0138867 0.0767169
0.606611 0.0137488 0.0760517
0.607612 0.0136119 0.0753903
0.608613 0.0134759 0.0747328
0.609614 0.0133409 0.0740791
0.610615 0.0132068 0.0734292
0.611615 0.0130737 0.0727832
0.612616 0.0129415 0.0721412
0.613617 0.0128103 0.071503
0.614618 0.01268 0.0708686
0.615619 0.0125506 0.0702382
0.61662 0.0124222 0.0696117
0.617621 0.0122946 0.0689892
0.618622 0.012168 0.0683705
0.619623 0.0120423 0.0677559
0.620624 0.0119175 0.0671451
0.621625 0.0117936 0.0665383
0.622626 0.0116706 0.0659355
0.623627 0.0115486 0.0653365
0.624628 0.0114275 0.0647414
0.625629 0.0113073 0.0641502
0.62663 0.011188 0.0635628
0.627631 0.0110697 0.0629791
0.628632 0.0109522 0.0623993
0.629633 0.0108356 0.0618232
0.630634 0.0107199 0.0612508
0.631635 0.010605 0.0606821
0.632636 0.0104909 0.0601171
0.633637 0.0103777 0.0595557
0.634638 0.0102653 0.058998
0.635639 0.0101537 0.0584439
0.63664 0.0100429 0.0578933
0.637641 0.00993295 0.0573463
0.638642 0.00982373 0.0568028
0.639643 0.00971531 0.0562628
0.640644 0.00960772 0.0557264
0.641645 0.00950094 0.0551935
0.642646 0.00939498 0.0546641
0.643647 0.00928983 0.0541383
0.644648 0.00918549 0.053616
0.645649 0.00908195 0.0530973
0.64665 0.0089792 0.052582
0.647651 0.00887725 0.0520703
0.648652 0.00877609 0.0515621
0.649653 0.00867572 0.0510573
0.650654 0.00857612 0.0505561
0.651655 0.0084773 0.0500584
0.652656 0.00837926 0.0495642
0.653657 0.00828198 0.0490734
0.654658 0.00818547 0.0485862
0.655659 0.00808972 0.0481024
0.65666 0.00799473 0.0476221
0.657661 0.00790054 0.0471453
0.658662 0.00780714 0.0466721
0.659663 0.00771452 0.0462024
0.660664 0.00762268 0.0457361
0.661665 0.0075316 0.0452733
0.662666 0.00744128 0.0448138
0.663667 0.00735171 0.0443577
0.664668 0.00726288 0.043905
0.665669 0.00717478 0.0434556
0.66667 0.0070874 0.0430094
0.667671 0.00700074 0.0425665
0.668672 0.00691478 0.0421268
0.669673 0.00682951 0.0416902
0.670674 0.00674494 0.0412568
0.671675 0.00666104 0.0408266
0.672676 0.00657782 0.0403994
0.673677 0.00649526 0.0399752
0.674678 0.00641338 0.0395542
0.675679 0.0063322 0.0391364
0.67668 0.00625171 0.0387217
0.677681 0.00617192 0.0383102
0.678682 0.00609281 0.0379018
0.679683 0.0060144 0.0374965
0.680684 0.00593666 0.0370943
0.681685 0.0058596 0.0366952
0.682686 0.00578322 0.0362992
0.683687 0.00570751 0.0359063
0.684688 0.00563247 0.0355164
0.685689 0.0055581 0.0351296
0.68669 0.00548439 0.0347458
0.687691 0.00541133 0.034365
0.688692 0.00533893 0.0339872
0.689693 0.00526719 0.0336123
0.690694 0.00519609 0.0332405
0.691695 0.00512565 0.0328716
0.692696 0.00505588 0.0325059
0.693697 0.0049868 0.0321432
0.694698 0.00491838 0.0317836
0.695699 0.00485063 0.031427
0.6967 0.00478354 0.0310735
0.697701 0.00471709 0.0307228
0.698702 0.00465128 0.0303751
0.699703 0.0045861 0.0300303
0.700704 0.00452155 0.0296884
0.701705 0.00445761 0.0293492
0.702706 0.00439429 0.0290128
0.703707 0.00433156 0.0286792
0.704708 0.00426942 0.0283483
0.705709 0.00420787 0.0280201
0.70671 0.00414689 0.0276945
0.707711 0.00408649 0.0273715
0.708712 0.00402665 0.027051
0.709713 0.00396737 0.0267332
0.710714 0.0039087 0.0264182
0.711715 0.00385063 0.0261059
0.712716 0.00379315 0.0257963
0.713717 0.00373625 0.0254894
0.714718 0.00367995 0.0251851
0.715719 0.00362422 0.0248836
0.71672 0.00356908 0.0245846
0.717721 0.0035145 0.0242883
0.718722 0.0034605 0.0239946
0.719723 0.00340706 0.0237035
0.720724 0.00335418 0.0234149
0.721725 0.00330185 0.0231289
0.722725 0.00325008 0.0228453
0.723726 0.00319886 0.0225643
0.724727 0.00314819 0.0222858
0.725728 0.00309805 0.0220097
0.726729 0.00304845 0.021736
0.72773 0.00299942 0.0214649
0.728731 0.00295097 0.0211965
0.729732 0.00290308 0.0209307
0.730733 0.00285577 0.0206674
0.731734 0.00280901 0.0204067
0.732735 0.0027628 0.0201485
0.733736 0.00271712 0.0198927
0.734737 0.00267198 0.0196394
0.735738 0.00262737 0.0193884
0.736739 0.00258326 0.0191398
0.73774 0.00253967 0.0188935
0.738741 0.00249658 0.0186495
0.739742 0.00245398 0.0184077
0.740743 0.00241186 0.0181682
0.741744 0.00237022 0.0179308
0.742745 0.00232905 0.0176955
0.743746 0.00228834 0.0174624
0.744747 0.00224809 0.0172313
0.745748 0.00220834 0.0170024
0.746749 0.00216909 0.0167759
0.74775 0.00213035 0.0165517
0.748751 0.00209211 0.0163297
0.749752 0.00205436 0.01611
0.750753 0.00201709 0.0158924
0.751754 0.0019803 0.015677
0.752755 0.00194398 0.0154638
0.753756 0.00190813 0.0152528
0.754757 0.00187274 0.0150438
0.755758 0.00183781 0.0148369
0.756759 0.00180332 0.014632
0.75776 0.00176928 0.0144292
0.758761 0.00173567 0.0142284
0.759762 0.0017025 0.0140296
0.760763 0.00166975 0.0138328
0.761764 0.00163743 0.0136379
0.762765 0.00160552 0.0134449
0.763766 0.00157409 0.0132541
0.764767 0.00154314 0.0130654
0.765768 0.00151264 0.0128789
0.766769 0.0014826 0.0126944
0.76777 0.00145301 0.012512
0.768771 0.00142385 0.0123316
0.769772 0.00139513 0.0121531
0.770773 0.00136682 0.0119766
0.771774 0.00133893 0.0118019
0.772775 0.00131144 0.0116292
0.773776 0.00128435 0.0114583
0.774777 0.00125764 0.0112891
0.775778 0.00123131 0.0111217
0.776779 0.00120536 0.0109561
0.77778 0.00117976 0.0107921
0.778781 0.00115452 0.0106298
0.779782 0.00112963 0.0104692
0.780783 0.0011051 0.0103102
0.781784 0.00108097 0.010153
0.782785 0.00105726 0.00999772
0.783786 0.00103394 0.00984425
0.784787 0.00101101 0.00969258
0.785788 0.000988475 0.00954268
0.786789 0.000966311 0.00939452
0.78779 0.000944516 0.00924808
0.788791 0.000923083 0.00910333
0.789792 0.000902004 0.00896025
0.790793 0.000881271 0.00881881
0.791794 0.000860878 0.00867898
0.792795 0.000840816 0.00854075
0.793796 0.000821079 0.00840408
0.794797 0.000801658 0.00826896
0.795798 0.000782548 0.00813535
0.796799 0.000763741 0.00800323
0.7978 0.00074523 0.00787258
0.798801 0.000727034 0.00774346
0.799802 0.000709207 0.00761605
0.800803 0.000691741 0.00749033
0.801804 0.000674627 0.00736625
0.802805 0.000657854 0.00724379
0.803806 0.000641415 0.00712292
0.804807 0.000625298 0.00700359
0.805808 0.000609496 0.00688578
0.806809 0.000593999 0.00676946
0.80781 0.000578798 0.0066546
0.808811 0.000563883 0.00654115
0.809812 0.000549247 0.00642909
0.810813 0.000534879 0.0063184
0.811814 0.000520771 0.00620903
0.812815 0.000506914 0.00610095
0.813816 0.000493299 0.00599414
0.814817 0.000479918 0.00588857
0.815818 0.000466763 0.0057842
0.816819 0.000453859 0.00568111
0.81782 0.000441259 0.00557947
0.818821 0.000428956 0.00547927
0.819822 0.000416941 0.00538046
0.820823 0.000405205 0.00528303
0.821824 0.00039374 0.00518695
0.822825 0.000382537 0.00509219
0.823826 0.000371587 0.00499874
0.824827 0.000360882 0.00490655
0.825828 0.000350414 0.00481561
0.826829 0.000340175 0.0047259
0.82783 0.000330155 0.00463738
0.828831 0.000320347 0.00455004
0.829832 0.000310743 0.00446385
0.830833 0.000301334 0.00437878
0.831834 0.000292113 0.00429481
0.832835 0.000283071 0.00421192
0.833835 0.0002742 0.00413008
0.834836 0.000265531 0.00404938
0.835837 0.000257114 0.00396997
0.836838 0.000248939 0.00389183
0.837839 0.000240997 0.00381492
0.83884 0.000233281 0.00373921
0.839841 0.00022578 0.00366468
0.840842 0.000218485 0.00359129
0.841843 0.000211389 0.00351902
0.842844 0.000204482 0.00344784
0.843845 0.000197755 0.00337772
0.844846 0.0001912 0.00330863
0.845847 0.000184809 0.00324055
0.846848 0.000178572 0.00317344
0.847849 0.000172481 0.00310728
0.84885 0.000166528 0.00304205
0.849851 0.000160705 0.0029777
0.850852 0.000155003 0.00291423
0.851853 0.000149414 0.00285159
0.852854 0.000143967 0.00278989
0.853855 0.000138709 0.00272925
0.854856 0.000133633 0.00266966
0.855857 0.000128732 0.0026111
0.856858 0.000123997 0.00255354
0.857859 0.000119421 0.00249696
0.85886 0.000114996 0.00244133
0.859861 0.000110715 0.00238664
0.860862 0.00010657 0.00233285
0.861863 0.000102554 0.00227994
0.862864 9.86585e-05 0.0022279
0.863865 9.48775e-05 0.0021767
0.864866 9.12031e-05 0.00212631
0.865867 8.76281e-05 0.00207672
0.866868 8.41453e-05 0.0020279
0.867869 8.07476e-05 0.00197982
0.86887 7.74277e-05 0.00193248
0.869871 7.41788e-05 0.00188584
0.870872 7.1025e-05 0.00183999
0.871873 6.80084e-05 0.00179506
0.872874 6.5123e-05 0.00175103
0.873875 6.23619e-05 0.00170788
0.874876 5.97184e-05 0.00166557
0.875877 5.7186e-05 0.00162408
0.876878 5.4758e-05 0.00158339
0.877879 5.24278e-05 0.00154348
0.87888 5.0189e-05 0.00150432
0.879881 4.80351e-05 0.00146589
0.880882 4.59597e-05 0.00142816
0.881883 4.39563e-05 0.0013911
0.882884 4.20187e-05 0.00135471
0.883885 4.01406e-05 0.00131894
0.884886 3.83157e-05 0.00128379
0.885887 3.65378e-05 0.00124922
0.886888 3.48007e-05 0.00121521
0.887889 3.30983e-05 0.00118175
0.88889 3.1448e-05 0.00114889
0.889891 2.98856e-05 0.00111677
0.890892 2.84068e-05 0.00108538
0.891893 2.70069e-05 0.00105469
0.892894 2.56811e-05 0.00102468
0.893895 2.44244e-05 0.000995343
0.894896 2.32322e-05 0.000966644
0.895897 2.20997e-05 0.000938567
0.896898 2.10221e-05 0.000911093
0.897899 1.99949e-05 0.000884202
0.8989 1.90133e-05 0.000857873
0.899901 1.80727e-05 0.000832087
0.900902 1.71686e-05 0.000806825
0.901903 1.62963e-05 0.000782068
0.902904 1.54514e-05 0.000757795
0.903905 1.46293e-05 0.000733988
0.904906 1.38257e-05 0.000710627
0.905907 1.30359e-05 0.000687695
0.906908 1.22712e-05 0.000665248
0.907909 1.15577e-05 0.000643414
0.90891 1.08927e-05 0.000622176
0.909911 1.02731e-05 0.000601513
0.910912 9.69555e-06 0.000581405
0.911913 9.15684e-06 0.000561831
0.912914 8.65379e-06 0.000542772
0.913915 8.18321e-06 0.000524206
0.914916 7.74196e-06 0.000506115
0.915917 7.32687e-06 0.000488479
0.916918 6.93485e-06 0.000471277
0.917919 6.56279e-06 0.00045449
0.91892 6.20762e-06 0.000438098
0.919921 5.86627e-06 0.000422084
0.920922 5.53571e-06 0.000406426
0.921923 5.21292e-06 0.000391106
0.922924 4.8949e-06 0.000376105
0.923925 4.57866e-06 0.000361405
0.924926 4.27099e-06 0.000347059
0.925927 3.98788e-06 0.000333188
0.926928 3.72802e-06 0.000319776
0.927929 3.4897e-06 0.000306806
0.92893 3.2712e-06 0.00029426
0.929931 3.07082e-06 0.000282121
0.930932 2.88687e-06 0.00027037
0.931933 2.71768e-06 0.000258992
0.932934 2.56156e-06 0.000247968
0.933935 2.41688e-06 0.000237282
0.934936 2.28197e-06 0.000226917
0.935937 2.1552e-06 0.000216855
0.936938 2.03495e-06 0.00020708
0.937939 1.9196e-06 0.000197575
0.93894 1.80755e-06 0.000188324
0.939941 1.69719e-06 0.00017931
0.940942 1.58695e-06 0.000170517
0.941943 1.47524e-06 0.000161928
0.942944 1.36667e-06 0.000153611
0.943945 1.26818e-06 0.000145659
0.944945 1.17904e-06 0.000138054
0.945946 1.09849e-06 0.000130781
0.946947 1.02577e-06 0.000123824
0.947948 9.60129e-07 0.000117165
0.948949 9.0082e-07 0.00011079
0.94995 8.47099e-07 0.000104681
0.950951 7.98228e-07 9.8824e-05
0.951952 7.53471e-07 9.32021e-05
0.952953 7.12099e-07 8.77997e-05
0.953954 6.73387e-07 8.26013e-05
0.954955 6.36616e-07 7.75914e-05
0.955956 6.01069e-07 7.27545e-05
0.956957 5.66034e-07 6.80753e-05
0.957958 5.30804e-07 6.35386e-05
0.958959 4.94678e-07 5.91292e-05
0.95996 4.57211e-07 5.48403e-05
0.960961 4.21918e-07 5.07889e-05
0.961962 3.8992e-07 4.70045e-05
0.962963 3.60949e-07 4.34706e-05
0.963964 3.34738e-07 4.0171e-05
0.964965 3.11024e-07 3.70892e-05
0.965966 2.89543e-07 3.42091e-05
0.966967 2.70034e-07 3.15146e-05
0.967968 2.52238e-07 2.89897e-05
0.968969 2.35895e-07 2.66185e-05
0.96997 2.20751e-07 2.43852e-05
0.970971 2.06549e-07 2.2274e-05
0.971972 1.93036e-07 2.02694e-05
0.972973 1.79961e-07 1.83559e-05
0.973974 1.67073e-07 1.6518e-05
0.974975 1.54124e-07 1.47404e-05
0.975976 1.40866e-07 1.30078e-05
0.976977 1.27297e-07 1.13273e-05
0.977978 1.14813e-07 9.82756e-06
0.978979 1.03576e-07 8.51608e-06
0.97998 9.3462e-08 7.37404e-06
0.980981 8.43479e-08 6.38269e-06
0.981982 7.61116e-08 5.52336e-06
0.982983 6.86317e-08 4.77753e-06
0.983984 6.17876e-08 4.12678e-06
0.984985 5.54592e-08 3.55279e-06
0.985986 4.95273e-08 3.03737e-06
0.986987 4.38734e-08 2.56243e-06
0.987988 3.83798e-08 2.10998e-06
0.988989 3.29292e-08 1.66215e-06
0.98999 2.74054e-08 1.20119e-06
0.990991 2.21007e-08 7.76591e-07
0.991992 1.77006e-08 4.98047e-07
0.992993 1.40428e-08 3.31949e-07
0.993994 1.09399e-08 2.40598e-07
0.994995 8.20585e-09 1.86516e-07
0.995996 5.65568e-09 1.32456e-07
0.996997 3.24592e-09 5.79655e-08
0.997998 1.67082e-09 3.93823e-08
0.998999 5.0365e-10 3.11963e-08
1 1.77763e-26 0
