1e-05 70.0868 3.17775
0.00101099 16.9666 0.927494
0.00201198 13.2465 0.790419
0.00301297 11.352 0.727246
0.00401396 10.1179 0.689917
0.00501495 9.21791 0.665253
0.00601595 8.51839 0.647899
0.00701694 7.94931 0.635163
0.00801793 7.47307 0.625602
0.00901892 7.06553 0.618299
0.0100199 6.70977 0.612623
0.0110209 6.39558 0.608212
0.0120219 6.11527 0.604798
0.0130229 5.86227 0.602141
0.0140239 5.63211 0.600097
0.0150249 5.42152 0.598555
0.0160259 5.22789 0.597439
0.0170268 5.04889 0.596671
0.0180278 4.88243 0.59617
0.0190288 4.72702 0.595902
0.0200298 4.58152 0.595832
0.0210308 4.44495 0.595926
0.0220318 4.31647 0.59617
0.0230328 4.19526 0.596542
0.0240338 4.08056 0.597011
0.0250348 3.97172 0.597554
0.0260358 3.86827 0.598173
0.0270368 3.76981 0.598854
0.0280377 3.67594 0.599586
0.0290387 3.58634 0.600357
0.0300397 3.50071 0.601173
0.0310407 3.41876 0.602026
0.0320417 3.3402 0.602903
0.0330427 3.26479 0.603792
0.0340437 3.19232 0.60469
0.0350447 3.12261 0.605603
0.0360457 3.05552 0.606528
0.0370467 2.99087 0.607457
0.0380477 2.92854 0.608386
0.0390486 2.8684 0.609312
0.0400496 2.81033 0.610244
0.0410506 2.75422 0.611177
0.0420516 2.69996 0.612107
0.0430526 2.64745 0.613026
0.0440536 2.59659 0.613932
0.0450546 2.5473 0.614825
0.0460556 2.49951 0.615711
0.0470566 2.45316 0.616588
0.0480576 2.40817 0.617454
0.0490586 2.3645 0.618307
0.0500595 2.32207 0.619145
0.0510605 2.28084 0.619966
0.0520615 2.24077 0.620779
0.0530625 2.2018 0.621583
0.0540635 2.16388 0.622373
0.0550645 2.12698 0.623149
0.0560655 2.09104 0.623907
0.0570665 2.05602 0.624645
0.0580675 2.02189 0.625363
0.0590685 1.98862 0.626067
0.0600695 1.95618 0.626758
0.0610705 1.92455 0.627433
0.0620714 1.89368 0.628093
0.0630724 1.86355 0.628734
0.0640734 1.83414 0.629357
0.0650744 1.80541 0.62996
0.0660754 1.77736 0.630547
0.0670764 1.74995 0.631122
0.0680774 1.72318 0.631682
0.0690784 1.69701 0.632227
0.0700794 1.67142 0.632754
0.0710804 1.6464 0.633263
0.0720814 1.62191 0.633752
0.0730823 1.59796 0.634222
0.0740833 1.57451 0.634673
0.0750843 1.55157 0.63511
0.0760853 1.52912 0.635531
0.0770863 1.50714 0.635937
0.0780873 1.48561 0.636327
0.0790883 1.46452 0.636699
0.0800893 1.44386 0.637054
0.0810903 1.42361 0.637391
0.0820913 1.40376 0.637709
0.0830923 1.3843 0.638014
0.0840932 1.36524 0.638305
0.0850942 1.34654 0.638582
0.0860952 1.32822 0.638844
0.0870962 1.31024 0.63909
0.0880972 1.29261 0.639319
0.0890982 1.2753 0.639531
0.0900992 1.25832 0.639725
0.0911002 1.24165 0.639901
0.0921012 1.22529 0.640062
0.0931022 1.20924 0.640209
0.0941032 1.19348 0.640342
0.0951041 1.17802 0.64046
0.0961051 1.16283 0.640563
0.0971061 1.14791 0.640651
0.0981071 1.13326 0.640723
0.0991081 1.11886 0.640779
0.100109 1.10471 0.640818
0.10111 1.09079 0.640841
0.102111 1.07713 0.640851
0.103112 1.0637 0.640849
0.104113 1.05051 0.640833
0.105114 1.03754 0.640803
0.106115 1.02479 0.640759
0.107116 1.01225 0.640701
0.108117 0.999925 0.640628
0.109118 0.987799 0.640539
0.110119 0.97587 0.640435
0.11112 0.964132 0.640316
0.112121 0.95259 0.640183
0.113122 0.94124 0.640038
0.114123 0.930078 0.63988
0.115124 0.919097 0.639709
0.116125 0.908293 0.639525
0.117126 0.89766 0.639328
0.118127 0.887194 0.639117
0.119128 0.876889 0.638892
0.120129 0.86674 0.638653
0.12113 0.856744 0.638399
0.122131 0.846898 0.638132
0.123132 0.837205 0.637853
0.124133 0.827664 0.637562
0.125134 0.818269 0.637259
0.126135 0.809019 0.636944
0.127136 0.799908 0.636617
0.128137 0.790934 0.636277
0.129138 0.782092 0.635925
0.130139 0.77338 0.635559
0.13114 0.764795 0.635181
0.132141 0.756332 0.634789
0.133142 0.74799 0.634384
0.134143 0.739774 0.633968
0.135144 0.731681 0.633541
0.136145 0.723708 0.633103
0.137146 0.715852 0.632654
0.138147 0.708109 0.632193
0.139148 0.700477 0.63172
0.140149 0.692952 0.631236
0.14115 0.685532 0.63074
0.142151 0.678214 0.630231
0.143152 0.670995 0.629711
0.144153 0.663873 0.629178
0.145154 0.656848 0.628634
0.146155 0.649923 0.62808
0.147156 0.643096 0.627515
0.148157 0.636365 0.62694
0.149158 0.629727 0.626354
0.150159 0.62318 0.625757
0.15116 0.616721 0.62515
0.152161 0.610348 0.624532
0.153162 0.60406 0.623903
0.154163 0.597854 0.623262
0.155164 0.591729 0.622611
0.156165 0.585681 0.621949
0.157166 0.579713 0.621276
0.158167 0.573827 0.620593
0.159168 0.568022 0.619901
0.160169 0.562294 0.619199
0.16117 0.556642 0.618487
0.162171 0.551064 0.617765
0.163172 0.545558 0.617034
0.164173 0.540122 0.616292
0.165174 0.534755 0.615541
0.166175 0.529455 0.614779
0.167175 0.524219 0.614007
0.168176 0.519047 0.613225
0.169177 0.513937 0.612433
0.170178 0.508893 0.611632
0.171179 0.503915 0.610822
0.17218 0.499 0.610003
0.173181 0.494148 0.609174
0.174182 0.489357 0.608337
0.175183 0.484625 0.60749
0.176184 0.479951 0.606634
0.177185 0.475334 0.60577
0.178186 0.470773 0.604896
0.179187 0.466266 0.604013
0.180188 0.461811 0.603121
0.181189 0.457409 0.602221
0.18219 0.453059 0.601311
0.183191 0.448765 0.600393
0.184192 0.444524 0.599467
0.185193 0.440336 0.598533
0.186194 0.436198 0.597591
0.187195 0.432111 0.596641
0.188196 0.428072 0.595682
0.189197 0.424081 0.594715
0.190198 0.420135 0.59374
0.191199 0.416235 0.592756
0.1922 0.412378 0.591765
0.193201 0.408564 0.590765
0.194202 0.404791 0.589756
0.195203 0.401061 0.58874
0.196204 0.397375 0.587716
0.197205 0.393732 0.586684
0.198206 0.390133 0.585645
0.199207 0.386575 0.584598
0.200208 0.383057 0.583543
0.201209 0.37958 0.582482
0.20221 0.376142 0.581412
0.203211 0.372743 0.580336
0.204212 0.369381 0.579252
0.205213 0.366056 0.578161
0.206214 0.362767 0.577063
0.207215 0.359513 0.575958
0.208216 0.356294 0.574846
0.209217 0.353112 0.573727
0.210218 0.349968 0.572601
0.211219 0.346859 0.571469
0.21222 0.343786 0.57033
0.213221 0.340748 0.569184
0.214222 0.337743 0.568032
0.215223 0.334771 0.566873
0.216224 0.33183 0.565708
0.217225 0.328921 0.564536
0.218226 0.326043 0.563358
0.219227 0.323194 0.562173
0.220228 0.320374 0.560982
0.221229 0.317583 0.559784
0.22223 0.31482 0.55858
0.223231 0.312088 0.557369
0.224232 0.309386 0.556153
0.225233 0.306713 0.55493
0.226234 0.304069 0.553701
0.227235 0.301453 0.552466
0.228236 0.298865 0.551225
0.229237 0.296304 0.549979
0.230238 0.29377 0.548727
0.231239 0.291261 0.547469
0.23224 0.288778 0.546206
0.233241 0.28632 0.544937
0.234242 0.283886 0.543664
0.235243 0.281477 0.542385
0.236244 0.279092 0.541101
0.237245 0.276733 0.539812
0.238246 0.274399 0.538518
0.239247 0.27209 0.537218
0.240248 0.269805 0.535913
0.241249 0.267544 0.534603
0.24225 0.265306 0.533288
0.243251 0.263091 0.531969
0.244252 0.260898 0.530644
0.245253 0.258726 0.529315
0.246254 0.256576 0.527981
0.247255 0.254446 0.526642
0.248256 0.252336 0.525298
0.249257 0.250245 0.52395
0.250258 0.248175 0.522597
0.251259 0.246125 0.52124
0.25226 0.244097 0.519877
0.253261 0.242089 0.51851
0.254262 0.240102 0.517138
0.255263 0.238134 0.515761
0.256264 0.236185 0.51438
0.257265 0.234256 0.512996
0.258266 0.232345 0.511607
0.259267 0.230453 0.510214
0.260268 0.228579 0.508817
0.261269 0.226722 0.507417
0.26227 0.224882 0.506014
0.263271 0.22306 0.504607
0.264272 0.221254 0.503197
0.265273 0.219467 0.501783
0.266274 0.217697 0.500366
0.267275 0.215945 0.498944
0.268276 0.214211 0.497519
0.269277 0.212494 0.496091
0.270278 0.210793 0.494659
0.271279 0.209108 0.493224
0.27228 0.20744 0.491785
0.273281 0.205786 0.490343
0.274282 0.204148 0.488898
0.275283 0.202525 0.48745
0.276284 0.200916 0.485999
0.277285 0.199322 0.484545
0.278285 0.197741 0.483089
0.279286 0.196174 0.481629
0.280287 0.194622 0.480165
0.281288 0.193085 0.478699
0.282289 0.191562 0.477229
0.28329 0.190054 0.475755
0.284291 0.18856 0.474279
0.285292 0.18708 0.4728
0.286293 0.185613 0.471319
0.287294 0.18416 0.469835
0.288295 0.18272 0.468348
0.289296 0.181292 0.46686
0.290297 0.179877 0.465369
0.291298 0.178475 0.463877
0.292299 0.177084 0.462382
0.2933 0.175705 0.460886
0.294301 0.174339 0.459389
0.295302 0.172985 0.457889
0.296303 0.171644 0.456386
0.297304 0.170316 0.454881
0.298305 0.168999 0.453374
0.299306 0.167695 0.451865
0.300307 0.166402 0.450354
0.301308 0.165121 0.448841
0.302309 0.163852 0.447327
0.30331 0.162593 0.445811
0.304311 0.161345 0.444293
0.305312 0.160107 0.442774
0.306313 0.15888 0.441253
0.307314 0.157663 0.439731
0.308315 0.156456 0.438208
0.309316 0.155259 0.436684
0.310317 0.154072 0.435157
0.311318 0.152897 0.433628
0.312319 0.151732 0.432097
0.31332 0.150577 0.430565
0.314321 0.149432 0.429031
0.315322 0.148297 0.427496
0.316323 0.147172 0.42596
0.317324 0.146057 0.424422
0.318325 0.144951 0.422884
0.319326 0.143854 0.421346
0.320327 0.142766 0.419806
0.321328 0.141688 0.418267
0.322329 0.140618 0.416728
0.32333 0.139557 0.415188
0.324331 0.138505 0.413649
0.325332 0.137462 0.412108
0.326333 0.136429 0.410567
0.327334 0.135404 0.409025
0.328335 0.134389 0.407482
0.329336 0.133383 0.405939
0.330337 0.132385 0.404395
0.331338 0.131395 0.402851
0.332339 0.130414 0.401307
0.33334 0.129441 0.399762
0.334341 0.128476 0.398217
0.335342 0.127519 0.396672
0.336343 0.126569 0.395128
0.337344 0.125626 0.393583
0.338345 0.124691 0.392039
0.339346 0.123763 0.390495
0.340347 0.122842 0.388951
0.341348 0.121929 0.387406
0.342349 0.121024 0.38586
0.34335 0.120127 0.384314
0.344351 0.119237 0.382768
0.345352 0.118354 0.381221
0.346353 0.117479 0.379675
0.347354 0.11661 0.378129
0.348355 0.115749 0.376583
0.349356 0.114894 0.375038
0.350357 0.114047 0.373494
0.351358 0.113205 0.371951
0.352359 0.112371 0.370409
0.35336 0.111543 0.368869
0.354361 0.110721 0.367329
0.355362 0.109905 0.365792
0.356363 0.109097 0.364254
0.357364 0.108295 0.362717
0.358365 0.1075 0.361181
0.359366 0.106712 0.359645
0.360367 0.10593 0.35811
0.361368 0.105154 0.356575
0.362369 0.104384 0.355042
0.36337 0.103621 0.35351
0.364371 0.102864 0.351978
0.365372 0.102112 0.350448
0.366373 0.101366 0.34892
0.367374 0.100626 0.347392
0.368375 0.099891 0.345867
0.369376 0.0991615 0.344343
0.370377 0.0984373 0.34282
0.371378 0.0977184 0.3413
0.372379 0.0970052 0.339779
0.37338 0.0962978 0.33826
0.374381 0.095596 0.336741
0.375382 0.0948998 0.335223
0.376383 0.094209 0.333707
0.377384 0.0935236 0.332191
0.378385 0.0928435 0.330678
0.379386 0.0921686 0.329166
0.380387 0.0914988 0.327655
0.381388 0.0908341 0.326147
0.382389 0.0901743 0.324641
0.38339 0.0895195 0.323137
0.384391 0.0888694 0.321636
0.385392 0.0882241 0.320138
0.386393 0.0875834 0.318642
0.387394 0.0869476 0.317148
0.388395 0.0863169 0.315656
0.389395 0.0856913 0.314166
0.390396 0.0850706 0.312678
0.391397 0.0844548 0.311191
0.392398 0.0838438 0.309706
0.393399 0.0832375 0.308224
0.3944 0.0826358 0.306743
0.395401 0.0820385 0.305265
0.396402 0.0814457 0.303789
0.397403 0.0808572 0.302316
0.398404 0.0802729 0.300845
0.399405 0.0796927 0.299377
0.400406 0.0791166 0.297911
0.401407 0.0785445 0.296448
0.402408 0.0779763 0.294988
0.403409 0.077412 0.293531
0.40441 0.076852 0.292075
0.405411 0.0762963 0.290621
0.406412 0.0757448 0.289169
0.407413 0.0751974 0.287719
0.408414 0.0746541 0.286272
0.409415 0.0741148 0.284827
0.410416 0.0735795 0.283384
0.411417 0.0730481 0.281944
0.412418 0.0725205 0.280507
0.413419 0.0719966 0.279074
0.41442 0.0714766 0.277643
0.415421 0.0709601 0.276215
0.416422 0.0704473 0.274791
0.417423 0.0699381 0.273371
0.418424 0.0694324 0.271954
0.419425 0.0689303 0.270541
0.420426 0.068432 0.26913
0.421427 0.0679375 0.267723
0.422428 0.0674468 0.266318
0.423429 0.0669598 0.264916
0.42443 0.0664764 0.263517
0.425431 0.0659965 0.26212
0.426432 0.0655201 0.260727
0.427433 0.0650471 0.259337
0.428434 0.0645775 0.257951
0.429435 0.064111 0.256567
0.430436 0.0636478 0.255187
0.431437 0.0631877 0.25381
0.432438 0.0627307 0.252437
0.433439 0.0622767 0.251067
0.43444 0.0618256 0.249701
0.435441 0.0613773 0.248339
0.436442 0.0609323 0.246979
0.437443 0.0604904 0.245622
0.438444 0.0600517 0.244268
0.439445 0.0596161 0.242917
0.440446 0.0591836 0.241568
0.441447 0.0587541 0.240223
0.442448 0.0583277 0.238882
0.443449 0.0579042 0.237543
0.44445 0.0574836 0.236208
0.445451 0.0570659 0.234877
0.446452 0.0566511 0.23355
0.447453 0.056239 0.232226
0.448454 0.0558297 0.230907
0.449455 0.0554232 0.229591
0.450456 0.0550194 0.22828
0.451457 0.0546182 0.226973
0.452458 0.0542198 0.22567
0.453459 0.0538243 0.22437
0.45446 0.0534317 0.223074
0.455461 0.053042 0.221782
0.456462 0.052655 0.220493
0.457463 0.0522708 0.219207
0.458464 0.0518892 0.217925
0.459465 0.0515103 0.216647
0.460466 0.0511339 0.215373
0.461467 0.0507601 0.214102
0.462468 0.0503887 0.212836
0.463469 0.0500198 0.211573
0.46447 0.0496532 0.210314
0.465471 0.049289 0.209059
0.466472 0.048927 0.207809
0.467473 0.0485673 0.206562
0.468474 0.0482098 0.20532
0.469475 0.0478546 0.204081
0.470476 0.047502 0.202845
0.471477 0.0471517 0.201613
0.472478 0.0468038 0.200384
0.473479 0.0464582 0.199159
0.47448 0.046115 0.197938
0.475481 0.0457741 0.19672
0.476482 0.0454354 0.195507
0.477483 0.045099 0.194297
0.478484 0.0447648 0.193092
0.479485 0.0444328 0.19189
0.480486 0.0441029 0.190693
0.481487 0.0437752 0.189501
0.482488 0.0434496 0.188312
0.483489 0.0431261 0.187129
0.48449 0.0428046 0.185949
0.485491 0.0424853 0.184775
0.486492 0.0421682 0.183604
0.487493 0.0418534 0.182437
0.488494 0.0415407 0.181274
0.489495 0.0412302 0.180116
0.490496 0.0409218 0.178961
0.491497 0.0406155 0.17781
0.492498 0.0403113 0.176663
0.493499 0.040009 0.175521
0.4945 0.0397087 0.174382
0.495501 0.0394103 0.173248
0.496502 0.0391137 0.172118
0.497503 0.0388191 0.170992
0.498504 0.0385262 0.169871
0.499505 0.0382351 0.168754
0.500505 0.0379457 0.167641
0.501506 0.037658 0.166532
0.502507 0.0373721 0.165427
0.503508 0.0370881 0.164327
0.504509 0.0368059 0.163229
0.50551 0.0365256 0.162136
0.506511 0.0362471 0.161047
0.507512 0.0359704 0.159961
0.508513 0.0356955 0.15888
0.509514 0.0354224 0.157803
0.510515 0.035151 0.15673
0.511516 0.0348813 0.155662
0.512517 0.0346134 0.154597
0.513518 0.0343471 0.153537
0.514519 0.0340825 0.152482
0.51552 0.0338195 0.151431
0.516521 0.0335582 0.150385
0.517522 0.0332985 0.149343
0.518523 0.0330404 0.148306
0.519524 0.032784 0.147274
0.520525 0.0325294 0.146246
0.521526 0.0322765 0.145221
0.522527 0.0320252 0.144202
0.523528 0.0317757 0.143186
0.524529 0.0315277 0.142175
0.52553 0.0312814 0.141167
0.526531 0.0310367 0.140165
0.527532 0.0307934 0.139166
0.528533 0.0305518 0.138172
0.529534 0.0303116 0.137182
0.530535 0.0300728 0.136196
0.531536 0.0298356 0.135214
0.532537 0.0295997 0.134237
0.533538 0.0293652 0.133265
0.534539 0.0291321 0.132296
0.53554 0.0289003 0.131332
0.536541 0.02867 0.130372
0.537542 0.0284411 0.129416
0.538543 0.0282136 0.128464
0.539544 0.0279877 0.127516
0.540545 0.0277631 0.126572
0.541546 0.0275399 0.125632
0.542547 0.0273182 0.124697
0.543548 0.0270978 0.123765
0.544549 0.0268789 0.122838
0.54555 0.0266612 0.121915
0.546551 0.026445 0.120997
0.547552 0.0262301 0.120083
0.548553 0.0260165 0.119173
0.549554 0.0258043 0.118268
0.550555 0.0255933 0.117367
0.551556 0.0253837 0.116471
0.552557 0.0251753 0.11558
0.553558 0.0249684 0.114693
0.554559 0.0247628 0.11381
0.55556 0.0245586 0.112932
0.556561 0.0243557 0.112058
0.557562 0.0241542 0.111188
0.558563 0.0239539 0.110322
0.559564 0.023755 0.10946
0.560565 0.0235573 0.108603
0.561566 0.0233608 0.10775
0.562567 0.0231656 0.106901
0.563568 0.0229716 0.106057
0.564569 0.0227787 0.105217
0.56557 0.022587 0.104381
0.566571 0.0223964 0.103549
0.567572 0.022207 0.102722
0.568573 0.0220187 0.101898
0.569574 0.0218314 0.101079
0.570575 0.0216453 0.100264
0.571576 0.0214603 0.0994532
0.572577 0.0212765 0.0986461
0.573578 0.0210939 0.097843
0.574579 0.0209123 0.097044
0.57558 0.020732 0.0962491
0.576581 0.0205527 0.0954583
0.577582 0.0203746 0.0946716
0.578583 0.0201976 0.093889
0.579584 0.0200218 0.0931107
0.580585 0.019847 0.0923366
0.581586 0.0196733 0.0915667
0.582587 0.0195007 0.0908011
0.583588 0.0193292 0.0900399
0.584589 0.0191587 0.0892829
0.58559 0.0189894 0.0885304
0.586591 0.0188211 0.0877822
0.587592 0.0186539 0.0870383
0.588593 0.0184878 0.0862986
0.589594 0.0183228 0.0855631
0.590595 0.0181589 0.0848317
0.591596 0.0179961 0.0841045
0.592597 0.0178344 0.0833814
0.593598 0.0176738 0.0826624
0.594599 0.0175141 0.0819474
0.5956 0.0173555 0.0812366
0.596601 0.0171979 0.0805298
0.597602 0.0170413 0.0798271
0.598603 0.0168857 0.0791284
0.599604 0.016731 0.0784338
0.600605 0.0165773 0.0777431
0.601606 0.0164246 0.0770565
0.602607 0.0162727 0.0763738
0.603608 0.0161218 0.0756951
0.604609 0.0159718 0.0750203
0.60561 0.0158227 0.0743494
0.606611 0.0156746 0.0736823
0.607612 0.0155274 0.073019
0.608613 0.0153812 0.0723596
0.609614 0.015236 0.0717041
0.610615 0.0150916 0.0710525
0.611615 0.0149483 0.0704048
0.612616 0.0148058 0.069761
0.613617 0.0146643 0.0691211
0.614618 0.0145237 0.0684852
0.615619 0.014384 0.0678533
0.61662 0.0142452 0.0672253
0.617621 0.0141074 0.0666013
0.618622 0.0139704 0.0659813
0.619623 0.0138344 0.0653653
0.620624 0.0136992 0.0647534
0.621625 0.013565 0.0641455
0.622626 0.0134317 0.0635415
0.623627 0.0132993 0.0629415
0.624628 0.0131678 0.0623455
0.625629 0.0130373 0.0617533
0.62663 0.0129076 0.061165
0.627631 0.0127789 0.0605806
0.628632 0.012651 0.06
0.629633 0.012524 0.0594232
0.630634 0.0123979 0.0588502
0.631635 0.0122726 0.0582809
0.632636 0.0121481 0.0577154
0.633637 0.0120245 0.0571536
0.634638 0.0119017 0.0565955
0.635639 0.0117797 0.0560411
0.63664 0.0116585 0.0554903
0.637641 0.0115381 0.0549432
0.638642 0.0114185 0.0543997
0.639643 0.0112997 0.0538597
0.640644 0.0111817 0.0533234
0.641645 0.0110645 0.0527906
0.642646 0.0109481 0.0522615
0.643647 0.0108325 0.051736
0.644648 0.0107177 0.051214
0.645649 0.0106037 0.0506957
0.64665 0.0104906 0.0501809
0.647651 0.0103782 0.0496697
0.648652 0.0102666 0.0491622
0.649653 0.0101558 0.0486582
0.650654 0.0100458 0.0481577
0.651655 0.00993654 0.0476609
0.652656 0.0098281 0.0471676
0.653657 0.00972043 0.0466779
0.654658 0.00961355 0.0461918
0.655659 0.00950745 0.0457092
0.65666 0.00940212 0.0452303
0.657661 0.00929759 0.0447549
0.658662 0.00919386 0.0442831
0.659663 0.00909091 0.043815
0.660664 0.00898875 0.0433503
0.661665 0.00888736 0.0428892
0.662666 0.00878673 0.0424315
0.663667 0.00868686 0.0419773
0.664668 0.00858774 0.0415265
0.665669 0.00848937 0.041079
0.66667 0.00839173 0.040635
0.667671 0.00829481 0.0401943
0.668672 0.00819862 0.0397568
0.669673 0.00810313 0.0393227
0.670674 0.00800836 0.0388917
0.671675 0.00791428 0.038464
0.672676 0.00782089 0.0380395
0.673677 0.00772818 0.0376182
0.674678 0.00763617 0.0372
0.675679 0.00754486 0.0367851
0.67668 0.00745425 0.0363734
0.677681 0.00736435 0.035965
0.678682 0.00727514 0.0355598
0.679683 0.00718664 0.0351579
0.680684 0.00709883 0.0347591
0.681685 0.00701172 0.0343635
0.682686 0.0069253 0.033971
0.683687 0.00683957 0.0335817
0.684688 0.00675454 0.0331956
0.685689 0.00667019 0.0328126
0.68669 0.00658653 0.0324327
0.687691 0.00650357 0.0320559
0.688692 0.00642128 0.0316822
0.689693 0.00633968 0.0313116
0.690694 0.00625877 0.030944
0.691695 0.00617854 0.0305795
0.692696 0.006099 0.0302182
0.693697 0.00602017 0.0298601
0.694698 0.00594203 0.0295051
0.695699 0.00586458 0.0291533
0.6967 0.0057878 0.0288045
0.697701 0.0057117 0.0284588
0.698702 0.00563626 0.0281161
0.699703 0.00556148 0.0277763
0.700704 0.00548735 0.0274395
0.701705 0.00541386 0.0271056
0.702706 0.00534102 0.0267746
0.703707 0.00526881 0.0264464
0.704708 0.00519722 0.026121
0.705709 0.00512625 0.0257984
0.70671 0.0050559 0.0254785
0.707711 0.00498615 0.0251613
0.708712 0.004917 0.0248467
0.709713 0.00484846 0.0245349
0.710714 0.00478054 0.0242259
0.711715 0.00471324 0.0239198
0.712716 0.00464656 0.0236164
0.713717 0.00458049 0.0233159
0.714718 0.00451505 0.0230181
0.715719 0.00445021 0.0227231
0.71672 0.00438598 0.0224307
0.717721 0.00432237 0.0221411
0.718722 0.00425936 0.0218542
0.719723 0.00419695 0.0215699
0.720724 0.00413514 0.0212883
0.721725 0.00407394 0.0210093
0.722725 0.00401333 0.0207329
0.723726 0.00395331 0.020459
0.724727 0.00389389 0.0201877
0.725728 0.00383506 0.019919
0.726729 0.00377682 0.0196527
0.72773 0.00371919 0.0193891
0.728731 0.00366217 0.0191283
0.729732 0.00360577 0.0188701
0.730733 0.00354996 0.0186146
0.731734 0.00349475 0.0183617
0.732735 0.00344013 0.0181114
0.733736 0.00338609 0.0178636
0.734737 0.00333263 0.0176183
0.735738 0.00327973 0.0173755
0.736739 0.0032274 0.0171351
0.73774 0.00317561 0.016897
0.738741 0.00312438 0.0166614
0.739742 0.00307369 0.016428
0.740743 0.00302353 0.0161969
0.741744 0.0029739 0.0159681
0.742745 0.00292479 0.0157415
0.743746 0.00287619 0.015517
0.744747 0.00282811 0.0152947
0.745748 0.00278056 0.0150747
0.746749 0.00273357 0.0148571
0.74775 0.00268712 0.0146419
0.748751 0.00264121 0.014429
0.749752 0.00259584 0.0142184
0.750753 0.00255099 0.0140101
0.751754 0.00250668 0.013804
0.752755 0.00246288 0.0136002
0.753756 0.0024196 0.0133985
0.754757 0.00237684 0.013199
0.755758 0.00233458 0.0130017
0.756759 0.00229283 0.0128065
0.75776 0.00225157 0.0126133
0.758761 0.00221082 0.0124222
0.759762 0.00217055 0.0122332
0.760763 0.00213077 0.0120462
0.761764 0.00209147 0.0118611
0.762765 0.00205265 0.011678
0.763766 0.00201436 0.0114972
0.764767 0.00197659 0.0113185
0.765768 0.00193934 0.0111421
0.766769 0.0019026 0.0109678
0.76777 0.00186635 0.0107955
0.768771 0.0018306 0.0106254
0.769772 0.00179533 0.0104572
0.770773 0.00176054 0.0102911
0.771774 0.00172621 0.0101268
0.772775 0.00169234 0.00996453
0.773776 0.00165893 0.0098041
0.774777 0.00162596 0.0096455
0.775778 0.00159343 0.0094887
0.776779 0.00156133 0.00933367
0.77778 0.00152966 0.00918036
0.778781 0.00149839 0.00902874
0.779782 0.00146754 0.00887879
0.780783 0.0014371 0.00873053
0.781784 0.00140713 0.00858418
0.782785 0.00137762 0.00843974
0.783786 0.00134857 0.00829718
0.784787 0.00131996 0.00815646
0.785788 0.00129179 0.00801756
0.786789 0.00126405 0.00788044
0.78779 0.00123674 0.00774507
0.788791 0.00120985 0.00761143
0.789792 0.00118337 0.00747949
0.790793 0.0011573 0.00734922
0.791794 0.00113163 0.00722058
0.792795 0.00110634 0.00709355
0.793796 0.00108145 0.0069681
0.794797 0.00105693 0.00684421
0.795798 0.00103278 0.00672184
0.796799 0.001009 0.00660097
0.7978 0.000985584 0.00648156
0.798801 0.000962542 0.0063637
0.799802 0.000939928 0.00624759
0.800803 0.000917734 0.00613318
0.801804 0.000895952 0.00602045
0.802805 0.000874571 0.00590937
0.803806 0.000853583 0.00579989
0.804807 0.000832976 0.00569197
0.805808 0.000812742 0.00558559
0.806809 0.000792872 0.00548071
0.80781 0.000773356 0.00537729
0.808811 0.000754185 0.0052753
0.809812 0.00073535 0.00517471
0.810813 0.000716842 0.00507547
0.811814 0.000698651 0.00497755
0.812815 0.000680768 0.00488093
0.813816 0.000663185 0.00478557
0.814817 0.000645893 0.00469143
0.815818 0.000628883 0.00459848
0.816819 0.000612183 0.00450681
0.81782 0.000595845 0.00441662
0.818821 0.000579863 0.00432787
0.819822 0.000564227 0.00424053
0.820823 0.000548928 0.00415458
0.821824 0.000533956 0.00406999
0.822825 0.000519302 0.00398672
0.823826 0.000504959 0.00390474
0.824827 0.000490915 0.00382403
0.825828 0.000477163 0.00374456
0.826829 0.000463694 0.00366629
0.82783 0.000450498 0.00358921
0.828831 0.000437568 0.00351327
0.829832 0.000424895 0.00343846
0.830833 0.000412469 0.00336474
0.831834 0.000400283 0.00329208
0.832835 0.000388327 0.00322047
0.833835 0.000376594 0.00314986
0.834836 0.000365117 0.00308037
0.835837 0.000353949 0.00301217
0.836838 0.000343081 0.00294521
0.837839 0.000332502 0.00287948
0.83884 0.000322202 0.00281493
0.839841 0.000312172 0.00275154
0.840842 0.0003024 0.00268928
0.841843 0.000292877 0.0026281
0.842844 0.000283594 0.00256799
0.843845 0.000274539 0.0025089
0.844846 0.000265704 0.00245081
0.845847 0.000257079 0.00239369
0.846848 0.000248653 0.0023375
0.847849 0.000240417 0.00228222
0.84885 0.000232362 0.00222781
0.849851 0.000224479 0.00217425
0.850852 0.000216757 0.00212151
0.851853 0.000209188 0.00206955
0.852854 0.000201804 0.00201848
0.853855 0.000194662 0.00196845
0.854856 0.000187752 0.00191945
0.855857 0.000181064 0.00187145
0.856858 0.00017459 0.00182442
0.857859 0.00016832 0.00177833
0.85886 0.000162246 0.00173315
0.859861 0.000156358 0.00168886
0.860862 0.000150648 0.00164544
0.861863 0.000145106 0.00160284
0.862864 0.000139724 0.00156106
0.863865 0.000134493 0.00152006
0.864866 0.000129404 0.00147981
0.865867 0.000124449 0.00144029
0.866868 0.000119619 0.00140148
0.867869 0.000114905 0.00136335
0.86887 0.0001103 0.00132587
0.869871 0.000105794 0.00128902
0.870872 0.000101417 0.00125289
0.871873 9.72218e-05 0.00121763
0.872874 9.31991e-05 0.00118322
0.873875 8.93409e-05 0.00114963
0.874876 8.56386e-05 0.00111684
0.875877 8.20839e-05 0.00108481
0.876878 7.86686e-05 0.00105353
0.877879 7.53844e-05 0.00102296
0.87888 7.2223e-05 0.00099307
0.879881 6.91764e-05 0.000963844
0.880882 6.62364e-05 0.000935252
0.881883 6.33951e-05 0.000907267
0.882884 6.06444e-05 0.000879864
0.883885 5.79764e-05 0.000853017
0.884886 5.53832e-05 0.000826701
0.885887 5.28571e-05 0.000800889
0.886888 5.03902e-05 0.000775557
0.887889 4.79749e-05 0.000750679
0.88889 4.56335e-05 0.000726331
0.889891 4.3412e-05 0.000702666
0.890892 4.13049e-05 0.000679663
0.891893 3.93058e-05 0.000657299
0.892894 3.74082e-05 0.000635552
0.893895 3.56058e-05 0.000614398
0.894896 3.38922e-05 0.000593814
0.895897 3.22612e-05 0.000573777
0.896898 3.07066e-05 0.000554266
0.897899 2.9222e-05 0.000535258
0.8989 2.78015e-05 0.00051673
0.899901 2.64388e-05 0.000498661
0.900902 2.51279e-05 0.000481028
0.901903 2.38627e-05 0.00046381
0.902904 2.26372e-05 0.000446985
0.903905 2.14455e-05 0.000430532
0.904906 2.02817e-05 0.000414429
0.905907 1.91398e-05 0.000398655
0.906908 1.80351e-05 0.000383274
0.907909 1.70026e-05 0.000368424
0.90891 1.60389e-05 0.000354089
0.909911 1.51393e-05 0.000340247
0.910912 1.42993e-05 0.000326876
0.911913 1.35145e-05 0.000313955
0.912914 1.27804e-05 0.000301463
0.913915 1.20926e-05 0.000289378
0.914916 1.14466e-05 0.00027768
0.915917 1.08381e-05 0.000266347
0.916918 1.02628e-05 0.00025536
0.917919 9.71637e-06 0.000244698
0.91892 9.19447e-06 0.000234339
0.919921 8.69287e-06 0.000224264
0.920922 8.20734e-06 0.000214453
0.921923 7.73367e-06 0.000204885
0.922924 7.26769e-06 0.000195542
0.923925 6.80525e-06 0.000186401
0.924926 6.35597e-06 0.000177522
0.925927 5.94245e-06 0.000169027
0.926928 5.56277e-06 0.000160902
0.927929 5.21443e-06 0.000153128
0.92893 4.89494e-06 0.00014569
0.929931 4.60183e-06 0.000138567
0.930932 4.33264e-06 0.000131744
0.931933 4.08493e-06 0.000125202
0.932934 3.85628e-06 0.000118923
0.933935 3.64427e-06 0.000112892
0.934936 3.44651e-06 0.00010709
0.935937 3.26062e-06 0.0001015
0.936938 3.08424e-06 9.61058e-05
0.937939 2.91501e-06 9.08903e-05
0.93894 2.75061e-06 8.58366e-05
0.939941 2.58871e-06 8.09281e-05
0.940942 2.427e-06 7.61484e-05
0.941943 2.26321e-06 7.14809e-05
0.942944 2.10405e-06 6.69901e-05
0.943945 1.95969e-06 6.27659e-05
0.944945 1.82905e-06 5.87934e-05
0.945946 1.71098e-06 5.50577e-05
0.946947 1.60438e-06 5.15439e-05
0.947948 1.50812e-06 4.8237e-05
0.948949 1.42109e-06 4.51223e-05
0.94995 1.3422e-06 4.21852e-05
0.950951 1.27034e-06 3.9411e-05
0.951952 1.20444e-06 3.67852e-05
0.952953 1.14341e-06 3.42935e-05
0.953954 1.08617e-06 3.19216e-05
0.954955 1.03165e-06 2.96552e-05
0.955956 9.78804e-07 2.74802e-05
0.956957 9.26566e-07 2.53825e-05
0.957958 8.73892e-07 2.33482e-05
0.958959 8.1974e-07 2.13635e-05
0.95996 7.63446e-07 1.94212e-05
0.960961 7.10141e-07 1.7616e-05
0.961962 6.61475e-07 1.59733e-05
0.962963 6.17074e-07 1.44812e-05
0.963964 5.76564e-07 1.31276e-05
0.964965 5.39574e-07 1.19008e-05
0.965966 5.05736e-07 1.0789e-05
0.966967 4.74683e-07 9.78041e-06
0.967968 4.46051e-07 8.86345e-06
0.968969 4.19478e-07 8.02655e-06
0.96997 3.94604e-07 7.2582e-06
0.970971 3.71073e-07 6.54699e-06
0.971972 3.48529e-07 5.88156e-06
0.972973 3.26618e-07 5.25062e-06
0.973974 3.0499e-07 4.64297e-06
0.974975 2.83296e-07 4.04744e-06
0.975976 2.6119e-07 3.45298e-06
0.976977 2.3866e-07 2.86189e-06
0.977978 2.17625e-07 2.35125e-06
0.978979 1.98315e-07 1.92715e-06
0.97998 1.80573e-07 1.57989e-06
0.980981 1.6424e-07 1.2998e-06
0.981982 1.49162e-07 1.07728e-06
0.982983 1.35182e-07 9.02798e-07
0.983984 1.22145e-07 7.66857e-07
0.984985 1.099e-07 6.60033e-07
0.985986 9.82917e-08 5.72957e-07
0.986987 8.717e-08 4.96315e-07
0.987988 7.63837e-08 4.2085e-07
0.988989 6.5783e-08 3.37362e-07
0.98999 5.52191e-08 2.36705e-07
0.990991 4.51336e-08 1.3662e-07
0.991992 3.65235e-08 8.1328e-08
0.992993 2.91483e-08 5.98091e-08
0.993994 2.27315e-08 5.9425e-08
0.994995 1.69987e-08 6.76132e-08
0.995996 1.16765e-08 7.1887e-08
0.996997 6.74725e-09 6.38661e-08
0.997998 3.47649e-09 6.21462e-08
0.998999 1.0477e-09 6.1784e-08
1 1.18217e-26 0
