1e-05 67.3806 3.14632
0.00101099 16.2533 0.916564
0.00201198 12.8831 0.790805
0.00301297 11.1686 0.731253
0.00401396 10.0099 0.694822
0.00501495 9.14186 0.670261
0.00601595 8.45632 0.652786
0.00701694 7.89362 0.639878
0.00801793 7.42042 0.630151
0.00901892 7.0144 0.622703
0.0100199 6.6597 0.616906
0.0110209 6.3465 0.612392
0.0120219 6.06721 0.608891
0.0130229 5.81539 0.606158
0.0140239 5.58655 0.604046
0.0150249 5.37743 0.602441
0.0160259 5.18541 0.601266
0.0170268 5.00811 0.600442
0.0180278 4.84343 0.599885
0.0190288 4.68986 0.599561
0.0200298 4.54625 0.599436
0.0210308 4.41159 0.599472
0.0220318 4.28503 0.599657
0.0230328 4.16574 0.599969
0.0240338 4.05294 0.600376
0.0250348 3.94598 0.600856
0.0260358 3.8444 0.60141
0.0270368 3.74776 0.602026
0.0280377 3.65569 0.60269
0.0290387 3.56782 0.603393
0.0300397 3.4839 0.60414
0.0310407 3.4036 0.604922
0.0320417 3.32666 0.605727
0.0330427 3.25281 0.606543
0.0340437 3.18185 0.607367
0.0350447 3.11362 0.608207
0.0360457 3.04795 0.609056
0.0370467 2.98469 0.60991
0.0380477 2.92368 0.610763
0.0390486 2.86482 0.611614
0.0400496 2.80798 0.61247
0.0410506 2.75307 0.613327
0.0420516 2.69996 0.61418
0.0430526 2.64855 0.615025
0.0440536 2.59875 0.615855
0.0450546 2.55048 0.616672
0.0460556 2.50367 0.617483
0.0470566 2.45826 0.618286
0.0480576 2.41418 0.619078
0.0490586 2.37137 0.619857
0.0500595 2.32978 0.620622
0.0510605 2.28934 0.621371
0.0520615 2.25003 0.622113
0.0530625 2.21178 0.622845
0.0540635 2.17457 0.623565
0.0550645 2.13833 0.624271
0.0560655 2.10302 0.62496
0.0570665 2.06861 0.62563
0.0580675 2.03506 0.626281
0.0590685 2.00235 0.626919
0.0600695 1.97044 0.627544
0.0610705 1.9393 0.628155
0.0620714 1.90891 0.62875
0.0630724 1.87924 0.629328
0.0640734 1.85026 0.629889
0.0650744 1.82194 0.630432
0.0660754 1.79427 0.63096
0.0670764 1.76723 0.631475
0.0680774 1.7408 0.631978
0.0690784 1.71496 0.632465
0.0700794 1.68968 0.632936
0.0710804 1.66495 0.633391
0.0720814 1.64075 0.633827
0.0730823 1.61705 0.634243
0.0740833 1.59384 0.634643
0.0750843 1.57113 0.63503
0.0760853 1.54889 0.635402
0.0770863 1.5271 0.635759
0.0780873 1.50576 0.636101
0.0790883 1.48484 0.636428
0.0800893 1.46434 0.636737
0.0810903 1.44423 0.63703
0.0820913 1.42452 0.637306
0.0830923 1.40518 0.637568
0.0840932 1.38623 0.637818
0.0850942 1.36763 0.638055
0.0860952 1.3494 0.638278
0.0870962 1.3315 0.638486
0.0880972 1.31394 0.638678
0.0890982 1.29669 0.638854
0.0900992 1.27977 0.639014
0.0911002 1.26314 0.639156
0.0921012 1.24682 0.639284
0.0931022 1.2308 0.639399
0.0941032 1.21506 0.639501
0.0951041 1.19961 0.639589
0.0961051 1.18443 0.639663
0.0971061 1.16951 0.639723
0.0981071 1.15485 0.639768
0.0991081 1.14044 0.639797
0.100109 1.12627 0.639812
0.10111 1.11234 0.639811
0.102111 1.09864 0.639798
0.103112 1.08518 0.639773
0.104113 1.07194 0.639735
0.105114 1.05893 0.639685
0.106115 1.04613 0.639622
0.107116 1.03354 0.639544
0.108117 1.02115 0.639453
0.109118 1.00897 0.639348
0.110119 0.996971 0.639228
0.11112 0.985164 0.639093
0.112121 0.973549 0.638945
0.113122 0.962123 0.638786
0.114123 0.950881 0.638616
0.115124 0.939817 0.638433
0.116125 0.928927 0.638238
0.117126 0.918204 0.63803
0.118127 0.907646 0.637809
0.119128 0.897247 0.637575
0.120129 0.887002 0.637327
0.12113 0.876909 0.637067
0.122131 0.866962 0.636792
0.123132 0.857168 0.636507
0.124133 0.847522 0.636211
0.125134 0.838021 0.635904
0.126135 0.828662 0.635585
0.127136 0.81944 0.635255
0.128137 0.810354 0.634912
0.129138 0.801399 0.634558
0.130139 0.792572 0.634191
0.13114 0.783871 0.633812
0.132141 0.775292 0.63342
0.133142 0.766833 0.633016
0.134143 0.758498 0.632601
0.135144 0.750284 0.632176
0.136145 0.74219 0.63174
0.137146 0.734211 0.631293
0.138147 0.726344 0.630836
0.139148 0.718588 0.630367
0.140149 0.710938 0.629887
0.14115 0.703393 0.629396
0.142151 0.695949 0.628894
0.143152 0.688604 0.628379
0.144153 0.681355 0.627853
0.145154 0.674203 0.627316
0.146155 0.667151 0.626769
0.147156 0.660196 0.626213
0.148157 0.653336 0.625646
0.149158 0.646569 0.625069
0.150159 0.639893 0.624482
0.15116 0.633304 0.623885
0.152161 0.626803 0.623277
0.153162 0.620385 0.622659
0.154163 0.61405 0.62203
0.155164 0.607795 0.62139
0.156165 0.601619 0.620739
0.157166 0.595522 0.620079
0.158167 0.589508 0.619409
0.159168 0.583573 0.61873
0.160169 0.577716 0.618041
0.16117 0.571935 0.617343
0.162171 0.566229 0.616636
0.163172 0.560594 0.615919
0.164173 0.55503 0.615192
0.165174 0.549535 0.614456
0.166175 0.544107 0.613709
0.167175 0.538745 0.612953
0.168176 0.533446 0.612187
0.169177 0.52821 0.611411
0.170178 0.523041 0.610626
0.171179 0.517937 0.609832
0.17218 0.512897 0.60903
0.173181 0.50792 0.608219
0.174182 0.503004 0.607399
0.175183 0.498148 0.60657
0.176184 0.493351 0.605732
0.177185 0.488611 0.604885
0.178186 0.483927 0.60403
0.179187 0.479298 0.603166
0.180188 0.474722 0.602292
0.181189 0.470199 0.60141
0.18219 0.465729 0.60052
0.183191 0.461315 0.599621
0.184192 0.456955 0.598715
0.185193 0.452648 0.597801
0.186194 0.448392 0.596879
0.187195 0.444187 0.595948
0.188196 0.440031 0.59501
0.189197 0.435923 0.594064
0.190198 0.431862 0.593109
0.191199 0.427846 0.592146
0.1922 0.423874 0.591175
0.193201 0.419946 0.590196
0.194202 0.416061 0.589208
0.195203 0.412218 0.588212
0.196204 0.40842 0.587209
0.197205 0.404666 0.586198
0.198206 0.400956 0.58518
0.199207 0.397288 0.584154
0.200208 0.393661 0.58312
0.201209 0.390075 0.582079
0.20221 0.386529 0.581031
0.203211 0.383022 0.579976
0.204212 0.379553 0.578913
0.205213 0.376122 0.577844
0.206214 0.372728 0.576767
0.207215 0.369369 0.575683
0.208216 0.366047 0.574592
0.209217 0.362762 0.573495
0.210218 0.359515 0.572391
0.211219 0.356305 0.57128
0.21222 0.353131 0.570163
0.213221 0.349992 0.569039
0.214222 0.346887 0.567908
0.215223 0.343815 0.566771
0.216224 0.340777 0.565627
0.217225 0.33777 0.564477
0.218226 0.334794 0.56332
0.219227 0.331849 0.562157
0.220228 0.328934 0.560987
0.221229 0.326047 0.559811
0.22223 0.32319 0.558628
0.223231 0.320365 0.557439
0.224232 0.31757 0.556243
0.225233 0.314805 0.555041
0.226234 0.312069 0.553834
0.227235 0.309362 0.55262
0.228236 0.306684 0.5514
0.229237 0.304033 0.550174
0.230238 0.30141 0.548943
0.231239 0.298813 0.547706
0.23224 0.296242 0.546464
0.233241 0.293697 0.545216
0.234242 0.291177 0.543963
0.235243 0.288682 0.542705
0.236244 0.286212 0.541441
0.237245 0.283769 0.540172
0.238246 0.281352 0.538898
0.239247 0.27896 0.537619
0.240248 0.276593 0.536335
0.241249 0.27425 0.535045
0.24225 0.271931 0.53375
0.243251 0.269636 0.53245
0.244252 0.267363 0.531146
0.245253 0.265112 0.529836
0.246254 0.262883 0.528522
0.247255 0.260675 0.527202
0.248256 0.258488 0.525878
0.249257 0.256321 0.52455
0.250258 0.254175 0.523216
0.251259 0.252051 0.521877
0.25226 0.249948 0.520533
0.253261 0.247866 0.519185
0.254262 0.245805 0.517831
0.255263 0.243764 0.516473
0.256264 0.241744 0.515111
0.257265 0.239743 0.513745
0.258266 0.237761 0.512374
0.259267 0.235798 0.510999
0.260268 0.233854 0.509621
0.261269 0.231928 0.508238
0.26227 0.23002 0.506853
0.263271 0.22813 0.505463
0.264272 0.226257 0.504071
0.265273 0.224402 0.502674
0.266274 0.222567 0.501274
0.267275 0.220749 0.49987
0.268276 0.21895 0.498462
0.269277 0.217168 0.49705
0.270278 0.215403 0.495635
0.271279 0.213655 0.494217
0.27228 0.211924 0.492795
0.273281 0.210209 0.491369
0.274282 0.208509 0.489941
0.275283 0.206824 0.488509
0.276284 0.205155 0.487074
0.277285 0.2035 0.485636
0.278285 0.20186 0.484195
0.279286 0.200234 0.482751
0.280287 0.198623 0.481303
0.281288 0.197028 0.479852
0.282289 0.195448 0.478397
0.28329 0.193883 0.47694
0.284291 0.192333 0.475479
0.285292 0.190797 0.474015
0.286293 0.189274 0.472548
0.287294 0.187766 0.471079
0.288295 0.186271 0.469608
0.289296 0.18479 0.468134
0.290297 0.183321 0.466658
0.291298 0.181866 0.465179
0.292299 0.180423 0.463699
0.2933 0.178992 0.462217
0.294301 0.177574 0.460733
0.295302 0.176169 0.459247
0.296303 0.174777 0.457757
0.297304 0.173399 0.456266
0.298305 0.172033 0.454772
0.299306 0.17068 0.453276
0.300307 0.169338 0.451778
0.301308 0.168009 0.450277
0.302309 0.166691 0.448775
0.30331 0.165385 0.447272
0.304311 0.16409 0.445766
0.305312 0.162806 0.444259
0.306313 0.161533 0.442751
0.307314 0.160271 0.441241
0.308315 0.159018 0.43973
0.309316 0.157777 0.438217
0.310317 0.156546 0.436703
0.311318 0.155326 0.435186
0.312319 0.154118 0.433667
0.31332 0.15292 0.432146
0.314321 0.151733 0.430624
0.315322 0.150556 0.4291
0.316323 0.149389 0.427575
0.317324 0.148232 0.426049
0.318325 0.147085 0.424522
0.319326 0.145948 0.422995
0.320327 0.14482 0.421467
0.321328 0.143702 0.419938
0.322329 0.142593 0.418409
0.32333 0.141493 0.41688
0.324331 0.140402 0.41535
0.325332 0.139321 0.41382
0.326333 0.13825 0.412288
0.327334 0.137188 0.410756
0.328335 0.136136 0.409222
0.329336 0.135093 0.407688
0.330337 0.134059 0.406154
0.331338 0.133034 0.404618
0.332339 0.132017 0.403083
0.33334 0.131009 0.401547
0.334341 0.130009 0.40001
0.335342 0.129017 0.398474
0.336343 0.128033 0.396938
0.337344 0.127057 0.395401
0.338345 0.126088 0.393865
0.339346 0.125127 0.392329
0.340347 0.124174 0.390793
0.341348 0.123228 0.389256
0.342349 0.122291 0.387718
0.34335 0.121362 0.386179
0.344351 0.120441 0.384641
0.345352 0.119527 0.383102
0.346353 0.118621 0.381563
0.347354 0.117722 0.380024
0.348355 0.11683 0.378486
0.349356 0.115946 0.376948
0.350357 0.115069 0.37541
0.351358 0.114199 0.373874
0.352359 0.113336 0.372339
0.35336 0.112479 0.370804
0.354361 0.111629 0.369271
0.355362 0.110786 0.367739
0.356363 0.109949 0.366208
0.357364 0.10912 0.364676
0.358365 0.108298 0.363145
0.359366 0.107483 0.361615
0.360367 0.106675 0.360085
0.361368 0.105873 0.358555
0.362369 0.105078 0.357027
0.36337 0.104289 0.355499
0.364371 0.103507 0.353972
0.365372 0.10273 0.352447
0.366373 0.10196 0.350922
0.367374 0.101195 0.349399
0.368375 0.100436 0.347877
0.369376 0.0996831 0.346357
0.370377 0.0989353 0.344838
0.371378 0.0981932 0.343321
0.372379 0.097457 0.341804
0.37338 0.0967269 0.340288
0.374381 0.0960027 0.338772
0.375382 0.0952842 0.337257
0.376383 0.0945715 0.335743
0.377384 0.0938644 0.334231
0.378385 0.0931629 0.332719
0.379386 0.0924668 0.33121
0.380387 0.0917761 0.329702
0.381388 0.0910907 0.328195
0.382389 0.0904106 0.326691
0.38339 0.0897355 0.325189
0.384391 0.0890655 0.32369
0.385392 0.0884005 0.322192
0.386393 0.0877404 0.320698
0.387394 0.0870854 0.319205
0.388395 0.0864358 0.317714
0.389395 0.0857914 0.316225
0.390396 0.0851523 0.314737
0.391397 0.0845183 0.313251
0.392398 0.0838893 0.311767
0.393399 0.0832653 0.310284
0.3944 0.082646 0.308804
0.395401 0.0820315 0.307326
0.396402 0.0814216 0.30585
0.397403 0.0808162 0.304376
0.398404 0.0802153 0.302905
0.399405 0.0796187 0.301436
0.400406 0.0790264 0.29997
0.401407 0.0784382 0.298506
0.402408 0.0778542 0.297045
0.403409 0.0772743 0.295586
0.40441 0.0766989 0.294129
0.405411 0.076128 0.292674
0.406412 0.0755615 0.29122
0.407413 0.0749994 0.289768
0.408414 0.0744415 0.288319
0.409415 0.0738878 0.286872
0.410416 0.0733383 0.285427
0.411417 0.0727929 0.283985
0.412418 0.0722515 0.282545
0.413419 0.0717141 0.281109
0.41442 0.0711806 0.279675
0.415421 0.070651 0.278245
0.416422 0.0701252 0.276818
0.417423 0.0696031 0.275395
0.418424 0.0690848 0.273975
0.419425 0.0685701 0.272559
0.420426 0.0680595 0.271145
0.421427 0.067553 0.269734
0.422428 0.0670503 0.268325
0.423429 0.0665516 0.26692
0.42443 0.0660566 0.265517
0.425431 0.0655654 0.264117
0.426432 0.0650778 0.262719
0.427433 0.0645938 0.261325
0.428434 0.0641132 0.259935
0.429435 0.0636362 0.258547
0.430436 0.0631624 0.257162
0.431437 0.062692 0.255781
0.432438 0.0622248 0.254404
0.433439 0.0617607 0.253029
0.43444 0.0612997 0.251659
0.435441 0.0608418 0.250292
0.436442 0.0603872 0.248927
0.437443 0.059936 0.247565
0.438444 0.0594881 0.246206
0.439445 0.0590435 0.24485
0.440446 0.0586021 0.243497
0.441447 0.0581639 0.242147
0.442448 0.0577289 0.2408
0.443449 0.057297 0.239456
0.44445 0.0568682 0.238116
0.445451 0.0564424 0.236779
0.446452 0.0560196 0.235447
0.447453 0.0555997 0.234118
0.448454 0.0551828 0.232793
0.449455 0.0547687 0.231472
0.450456 0.0543574 0.230155
0.451457 0.053949 0.228843
0.452458 0.0535434 0.227534
0.453459 0.0531409 0.226229
0.45446 0.0527415 0.224928
0.455461 0.052345 0.223629
0.456462 0.0519515 0.222335
0.457463 0.0515608 0.221044
0.458464 0.0511729 0.219756
0.459465 0.0507878 0.218472
0.460466 0.0504054 0.217192
0.461467 0.0500256 0.215916
0.462468 0.0496485 0.214644
0.463469 0.0492739 0.213375
0.46447 0.0489018 0.212111
0.465471 0.0485321 0.21085
0.466472 0.0481649 0.209594
0.467473 0.0478 0.208342
0.468474 0.0474374 0.207094
0.469475 0.0470774 0.205849
0.470476 0.0467199 0.204608
0.471477 0.046365 0.20337
0.472478 0.0460126 0.202136
0.473479 0.0456626 0.200905
0.47448 0.0453151 0.199678
0.475481 0.04497 0.198455
0.476482 0.0446273 0.197236
0.477483 0.044287 0.196021
0.478484 0.0439489 0.19481
0.479485 0.0436132 0.193603
0.480486 0.0432797 0.192401
0.481487 0.0429485 0.191203
0.482488 0.0426195 0.190009
0.483489 0.0422927 0.18882
0.48449 0.0419681 0.187636
0.485491 0.0416456 0.186456
0.486492 0.0413256 0.185281
0.487493 0.0410079 0.184109
0.488494 0.0406925 0.182941
0.489495 0.0403793 0.181778
0.490496 0.0400684 0.180618
0.491497 0.0397596 0.179462
0.492498 0.039453 0.178311
0.493499 0.0391485 0.177164
0.4945 0.038846 0.176021
0.495501 0.0385456 0.174882
0.496502 0.0382471 0.173747
0.497503 0.0379505 0.172617
0.498504 0.0376559 0.171491
0.499505 0.0373631 0.17037
0.500505 0.0370721 0.169253
0.501506 0.0367829 0.16814
0.502507 0.0364956 0.167031
0.503508 0.0362102 0.165926
0.504509 0.0359268 0.164825
0.50551 0.0356454 0.163728
0.506511 0.0353658 0.162635
0.507512 0.0350882 0.161546
0.508513 0.0348124 0.160461
0.509514 0.0345385 0.15938
0.510515 0.0342664 0.158304
0.511516 0.0339961 0.157232
0.512517 0.0337276 0.156164
0.513518 0.0334608 0.155101
0.514519 0.0331959 0.154042
0.51552 0.0329326 0.152988
0.516521 0.0326711 0.151939
0.517522 0.0324112 0.150895
0.518523 0.032153 0.149855
0.519524 0.0318966 0.14882
0.520525 0.031642 0.147789
0.521526 0.0313893 0.146762
0.522527 0.0311383 0.145739
0.523528 0.030889 0.144721
0.524529 0.0306415 0.143707
0.52553 0.0303956 0.142698
0.526531 0.0301514 0.141693
0.527532 0.0299087 0.140692
0.528533 0.0296677 0.139695
0.529534 0.0294283 0.138703
0.530535 0.0291904 0.137716
0.531536 0.0289539 0.136733
0.532537 0.028719 0.135754
0.533538 0.0284855 0.134779
0.534539 0.0282535 0.133809
0.53554 0.0280228 0.132844
0.536541 0.0277936 0.131882
0.537542 0.027566 0.130925
0.538543 0.0273399 0.129971
0.539544 0.0271153 0.129022
0.540545 0.0268922 0.128077
0.541546 0.0266706 0.127136
0.542547 0.0264504 0.1262
0.543548 0.0262317 0.125267
0.544549 0.0260144 0.124339
0.54555 0.0257986 0.123416
0.546551 0.0255842 0.122496
0.547552 0.0253711 0.121582
0.548553 0.0251595 0.120672
0.549554 0.0249492 0.119766
0.550555 0.0247403 0.118865
0.551556 0.0245327 0.117969
0.552557 0.0243265 0.117077
0.553558 0.0241217 0.11619
0.554559 0.0239183 0.115307
0.55556 0.0237164 0.114428
0.556561 0.0235159 0.113554
0.557562 0.0233167 0.112684
0.558563 0.0231189 0.111818
0.559564 0.0229225 0.110957
0.560565 0.0227273 0.1101
0.561566 0.0225334 0.109247
0.562567 0.0223408 0.108399
0.563568 0.0221495 0.107555
0.564569 0.0219594 0.106715
0.56557 0.0217704 0.10588
0.566571 0.0215827 0.105048
0.567572 0.0213961 0.104222
0.568573 0.0212106 0.103399
0.569574 0.0210263 0.102581
0.570575 0.0208431 0.101766
0.571576 0.0206611 0.100956
0.572577 0.0204804 0.10015
0.573578 0.0203009 0.0993479
0.574579 0.0201225 0.0985499
0.57558 0.0199453 0.097756
0.576581 0.0197693 0.0969663
0.577582 0.0195945 0.0961808
0.578583 0.0194208 0.0953995
0.579584 0.0192482 0.0946224
0.580585 0.0190768 0.0938496
0.581586 0.0189066 0.0930811
0.582587 0.0187374 0.0923169
0.583588 0.0185694 0.091557
0.584589 0.0184024 0.0908015
0.58559 0.0182366 0.0900503
0.586591 0.0180718 0.0893036
0.587592 0.0179082 0.0885612
0.588593 0.0177457 0.0878231
0.589594 0.0175844 0.0870891
0.590595 0.0174242 0.0863593
0.591596 0.0172651 0.0856337
0.592597 0.0171071 0.0849123
0.593598 0.0169502 0.084195
0.594599 0.0167944 0.0834818
0.5956 0.0166396 0.0827727
0.596601 0.0164859 0.0820678
0.597602 0.0163332 0.0813668
0.598603 0.0161814 0.08067
0.599604 0.0160307 0.0799772
0.600605 0.015881 0.0792884
0.601606 0.0157322 0.0786036
0.602607 0.0155843 0.0779228
0.603608 0.0154374 0.077246
0.604609 0.0152914 0.0765732
0.60561 0.0151463 0.0759042
0.606611 0.0150023 0.075239
0.607612 0.0148593 0.0745778
0.608613 0.0147172 0.0739204
0.609614 0.0145761 0.073267
0.610615 0.0144359 0.0726174
0.611615 0.0142967 0.0719718
0.612616 0.0141585 0.0713301
0.613617 0.0140212 0.0706924
0.614618 0.0138848 0.0700586
0.615619 0.0137494 0.0694287
0.61662 0.0136149 0.0688029
0.617621 0.0134813 0.0681809
0.618622 0.0133487 0.067563
0.619623 0.0132169 0.0669491
0.620624 0.0130861 0.0663391
0.621625 0.0129561 0.0657332
0.622626 0.0128271 0.0651312
0.623627 0.0126991 0.0645332
0.624628 0.012572 0.0639391
0.625629 0.0124458 0.0633489
0.62663 0.0123206 0.0627626
0.627631 0.0121962 0.0621801
0.628632 0.0120727 0.0616014
0.629633 0.0119502 0.0610266
0.630634 0.0118284 0.0604555
0.631635 0.0117076 0.0598881
0.632636 0.0115876 0.0593245
0.633637 0.0114684 0.0587645
0.634638 0.01135 0.0582083
0.635639 0.0112325 0.0576556
0.63664 0.0111157 0.0571066
0.637641 0.0109998 0.0565612
0.638642 0.0108846 0.0560193
0.639643 0.0107702 0.0554811
0.640644 0.0106567 0.0549464
0.641645 0.010544 0.0544153
0.642646 0.010432 0.0538878
0.643647 0.0103209 0.0533639
0.644648 0.0102106 0.0528435
0.645649 0.0101012 0.0523267
0.64665 0.00999247 0.0518135
0.647651 0.00988458 0.0513039
0.648652 0.00977748 0.0507978
0.649653 0.00967117 0.0502952
0.650654 0.00956564 0.0497962
0.651655 0.0094609 0.0493007
0.652656 0.00935693 0.0488087
0.653657 0.00925373 0.0483203
0.654658 0.0091513 0.0478354
0.655659 0.00904964 0.0473539
0.65666 0.00894875 0.0468761
0.657661 0.00884865 0.0464018
0.658662 0.00874935 0.045931
0.659663 0.00865084 0.0454639
0.660664 0.0085531 0.0450002
0.661665 0.00845614 0.04454
0.662666 0.00835993 0.0440832
0.663667 0.00826448 0.0436298
0.664668 0.00816977 0.0431798
0.665669 0.00807579 0.0427331
0.66667 0.00798254 0.0422898
0.667671 0.00789001 0.0418497
0.668672 0.00779818 0.0414129
0.669673 0.00770705 0.0409792
0.670674 0.00761662 0.0405488
0.671675 0.00752686 0.0401215
0.672676 0.00743778 0.0396973
0.673677 0.00734937 0.0392762
0.674678 0.00726164 0.0388582
0.675679 0.00717461 0.0384435
0.67668 0.00708827 0.0380319
0.677681 0.00700263 0.0376236
0.678682 0.00691767 0.0372184
0.679683 0.00683341 0.0368163
0.680684 0.00674983 0.0364174
0.681685 0.00666694 0.0360216
0.682686 0.00658472 0.035629
0.683687 0.00650318 0.0352394
0.684688 0.00642232 0.0348529
0.685689 0.00634213 0.0344695
0.68669 0.0062626 0.0340891
0.687691 0.00618375 0.0337117
0.688692 0.00610555 0.0333374
0.689693 0.00602802 0.0329661
0.690694 0.00595115 0.0325977
0.691695 0.00587493 0.0322324
0.692696 0.0057994 0.0318702
0.693697 0.00572456 0.0315111
0.694698 0.00565039 0.0311551
0.695699 0.00557689 0.0308022
0.6967 0.00550406 0.0304522
0.697701 0.00543187 0.0301053
0.698702 0.00536034 0.0297613
0.699703 0.00528944 0.0294202
0.700704 0.00521917 0.029082
0.701705 0.00514953 0.0287466
0.702706 0.0050805 0.028414
0.703707 0.00501208 0.0280842
0.704708 0.00494426 0.0277571
0.705709 0.00487704 0.0274326
0.70671 0.0048104 0.0271109
0.707711 0.00474434 0.0267917
0.708712 0.00467885 0.0264752
0.709713 0.00461395 0.0261612
0.710714 0.00454964 0.02585
0.711715 0.00448594 0.0255416
0.712716 0.00442284 0.025236
0.713717 0.00436033 0.024933
0.714718 0.00429842 0.0246328
0.715719 0.00423709 0.0243352
0.71672 0.00417635 0.0240402
0.717721 0.0041162 0.0237479
0.718722 0.00405662 0.0234582
0.719723 0.00399762 0.0231711
0.720724 0.0039392 0.0228866
0.721725 0.00388134 0.0226046
0.722725 0.00382406 0.0223251
0.723726 0.00376734 0.0220481
0.724727 0.00371118 0.0217736
0.725728 0.00365558 0.0215015
0.726729 0.00360053 0.0212319
0.72773 0.00354607 0.0209649
0.728731 0.00349219 0.0207005
0.729732 0.0034389 0.0204388
0.730733 0.00338618 0.0201796
0.731734 0.00333404 0.019923
0.732735 0.00328245 0.0196689
0.733736 0.00323142 0.0194172
0.734737 0.00318093 0.019168
0.735738 0.00313098 0.0189211
0.736739 0.00308157 0.0186766
0.73774 0.00303268 0.0184344
0.738741 0.0029843 0.0181945
0.739742 0.00293644 0.0179569
0.740743 0.00288908 0.0177214
0.741744 0.00284222 0.0174881
0.742745 0.00279584 0.0172569
0.743746 0.00274995 0.0170278
0.744747 0.00270454 0.0168008
0.745748 0.00265964 0.0165761
0.746749 0.00261526 0.0163536
0.74775 0.0025714 0.0161335
0.748751 0.00252805 0.0159156
0.749752 0.0024852 0.0156999
0.750753 0.00244286 0.0154864
0.751754 0.00240101 0.0152751
0.752755 0.00235966 0.015066
0.753756 0.00231879 0.014859
0.754757 0.0022784 0.0146541
0.755758 0.00223849 0.0144512
0.756759 0.00219905 0.0142504
0.75776 0.00216009 0.0140516
0.758761 0.00212158 0.0138549
0.759762 0.00208353 0.0136601
0.760763 0.00204594 0.0134672
0.761764 0.0020088 0.0132763
0.762765 0.00197211 0.0130872
0.763766 0.00193591 0.0129004
0.764767 0.00190021 0.0127157
0.765768 0.00186499 0.0125331
0.766769 0.00183024 0.0123525
0.76777 0.00179597 0.012174
0.768771 0.00176216 0.0119975
0.769772 0.00172879 0.0118229
0.770773 0.00169588 0.0116503
0.771774 0.0016634 0.0114796
0.772775 0.00163136 0.0113107
0.773776 0.00159973 0.0111436
0.774777 0.00156852 0.0109783
0.775778 0.00153772 0.0108147
0.776779 0.00150733 0.0106528
0.77778 0.00147732 0.0104927
0.778781 0.0014477 0.0103341
0.779782 0.00141846 0.0101772
0.780783 0.00138961 0.0100219
0.781784 0.00136119 0.00986848
0.782785 0.00133321 0.00971688
0.783786 0.00130564 0.00956709
0.784787 0.0012785 0.00941909
0.785788 0.00125176 0.00927285
0.786789 0.00122543 0.00912833
0.78779 0.0011995 0.00898551
0.788791 0.00117396 0.00884437
0.789792 0.0011488 0.00870488
0.790793 0.00112403 0.00856701
0.791794 0.00109962 0.00843073
0.792795 0.00107558 0.00829602
0.793796 0.0010519 0.00816286
0.794797 0.00102857 0.00803121
0.795798 0.00100559 0.00790105
0.796799 0.000982943 0.00777236
0.7978 0.000960635 0.00764511
0.798801 0.000938679 0.00751937
0.799802 0.000917122 0.00739532
0.800803 0.000895957 0.00727293
0.801804 0.000875174 0.00715217
0.802805 0.000854765 0.00703301
0.803806 0.000834722 0.00691541
0.804807 0.000815034 0.00679934
0.805808 0.000795695 0.00668476
0.806809 0.000776694 0.00657165
0.80781 0.000758023 0.00645997
0.808811 0.000739675 0.00634969
0.809812 0.00072164 0.00624077
0.810813 0.000703909 0.00613319
0.811814 0.000686476 0.0060269
0.812815 0.00066933 0.00592189
0.813816 0.000652465 0.00581811
0.814817 0.000635871 0.00571555
0.815818 0.000619541 0.00561415
0.816819 0.0006035 0.00551402
0.81782 0.000587797 0.00541532
0.818821 0.000572424 0.00531802
0.819822 0.000557373 0.0052221
0.820823 0.000542636 0.00512753
0.821824 0.000528205 0.00503429
0.822825 0.000514071 0.00494235
0.823826 0.000500226 0.00485168
0.824827 0.000486662 0.00476226
0.825828 0.000473371 0.00467406
0.826829 0.000460345 0.00458706
0.82783 0.000447576 0.00450122
0.828831 0.000435056 0.00441654
0.829832 0.000422778 0.00433297
0.830833 0.000410733 0.0042505
0.831834 0.000398915 0.0041691
0.832835 0.000387314 0.00408875
0.833835 0.000375924 0.00400942
0.834836 0.000364774 0.00393121
0.835837 0.000353914 0.00385426
0.836838 0.000343334 0.00377854
0.837839 0.000333024 0.00370403
0.83884 0.000322976 0.0036307
0.839841 0.000313181 0.00355852
0.840842 0.000303629 0.00348745
0.841843 0.000294311 0.00341748
0.842844 0.000285219 0.00334856
0.843845 0.000276343 0.00328068
0.844846 0.000267674 0.00321381
0.845847 0.000259204 0.00314791
0.846848 0.000250924 0.00308296
0.847849 0.000242826 0.00301893
0.84885 0.0002349 0.00295579
0.849851 0.000227138 0.00289352
0.850852 0.000219531 0.00283209
0.851853 0.000212072 0.00277147
0.852854 0.00020479 0.00271175
0.853855 0.000197734 0.00265308
0.854856 0.000190898 0.00259542
0.855857 0.000184272 0.00253877
0.856858 0.000177848 0.00248308
0.857859 0.000171618 0.00242835
0.85886 0.000165573 0.00237455
0.859861 0.000159707 0.00232165
0.860862 0.000154009 0.00226963
0.861863 0.000148473 0.00221847
0.862864 0.000143091 0.00216814
0.863865 0.000137854 0.00211863
0.864866 0.000132754 0.0020699
0.865867 0.000127785 0.00202194
0.866868 0.000122938 0.00197473
0.867869 0.000118205 0.00192824
0.86887 0.000113578 0.00188246
0.869871 0.000109051 0.00183735
0.870872 0.000104651 0.001793
0.871873 0.000100423 0.00174954
0.872874 9.6361e-05 0.00170696
0.873875 9.2457e-05 0.00166522
0.874876 8.87031e-05 0.0016243
0.875877 8.50917e-05 0.00158418
0.876878 8.16151e-05 0.00154483
0.877879 7.82658e-05 0.00150623
0.87888 7.5036e-05 0.00146835
0.879881 7.19185e-05 0.00143118
0.880882 6.89056e-05 0.00139469
0.881883 6.599e-05 0.00135885
0.882884 6.31644e-05 0.00132364
0.883885 6.04214e-05 0.00128904
0.884886 5.77537e-05 0.00125502
0.885887 5.51542e-05 0.00122157
0.886888 5.26158e-05 0.00118866
0.887889 5.01312e-05 0.00115626
0.88889 4.77215e-05 0.00112445
0.889891 4.54292e-05 0.00109335
0.890892 4.32493e-05 0.00106296
0.891893 4.11756e-05 0.00103324
0.892894 3.92021e-05 0.00100418
0.893895 3.73228e-05 0.000975758
0.894896 3.55316e-05 0.000947956
0.895897 3.38227e-05 0.000920753
0.896898 3.21901e-05 0.00089413
0.897899 3.06279e-05 0.000868067
0.8989 2.91305e-05 0.000842545
0.899901 2.76919e-05 0.000817546
0.900902 2.63065e-05 0.000793049
0.901903 2.49685e-05 0.000769036
0.902904 2.36723e-05 0.000745489
0.903905 2.24122e-05 0.000722389
0.904906 2.11827e-05 0.000699716
0.905907 1.99781e-05 0.000677453
0.906908 1.88132e-05 0.000655656
0.907909 1.77216e-05 0.000634448
0.90891 1.66998e-05 0.000613813
0.909911 1.57434e-05 0.00059373
0.910912 1.48478e-05 0.00057418
0.911913 1.40087e-05 0.000555143
0.912914 1.32217e-05 0.0005366
0.913915 1.24823e-05 0.000518532
0.914916 1.17864e-05 0.00050092
0.915917 1.11295e-05 0.000483743
0.916918 1.05074e-05 0.000466985
0.917919 9.91582e-06 0.000450624
0.91892 9.35057e-06 0.000434644
0.919921 8.80743e-06 0.000419025
0.920922 8.28224e-06 0.000403748
0.921923 7.77086e-06 0.000388796
0.922924 7.26917e-06 0.00037415
0.923925 6.77308e-06 0.000359792
0.924926 6.29233e-06 0.000345774
0.925927 5.84963e-06 0.00033221
0.926928 5.44293e-06 0.000319087
0.927929 5.06964e-06 0.000306387
0.92893 4.72715e-06 0.000294094
0.929931 4.41289e-06 0.000282191
0.930932 4.1243e-06 0.000270661
0.931933 3.85883e-06 0.000259489
0.932934 3.61395e-06 0.000248658
0.933935 3.38715e-06 0.000238151
0.934936 3.17594e-06 0.000227952
0.935937 2.97783e-06 0.000218046
0.936938 2.79036e-06 0.000208417
0.937939 2.61108e-06 0.000199048
0.93894 2.43755e-06 0.000189924
0.939941 2.26736e-06 0.000181029
0.940942 2.09811e-06 0.000172348
0.941943 1.9274e-06 0.000163866
0.942944 1.76246e-06 0.000155645
0.943945 1.61412e-06 0.000147773
0.944945 1.48116e-06 0.000140235
0.945946 1.3623e-06 0.000133015
0.946947 1.25629e-06 0.000126099
0.947948 1.16186e-06 0.00011947
0.948949 1.07778e-06 0.000113114
0.94995 1.00281e-06 0.000107016
0.950951 9.35702e-07 0.000101161
0.951952 8.75249e-07 9.55338e-05
0.952953 8.20233e-07 9.01201e-05
0.953954 7.69446e-07 8.49051e-05
0.954955 7.21686e-07 7.98742e-05
0.955956 6.75763e-07 7.50131e-05
0.956957 6.30491e-07 7.03073e-05
0.957958 5.84691e-07 6.57425e-05
0.958959 5.37195e-07 6.13046e-05
0.95996 4.87266e-07 5.69872e-05
0.960961 4.40815e-07 5.29004e-05
0.961962 3.99716e-07 4.9072e-05
0.962963 3.63504e-07 4.54866e-05
0.963964 3.31721e-07 4.21287e-05
0.964965 3.03908e-07 3.89828e-05
0.965966 2.79612e-07 3.60337e-05
0.966967 2.5838e-07 3.32662e-05
0.967968 2.39763e-07 3.06652e-05
0.968969 2.23316e-07 2.82157e-05
0.96997 2.08594e-07 2.59029e-05
0.970971 1.95158e-07 2.37117e-05
0.971972 1.82568e-07 2.16276e-05
0.972973 1.70391e-07 1.9636e-05
0.973974 1.58192e-07 1.77221e-05
0.974975 1.45543e-07 1.58716e-05
0.975976 1.32015e-07 1.40702e-05
0.976977 1.17578e-07 1.23248e-05
0.977978 1.04482e-07 1.07595e-05
0.978979 9.30098e-08 9.38154e-06
0.97998 8.29856e-08 8.17249e-06
0.980981 7.42354e-08 7.11404e-06
0.981982 6.65858e-08 6.18802e-06
0.982983 5.98646e-08 5.37634e-06
0.983984 5.39006e-08 4.66104e-06
0.984985 4.85236e-08 4.02426e-06
0.985986 4.35646e-08 3.44826e-06
0.986987 3.88555e-08 2.91539e-06
0.987988 3.42291e-08 2.40812e-06
0.988989 2.95194e-08 1.90902e-06
0.98999 2.45614e-08 1.40077e-06
0.990991 1.96745e-08 9.34097e-07
0.991992 1.56753e-08 6.19987e-07
0.992993 1.24015e-08 4.23873e-07
0.993994 9.66136e-09 3.0704e-07
0.994995 7.26443e-09 2.31007e-07
0.995996 5.02139e-09 1.57525e-07
0.996997 2.87618e-09 6.65281e-08
0.997998 1.47981e-09 4.08704e-08
0.998999 4.46033e-10 2.86768e-08
1 0 2.21291e-24
