1e-05 69.9522 3.09551
0.00101099 16.7874 0.936891
0.00201198 13.0426 0.799416
0.00301297 11.1528 0.736048
0.00401396 9.93199 0.698587
0.00501495 9.04775 0.673795
0.00601595 8.36421 0.656295
0.00701694 7.81064 0.643389
0.00801793 7.34904 0.633639
0.00901892 6.95513 0.62613
0.0100199 6.61202 0.620237
0.0110209 6.30946 0.615598
0.0120219 6.0399 0.61195
0.0130229 5.79673 0.609055
0.0140239 5.57562 0.606769
0.0150249 5.37333 0.604986
0.0160259 5.18732 0.60363
0.0170268 5.01534 0.602623
0.0180278 4.85529 0.601888
0.0190288 4.70577 0.601388
0.0200298 4.5657 0.601091
0.0210308 4.43408 0.600964
0.0220318 4.31014 0.600993
0.0230328 4.1931 0.601154
0.0240338 4.08222 0.601418
0.0250348 3.97686 0.601763
0.0260358 3.8766 0.602189
0.0270368 3.78105 0.602683
0.0280377 3.68985 0.603234
0.0290387 3.60267 0.603832
0.0300397 3.51925 0.604481
0.0310407 3.4393 0.605172
0.0320417 3.36256 0.605892
0.0330427 3.2888 0.606631
0.0340437 3.21781 0.607384
0.0350447 3.14943 0.608158
0.0360457 3.08352 0.608948
0.0370467 3.01994 0.609748
0.0380477 2.95855 0.610553
0.0390486 2.89924 0.611362
0.0400496 2.84191 0.612181
0.0410506 2.78643 0.613006
0.0420516 2.73271 0.613832
0.0430526 2.68066 0.614653
0.0440536 2.63019 0.615465
0.0450546 2.58122 0.616267
0.0460556 2.53367 0.617067
0.0470566 2.4875 0.617862
0.0480576 2.44264 0.61865
0.0490586 2.39903 0.619428
0.0500595 2.35663 0.620195
0.0510605 2.31539 0.62095
0.0520615 2.27526 0.6217
0.0530625 2.23619 0.622443
0.0540635 2.19813 0.623177
0.0550645 2.16105 0.623898
0.0560655 2.12491 0.624605
0.0570665 2.08967 0.625295
0.0580675 2.05529 0.625968
0.0590685 2.02175 0.626629
0.0600695 1.98901 0.62728
0.0610705 1.95705 0.627917
0.0620714 1.92584 0.628541
0.0630724 1.89536 0.629149
0.0640734 1.86558 0.62974
0.0650744 1.83648 0.630314
0.0660754 1.80803 0.630874
0.0670764 1.78022 0.631423
0.0680774 1.75303 0.631959
0.0690784 1.72643 0.632482
0.0700794 1.70041 0.632989
0.0710804 1.67494 0.633479
0.0720814 1.65002 0.633951
0.0730823 1.62561 0.634404
0.0740833 1.60172 0.63484
0.0750843 1.57832 0.635264
0.0760853 1.5554 0.635674
0.0770863 1.53295 0.636069
0.0780873 1.51096 0.636449
0.0790883 1.4894 0.636813
0.0800893 1.46827 0.63716
0.0810903 1.44755 0.63749
0.0820913 1.42724 0.637803
0.0830923 1.40732 0.638102
0.0840932 1.38779 0.638389
0.0850942 1.36863 0.638663
0.0860952 1.34984 0.638922
0.0870962 1.3314 0.639166
0.0880972 1.31331 0.639394
0.0890982 1.29555 0.639605
0.0900992 1.27812 0.639799
0.0911002 1.261 0.639975
0.0921012 1.2442 0.640136
0.0931022 1.2277 0.640284
0.0941032 1.21151 0.640419
0.0951041 1.19561 0.640539
0.0961051 1.17999 0.640645
0.0971061 1.16464 0.640736
0.0981071 1.14957 0.640811
0.0991081 1.13475 0.64087
0.100109 1.12019 0.640913
0.10111 1.10587 0.64094
0.102111 1.0918 0.640953
0.103112 1.07798 0.640955
0.104113 1.06439 0.640943
0.105114 1.05103 0.640918
0.106115 1.03789 0.640879
0.107116 1.02498 0.640825
0.108117 1.01228 0.640757
0.109118 0.99978 0.640673
0.110119 0.987487 0.640574
0.11112 0.975392 0.640459
0.112121 0.963497 0.640331
0.113122 0.9518 0.64019
0.114123 0.940294 0.640037
0.115124 0.928975 0.639872
0.116125 0.917838 0.639692
0.117126 0.906877 0.6395
0.118127 0.896087 0.639294
0.119128 0.885464 0.639073
0.120129 0.875002 0.638839
0.12113 0.864699 0.638589
0.122131 0.85455 0.638326
0.123132 0.84456 0.638051
0.124133 0.834726 0.637764
0.125134 0.825043 0.637466
0.126135 0.815509 0.637155
0.127136 0.806119 0.636831
0.128137 0.79687 0.636495
0.129138 0.787759 0.636146
0.130139 0.778783 0.635784
0.13114 0.769937 0.635409
0.132141 0.76122 0.63502
0.133142 0.752628 0.634617
0.134143 0.744166 0.634203
0.135144 0.735832 0.633779
0.136145 0.727622 0.633342
0.137146 0.719533 0.632895
0.138147 0.711562 0.632436
0.139148 0.703706 0.631964
0.140149 0.695962 0.631481
0.14115 0.688326 0.630986
0.142151 0.680797 0.630479
0.143152 0.673371 0.629959
0.144153 0.666045 0.629427
0.145154 0.658821 0.628883
0.146155 0.651701 0.628328
0.147156 0.644683 0.627763
0.148157 0.637764 0.627187
0.149158 0.630942 0.626601
0.150159 0.624214 0.626003
0.15116 0.617579 0.625395
0.152161 0.611034 0.624775
0.153162 0.604576 0.624145
0.154163 0.598205 0.623503
0.155164 0.591917 0.62285
0.156165 0.585711 0.622185
0.157166 0.579587 0.62151
0.158167 0.57355 0.620825
0.159168 0.567595 0.62013
0.160169 0.561722 0.619425
0.16117 0.555929 0.61871
0.162171 0.550212 0.617985
0.163172 0.54457 0.61725
0.164173 0.539002 0.616505
0.165174 0.533505 0.61575
0.166175 0.528078 0.614984
0.167175 0.522719 0.614208
0.168176 0.517425 0.613422
0.169177 0.512197 0.612625
0.170178 0.507038 0.611819
0.171179 0.501947 0.611004
0.17218 0.496923 0.61018
0.173181 0.491964 0.609346
0.174182 0.487068 0.608503
0.175183 0.482235 0.607651
0.176184 0.477462 0.60679
0.177185 0.472748 0.605919
0.178186 0.468092 0.605039
0.179187 0.463493 0.60415
0.180188 0.458949 0.603252
0.181189 0.454459 0.602345
0.18219 0.450025 0.601429
0.183191 0.445647 0.600504
0.184192 0.441326 0.599572
0.185193 0.437059 0.59863
0.186194 0.432846 0.597681
0.187195 0.428685 0.596723
0.188196 0.424574 0.595757
0.189197 0.420513 0.594782
0.190198 0.4165 0.5938
0.191199 0.412534 0.592808
0.1922 0.408613 0.591809
0.193201 0.404737 0.590801
0.194202 0.400904 0.589785
0.195203 0.397115 0.588761
0.196204 0.393372 0.587728
0.197205 0.389675 0.586688
0.198206 0.386022 0.58564
0.199207 0.382413 0.584585
0.200208 0.378847 0.583522
0.201209 0.375322 0.582451
0.20221 0.371838 0.581374
0.203211 0.368394 0.580288
0.204212 0.364989 0.579196
0.205213 0.361622 0.578096
0.206214 0.358293 0.576989
0.207215 0.355001 0.575875
0.208216 0.351745 0.574754
0.209217 0.348527 0.573627
0.210218 0.345349 0.572492
0.211219 0.342208 0.571351
0.21222 0.339104 0.570203
0.213221 0.336035 0.569048
0.214222 0.333002 0.567887
0.215223 0.330003 0.566719
0.216224 0.327037 0.565544
0.217225 0.324103 0.564363
0.218226 0.321201 0.563176
0.219227 0.31833 0.561982
0.220228 0.315489 0.560782
0.221229 0.312677 0.559576
0.22223 0.309895 0.558363
0.223231 0.307145 0.557144
0.224232 0.304426 0.555918
0.225233 0.301738 0.554686
0.226234 0.29908 0.553449
0.227235 0.29645 0.552205
0.228236 0.29385 0.550956
0.229237 0.291278 0.549701
0.230238 0.288733 0.54844
0.231239 0.286215 0.547174
0.23224 0.283723 0.545902
0.233241 0.281258 0.544625
0.234242 0.278817 0.543343
0.235243 0.276401 0.542057
0.236244 0.274011 0.540764
0.237245 0.271648 0.539467
0.238246 0.269311 0.538164
0.239247 0.266999 0.536857
0.240248 0.264713 0.535544
0.241249 0.262452 0.534226
0.24225 0.260214 0.532903
0.243251 0.257999 0.531575
0.244252 0.255808 0.530243
0.245253 0.253639 0.528906
0.246254 0.251491 0.527564
0.247255 0.249365 0.526218
0.248256 0.247259 0.524867
0.249257 0.245173 0.523512
0.250258 0.243108 0.522152
0.251259 0.241065 0.520788
0.25226 0.239043 0.519418
0.253261 0.237043 0.518044
0.254262 0.235064 0.516666
0.255263 0.233105 0.515283
0.256264 0.231166 0.513896
0.257265 0.229246 0.512504
0.258266 0.227346 0.511109
0.259267 0.225465 0.509711
0.260268 0.223602 0.508309
0.261269 0.221758 0.506903
0.26227 0.219931 0.505494
0.263271 0.218121 0.504082
0.264272 0.216329 0.502667
0.265273 0.214555 0.501248
0.266274 0.2128 0.499825
0.267275 0.211064 0.498399
0.268276 0.209345 0.49697
0.269277 0.207644 0.495537
0.270278 0.205959 0.494101
0.271279 0.204292 0.492661
0.27228 0.20264 0.491219
0.273281 0.201005 0.489773
0.274282 0.199385 0.488324
0.275283 0.19778 0.486873
0.276284 0.19619 0.485418
0.277285 0.194615 0.483961
0.278285 0.193053 0.482502
0.279286 0.191506 0.481039
0.280287 0.189974 0.479573
0.281288 0.188458 0.478104
0.282289 0.186956 0.476632
0.28329 0.185469 0.475156
0.284291 0.183997 0.473678
0.285292 0.182539 0.472197
0.286293 0.181094 0.470714
0.287294 0.179664 0.469228
0.288295 0.178246 0.467741
0.289296 0.176842 0.466251
0.290297 0.17545 0.46476
0.291298 0.174071 0.463266
0.292299 0.172704 0.461771
0.2933 0.171349 0.460275
0.294301 0.170006 0.458777
0.295302 0.168677 0.457277
0.296303 0.167361 0.455775
0.297304 0.166057 0.45427
0.298305 0.164766 0.452764
0.299306 0.163487 0.451255
0.300307 0.162221 0.449745
0.301308 0.160965 0.448233
0.302309 0.159722 0.44672
0.30331 0.158489 0.445205
0.304311 0.157267 0.443689
0.305312 0.156056 0.442171
0.306313 0.154856 0.440653
0.307314 0.153666 0.439133
0.308315 0.152485 0.437612
0.309316 0.151315 0.43609
0.310317 0.150156 0.434566
0.311318 0.149008 0.433041
0.312319 0.147871 0.431513
0.31332 0.146743 0.429984
0.314321 0.145627 0.428454
0.315322 0.14452 0.426922
0.316323 0.143423 0.425389
0.317324 0.142336 0.423856
0.318325 0.141259 0.422322
0.319326 0.140191 0.420788
0.320327 0.139132 0.419253
0.321328 0.138082 0.417718
0.322329 0.137041 0.416184
0.32333 0.136009 0.414649
0.324331 0.134986 0.413115
0.325332 0.133972 0.411579
0.326333 0.132967 0.410044
0.327334 0.131972 0.408507
0.328335 0.130986 0.40697
0.329336 0.130009 0.405432
0.330337 0.129041 0.403894
0.331338 0.128081 0.402356
0.332339 0.12713 0.400818
0.33334 0.126186 0.39928
0.334341 0.125251 0.397741
0.335342 0.124323 0.396203
0.336343 0.123403 0.394665
0.337344 0.122491 0.393127
0.338345 0.121585 0.39159
0.339346 0.120687 0.390053
0.340347 0.119796 0.388516
0.341348 0.118913 0.386979
0.342349 0.118038 0.38544
0.34335 0.117171 0.383902
0.344351 0.116311 0.382363
0.345352 0.115458 0.380825
0.346353 0.114613 0.379287
0.347354 0.113775 0.377749
0.348355 0.112944 0.376212
0.349356 0.112119 0.374675
0.350357 0.111302 0.37314
0.351358 0.110491 0.371605
0.352359 0.109686 0.370072
0.35336 0.108888 0.36854
0.354361 0.108097 0.367009
0.355362 0.107311 0.36548
0.356363 0.106533 0.363951
0.357364 0.105761 0.362423
0.358365 0.104996 0.360895
0.359366 0.104238 0.359369
0.360367 0.103486 0.357842
0.361368 0.10274 0.356317
0.362369 0.102001 0.354793
0.36337 0.101268 0.35327
0.364371 0.10054 0.351748
0.365372 0.0998189 0.350227
0.366373 0.0991029 0.348708
0.367374 0.0983926 0.34719
0.368375 0.0976876 0.345673
0.369376 0.096988 0.344159
0.370377 0.0962935 0.342646
0.371378 0.0956044 0.341134
0.372379 0.0949209 0.339624
0.37338 0.0942432 0.338114
0.374381 0.0935711 0.336604
0.375382 0.0929045 0.335096
0.376383 0.0922434 0.333589
0.377384 0.0915875 0.332083
0.378385 0.0909369 0.330579
0.379386 0.0902915 0.329077
0.380387 0.0896511 0.327576
0.381388 0.0890158 0.326078
0.382389 0.0883853 0.324582
0.38339 0.0877597 0.323087
0.384391 0.0871387 0.321596
0.385392 0.0865225 0.320107
0.386393 0.0859108 0.31862
0.387394 0.0853039 0.317136
0.388395 0.084702 0.315654
0.389395 0.0841052 0.314173
0.390396 0.0835133 0.312694
0.391397 0.0829262 0.311217
0.392398 0.0823438 0.309742
0.393399 0.0817661 0.308269
0.3944 0.0811928 0.306798
0.395401 0.080624 0.30533
0.396402 0.0800595 0.303863
0.397403 0.0794993 0.302399
0.398404 0.0789432 0.300938
0.399405 0.0783911 0.299479
0.400406 0.077843 0.298022
0.401407 0.0772988 0.296569
0.402408 0.0767583 0.295118
0.403409 0.0762218 0.29367
0.40441 0.0756894 0.292223
0.405411 0.0751613 0.290778
0.406412 0.0746373 0.289335
0.407413 0.0741173 0.287894
0.408414 0.0736014 0.286455
0.409415 0.0730894 0.285019
0.410416 0.0725812 0.283585
0.411417 0.0720768 0.282154
0.412418 0.0715762 0.280726
0.413419 0.0710793 0.279301
0.41442 0.070586 0.277879
0.415421 0.0700963 0.27646
0.416422 0.06961 0.275044
0.417423 0.0691273 0.273632
0.418424 0.0686479 0.272224
0.419425 0.068172 0.270819
0.420426 0.0676998 0.269417
0.421427 0.0672314 0.268018
0.422428 0.0667667 0.266621
0.423429 0.0663055 0.265227
0.42443 0.0658479 0.263836
0.425431 0.0653937 0.262448
0.426432 0.0649429 0.261063
0.427433 0.0644954 0.259681
0.428434 0.0640511 0.258303
0.429435 0.0636099 0.256927
0.430436 0.0631718 0.255555
0.431437 0.0627368 0.254186
0.432438 0.0623047 0.252821
0.433439 0.0618754 0.251459
0.43444 0.0614489 0.250101
0.435441 0.0610253 0.248746
0.436442 0.0606046 0.247394
0.437443 0.0601871 0.246044
0.438444 0.0597726 0.244698
0.439445 0.0593611 0.243354
0.440446 0.0589527 0.242013
0.441447 0.0585471 0.240676
0.442448 0.0581444 0.239341
0.443449 0.0577446 0.23801
0.44445 0.0573476 0.236683
0.445451 0.0569533 0.235359
0.446452 0.0565618 0.234039
0.447453 0.056173 0.232723
0.448454 0.0557868 0.231411
0.449455 0.0554031 0.230102
0.450456 0.0550221 0.228798
0.451457 0.0546436 0.227499
0.452458 0.0542677 0.226203
0.453459 0.0538946 0.22491
0.45446 0.0535243 0.223621
0.455461 0.0531568 0.222336
0.456462 0.0527919 0.221054
0.457463 0.0524296 0.219775
0.458464 0.0520698 0.218501
0.459465 0.0517126 0.21723
0.460466 0.0513578 0.215962
0.461467 0.0510054 0.214699
0.462468 0.0506554 0.213439
0.463469 0.0503076 0.212183
0.46447 0.0499621 0.210932
0.465471 0.0496188 0.209684
0.466472 0.0492776 0.20844
0.467473 0.0489385 0.207201
0.468474 0.0486015 0.205965
0.469475 0.0482668 0.204733
0.470476 0.0479344 0.203504
0.471477 0.0476043 0.202279
0.472478 0.0472764 0.201057
0.473479 0.0469508 0.199839
0.47448 0.0466274 0.198624
0.475481 0.0463061 0.197414
0.476482 0.045987 0.196207
0.477483 0.04567 0.195005
0.478484 0.045355 0.193806
0.479485 0.0450422 0.192612
0.480486 0.0447313 0.191421
0.481487 0.0444224 0.190236
0.482488 0.0441155 0.189054
0.483489 0.0438106 0.187878
0.48449 0.0435075 0.186705
0.485491 0.0432064 0.185538
0.486492 0.0429075 0.184374
0.487493 0.0426106 0.183214
0.488494 0.0423158 0.182058
0.489495 0.0420231 0.180907
0.490496 0.0417323 0.179759
0.491497 0.0414435 0.178615
0.492498 0.0411565 0.177475
0.493499 0.0408714 0.17634
0.4945 0.0405882 0.175209
0.495501 0.0403067 0.174082
0.496502 0.0400269 0.172959
0.497503 0.0397489 0.17184
0.498504 0.0394725 0.170725
0.499505 0.0391977 0.169615
0.500505 0.0389245 0.168509
0.501506 0.0386529 0.167408
0.502507 0.0383829 0.16631
0.503508 0.0381146 0.165217
0.504509 0.0378481 0.164127
0.50551 0.0375833 0.163041
0.506511 0.0373202 0.161958
0.507512 0.0370588 0.16088
0.508513 0.036799 0.159806
0.509514 0.0365408 0.158736
0.510515 0.0362842 0.15767
0.511516 0.0360292 0.156609
0.512517 0.0357758 0.155552
0.513518 0.0355239 0.154499
0.514519 0.0352735 0.153451
0.51552 0.0350247 0.152407
0.516521 0.0347773 0.151368
0.517522 0.0345314 0.150334
0.518523 0.034287 0.149304
0.519524 0.0340441 0.148279
0.520525 0.0338028 0.147258
0.521526 0.0335631 0.146241
0.522527 0.033325 0.145228
0.523528 0.0330883 0.14422
0.524529 0.0328532 0.143216
0.52553 0.0326195 0.142216
0.526531 0.0323873 0.14122
0.527532 0.0321565 0.140229
0.528533 0.031927 0.139242
0.529534 0.0316989 0.138259
0.530535 0.0314722 0.13728
0.531536 0.0312467 0.136306
0.532537 0.0310225 0.135336
0.533538 0.0307995 0.134371
0.534539 0.0305777 0.13341
0.53554 0.0303571 0.132453
0.536541 0.0301378 0.1315
0.537542 0.0299199 0.130551
0.538543 0.0297032 0.129606
0.539544 0.0294878 0.128665
0.540545 0.0292738 0.127728
0.541546 0.029061 0.126796
0.542547 0.0288495 0.125867
0.543548 0.0286392 0.124943
0.544549 0.0284301 0.124023
0.54555 0.0282223 0.123107
0.546551 0.0280157 0.122195
0.547552 0.0278103 0.121288
0.548553 0.027606 0.120386
0.549554 0.027403 0.119487
0.550555 0.0272011 0.118594
0.551556 0.0270003 0.117705
0.552557 0.0268007 0.11682
0.553558 0.0266024 0.11594
0.554559 0.0264052 0.115064
0.55556 0.0262093 0.114192
0.556561 0.0260146 0.113325
0.557562 0.0258211 0.112462
0.558563 0.0256288 0.111603
0.559564 0.0254376 0.110748
0.560565 0.0252475 0.109898
0.561566 0.0250585 0.109051
0.562567 0.0248706 0.108209
0.563568 0.0246838 0.107371
0.564569 0.024498 0.106538
0.56557 0.0243131 0.105708
0.566571 0.0241293 0.104883
0.567572 0.0239465 0.104062
0.568573 0.0237646 0.103245
0.569574 0.0235836 0.102432
0.570575 0.0234036 0.101623
0.571576 0.0232247 0.100819
0.572577 0.0230468 0.100018
0.573578 0.0228698 0.0992208
0.574579 0.0226939 0.0984279
0.57558 0.022519 0.0976391
0.576581 0.0223451 0.0968543
0.577582 0.0221721 0.0960736
0.578583 0.0220002 0.095297
0.579584 0.0218292 0.0945246
0.580585 0.0216591 0.0937563
0.581586 0.0214901 0.0929922
0.582587 0.0213219 0.0922323
0.583588 0.0211547 0.0914767
0.584589 0.0209885 0.0907253
0.58559 0.0208231 0.0899783
0.586591 0.0206587 0.0892355
0.587592 0.0204953 0.088497
0.588593 0.0203328 0.0877626
0.589594 0.0201713 0.0870323
0.590595 0.0200108 0.0863061
0.591596 0.0198512 0.085584
0.592597 0.0196926 0.0848659
0.593598 0.0195348 0.084152
0.594599 0.019378 0.083442
0.5956 0.0192221 0.082736
0.596601 0.019067 0.0820341
0.597602 0.0189128 0.0813361
0.598603 0.0187594 0.0806421
0.599604 0.0186068 0.079952
0.600605 0.0184551 0.0792659
0.601606 0.0183042 0.0785837
0.602607 0.018154 0.0779055
0.603608 0.0180046 0.0772311
0.604609 0.017856 0.0765605
0.60561 0.0177082 0.0758937
0.606611 0.0175613 0.0752308
0.607612 0.0174151 0.0745716
0.608613 0.0172698 0.0739162
0.609614 0.0171253 0.0732646
0.610615 0.0169816 0.0726168
0.611615 0.0168387 0.0719729
0.612616 0.0166965 0.0713328
0.613617 0.0165552 0.0706966
0.614618 0.0164147 0.0700643
0.615619 0.016275 0.0694358
0.61662 0.016136 0.0688112
0.617621 0.0159979 0.0681905
0.618622 0.0158605 0.0675738
0.619623 0.0157239 0.0669609
0.620624 0.0155881 0.066352
0.621625 0.015453 0.065747
0.622626 0.0153188 0.0651459
0.623627 0.0151853 0.0645487
0.624628 0.0150527 0.0639553
0.625629 0.0149208 0.0633657
0.62663 0.0147897 0.06278
0.627631 0.0146594 0.062198
0.628632 0.0145298 0.0616197
0.629633 0.014401 0.0610452
0.630634 0.0142729 0.0604744
0.631635 0.0141456 0.0599072
0.632636 0.0140189 0.0593437
0.633637 0.013893 0.0587838
0.634638 0.0137678 0.0582276
0.635639 0.0136432 0.0576749
0.63664 0.0135194 0.0571257
0.637641 0.0133962 0.0565801
0.638642 0.0132737 0.0560381
0.639643 0.0131518 0.0554995
0.640644 0.0130307 0.0549644
0.641645 0.0129102 0.0544329
0.642646 0.0127904 0.0539049
0.643647 0.0126713 0.0533804
0.644648 0.0125529 0.0528593
0.645649 0.0124352 0.0523418
0.64665 0.0123181 0.0518279
0.647651 0.0122018 0.0513174
0.648652 0.0120861 0.0508104
0.649653 0.0119711 0.0503068
0.650654 0.0118568 0.0498068
0.651655 0.0117431 0.0493103
0.652656 0.0116302 0.0488173
0.653657 0.0115179 0.0483277
0.654658 0.0114063 0.0478416
0.655659 0.0112954 0.047359
0.65666 0.0111851 0.0468799
0.657661 0.0110756 0.0464042
0.658662 0.0109667 0.0459322
0.659663 0.0108585 0.0454636
0.660664 0.010751 0.0449984
0.661665 0.0106441 0.0445367
0.662666 0.010538 0.0440783
0.663667 0.0104324 0.0436233
0.664668 0.0103275 0.0431717
0.665669 0.0102233 0.0427233
0.66667 0.0101197 0.0422782
0.667671 0.0100167 0.0418363
0.668672 0.00991435 0.0413977
0.669673 0.00981262 0.0409622
0.670674 0.00971151 0.0405299
0.671675 0.00961101 0.0401007
0.672676 0.00951111 0.0396746
0.673677 0.00941181 0.0392516
0.674678 0.0093131 0.0388316
0.675679 0.009215 0.0384149
0.67668 0.00911749 0.0380013
0.677681 0.00902059 0.0375908
0.678682 0.00892429 0.0371835
0.679683 0.0088286 0.0367793
0.680684 0.00873352 0.0363782
0.681685 0.00863904 0.0359802
0.682686 0.00854517 0.0355852
0.683687 0.00845192 0.0351934
0.684688 0.00835928 0.0348046
0.685689 0.00826725 0.0344188
0.68669 0.00817584 0.0340361
0.687691 0.00808505 0.0336564
0.688692 0.00799487 0.0332797
0.689693 0.00790532 0.032906
0.690694 0.00781639 0.0325353
0.691695 0.00772809 0.0321676
0.692696 0.0076404 0.031803
0.693697 0.00755333 0.0314414
0.694698 0.00746687 0.031083
0.695699 0.00738102 0.0307276
0.6967 0.00729577 0.0303752
0.697701 0.00721112 0.0300257
0.698702 0.00712706 0.0296792
0.699703 0.0070436 0.0293356
0.700704 0.00696072 0.0289948
0.701705 0.00687843 0.0286569
0.702706 0.00679672 0.0283217
0.703707 0.00671559 0.0279893
0.704708 0.00663503 0.0276596
0.705709 0.00655504 0.0273326
0.70671 0.00647562 0.0270083
0.707711 0.00639675 0.0266866
0.708712 0.00631845 0.0263675
0.709713 0.0062407 0.026051
0.710714 0.0061635 0.0257373
0.711715 0.00608684 0.0254264
0.712716 0.00601075 0.0251181
0.713717 0.00593521 0.0248126
0.714718 0.00586022 0.0245098
0.715719 0.00578579 0.0242096
0.71672 0.00571193 0.0239121
0.717721 0.00563863 0.0236173
0.718722 0.00556589 0.023325
0.719723 0.00549372 0.0230353
0.720724 0.00542211 0.0227482
0.721725 0.00535108 0.0224637
0.722725 0.00528062 0.0221817
0.723726 0.00521073 0.0219022
0.724727 0.00514142 0.0216252
0.725728 0.00507269 0.0213507
0.726729 0.00500453 0.0210786
0.72773 0.00493695 0.0208092
0.728731 0.00486994 0.0205424
0.729732 0.00480349 0.0202782
0.730733 0.00473761 0.0200166
0.731734 0.00467229 0.0197576
0.732735 0.00460753 0.019501
0.733736 0.00454332 0.019247
0.734737 0.00447966 0.0189954
0.735738 0.00441655 0.0187462
0.736739 0.00435398 0.0184993
0.73774 0.00429195 0.0182548
0.738741 0.00423046 0.0180126
0.739742 0.00416951 0.0177727
0.740743 0.00410908 0.017535
0.741744 0.00404918 0.0172994
0.742745 0.00398981 0.0170661
0.743746 0.00393096 0.0168348
0.744747 0.00387263 0.0166057
0.745748 0.00381482 0.0163788
0.746749 0.00375752 0.0161543
0.74775 0.00370075 0.0159321
0.748751 0.0036445 0.0157121
0.749752 0.00358878 0.0154944
0.750753 0.00353357 0.0152789
0.751754 0.00347888 0.0150656
0.752755 0.00342471 0.0148545
0.753756 0.00337107 0.0146456
0.754757 0.00331794 0.0144388
0.755758 0.00326534 0.014234
0.756759 0.00321325 0.0140314
0.75776 0.00316169 0.0138308
0.758761 0.00311064 0.0136322
0.759762 0.00306012 0.0134357
0.760763 0.00301011 0.0132411
0.761764 0.00296063 0.0130485
0.762765 0.00291167 0.0128579
0.763766 0.00286323 0.0126694
0.764767 0.00281532 0.0124831
0.765768 0.00276793 0.012299
0.766769 0.00272106 0.0121169
0.76777 0.0026747 0.0119369
0.768771 0.00262885 0.011759
0.769772 0.0025835 0.011583
0.770773 0.00253865 0.011409
0.771774 0.0024943 0.0112369
0.772775 0.00245044 0.0110666
0.773776 0.00240706 0.0108983
0.774777 0.00236417 0.0107317
0.775778 0.00232177 0.010567
0.776779 0.00227983 0.0104039
0.77778 0.00223838 0.0102426
0.778781 0.00219738 0.010083
0.779782 0.00215686 0.00992501
0.780783 0.0021168 0.00976871
0.781784 0.00207723 0.0096143
0.782785 0.00203813 0.00946175
0.783786 0.00199952 0.00931106
0.784787 0.00196139 0.00916218
0.785788 0.00192373 0.00901509
0.786789 0.00188655 0.00886977
0.78779 0.00184983 0.00872618
0.788791 0.00181357 0.00858431
0.789792 0.00177778 0.00844413
0.790793 0.00174245 0.0083056
0.791794 0.00170757 0.00816871
0.792795 0.00167315 0.00803342
0.793796 0.00163918 0.00789972
0.794797 0.00160565 0.00776757
0.795798 0.00157257 0.00763696
0.796799 0.00153993 0.00750785
0.7978 0.00150773 0.00738023
0.798801 0.00147598 0.00725415
0.799802 0.00144471 0.0071298
0.800803 0.00141391 0.00700716
0.801804 0.00138357 0.00688618
0.802805 0.00135369 0.00676684
0.803806 0.00132425 0.0066491
0.804807 0.00129526 0.00653293
0.805808 0.0012667 0.00641829
0.806809 0.00123858 0.00630516
0.80781 0.00121087 0.00619349
0.808811 0.00118358 0.00608326
0.809812 0.0011567 0.00597443
0.810813 0.00113022 0.00586697
0.811814 0.00110414 0.00576085
0.812815 0.00107845 0.00565604
0.813816 0.00105313 0.00555251
0.814817 0.0010282 0.00545022
0.815818 0.00100363 0.00534915
0.816819 0.000979454 0.00524937
0.81782 0.000955705 0.00515107
0.818821 0.000932377 0.00505421
0.819822 0.000909463 0.00495876
0.820823 0.000886955 0.00486471
0.821824 0.000864847 0.00477202
0.822825 0.000843131 0.00468067
0.823826 0.0008218 0.00459063
0.824827 0.000800847 0.00450187
0.825828 0.000780265 0.00441437
0.826829 0.000760047 0.00432811
0.82783 0.000740186 0.00424304
0.828831 0.000720675 0.00415916
0.829832 0.000701507 0.00407643
0.830833 0.000682676 0.00399482
0.831834 0.000664175 0.00391432
0.832835 0.000645996 0.0038349
0.833835 0.000628134 0.00375653
0.834836 0.000610617 0.00367931
0.835837 0.000593492 0.00360339
0.836838 0.000576749 0.00352875
0.837839 0.000560378 0.00345534
0.83884 0.000544369 0.00338315
0.839841 0.000528712 0.00331214
0.840842 0.000513397 0.00324228
0.841843 0.000498414 0.00317354
0.842844 0.000483754 0.00310589
0.843845 0.000469406 0.00303931
0.844846 0.000455361 0.00297376
0.845847 0.000441609 0.00290921
0.846848 0.000428141 0.00284565
0.847849 0.000414947 0.00278303
0.84885 0.000402018 0.00272132
0.849851 0.000389345 0.00266051
0.850852 0.000376918 0.00260056
0.851853 0.000364728 0.00254145
0.852854 0.00035281 0.00248327
0.853855 0.00034122 0.00242616
0.854856 0.000329949 0.00237011
0.855857 0.000318985 0.00231508
0.856858 0.000308318 0.00226106
0.857859 0.000297939 0.00220802
0.85886 0.000287838 0.00215594
0.859861 0.000278004 0.00210478
0.860862 0.000268427 0.00205453
0.861863 0.000259098 0.00200516
0.862864 0.000250008 0.00195664
0.863865 0.000241145 0.00190895
0.864866 0.000232501 0.00186208
0.865867 0.000224066 0.00181598
0.866868 0.00021583 0.00177065
0.867869 0.000207784 0.00172605
0.86887 0.000199919 0.00168217
0.869871 0.000192224 0.00163897
0.870872 0.000184738 0.00159655
0.871873 0.000177518 0.00155505
0.872874 0.000170556 0.00151445
0.873875 0.00016384 0.00147471
0.874876 0.00015736 0.00143582
0.875877 0.000151104 0.00139774
0.876878 0.000145063 0.00136045
0.877879 0.000139225 0.00132392
0.87888 0.00013358 0.00128814
0.879881 0.000128117 0.00125307
0.880882 0.000122826 0.00121869
0.881883 0.000117696 0.00118497
0.882884 0.000112717 0.00115189
0.883885 0.00010788 0.00111943
0.884886 0.000103173 0.00108756
0.885887 9.85873e-05 0.00105626
0.886888 9.4112e-05 0.00102549
0.887889 8.97375e-05 0.000995247
0.88889 8.54946e-05 0.000965592
0.889891 8.14455e-05 0.00093667
0.890892 7.75823e-05 0.000908464
0.891893 7.38953e-05 0.00088095
0.892894 7.03752e-05 0.000854107
0.893895 6.70127e-05 0.000827912
0.894896 6.37985e-05 0.000802345
0.895897 6.07234e-05 0.000777382
0.896898 5.77783e-05 0.000753004
0.897899 5.49541e-05 0.000729188
0.8989 5.22417e-05 0.000705914
0.899901 4.96323e-05 0.00068316
0.900902 4.71169e-05 0.000660905
0.901903 4.46866e-05 0.000639129
0.902904 4.23328e-05 0.000617811
0.903905 4.00465e-05 0.00059693
0.904906 3.78193e-05 0.000576466
0.905907 3.56424e-05 0.000556399
0.906908 3.35398e-05 0.00053679
0.907909 3.15656e-05 0.000517775
0.90891 2.97138e-05 0.000499336
0.909911 2.79767e-05 0.000481452
0.910912 2.63468e-05 0.000464101
0.911913 2.48165e-05 0.000447262
0.912914 2.33785e-05 0.000430913
0.913915 2.20253e-05 0.000415033
0.914916 2.07495e-05 0.000399602
0.915917 1.95438e-05 0.000384598
0.916918 1.8401e-05 0.000370001
0.917919 1.73139e-05 0.00035579
0.91892 1.62751e-05 0.000341946
0.919921 1.52778e-05 0.000328446
0.920922 1.43146e-05 0.000315272
0.921923 1.33787e-05 0.000302404
0.922924 1.2463e-05 0.00028982
0.923925 1.15606e-05 0.000277503
0.924926 1.06887e-05 0.000265508
0.925927 9.88675e-06 0.000253963
0.926928 9.15108e-06 0.00024285
0.927929 8.47689e-06 0.000232153
0.92893 7.85945e-06 0.000221852
0.929931 7.29403e-06 0.000211929
0.930932 6.77595e-06 0.000202366
0.931933 6.30055e-06 0.000193145
0.932934 5.8632e-06 0.000184247
0.933935 5.4593e-06 0.000175654
0.934936 5.0843e-06 0.00016735
0.935937 4.73364e-06 0.000159316
0.936938 4.40283e-06 0.000151534
0.937939 4.08737e-06 0.000143987
0.93894 3.78281e-06 0.000136658
0.939941 3.48474e-06 0.000129529
0.940942 3.18874e-06 0.000122584
0.941943 2.89046e-06 0.000115805
0.942944 2.60339e-06 0.000109261
0.943945 2.3476e-06 0.000103049
0.944945 2.12074e-06 9.71521e-05
0.945946 1.92037e-06 9.15535e-05
0.946947 1.74409e-06 8.62367e-05
0.947948 1.58948e-06 8.11851e-05
0.948949 1.45416e-06 7.63823e-05
0.94995 1.33574e-06 7.18119e-05
0.950951 1.23188e-06 6.74577e-05
0.951952 1.14023e-06 6.33037e-05
0.952953 1.05846e-06 5.93337e-05
0.953954 9.84249e-07 5.55319e-05
0.954955 9.15301e-07 5.18824e-05
0.955956 8.49329e-07 4.83695e-05
0.956957 7.84061e-07 4.49776e-05
0.957958 7.1724e-07 4.16912e-05
0.958959 6.46621e-07 3.84947e-05
0.95996 5.70792e-07 3.53809e-05
0.960961 5.01029e-07 3.24626e-05
0.961962 4.40917e-07 2.97691e-05
0.962963 3.89579e-07 2.72851e-05
0.963964 3.46145e-07 2.49954e-05
0.964965 3.09749e-07 2.28851e-05
0.965966 2.79534e-07 2.09391e-05
0.966967 2.54643e-07 1.91425e-05
0.967968 2.34227e-07 1.74805e-05
0.968969 2.17444e-07 1.59384e-05
0.96997 2.03454e-07 1.45015e-05
0.970971 1.91424e-07 1.31555e-05
0.971972 1.80526e-07 1.18857e-05
0.972973 1.69935e-07 1.06779e-05
0.973974 1.58834e-07 9.51771e-06
0.974975 1.4641e-07 8.39106e-06
0.975976 1.31854e-07 7.28383e-06
0.976977 1.15065e-07 6.20063e-06
0.977978 1.00043e-07 5.24958e-06
0.978979 8.73326e-08 4.43803e-06
0.97998 7.66647e-08 3.75111e-06
0.980981 6.77731e-08 3.17404e-06
0.981982 6.03927e-08 2.69212e-06
0.982983 5.42601e-08 2.29075e-06
0.983984 4.91133e-08 1.9554e-06
0.984985 4.46921e-08 1.67166e-06
0.985986 4.07379e-08 1.42518e-06
0.986987 3.69935e-08 1.2017e-06
0.987988 3.32032e-08 9.87056e-07
0.988989 2.91132e-08 7.67166e-07
0.98999 2.4471e-08 5.28032e-07
0.990991 1.9642e-08 3.02212e-07
0.991992 1.56785e-08 1.65876e-07
0.992993 1.24282e-08 9.76352e-08
0.993994 9.70205e-09 7.32851e-08
0.994995 7.3121e-09 6.87649e-08
0.995996 5.07153e-09 6.01591e-08
0.996997 2.92338e-09 3.27644e-08
0.997998 1.50501e-09 2.83009e-08
0.998999 4.53478e-10 2.69836e-08
1 1.64713e-26 1.75634e-24
